0 -15.842583
0 -15.640407
0 -15.512924
0 -14.804952
0 -14.766317
0 -15.016883
0 -15.593989
0 -14.399395
0 -15.532125
0 -14.885099
0 -14.027313
0 -14.388117
0 -15.782328
0 -14.593204
0 -14.960998
0 -13.319134
0 -14.815198
0 -14.429232
0 -14.184028
0 -14.709865
0 -13.736681
0 -13.957157
0 -14.520607
0 -12.861413
0 -15.715293
0 -14.191040
0 -13.808134
0 -13.547565
0 -14.354536
0 -14.341677
0 -15.065366
0 -14.927499
0 -13.807159
0 -13.778519
0 -14.072600
0 -13.671771
0 -12.939446
0 -14.457005
0 -13.662083
0 -13.646091
0 -13.037995
0 -13.997603
0 -13.365363
0 -13.426395
0 -14.656722
0 -13.484728
0 -13.398355
0 -14.078223
0 -13.863230
0 -13.894941
0 -13.942793
0 -13.089576
0 -13.260341
0 -13.897312
0 -16.681716
0 -13.795696
0 -12.953960
0 -13.161836
0 -13.412231
0 -13.887437
0 -13.624881
0 -15.017830
0 -13.986672
0 -13.180633
0 -14.510692
0 -13.647533
0 -15.010545
0 -13.653464
0 -14.553794
0 -13.668304
