0 19.792128
0 23.463192
0 21.641079
0 22.211472
0 21.514265
0-5 21.933277
0-5 22.700605
0-5 22.227388
0-5 21.962998
0-5 22.706840
3 22.401645
3 21.776568
3 21.180013
3 21.732940
3 22.061127
5 22.267742
5 21.003250
5 20.764096
5 20.470716
5 20.477446
10 18.838488
10 18.381326
10 18.296535
10 20.375949
10 20.661436
0 19.989208
0 18.071198
0 17.897281
0 19.142247
0 18.084613
0-5 17.562719
0-5 18.136408
0-5 16.721419
0-5 18.060686
0-5 17.285971
3 18.307897
3 18.456644
3 17.919353
3 18.877139
3 16.657055
5 17.176734
5 18.781359
5 18.869205
5 18.807509
5 18.264994
10 19.491279
10 20.241986
10 20.268380
10 21.015312
10 19.967002
0 19.214521
0 18.372348
0 18.049780
0 17.490991
0 18.944243
0-5 18.940853
0-5 17.812662
0-5 18.677125
0-5 18.354667
0-5 18.185220
3 17.640866
3 17.668722
3 18.163890
3 17.182752
3 18.210653
5 19.695777
5 18.694796
5 18.210880
5 19.787594
5 19.660682
10 19.295681
10 21.539366
10 21.212496
10 21.423960
10 21.578292
0 17.674522
0 18.414443
0 18.396285
0 18.571391
0 18.109799
0-5 18.227518
0-5 18.815514
0-5 17.673432
0-5 16.895921
0-5 18.397540
3 18.419707
3 17.775646
3 18.525603
3 17.936833
3 18.277806
5 18.095126
5 17.177273
5 18.234957
5 17.077443
5 18.782745
10 19.052016
10 17.832936
10 20.844416
10 21.161685
10 20.197053
0 17.865185
0 19.726545
0 17.778887
0 17.644642
0 17.440940
0-5 19.232335
0-5 17.105670
0-5 17.601482
0-5 17.783200
0-5 18.045955
3 18.030572
3 20.194813
3 17.926790
3 18.666063
3 18.097335
5 18.157009
5 18.332031
5 17.795753
5 18.849183
5 18.411828
10 18.043881
10 17.769660
10 21.855877
10 21.395431
10 19.047290
0 18.285483
0 18.969084
0 18.651560
0 18.110169
0 18.112114
0-5 19.034876
0-5 18.990969
0-5 18.546590
0-5 19.276225
0-5 17.989593
3 18.726847
3 18.785702
3 18.409005
3 17.966213
3 18.816014
5 18.244820
5 18.226964
5 18.343811
5 18.494398
5 18.335414
10 18.547028
10 18.092192
10 22.058131
10 21.636407
10 21.342986
0 18.912128
0 17.522185
0 18.234308
0 17.497841
0 17.117069
0-5 18.067274
0-5 18.369272
0-5 17.406696
0-5 16.484004
0-5 18.237617
3 18.513352
3 17.874415
3 18.165142
3 18.307755
3 17.327681
5 17.684423
5 18.860473
5 18.410896
5 18.247733
5 18.713169
10 18.466952
10 18.228881
10 19.711237
10 19.988865
10 20.997855
0 21.532498
0 22.363706
0 21.387112
0 21.360529
0 20.884307
0-5 21.043484
0-5 19.612246
0-5 20.710725
0-5 20.059273
0-5 20.874328
3 20.744338
3 21.708520
3 20.395061
3 20.419970
3 20.890415
5 20.475874
5 20.726637
5 19.921340
5 20.149960
5 20.683299
10 20.041584
10 21.746082
10 21.708422
10 21.821558
10 19.839202
0 20.059554
0 19.273102
0 20.006201
0 20.230996
0 19.345325
0-5 18.298996
0-5 19.649382
0-5 18.798344
0-5 19.502566
0-5 18.791445
3 19.985196
3 19.910567
3 19.149209
3 19.007258
3 19.635162
5 20.783217
5 18.837422
5 19.897795
5 22.279647
5 21.548382
10 18.833528
10 20.488091
10 19.259494
10 19.639011
10 18.515734
0 19.120917
0 18.975445
0 18.971285
0 18.209267
0 18.871092
0-5 17.815287
0-5 20.745461
0-5 20.284596
0-5 19.729818
0-5 19.399104
3 19.559230
3 18.535300
3 18.574196
3 20.011701
3 18.416829
5 19.791041
5 19.231423
5 19.381927
5 19.248549
5 19.131888
10 19.220471
10 19.534409
10 19.579433
10 21.452089
10 22.331184
0 19.012539
0 18.923268
0 19.409468
0 20.611675
0-5 18.511413
0-5 18.557161
0-5 18.317530
0-5 18.264180
0-5 19.839350
3 18.508508
3 19.087246
3 19.900841
3 19.814736
3 18.852567
5 19.219084
5 19.000856
5 19.069397
5 18.923077
5 18.400587
10 18.561660
10 20.597352
10 19.688308
10 20.845273
10 20.280616
