0 3.122870
0 3.077682
0 3.322050
0 3.278479
0 3.249663
0-5 3.314423
0-5 3.152664
0-5 3.293725
0-5 2.992020
0-5 2.822068
3 1.242671
3 3.175116
3 2.639860
3 3.183843
3 3.002482
5 3.056754
5 2.852226
5 3.004284
5 3.012763
5 2.093491
10 1.149739
10 1.506044
10 2.138817
10 1.000000
10 1.000000
0 3.077967
0 3.198090
0 3.320363
0 3.223764
0 3.336287
0-5 3.245769
0-5 3.165839
0-5 3.073416
0-5 3.040450
0-5 3.212622
3 2.879995
3 3.208521
3 3.122068
3 3.102074
3 3.074202
5 3.043141
5 2.777540
5 2.736551
5 2.744069
5 2.945087
10 2.761164
10 1.120489
10 1.000000
10 1.000000
10 1.000000
0 3.191799
0 3.215044
0 3.176930
0 3.106820
0 3.245154
0-5 3.085084
0-5 3.170233
0-5 3.213231
0-5 3.130752
0-5 3.138952
3 3.100415
3 3.240410
3 3.153498
3 3.226611
3 3.204056
5 3.035334
5 3.204959
5 3.218292
5 3.079684
5 3.201920
10 2.885095
10 1.000000
10 1.000000
10 1.000000
10 1.000000
0 3.172856
0 3.283474
0 3.338565
0 3.356214
0 3.300776
0-5 3.138697
0-5 3.086688
0-5 3.168919
0-5 3.045349
0-5 3.287935
3 3.006372
3 3.106393
3 3.176830
3 3.056696
3 3.203933
5 3.062662
5 3.087430
5 3.034564
5 3.222729
5 3.044380
10 3.098858
10 2.846902
10 1.000000
10 1.000000
10 1.000000
0 3.150203
0 3.167254
0 3.187882
0 3.291839
0 3.166288
0-5 3.135143
0-5 3.300968
0-5 3.290957
0-5 3.138265
0-5 3.346550
3 3.156002
3 3.241432
3 3.093134
3 3.325636
3 3.037146
5 3.204182
5 3.048436
5 3.211397
5 1.000000
5 3.026922
10 3.181801
10 3.024557
10 1.000000
10 1.000000
10 1.000000
0 3.388585
0 3.126339
0 3.215087
0 3.250639
0 3.227420
0-5 3.265260
0-5 3.057479
0-5 3.258537
0-5 3.134006
0-5 3.240797
3 3.200169
3 3.066838
3 3.291534
3 3.261320
3 3.246051
5 3.064770
5 3.243569
5 3.155293
5 2.966003
5 2.981930
10 2.892049
10 3.011136
10 1.000000
10 1.000000
10 1.000000
0 3.105214
0 3.135729
0 3.108999
0 3.291591
0 3.138221
0-5 3.180755
0-5 3.101948
0-5 3.251829
0-5 3.105740
0-5 3.227753
3 3.144907
3 3.234474
3 3.108416
3 3.250202
3 3.132762
5 3.164889
5 3.088413
5 3.029627
5 3.029806
5 3.043272
10 2.933071
10 3.155706
10 1.000000
10 1.000000
10 1.000000
0 3.314845
0 3.255110
0 3.241518
0 3.177939
0 3.140644
0-5 3.214400
0-5 3.224885
0-5 3.270459
0-5 3.149423
0-5 3.198969
3 3.224373
3 1.000000
3 3.170414
3 3.036903
3 3.229563
5 3.016662
5 3.049714
5 3.225619
5 2.956139
5 3.219829
10 2.896012
10 1.000000
10 1.000000
10 1.000000
10 1.000000
0 3.124807
0 3.272400
0 3.107115
0 3.325626
0 3.342622
0-5 3.303503
0-5 3.163264
0-5 3.176970
0-5 3.275021
0-5 3.192873
3 3.191450
3 3.243433
3 3.095926
3 3.039931
3 3.119289
5 1.000000
5 3.163291
5 3.022580
5 1.000000
5 1.000000
10 3.084933
10 2.772061
10 2.891517
10 2.812454
10 2.841907
0 3.147676
0 3.257872
0 3.116876
0 3.302939
0 3.277188
0 1.000000
0-5 3.238853
0-5 3.150621
0-5 3.125191
0-5 3.207000
0-5 3.263362
3 3.335703
3 3.314496
3 3.160927
3 1.000000
3 3.062978
5 2.974933
5 3.195886
5 2.964391
5 3.018006
5 3.007152
10 2.990763
10 1.000000
10 1.000000
10 1.000000
10 1.000000
