0 0.015672
0 0.015849
0 0.015436
0 0.013973
0 0.014619
0-5 0.015376
0-5 0.014413
0-5 0.016122
0-5 0.015274
0-5 0.014582
3 0.014879
3 0.014382
3 0.016406
3 0.015129
3 0.016444
5 0.015197
5 0.016166
5 0.015960
5 0.015480
5 0.015524
10 0.016284
10 0.017752
10 0.016168
10 0.017191
10 0.017826
0 0.015392
0 0.016163
0 0.015468
0 0.015637
0 0.016777
0-5 0.016263
0-5 0.016010
0-5 0.015877
0-5 0.015401
0-5 0.017497
3 0.016218
3 0.016662
3 0.016589
3 0.017323
3 0.016129
5 0.016150
5 0.015486
5 0.018361
5 0.015668
5 0.016510
10 0.017685
10 0.016667
10 0.017194
10 0.017687
10 0.017404
0 0.016858
0 0.016297
0 0.015523
0 0.015895
0 0.015544
0-5 0.015410
0-5 0.016649
0-5 0.016116
0-5 0.017705
0-5 0.015861
3 0.015883
3 0.014500
3 0.015104
3 0.015455
3 0.016868
5 0.014708
5 0.015646
5 0.017690
5 0.015580
5 0.017102
10 0.015412
10 0.017618
10 0.017897
10 0.017335
10 0.017194
0 0.015255
0 0.016628
0 0.015572
0 0.017221
0 0.014933
0-5 0.015847
0-5 0.016054
0-5 0.016434
0-5 0.015013
0-5 0.016744
3 0.016768
3 0.017167
3 0.014180
3 0.017317
3 0.016040
5 0.015897
5 0.015473
5 0.015734
5 0.015396
5 0.015843
10 0.016730
10 0.015650
10 0.018193
10 0.017893
10 0.018860
0 0.016188
0 0.016306
0 0.015916
0 0.015682
0 0.015993
0-5 0.016648
0-5 0.016330
0-5 0.016340
0-5 0.015076
0-5 0.015293
3 0.015319
3 0.014975
3 0.015324
3 0.016104
3 0.016523
5 0.016586
5 0.016364
5 0.016100
5 0.015388
5 0.015960
10 0.015903
10 0.015172
10 0.017908
10 0.017616
10 0.016922
0 0.015466
0 0.015907
0 0.017087
0 0.016787
0 0.015948
0-5 0.016476
0-5 0.016134
0-5 0.016437
0-5 0.016586
0-5 0.016861
3 0.016450
3 0.017274
3 0.015950
3 0.016792
3 0.016191
5 0.015729
5 0.015427
5 0.016543
5 0.015512
5 0.015560
10 0.016905
10 0.016817
10 0.017153
10 0.017548
10 0.017256
0 0.015195
0 0.015890
0 0.016047
0 0.015799
0 0.016410
0-5 0.016563
0-5 0.015994
0-5 0.017153
0-5 0.015706
0-5 0.015572
3 0.016337
3 0.016308
3 0.016172
3 0.014651
3 0.016883
5 0.015373
5 0.016788
5 0.015310
5 0.016571
5 0.015778
10 0.015999
10 0.017085
10 0.017278
10 0.018173
10 0.016447
0 0.015117
0 0.014734
0 0.015393
0 0.016074
0 0.014397
0-5 0.016155
0-5 0.015183
0-5 0.015206
0-5 0.015552
0-5 0.014566
3 0.015160
3 0.015531
3 0.015025
3 0.015131
3 0.015849
5 0.015577
5 0.015253
5 0.014873
5 0.015881
5 0.015459
10 0.014867
10 0.016749
10 0.016568
10 0.015618
10 0.015201
0 0.015467
0 0.015101
0 0.014635
0 0.014579
0 0.013557
0-5 0.016092
0-5 0.014599
0-5 0.015075
0-5 0.015849
0-5 0.015191
3 0.016484
3 0.016404
3 0.015774
3 0.015299
3 0.016728
5 0.015865
5 0.015265
5 0.015757
5 0.015389
5 0.015247
10 0.015993
10 0.016499
10 0.014806
10 0.014734
10 0.016432
0 0.016910
0 0.016035
0 0.014852
0 0.015411
0 0.015850
0-5 0.016851
0-5 0.016127
0-5 0.016101
0-5 0.016078
0-5 0.015199
3 0.015411
3 0.015689
3 0.015324
3 0.015009
3 0.015825
5 0.015178
5 0.016126
5 0.016542
5 0.016535
5 0.015360
10 0.016181
10 0.016565
10 0.015680
10 0.016905
10 0.017865
0 0.015576
0 0.016421
0 0.014308
0 0.015575
0-5 0.016882
0-5 0.015588
0-5 0.016924
0-5 0.016213
0-5 0.015692
3 0.015754
3 0.015967
3 0.015566
3 0.016875
3 0.016192
5 0.015631
5 0.015656
5 0.016426
5 0.016044
5 0.015911
10 0.016966
10 0.017364
10 0.017748
10 0.017251
10 0.018454
