0 3.226549
0 3.416271
0 3.136619
0 3.204764
0 3.199931
0 3.419378
0 3.325231
0.5 3.375632
0.5 3.302464
0.5 3.150297
0.5 3.206293
0.5 3.336822
3 3.069221
3 3.199810
3 3.229410
3 3.276771
3 3.439727
5 3.247309
5 3.278066
5 3.217834
5 3.066569
5 3.139126
10 1.000000
10 1.000000
10 1.000000
10 1.000000
10 1.000000
0 3.423733
0 3.362400
0 3.121914
0 3.136222
0 3.144810
0.5 3.410592
0.5 3.118488
0.5 3.315187
0.5 3.392416
0.5 3.202977
3 3.270830
3 3.361335
3 3.329759
3 3.422848
3 1.000000
5 3.332895
5 3.025675
5 3.299560
5 3.264625
5 3.048689
10 2.967384
10 3.158655
10 3.094526
10 1.000000
10 1.000000
0 3.198724
0 3.280250
0 3.326571
0 3.150368
0 3.343795
0.5 3.138884
0.5 3.386178
0.5 3.307215
0.5 3.143917
0.5 3.186834
3 3.253987
3 1.000000
3 3.269550
3 3.334295
3 3.092858
5 3.283895
5 3.155990
5 3.274708
5 3.126672
5 3.221434
10 2.989919
10 3.170032
10 1.000000
10 1.000000
10 1.000000
0 3.149122
0 3.185541
0 3.298663
0 3.186817
0 3.436010
0.5 3.385526
0.5 1.000000
0.5 3.129766
0.5 3.421054
0.5 3.339759
3 1.000000
3 3.511976
3 3.232204
3 3.159055
3 1.000000
5 1.000000
5 1.000000
5 1.000000
5 3.096289
5 3.252135
10 2.879800
10 1.000000
10 1.000000
10 1.000000
10 1.000000
0 3.227246
0 3.242035
0 1.000000
0 3.182266
0 1.000000
0-5 3.337016
0-5 3.359416
0-5 3.192509
0-5 3.191303
0-5 3.371466
3 3.030158
3 3.107025
3 3.342760
3 3.094873
3 3.085259
5 2.979920
5 2.986257
5 3.304121
5 3.203194
5 3.094258
10 3.177640
10 2.970546
10 1.000000
10 1.000000
10 1.000000
0 3.133839
0 3.449835
0 3.431740
0 3.382604
0 1.000000
0-5 3.218092
0-5 1.000000
0-5 1.000000
0-5 3.390627
0-5 1.000000
3 3.278085
3 1.000000
3 3.124854
3 3.170865
3 3.255803
5 3.305115
5 3.239297
5 3.166447
5 3.171920
5 3.037355
10 3.199597
10 1.000000
10 1.000000
10 1.000000
10 1.000000
0 3.299730
0 3.197282
0 3.183935
0 3.630932
0 3.118344
0-5 3.368826
0-5 3.311032
0-5 3.107743
0-5 3.258776
0-5 3.273987
3 3.097322
3 3.275081
3 3.182515
3 3.048850
3 3.194820
5 3.294298
5 3.212402
5 3.257365
5 3.260269
5 3.206888
10 3.151864
10 3.170139
10 3.149654
10 1.000000
10 1.000000
0 3.136861
0 3.333792
0 3.416640
0 3.455428
0 3.410393
0-5 3.205669
0-5 3.397272
0-5 3.415493
0-5 3.276471
0-5 3.484095
3 3.233940
3 3.265042
3 3.300127
3 3.299490
3 3.335283
5 3.308031
5 3.138397
5 3.200886
5 3.191363
5 3.170623
10 2.985842
10 1.000000
10 1.000000
10 1.000000
10 1.000000
0 3.430524
0 3.348585
0 3.257294
0 3.369527
0 3.136273
0-5 3.337749
0-5 3.219623
0-5 3.433854
0-5 3.287308
0-5 3.146072
3 3.259065
3 3.090976
3 3.124494
3 3.259137
3 3.193444
5 3.180374
5 3.124375
5 3.157574
5 3.324548
5 3.167004
10 3.181411
10 1.000000
10 1.000000
10 1.000000
10 1.000000
0 3.239591
0 3.438774
0 3.378528
0 3.255815
0 3.353842
0-5 3.135270
0-5 3.292837
0-5 3.378119
0-5 3.138845
0-5 3.200331
3 3.101006
3 3.199482
3 3.235968
3 3.290544
3 3.108714
5 3.266107
5 3.110766
5 3.129906
5 2.974005
5 3.195618
10 3.101933
10 3.143249
10 3.221295
10 1.000000
10 1.000000
0 3.408386
0 3.247616
0 3.335015
0 3.122345
0 3.437293
0-5 3.352034
0-5 3.174317
0-5 3.145288
0-5 3.164966
0-5 3.247160
3 3.195183
3 3.271697
3 3.203264
3 3.327232
3 1.000000
5 3.167762
5 3.253108
5 3.313332
5 3.106001
5 3.141268
10 2.927930
10 3.104245
10 2.884349
10 3.193298
10 3.124736
0 3.484513
0 3.302312
0 3.403002
0 3.226650
0 3.157836
0-5 3.379413
0-5 3.261610
0-5 3.261027
0-5 3.135636
0-5 3.134897
3 3.207877
3 3.152424
3 3.352791
3 3.120624
3 3.040742
5 3.260370
5 3.160346
5 3.239098
5 2.915896
5 3.388393
10 3.155465
10 3.046844
10 1.000000
10 1.000000
10 1.000000
