0 3.177446
0 3.067606
0 3.313762
0 3.239578
0 3.219021
0-5 3.328683
0-5 3.201849
0-5 3.273255
0-5 3.052725
0-5 3.012706
3 3.231707
3 3.218249
3 2.671098
3 3.198508
3 3.061242
5 3.003348
5 2.905637
5 2.778495
5 3.003713
5 1.554630
10 1.000000
10 1.587354
10 2.297954
10 1.000000
10 1.000000
0 3.193030
0 3.257994
0 3.331885
0 3.198385
0 3.344532
0-5 3.277961
0-5 3.232448
0-5 3.204263
0-5 3.057309
0-5 3.267663
3 3.080115
3 3.221248
3 3.222337
3 3.206752
3 3.199884
5 3.084188
5 2.967362
5 2.643676
5 2.628022
5 2.911781
10 2.645834
10 1.520129
10 1.000000
10 1.000000
10 1.000000
0 3.176843
0 3.185320
0 3.187037
0 3.159299
0 3.319186
0-5 3.147562
0-5 3.267697
0-5 3.304375
0-5 3.182634
0-5 3.186715
3 3.184958
3 3.209553
3 3.231104
3 3.185418
3 3.182752
5 3.066221
5 3.253951
5 3.250536
5 3.128249
5 3.276881
10 2.883703
10 1.000000
10 1.000000
10 1.000000
10 1.000000
0 3.176798
0 3.244364
0 3.367330
0 3.316670
0 3.351891
0-5 3.165902
0-5 3.171161
0-5 3.231178
0-5 3.123859
0-5 3.349591
3 3.090437
3 3.160876
3 3.164530
3 3.139822
3 3.183294
5 3.189374
5 3.175179
5 3.101419
5 3.211206
5 3.170105
10 3.152220
10 2.959331
10 1.000000
10 1.000000
10 1.000000
0 3.172210
0 3.222491
0 3.287811
0 3.373774
0 3.264114
0-5 3.211916
0-5 3.237210
0-5 3.377342
0-5 3.172317
0-5 3.352298
3 3.248962
3 3.293905
3 3.156486
3 3.337977
3 3.075826
5 3.168876
5 3.111106
5 3.140604
5 3.160804
5 3.113183
10 3.144682
10 3.122581
10 1.000000
10 1.000000
10 1.000000
0 3.367932
0 3.231807
0 3.322454
0 3.315007
0 3.191958
0-5 3.276897
0-5 3.120092
0-5 3.220972
0-5 3.183665
0-5 3.344372
3 3.273861
3 3.153726
3 3.266727
3 3.240361
3 3.260571
5 3.155170
5 3.236712
5 3.124477
5 3.085336
5 3.076810
10 2.862941
10 3.013980
10 1.000000
10 1.000000
10 1.000000
0 3.183430
0 3.193154
0 3.194944
0 3.263421
0 3.197412
0-5 3.149116
0-5 3.126235
0-5 3.303326
0-5 3.148935
0-5 3.305340
3 3.246821
3 3.192994
3 3.116151
3 3.239059
3 3.231246
5 3.209098
5 3.074408
5 3.155004
5 3.182965
5 3.131030
10 3.016208
10 3.141801
10 1.000000
10 1.000000
10 1.000000
0 3.307496
0 3.334036
0 3.204771
0 3.143213
0 3.205840
0-5 3.260879
0-5 3.306137
0-5 3.317258
0-5 3.212102
0-5 3.159612
3 3.233864
3 3.174843
3 3.272463
3 3.061716
3 3.292347
5 3.012175
5 3.081415
5 3.232707
5 2.972355
5 3.304871
10 3.004458
10 1.000000
10 1.000000
10 1.000000
10 1.058493
0 3.132768
0 3.203085
0 3.129364
0 3.338314
0 3.356286
0-5 3.301769
0-5 3.220809
0-5 3.251204
0-5 3.223765
0-5 3.281582
3 3.258894
3 3.235410
3 3.059695
3 3.132069
3 3.075989
5 1.000000
5 3.241131
5 3.121665
5 1.000000
5 1.000000
10 3.123653
10 2.867391
10 2.888184
10 2.883707
10 2.865147
0 3.225447
0 3.320731
0 3.156086
0 3.250379
0 3.332854
0 3.150659
0-5 3.177662
0-5 3.234362
0-5 3.214364
0-5 3.301264
0-5 3.217614
3 3.309537
3 3.301988
3 3.104425
3 1.000000
3 3.090917
5 3.042988
5 3.246341
5 3.036373
5 3.072754
5 3.104707
10 3.026539
10 1.000000
10 1.000000
10 1.000000
10 1.000000
