0 3.201606
0 3.319565
0 3.362414
0 3.189452
0 3.415954
0 3.325532
0 3.359866
0.5 3.170322
0.5 3.360919
0.5 3.283974
0.5 3.393044
0.5 3.117267
3 3.177495
3 3.120342
3 3.332369
3 3.094346
3 3.224571
5 3.254822
5 3.222938
5 3.318030
5 3.278042
5 3.089202
10 1.000000
10 1.000000
10 1.000000
10 1.000000
10 1.000000
0 3.176564
0 3.140403
0 3.332185
0 3.338472
0 3.298817
0.5 3.299239
0.5 3.336389
0.5 3.120016
0.5 3.172866
0.5 3.228697
3 3.393179
3 3.138817
3 3.220199
3 3.186317
3 1.000000
5 3.136114
5 3.128778
5 3.079953
5 2.985758
5 3.125743
10 3.058680
10 3.017966
10 3.000367
10 1.000000
10 1.000000
0 3.408029
0 3.180161
0 3.390013
0 3.371840
0 3.146283
0.5 3.314623
0.5 3.276608
0.5 3.392270
0.5 3.296343
0.5 3.385189
3 3.151018
3 1.000000
3 3.078267
3 3.255720
3 3.198335
5 3.196976
5 3.140577
5 3.250560
5 3.070388
5 3.001926
10 3.207055
10 3.135768
10 1.000000
10 1.000000
10 1.000000
0 3.305032
0 3.403486
0 3.146299
0 1.000000
0 3.165962
0.5 3.146760
0.5 1.000000
0.5 3.149297
0.5 1.000000
0.5 3.373618
3 1.000000
3 3.219596
3 3.537151
3 3.359428
3 1.000000
5 1.000000
5 1.000000
5 1.000000
5 3.084451
5 3.057696
10 3.035715
10 1.000000
10 1.000000
10 1.000000
10 1.000000
0 3.167531
0 3.169487
0 1.000000
0 3.199848
0 1.000000
0-5 1.000000
0-5 3.240963
0-5 3.341686
0-5 3.194340
0-5 3.175829
3 3.174519
3 3.283604
3 3.227440
3 3.187863
3 3.240842
5 3.198608
5 3.179994
5 1.000000
5 3.199861
5 3.150197
10 3.083046
10 3.122893
10 1.000000
10 1.000000
10 1.000000
0 3.251963
0 3.252667
0 3.181267
0 3.148711
0 1.000000
0-5 3.166351
0-5 1.000000
0-5 1.000000
0-5 3.162103
0-5 1.000000
3 3.357391
3 1.000000
3 1.000000
3 3.131475
3 3.249231
5 3.056767
5 3.319705
5 3.231751
5 1.000000
5 3.278999
10 2.899470
10 1.000000
10 1.000000
10 1.000000
10 1.000000
0 3.420835
0 3.382753
0 3.387624
0 3.233572
0 3.298172
0-5 3.333325
0-5 3.382515
0-5 3.231426
0-5 3.363465
0-5 3.372729
3 3.297890
3 3.350477
3 3.183595
3 3.197706
3 3.335150
5 3.169592
5 3.030565
5 2.989344
5 3.072417
5 3.319274
10 2.887633
10 3.108023
10 3.082590
10 1.000000
10 1.000000
0 3.364479
0 3.357423
0 3.308091
0 3.301811
0 3.307517
0-5 3.176679
0-5 3.290281
0-5 3.332113
0-5 3.113484
0-5 3.213929
3 3.074352
3 3.018936
3 3.083878
3 3.248914
3 3.158158
5 3.167018
5 3.319903
5 3.244133
5 3.213194
5 3.084927
10 3.135217
10 1.000000
10 1.000000
10 1.000000
10 1.000000
0 3.182941
0 3.118135
0 3.379597
0 3.354784
0 3.295446
0-5 3.333589
0-5 3.375889
0-5 3.220363
0-5 3.131379
0-5 3.268741
3 3.341155
3 3.260583
3 3.312128
3 3.048765
3 3.099699
5 3.131565
5 3.295138
5 3.333380
5 3.191822
5 3.083722
10 2.937809
10 1.000000
10 1.000000
10 1.000000
10 1.000000
0 3.180718
0 3.256105
0 3.117516
0 3.132460
0 3.160462
0-5 3.335652
0-5 3.350182
0-5 3.156594
0-5 3.219235
0-5 3.200899
3 3.130868
3 3.064565
3 3.071460
3 3.078165
3 3.143801
5 3.215807
5 3.245704
5 3.251674
5 3.182985
5 3.235557
10 2.996886
10 1.000000
10 3.025964
10 1.000000
10 1.000000
0 3.271136
0 3.208619
0 3.348988
0 3.267241
0 3.167560
0-5 3.125573
0-5 3.344902
0-5 3.381535
0-5 3.241626
0-5 3.164324
3 3.286467
3 3.308661
3 3.326585
3 3.238276
3 1.000000
5 3.220732
5 3.224552
5 1.000000
5 3.256973
5 3.105131
10 2.799222
10 3.235477
10 3.093581
10 2.938940
10 2.989436
0 3.241550
0 3.404038
0 3.268725
0 3.178773
0 3.310454
0-5 3.155841
0-5 3.118368
0-5 3.116829
0-5 3.300951
0-5 3.284240
3 3.344455
3 3.321065
3 3.102592
3 3.287101
3 3.177989
5 3.060218
5 3.300621
5 3.055263
5 3.100128
5 3.160722
10 2.939442
10 2.758048
10 1.000000
10 1.000000
10 1.000000
