0 0.019961
0 0.016821
0 0.015581
0 0.014990
0 0.014721
0 0.014528
0-5 0.015175
0-5 0.015389
0-5 0.015553
0-5 0.015365
0-5 0.015073
3 0.014620
3 0.015018
3 0.014696
3 0.016334
3 0.014459
5 0.015556
5 0.016223
5 0.016695
5 0.016496
5 0.015798
10 0.016589
10 0.016990
10 0.017073
10 0.017032
10 0.017242
0 0.015052
0 0.016157
0 0.015923
0 0.015841
0 0.016123
0-5 0.015571
0-5 0.017235
0-5 0.016467
0-5 0.016018
0-5 0.016907
3 0.015952
3 0.016608
3 0.016883
3 0.016553
3 0.015670
5 0.016459
5 0.016784
5 0.018107
5 0.016236
5 0.016829
10 0.019386
10 0.016542
10 0.017369
10 0.017189
10 0.017124
0 0.015414
0 0.015397
0 0.016364
0 0.015614
0 0.016701
0-5 0.015216
0-5 0.016692
0-5 0.016394
0-5 0.017981
0-5 0.017173
3 0.016839
3 0.014755
3 0.016030
3 0.015491
3 0.016334
5 0.015894
5 0.016910
5 0.016565
5 0.015601
5 0.016386
10 0.016490
10 0.018709
10 0.018357
10 0.016783
10 0.016655
0 0.017128
0 0.015805
0 0.016442
0 0.016977
0 0.015324
0-5 0.016078
0-5 0.015301
0-5 0.015354
0-5 0.015034
0-5 0.016114
3 0.016525
3 0.017039
3 0.015426
3 0.015948
3 0.015679
5 0.016718
5 0.016080
5 0.016666
5 0.017722
5 0.017029
10 0.014973
10 0.015259
10 0.016580
10 0.018255
10 0.019442
0 0.015601
0 0.016886
0 0.015115
0 0.016773
0 0.016514
0-5 0.015536
0-5 0.015244
0-5 0.015245
0-5 0.015804
0-5 0.014240
3 0.015630
3 0.015462
3 0.015782
3 0.015329
3 0.016360
5 0.015353
5 0.016214
5 0.015713
5 0.017789
5 0.017323
10 0.016147
10 0.015493
10 0.018188
10 0.018522
10 0.017703
0 0.016146
0 0.015995
0 0.016129
0 0.016042
0 0.015525
0-5 0.016434
0-5 0.017172
0-5 0.016665
0-5 0.015568
0-5 0.016168
3 0.016528
3 0.017420
3 0.016584
3 0.017102
3 0.017243
5 0.016780
5 0.017277
5 0.016664
5 0.017870
5 0.016585
10 0.017934
10 0.016405
10 0.018642
10 0.018216
10 0.017989
0 0.015911
0 0.015890
0 0.016117
0 0.016162
0 0.016169
0-5 0.015497
0-5 0.016625
0-5 0.016605
0-5 0.017197
0-5 0.015313
3 0.016339
3 0.017377
3 0.016273
3 0.015041
3 0.016390
5 0.016850
5 0.015833
5 0.015671
5 0.016360
5 0.016530
10 0.016538
10 0.016847
10 0.016817
10 0.019064
10 0.016938
