0 17.645833
0 16.638496
0 16.739604
0 15.774693
0 16.151504
0 16.291715
0 16.957957
0.5 17.440769
0.5 17.273856
0.5 17.771502
0.5 18.217258
0.5 17.449418
3 18.257322
3 15.887052
3 17.056718
3 16.272141
3 18.325792
5 18.349875
5 16.882863
5 17.614842
5 16.752617
5 16.711659
10 17.773076
10 19.751585
10 18.882041
10 18.876808
10 21.543845
0 16.374485
0 17.334827
0 17.030606
0 16.683877
0 15.727732
0.5 16.979362
0.5 17.390655
0.5 16.481596
0.5 16.217524
0.5 15.811362
3 17.072643
3 17.152228
3 17.155745
3 17.513533
3 25.367618
5 17.220234
5 17.161177
5 16.773643
5 15.815143
5 17.304227
10 15.800916
10 14.771385
10 16.802777
10 21.013689
10 23.014524
0 16.855859
0 17.556230
0 15.410138
0 16.253431
0 15.153781
0.5 16.150402
0.5 15.616544
0.5 16.428796
0.5 15.233342
0.5 16.525145
3 16.009984
3 18.420835
3 16.236716
3 14.642114
3 15.336380
5 15.822574
5 15.630956
5 16.032702
5 18.400393
5 16.119863
10 15.538842
10 14.839932
10 19.793458
10 20.286084
10 20.865475
0 16.296210
0 16.299279
0 17.066768
0 18.696427
0 17.297586
0.5 16.372825
0.5 18.078750
0.5 16.431117
0.5 16.814737
0.5 16.986027
3 17.830265
3 17.927888
3 17.346042
3 16.709246
3 18.433160
5 18.107524
5 18.188374
5 18.597213
5 17.306938
5 16.784443
10 15.641068
10 19.274007
10 20.827001
10 18.887107
10 19.521220
0 16.584434
0 17.355808
0 20.189271
0 17.133447
0 19.669044
0-5 17.590440
0-5 17.390647
0-5 17.340311
0-5 17.112269
0-5 17.334173
3 17.405270
3 17.060187
3 16.720967
3 17.687796
3 17.738498
5 16.950938
5 16.921741
5 17.795323
5 17.078323
5 17.480851
10 17.392065
10 18.034953
10 20.880511
10 20.974840
10 22.142911
0 17.568962
0 16.241503
0 17.312240
0 17.647450
0 16.929832
0-5 17.598058
0-5 17.522315
0-5 20.366046
0-5 16.471179
0-5 18.391905
3 17.585822
3 18.358654
3 17.711135
3 17.380062
3 17.038712
5 16.436600
5 16.848047
5 16.806968
5 17.282787
5 16.755019
10 17.598145
10 20.197219
10 20.477682
10 20.052731
10 20.128579
0 16.976670
0 16.265494
0 15.810918
0 16.721573
0 16.296043
0-5 16.394455
0-5 16.238468
0-5 16.742242
0-5 16.610712
0-5 16.404880
3 16.023481
3 17.629398
3 16.414120
3 17.075702
3 17.171244
5 16.452060
5 17.004022
5 17.423906
5 17.324221
5 17.664881
10 17.346624
10 17.481983
10 16.275059
10 22.403975
10 20.542014
0 16.950824
0 15.317246
0 15.710013
0 16.425077
0 16.245052
0-5 16.474604
0-5 16.044669
0-5 15.730767
0-5 16.802694
0-5 14.898432
3 17.239445
3 16.281906
3 15.519586
3 16.829982
3 16.138474
5 16.012121
5 16.044052
5 16.415036
5 16.760847
5 16.530194
10 16.614917
10 20.072721
10 19.270280
10 19.700540
10 19.823775
0 15.524583
0 15.545132
0 14.955931
0 15.529407
0 15.743950
0-5 15.189982
0-5 15.125535
0-5 16.183240
0-5 15.784526
0-5 15.711689
3 15.877649
3 15.489540
3 16.557721
3 15.596186
3 16.228623
5 16.501906
5 15.599486
5 16.028666
5 16.842185
5 16.830567
10 15.743336
10 21.271364
10 21.125194
10 20.049236
10 19.952206
0 15.845708
0 14.831617
0 15.072957
0 15.032285
0 14.912027
0-5 16.279459
0-5 14.953751
0-5 14.962752
0-5 15.168817
0-5 15.276770
3 15.144578
3 15.018674
3 16.017147
3 14.941246
3 15.522041
5 14.062039
5 15.110245
5 14.744248
5 16.386773
5 15.385739
10 15.749707
10 17.372880
10 15.646937
10 21.465068
10 20.737880
0 15.009647
0 16.215779
0 16.989171
0 17.390543
0 17.663004
0-5 17.063968
0-5 18.616632
0-5 17.430102
0-5 17.163425
0-5 17.486063
3 16.468840
3 17.657606
3 16.303174
3 17.813014
3 17.632574
5 17.386129
5 17.834880
5 18.021157
5 17.327470
5 16.976740
10 16.521594
10 14.719746
10 16.391988
10 16.376330
10 14.898363
0 15.879442
0 17.458529
0 17.024509
0 16.588051
0 16.696315
0-5 16.640388
0-5 16.558159
0-5 17.320861
0-5 16.736182
0-5 16.937570
3 16.034238
3 16.467042
3 17.104808
3 17.224360
3 16.469219
5 16.509332
5 17.011188
5 16.738307
5 17.535354
5 17.167602
10 18.537048
10 15.931673
10 20.905090
10 21.240112
10 20.847216
