0 24.072704
0 20.625340
0 23.189402
0 21.558309
0 22.078172
0 20.234616
0-5 21.428323
0-5 22.146500
0-5 21.151953
0-5 22.171147
0-5 21.197379
3 22.932651
3 20.543972
3 20.568992
3 21.306970
3 20.903734
5 20.986220
5 19.738483
5 20.843310
5 20.408881
5 20.621759
10 19.561045
10 18.386272
10 19.249120
10 20.009276
10 20.281535
0 18.625042
0 17.983808
0 18.668305
0 18.876260
0 17.786884
0-5 17.493138
0-5 17.705849
0-5 17.520909
0-5 18.986637
0-5 17.520420
3 18.510097
3 19.144062
3 17.671101
3 18.524855
3 18.158017
5 17.800729
5 18.590403
5 19.122464
5 20.257975
5 18.328795
10 19.855892
10 18.768299
10 19.992874
10 19.907287
10 20.497658
0 19.592718
0 18.303502
0 18.863784
0 18.253536
0 18.962000
0-5 18.926269
0-5 18.379286
0-5 18.929476
0-5 18.580495
0-5 18.179958
3 17.885360
3 18.496026
3 18.476207
3 17.241279
3 18.173539
5 18.654520
5 19.131108
5 17.353648
5 19.440724
5 19.961576
10 18.908356
10 21.302107
10 21.271664
10 21.206327
10 20.644230
0 18.746983
0 17.824393
0 17.242918
0 17.788259
0 17.744185
0-5 18.316547
0-5 18.574424
0-5 17.713544
0-5 17.689360
0-5 17.992407
3 17.984270
3 18.759996
3 17.948144
3 17.825998
3 17.742189
5 18.138374
5 17.892351
5 18.684094
5 18.454893
5 19.386982
10 18.443872
10 17.674715
10 21.101829
10 20.764765
10 20.576947
0 17.386920
0 18.514447
0 17.662962
0 17.987951
0 17.402494
0-5 18.504109
0-5 17.327045
0-5 17.097092
0-5 18.527540
0-5 18.651299
3 17.001559
3 18.957870
3 18.782418
3 17.992618
3 18.332042
5 17.454845
5 17.732987
5 17.336641
5 19.432827
5 18.049483
10 19.183198
10 17.822765
10 20.441049
10 20.671934
10 20.681684
0 17.725048
0 18.583008
0 18.760710
0 18.172139
0 18.260513
0-5 18.725756
0-5 19.290033
0-5 18.741344
0-5 18.173587
0-5 17.952277
3 18.614613
3 19.550492
3 18.054803
3 18.411148
3 18.948124
5 18.323826
5 18.466005
5 18.113268
5 18.575589
5 18.759913
10 19.406614
10 18.704631
10 22.141992
10 21.139794
10 21.233667
0 19.885848
0 18.427233
0 18.248966
0 17.860228
0 17.385225
0-5 17.857499
0-5 18.876219
0-5 17.241273
0-5 17.204223
0-5 17.898058
3 18.456953
3 17.590887
3 18.294209
3 17.993103
3 18.390041
5 17.347270
5 19.378202
5 18.286788
5 18.671173
5 19.009116
10 18.202725
10 18.305414
10 20.092684
10 20.318014
10 20.296047
0 20.925655
0 22.049464
0 21.560736
0 20.278599
0 20.742325
0-5 19.285490
0-5 19.803851
0-5 19.819078
0-5 20.094028
0-5 20.267291
3 20.972063
3 21.427121
3 20.247941
3 20.736925
3 19.804816
5 20.971312
5 20.536026
5 19.626009
5 19.616159
5 20.901291
10 20.289851
10 21.003500
10 21.153798
10 20.693362
10 19.712734
0 19.417311
0 18.978597
0 20.024980
0 19.562249
0 18.760493
0-5 18.249439
0-5 19.944795
0-5 19.065107
0-5 19.780852
0-5 18.584860
3 19.129852
3 20.036393
3 18.930101
3 19.171313
3 18.579693
5 20.252291
5 18.826785
5 20.004803
5 21.885565
5 21.390578
10 20.012856
10 19.692849
10 19.293579
10 19.307405
10 18.739954
0 18.938582
0 18.218829
0 19.252873
0 19.691467
0 19.725222
0 19.905314
0-5 17.863468
0-5 18.847392
0-5 18.282349
0-5 19.254034
0-5 18.933324
3 18.455991
3 19.232087
3 20.051315
3 19.820126
3 18.309188
5 18.713823
5 18.617528
5 18.974316
5 19.169467
5 18.582270
10 17.663252
10 20.373533
10 19.298099
10 20.885369
10 19.524271
