0 0.015598
0 0.014745
0 0.014493
0 0.014896
0 0.013205
0 0.014008
0 0.012902
0.5 0.014174
0.5 0.014431
0.5 0.013798
0.5 0.013831
0.5 0.014123
3 0.014538
3 0.014484
3 0.013336
3 0.012387
3 0.014828
5 0.014020
5 0.014186
5 0.013734
5 0.013070
5 0.015434
10 0.014299
10 0.014371
10 0.014209
10 0.015097
10 0.015293
0 0.014690
0 0.013910
0 0.014892
0 0.015084
0 0.014183
0.5 0.013022
0.5 0.013947
0.5 0.012749
0.5 0.013626
0.5 0.013752
3 0.013455
3 0.013539
3 0.014082
3 0.014443
3 0.013257
5 0.014199
5 0.014619
5 0.013839
5 0.012890
5 0.013810
10 0.014561
10 0.012985
10 0.012114
10 0.016886
10 0.016612
0 0.013551
0 0.014070
0 0.014001
0 0.013253
0 0.014279
0.5 0.013847
0.5 0.013873
0.5 0.013337
0.5 0.014152
0.5 0.014834
3 0.014128
3 0.012628
3 0.013268
3 0.013230
3 0.013762
5 0.014016
5 0.013833
5 0.014643
5 0.014300
5 0.013558
10 0.012838
10 0.013177
10 0.015705
10 0.014651
10 0.014647
0 0.012476
0 0.013486
0 0.013382
0 0.013568
0 0.015054
0.5 0.013388
0.5 0.013884
0.5 0.013908
0.5 0.013703
0.5 0.013230
3 0.013273
3 0.014956
3 0.013404
3 0.014570
3 0.014386
5 0.013834
5 0.013768
5 0.015171
5 0.013733
5 0.013587
10 0.015160
10 0.015930
10 0.016319
10 0.014571
10 0.015694
