0 17.448795
0 16.015682
0 16.499941
0 16.481014
0 16.773762
0 16.164388
0 16.909670
0-5 17.471651
0-5 17.158192
0-5 17.651676
0-5 18.488767
0-5 17.963022
3 18.610834
3 16.379094
3 17.206803
3 16.299659
3 17.773117
5 18.827065
5 16.587531
5 17.680660
5 16.682131
5 16.785271
10 18.536396
10 20.371580
10 19.024383
10 19.850775
10 20.824664
0 16.103656
0 16.259339
0 16.561625
0 16.237487
0 16.155550
0-5 16.960102
0-5 17.366217
0-5 16.808044
0-5 16.237288
0-5 16.164537
3 17.298667
3 17.118471
3 17.079216
3 17.303208
3 25.926850
5 16.394421
5 16.901003
5 16.580032
5 16.152396
5 17.248617
10 16.421463
10 14.899790
10 17.128581
10 20.015296
10 21.482257
0 16.377632
0 17.144904
0 15.208354
0 16.494819
0 15.114439
0-5 16.214620
0-5 16.854127
0-5 15.453979
0-5 15.575660
0-5 17.172075
3 16.306638
3 18.782155
3 16.002998
3 14.905462
3 16.204948
5 14.868682
5 16.355417
5 16.356197
5 18.221075
5 15.103887
10 16.218423
10 15.680359
10 20.692764
10 20.099001
10 21.357517
0 16.093380
0 16.215551
0 16.659963
0 18.556463
0 17.198995
0-5 16.894267
0-5 18.426648
0-5 16.084393
0-5 16.974383
0-5 17.492101
3 17.969930
3 17.532645
3 17.621200
3 18.245500
3 18.732057
5 17.984574
5 17.799550
5 18.214990
5 16.981345
5 16.256396
10 16.149416
10 19.975268
10 21.250690
10 19.196529
10 19.896976
