0 0.016967
0 0.015948
0 0.015652
0 0.015014
0 0.014587
0 0.015314
0 0.013990
0.5 0.015511
0.5 0.015609
0.5 0.015497
0.5 0.016839
0.5 0.016553
3 0.016654
3 0.015403
3 0.014880
3 0.014837
3 0.015160
5 0.016334
5 0.014641
5 0.014599
5 0.013880
5 0.015553
10 0.016390
10 0.015860
10 0.014619
10 0.016655
10 0.015835
0 0.016070
0 0.017326
0 0.015301
0 0.014791
0 0.014187
0.5 0.015685
0.5 0.015667
0.5 0.014136
0.5 0.014360
0.5 0.015449
3 0.014715
3 0.015378
3 0.015055
3 0.015432
3 0.014566
5 0.015553
5 0.014884
5 0.013906
5 0.015412
5 0.014834
10 0.015667
10 0.014490
10 0.013844
10 0.017216
10 0.016090
0 0.014800
0 0.015449
0 0.015084
0 0.015768
0 0.015989
0.5 0.014765
0.5 0.014569
0.5 0.015116
0.5 0.014983
0.5 0.015702
3 0.014851
3 0.014877
3 0.014365
3 0.015956
3 0.015084
5 0.014005
5 0.015533
5 0.015167
5 0.015126
5 0.016853
10 0.014011
10 0.015163
10 0.017041
10 0.016627
10 0.016462
0 0.014642
0 0.016550
0 0.014154
0 0.015126
0 0.015758
0.5 0.014175
0.5 0.014187
0.5 0.014227
0.5 0.015416
0.5 0.014199
3 0.014596
3 0.014895
3 0.015580
3 0.016184
3 0.014884
5 0.014925
5 0.015062
5 0.015978
5 0.014583
5 0.014971
10 0.014688
10 0.017497
10 0.018043
10 0.016109
10 0.016141
0 0.013800
0 0.014193
0 0.015610
0 0.014790
0 0.013889
0-5 0.013620
0-5 0.014858
0-5 0.014536
0-5 0.014449
0-5 0.014569
3 0.014573
3 0.015526
3 0.014977
3 0.014939
3 0.015927
5 0.014777
5 0.014583
5 0.014729
5 0.014696
5 0.014741
10 0.015913
10 0.014229
10 0.016564
10 0.016647
10 0.017110
0 0.016239
0 0.015448
0 0.013752
0 0.016808
0 0.015873
0-5 0.015485
0-5 0.015393
0-5 0.015480
0-5 0.015434
0-5 0.014314
3 0.016146
3 0.015650
3 0.016921
3 0.014878
3 0.015268
5 0.015422
5 0.015263
5 0.015167
5 0.015132
5 0.015830
10 0.015835
10 0.017011
10 0.017140
10 0.017472
10 0.016472
0 0.014921
0 0.015177
0 0.014887
0 0.015293
0 0.016727
0-5 0.016185
0-5 0.016404
0-5 0.014370
0-5 0.016363
0-5 0.014886
3 0.015077
3 0.015875
3 0.015709
3 0.015746
3 0.015376
5 0.015823
5 0.015575
5 0.016448
5 0.015304
5 0.015621
10 0.016349
10 0.014435
10 0.015929
10 0.018140
10 0.018343
0 0.015777
0 0.014819
0 0.015823
0 0.015123
0 0.016285
0-5 0.015414
0-5 0.015440
0-5 0.015914
0-5 0.015060
0-5 0.016292
3 0.014472
3 0.015907
3 0.015776
3 0.015202
3 0.016019
5 0.015500
5 0.013995
5 0.014098
5 0.015853
5 0.014334
10 0.015570
10 0.016558
10 0.016796
10 0.016165
10 0.014927
0 0.015023
0 0.014979
0 0.015459
0 0.016021
0 0.015179
0-5 0.015609
0-5 0.015228
0-5 0.013933
0-5 0.016092
0-5 0.014787
3 0.016451
3 0.015221
3 0.015066
3 0.015201
3 0.015364
5 0.015470
5 0.015983
5 0.015101
5 0.014494
5 0.016861
10 0.014951
10 0.016615
10 0.018140
10 0.016321
10 0.017683
0 0.015685
0 0.015383
0 0.015439
0 0.015674
0 0.015122
0-5 0.015966
0-5 0.015357
0-5 0.016075
0-5 0.014596
0-5 0.015372
3 0.014925
3 0.015616
3 0.014703
3 0.015433
3 0.015196
5 0.014943
5 0.015768
5 0.015532
5 0.015451
5 0.014927
10 0.015596
10 0.015651
10 0.015719
10 0.016194
10 0.017416
0 0.016243
0 0.015854
0 0.017574
0 0.015662
0 0.016236
0-5 0.015413
0-5 0.015642
0-5 0.014910
0-5 0.015334
0-5 0.015167
3 0.014430
3 0.014412
3 0.015469
3 0.015766
3 0.015295
5 0.015419
5 0.016108
5 0.014629
5 0.016364
5 0.015116
10 0.015660
10 0.015500
10 0.014641
10 0.014771
10 0.016814
0 0.015629
0 0.016135
0 0.014323
0 0.015716
0 0.015514
0-5 0.015180
0-5 0.015810
0-5 0.014389
0-5 0.014609
0-5 0.016101
3 0.016102
3 0.014874
3 0.014488
3 0.016124
3 0.014833
5 0.016126
5 0.015251
5 0.015531
5 0.015982
5 0.014614
10 0.015522
10 0.016272
10 0.018369
10 0.017820
10 0.016972
