0 -6.831385
0 -6.535492
0 -6.793732
0 -6.644542
0 -6.680810
0 -6.745460
0 -6.697967
0 -6.583334
0 -6.015044
0 -6.187637
0 -6.134931
0 -6.144354
0 -6.209790
0 -5.840867
0 -5.871108
0 -6.100748
0 -6.012682
0 -5.934988
0 -5.813523
0 -5.589847
0 -5.537044
0 -5.511169
0 -5.416909
0 -5.555722
0 -5.885318
0 -6.119348
0 -5.915509
0 -5.914778
0 -6.149666
0 -5.780524
0 -6.000938
0 -5.604649
0 -5.686826
0 -5.694011
0 -5.696278
0 -5.396682
0 -5.504938
0 -5.455139
0 -5.524411
0 -5.449449
0 -5.243318
0 -5.602455
0 -5.533051
0 -5.260362
0 -5.168715
0 -5.383591
0 -5.506295
0 -5.311493
0 -5.332636
0 -5.361637
0 -5.375790
0 -5.240215
0 -4.878499
0 -4.858471
0 -4.835003
0 -4.959482
0 -5.076735
0 -4.968260
0 -5.053669
0 -5.084187
0 -4.716766
0 -4.784577
0 -4.740031
0 -4.987793
0 -4.940569
0 -4.982697
0 -4.866605
0 -4.734511
0 -4.694841
0 -5.055174
