0 0.396420
0 0.422434
0 0.830452
0 0.820623
0 0.828695
0-5 0.760691
0-5 0.765847
0-5 0.424030
0-5 0.794788
0-5 0.746228
3 0.774067
3 0.728855
3 0.754140
3 0.779859
3 0.799908
5 0.446399
5 0.733033
5 0.429739
5 0.434595
5 0.732035
10 0.692936
10 0.735135
10 0.749842
10 0.444796
10 0.398608
0 0.419969
0 0.765182
0 0.749573
0 0.801675
0 0.828484
0-5 0.755706
0-5 0.750911
0-5 0.415808
0-5 0.446684
0-5 0.759231
3 0.749705
3 0.420481
3 0.781080
3 0.748864
3 0.744633
5 0.781924
5 0.423250
5 0.779260
0 0.775973
0 0.817993
0 0.803156
0 0.815538
0 0.752877
0-5 0.798413
0-5 0.745359
0-5 0.763366
0-5 0.825168
0-5 0.768177
3 0.759547
3 0.756712
3 0.723004
3 0.746668
3 0.741612
5 0.782317
5 0.702941
5 0.726024
5 0.705674
5 0.730712
10 0.695329
10 0.712939
10 0.710722
10 0.725972
10 0.707817
0 0.829127
0 0.765026
0 0.818729
0 0.759323
0 0.821495
0-5 0.828696
0-5 0.791328
0-5 0.752768
0-5 0.765360
0-5 0.773248
3 0.743398
3 0.743788
3 0.753304
3 0.735594
3 0.773564
5 0.760269
5 0.726628
5 0.714058
5 0.761561
5 0.781539
10 0.689561
10 0.724263
10 0.688646
10 0.695184
10 0.761058
0 0.787557
0 0.751589
0 0.803722
0 0.775276
0 0.806760
0-5 0.755589
0-5 0.797403
0-5 0.812577
0-5 0.807095
0-5 0.787055
3 0.740657
3 0.735168
3 0.736589
3 0.803606
3 0.732304
5 0.777132
5 0.731805
5 0.762926
5 0.740109
5 0.713288
10 0.754878
10 0.694121
10 0.712623
10 0.766662
10 0.526471
0 0.815437
0 0.771051
0 0.816516
0 0.757324
0 0.832195
0-5 0.764923
0-5 0.779246
0-5 0.793141
0-5 0.734000
0-5 0.764389
3 0.802452
3 0.728070
3 0.734436
3 0.721863
3 0.736824
5 0.716335
5 0.732678
5 0.745051
5 0.740042
5 0.697875
10 0.726233
10 0.737506
10 0.478472
10 0.460538
10 0.510835
0 0.756854
0 0.815682
0 0.796445
0 0.785347
0 0.432017
0-5 0.788217
0-5 0.762112
0-5 0.749467
0-5 0.798532
0-5 0.821996
3 0.795715
3 0.774750
3 0.756362
3 0.792089
3 0.764733
5 0.791199
5 0.758287
5 0.748279
5 0.723519
5 0.726686
10 0.722552
10 0.456785
10 0.584866
10 0.522446
10 0.404982
0 0.800699
0 0.825687
0 0.769738
0 0.788363
0 0.782573
0-5 0.740537
0-5 0.795307
0-5 0.813124
0-5 0.745184
0-5 0.755873
3 0.754459
3 0.807496
3 0.743401
3 0.761224
3 0.739901
5 0.741224
5 0.790391
5 0.717547
5 0.711882
5 0.749231
10 0.753733
10 0.503312
10 0.440917
10 0.495519
10 0.524484

0 0.743427
0 0.776854
0 0.753137
0 0.744868
0 0.779068
0-5 0.732257
0-5 0.738481
0-5 0.767036
0-5 0.741570
0-5 0.794025
3 0.701608
3 0.743130
3 0.698255
3 0.724204
3 0.729372
5 0.670502
5 0.646616
5 0.680334
5 0.691898
5 0.661357
10 0.628903
10 0.623919
10 0.580189
10 0.640452
10 0.617772
0 0.764542
0 0.796989
0 0.791378
0 0.744851
0 0.769195
0-5 0.783595
0-5 0.741217
0-5 0.748344
0-5 0.739024
0-5 0.779866
3 0.738983
3 0.434006
3 0.715968
3 0.737184
3 0.731065
5 0.726138
5 0.694003
5 0.638750
5 0.687446
10 0.626572
10 0.646956
10 0.621846
10 0.590693
10 0.574353
0 0.769155
0 0.769436
0 0.760216
0 0.791664
0 0.794661
0-5 0.766604
0-5 0.782255
0-5 0.761703
0-5 0.755283
0-5 0.721252
3 0.721829
3 0.659169
3 0.429083
3 0.728457
3 0.711288
5 0.743765
5 0.632577
5 0.666837
5 0.673169
10 0.609193
10 0.577424
10 0.672484
10 0.404122
10 0.642771
0 0.758302
0 0.760544
0 0.804566
0 0.787210
0 0.761269
0-5 0.740202
0-5 0.762218
0-5 0.770944
0-5 0.736571
0-5 0.437139
3 0.760832
3 0.417359
3 0.705397
3 0.705397
3 0.415924
5 0.754192
5 0.421906
5 0.715111
5 0.648550
5 0.723453
10 0.628825
10 0.636698
10 0.598794
10 0.552151
10 0.614389
0 0.770396
0 0.781975
0 0.757545
0 0.815135
0 0.777791
0-5 0.754181
0-5 0.758005
0-5 0.758321
0-5 0.758682
0-5 0.731062
3 0.681479
3 0.771030
3 0.751882
3 0.724472
3 0.722342
5 0.680570
5 0.634188
5 0.670855
5 0.681116
5 0.686358
10 0.627806
10 0.628689
10 0.637040
10 0.543986
10 0.550553
0 0.759613
0 0.761409
0 0.760702
0 0.802036
0 0.747464
0-5 0.789241
0-5 0.755555
0-5 0.771334
0-5 0.789689
0-5 0.751091
3 0.695879
3 0.762523
3 0.718022
3 0.785885
3 0.730752
5 0.616771
5 0.629456
5 0.722709
5 0.699423
5 0.703713
10 0.616510
10 0.494592
10 0.546127
10 0.505134
10 0.488888
0 0.749135
0 0.763676
0 0.790977
0 0.799028
0 0.835875
0-5 0.791793
0-5 0.749617
0-5 0.779351
0-5 0.743678
0-5 0.811045
3 0.682587
3 0.671211
3 0.718365
3 0.693471
3 0.696938
5 0.712193
5 0.675933
5 0.659818
5 0.695078
5 0.677384
10 0.603261
10 0.625088
10 0.564437
10 0.578242
10 0.429937
0 0.750838
0 0.819423
0 0.836055
0 0.778458
0 0.764677
0-5 0.776089
0-5 0.799304
0-5 0.785124
0-5 0.805199
0-5 0.796145
3 0.700460
3 0.705069
3 0.616666
3 0.691721
3 0.727168
5 0.419748
5 0.695744
5 0.712617
5 0.689624
5 0.699448
10 0.583490
10 0.580565
10 0.513476
10 0.492296
10 0.493850
0 0.802326
0 0.774852
0 0.758341
0 0.813224
0 0.763392
0-5 0.765802
0-5 0.754634
0-5 0.755863
0-5 0.755274
0-5 0.746821
3 0.770331
3 0.732831
3 0.747329
3 0.715509
3 0.704322
5 0.683940
5 0.689689
5 0.692259
5 0.703804
5 0.664189
10 0.619451
10 0.636902
10 0.653105
10 0.621831
10 0.676844
0 0.786151
0 0.756253
0 0.799428
0 0.770883
0 0.778893
0-5 0.757795
0-5 0.793711
0-5 0.732523
0-5 0.761233
0-5 0.773129
3 0.678148
3 0.719724
3 0.725401
3 0.680973
3 0.743980
5 0.637641
5 0.751838
5 0.689414
5 0.693199
5 0.693434
10 0.654434
10 0.612704
10 0.507203
10 0.544176
10 0.474842
