0 10.998762
0 11.093496
0 10.708632
0 10.149374
0 10.074694
0 10.260777
0 10.883696
0 9.805376
0 11.506234
0 10.685804
0 9.882476
0 10.231211
0 11.560846
0 10.739559
0 11.078031
0 9.207384
0 10.790997
0 10.483191
0 10.358801
0 11.108149
0 10.188367
0 10.433391
0 11.091475
0 9.293975
0 11.818053
0 10.059815
0 9.880757
0 9.621896
0 10.192448
0 10.549866
0 11.052373
0 11.310177
0 10.107914
0 10.073082
0 10.363809
0 10.263320
0 9.422079
0 10.989573
0 10.127048
0 10.184391
0 9.782349
0 10.382932
0 9.820018
0 10.153963
0 11.475627
0 10.089007
0 9.878853
0 10.754918
0 10.517282
0 10.521183
0 10.555151
0 9.838142
0 10.370103
0 11.025734
0 13.834695
0 10.825066
0 9.866226
0 10.182165
0 10.346913
0 10.790402
0 10.895349
0 12.220289
0 11.233535
0 10.180820
0 11.558031
0 10.652888
0 12.131515
0 10.906368
0 11.845609
0 10.601320
