0 15.644649
0 11.776598
0 11.017238
0 10.857315
0 10.368593
0-5 10.926621
0-5 11.359251
0-5 12.602550
0-5 10.483326
0-5 10.851272
3 10.376225
3 10.481229
3 10.596061
3 10.655768
3 10.031290
5 13.806353
5 9.983373
5 12.151943
5 11.679393
5 11.140232
10 11.500104
10 11.409258
10 9.784799
10 10.713153
10 17.848911
0 11.692904
0 10.713050
0 11.304814
0 10.730258
0 10.148988
0-5 11.316766
0-5 11.806787
0-5 11.295236
0-5 13.804861
0-5 11.163969
3 11.463538
3 13.583839
3 11.000391
3 11.278979
3 12.021902
5 11.199838
5 12.547977
5 10.992204
0 11.173360
0 11.654614
0 11.086517
0 12.236256
0 11.453140
0-5 11.717052
0-5 11.686788
0-5 12.634815
0-5 11.503931
0-5 11.862772
3 11.869271
3 11.105169
3 11.072695
3 11.284315
3 10.890870
5 10.338810
5 10.836735
5 9.974930
5 10.262295
5 11.720860
10 11.202790
10 10.566547
10 10.976452
10 10.917863
10 11.112824
0 10.197940
0 10.125476
0 11.358773
0 9.795870
0 10.090235
0-5 10.333653
0-5 11.007805
0-5 11.370978
0-5 10.930351
0-5 11.659937
3 10.799711
3 10.733138
3 10.793590
3 9.977377
3 12.132446
5 11.742775
5 10.735243
5 10.681863
5 10.461175
5 11.202827
10 11.725442
10 11.439503
10 11.870734
10 11.439884
10 11.002588
0 12.008050
0 10.115772
0 10.019808
0 9.708914
0 10.185075
0-5 10.932890
0-5 11.254629
0-5 11.007366
0-5 11.655889
0-5 9.614335
3 10.555174
3 10.775431
3 11.147673
3 10.117460
3 10.829369
5 10.225119
5 10.854350
5 10.171806
5 10.142197
5 10.137700
10 11.520342
10 11.041094
10 11.397541
10 11.551461
10 17.630260
0 10.570951
0 11.581570
0 10.351618
0 9.764724
0 10.461841
0-5 9.871122
0-5 10.981098
0-5 11.440443
0-5 11.021095
0-5 10.168983
3 11.249909
3 11.077425
3 11.535473
3 10.484752
3 11.432561
5 12.068510
5 10.633529
5 10.265862
5 9.966327
5 10.548197
10 11.025834
10 10.025631
10 16.328261
10 17.209361
10 16.027036
0 13.015313
0 12.373548
0 9.975419
0 11.523702
0 12.147264
0-5 10.506087
0-5 11.638020
0-5 11.106873
0-5 11.139948
0-5 10.553960
3 9.753738
3 10.000539
3 10.954542
3 10.457007
3 11.475540
5 10.660385
5 11.023602
5 11.479148
5 10.452937
5 10.681795
10 10.361760
10 15.703907
10 15.064490
10 16.190240
10 19.878232
0 11.257629
0 12.120792
0 11.879208
0 10.386535
0 11.568072
0-5 11.514873
0-5 10.796527
0-5 10.931588
0-5 10.966745
0-5 11.461621
3 11.399491
3 11.378205
3 11.648948
3 10.621979
3 11.153553
5 11.322988
5 11.848275
5 10.928176
5 11.679632
5 11.379444
10 11.002126
10 16.914922
10 16.604165
10 16.133496
10 15.596656

0 10.504441
0 9.636308
0 9.614022
0 10.703604
0 9.785865
0-5 9.443982
0-5 10.538249
0-5 10.530297
0-5 9.883446
0-5 10.134922
3 10.970514
3 11.313332
3 10.493407
3 10.103926
3 10.482142
5 12.087537
5 12.138995
5 10.533795
5 12.508524
5 12.287033
10 13.132449
10 13.018260
10 12.255522
10 11.570772
10 13.604513
0 11.303994
0 9.297947
0 10.107835
0 10.693367
0 9.332318
0-5 10.326573
0-5 9.824625
0-5 10.046663
0-5 9.708303
0-5 9.998010
3 10.824527
3 12.825014
3 11.503152
3 10.323583
3 11.213928
5 11.274711
5 12.717314
5 11.487328
5 10.768396
5 10.768396
10 14.092854
10 12.474090
10 12.498444
10 13.284214
10 15.129163
0 9.903656
0 10.439915
0 11.567553
0 10.812129
0 9.221882
0-5 10.841463
0-5 10.478408
0-5 10.366266
0-5 11.491301
0-5 9.652346
3 11.413505
3 11.698807
3 12.842311
3 11.583262
3 10.993420
5 10.654421
5 12.360662
5 11.662703
5 12.396097
5 11.974358
10 12.260405
10 13.830155
10 13.765739
10 14.680400
10 11.950696
0 10.949702
0 10.077770
0 10.119381
0 10.233285
0 10.902432
0-5 10.963958
0-5 9.896676
0-5 10.333494
0-5 10.845671
0-5 12.652124
3 10.441293
3 16.055427
3 13.265719
3 13.265719
3 16.705058
5 11.102086
5 14.764026
5 11.075553
5 12.562378
5 11.084680
10 13.073358
10 13.087961
10 12.820373
10 13.303006
10 13.372567
