0.024346 110 4172
0.091661 1198 4172
0.091664 1198 4172
0.091665 1198 4172
0.091666 734 4172
0.305116 110 4172
0.586592 110 4172
0.624022 1166 4172
0.624221 1198 4172
0.624263 558 4172
0.624356 1198 4172
0.624389 110 4172
0.624505 446 4172
0.624655 942 4172
0.624824 1198 4172
0.624860 158 4172
0.625175 1198 4172
0.625206 1198 4172
0.625236 1198 4172
0.625265 1150 4172
0.625412 398 4172
0.625575 158 4172
0.625681 382 4172
0.625989 894 4172
0.671691 1198 4172
0.671700 1198 4172
0.671739 1198 4172
0.671772 1198 4172
0.671814 1198 4172
0.671853 1198 4172
0.671886 1198 4172
0.671920 814 4172
0.681751 1198 4172
0.681767 1198 4172
0.681769 1198 4172
0.681792 1198 4172
0.681809 1198 4172
0.681821 1198 4172
0.681832 1198 4172
0.681846 1006 4172
0.684094 1198 4172
0.684095 1198 4172
0.684120 1198 4172
0.684139 1198 4172
0.684158 1198 4172
0.684172 1198 4172
0.684186 1198 4172
0.695545 414 4172
0.697269 1198 4172
0.697279 1198 4172
0.697280 1198 4172
0.697290 1198 4172
0.697307 1198 4172
0.697320 1198 4172
0.697331 1198 4172
0.711137 1198 4172
0.711173 302 4172
0.712992 1198 4172
0.713020 1198 4172
0.713041 1198 4172
0.713060 1198 4172
0.726825 110 4172
0.726829 1198 4172
0.726831 1198 4172
0.726838 1198 4172
0.726838 270 4172
0.726839 1198 4172
0.726839 1198 4172
0.742509 1198 4172
0.742512 1198 4172
0.742513 1198 4172
0.742513 1198 4172
0.742514 1198 4172
0.758021 302 4172
0.758035 1198 4172
0.758056 1198 4172
0.758075 1198 4172
0.758093 1198 4172
0.758121 1198 4172
0.773642 1198 4172
0.773644 1198 4172
0.773645 1198 4172
0.773666 1198 4172
0.773667 1198 4172
0.789272 1198 4172
0.789299 1198 4172
0.789300 766 4172
0.790473 158 4172
0.790690 542 4172
0.791040 1006 4172
0.798904 1198 4172
0.798908 1198 4172
0.798909 1198 4172
0.798911 1198 4172
0.798919 926 4172
0.799926 1198 4172
0.820447 1198 4172
0.820460 1198 4172
0.820473 1198 4172
0.820522 110 4172
0.820537 1198 4172
0.820552 1198 4172
0.820564 1198 4172
0.820576 1198 4172
0.836508 1198 4172
0.836512 1198 4172
0.836514 1198 4172
0.836617 1198 4172
0.836819 750 4172
0.836849 1198 4172
0.836873 1198 4172
0.851803 1198 4172
0.851969 110 4172
0.851971 1198 4172
0.851973 1198 4172
0.851974 1198 4172
0.851975 1198 4172
0.867563 1198 4172
0.867565 1198 4172
0.867566 238 4172
0.869481 1198 4172
0.869515 1198 4172
0.869547 1198 4172
0.869579 1198 4172
0.883082 1198 4172
0.883085 1198 4172
0.883086 1198 4172
0.883087 1198 4172
0.883088 1198 4172
0.883088 142 4172
0.898672 1198 4172
0.898675 1198 4172
0.898675 1198 4172
0.898685 1198 4172
0.898705 1198 4172
0.898718 1198 4172
0.914336 1198 4172
0.914339 1198 4172
0.914339 110 4172
0.914340 1198 4172
0.914340 1198 4172
0.914341 1198 4172
0.914341 1198 4172
0.929911 1198 4172
0.929913 1198 4172
0.929932 1198 4172
0.929952 1198 4172
0.929974 1198 4172
0.929993 1198 4172
0.945575 1198 4172
0.945577 1198 4172
0.945603 1198 4172
0.945605 1198 4172
0.945621 1198 4172
0.961240 1198 4172
0.961242 1198 4172
0.961242 1198 4172
0.961324 1198 4172
0.961325 1198 4172
0.961326 1198 4172
0.976872 1198 4172
0.976875 1198 4172
0.976876 1198 4172
0.976877 414 4172
0.976878 1198 4172
0.976878 1198 4172
0.976878 1198 4172
0.992318 1198 4172
0.992331 1198 4172
0.992343 1198 4172
0.992359 1198 4172
0.992371 1198 4172
1.008041 1198 4172
1.008074 1166 4172
1.008104 158 4172
1.008125 142 4172
1.008144 542 4172
1.008163 158 4172
1.025245 158 4172
1.025601 158 4172
1.025881 158 4172
1.026169 158 4172
1.026443 158 4172
1.026709 158 4172
1.026955 350 4172
1.029840 174 4172
1.057303 174 4172
1.090188 174 4172
1.117410 110 4172
1.258534 142 4172
1.383209 110 4172
1.664425 110 4172
1.713457 110 4172
1.813650 110 4172
1.930043 110 4172
2.211314 110 4172
2.492440 110 4172
2.713375 110 4172
2.773732 110 4172
2.813722 110 4172
3.054962 110 4172
3.336354 110 4172
3.713471 110 4172
3.813509 110 4172
4.713490 110 4172
4.813742 110 4172
5.713505 110 4172
5.813763 110 4172
6.148762 110 4172
6.713527 110 4172
6.813729 110 4172
7.713527 110 4172
7.813681 110 4172
8.713443 110 4172
8.813685 110 4172
8.961320 110 4172
9.713478 110 4172
9.813755 110 4172
10.713583 110 4172
10.813595 110 4172
11.713600 110 4172
11.773982 110 4172
11.813719 110 4172
12.713657 110 4172
12.813759 110 4172
13.713663 110 4172
13.813604 110 4172
14.586339 110 4172
14.713624 110 4172
14.813798 110 4172
15.713668 110 4172
15.813758 110 4172
16.713578 110 4172
16.813770 110 4172
17.399000 110 4172
17.713702 110 4172
17.813772 110 4172
18.713655 110 4172
18.813733 110 4172
19.713683 110 4172
19.813684 110 4172
20.211389 110 4172
20.539431 60 60000
20.686118 174 4172
20.686414 158 4172
20.686649 158 4172
20.686856 158 4172
20.687060 158 4172
20.687260 158 4172
20.687565 158 4172
20.687848 158 4172
20.713610 110 4172
20.813609 110 4172
20.891387 1198 4172
20.891440 1198 4172
20.891473 1198 4172
20.891502 1198 4172
20.891534 926 4172
20.892520 1198 4172
20.892576 1198 4172
20.892585 1198 4172
20.892602 318 4172
20.893443 1198 4172
20.893466 1198 4172
20.893483 190 4172
20.894476 1198 4172
20.894504 1198 4172
20.894521 1198 4172
20.894537 222 4172
20.895912 1198 4172
20.895934 1198 4172
20.895951 1198 4172
20.895968 798 4172
20.897484 1198 4172
20.897506 1198 4172
20.897523 1198 4172
20.914410 1198 4172
20.914508 894 4172
20.914530 1198 4172
20.914531 1198 4172
20.914532 1198 4172
20.914548 1198 4172
20.914558 1198 4172
20.914575 222 4172
20.931452 1198 4172
20.931455 1198 4172
20.931456 1198 4172
20.931476 1198 4172
20.931586 1198 4172
20.931587 1006 4172
20.933370 1198 4172
20.933401 1198 4172
20.933418 1198 4172
20.933435 1198 4172
20.933456 1198 4172
20.933473 1198 4172
20.945517 1198 4172
20.947682 1198 4172
20.947712 1166 4172
20.947731 1198 4172
20.947747 1198 4172
20.961127 1198 4172
20.961130 1198 4172
20.961145 1198 4172
20.961161 1198 4172
20.961178 494 4172
20.964038 1198 4172
20.964062 1198 4172
20.976724 1198 4172
20.976736 1198 4172
20.976737 1198 4172
20.976762 606 4172
20.976774 1198 4172
20.976784 1198 4172
20.992336 1198 4172
20.992337 494 4172
20.995322 1198 4172
20.995337 1198 4172
20.995355 238 4172
20.995370 1198 4172
20.995388 1198 4172
20.995403 1198 4172
21.007995 1198 4172
21.007998 1198 4172
21.008021 1166 4172
21.010476 1198 4172
21.010496 1198 4172
21.010511 446 4172
21.023617 1198 4172
21.023632 1198 4172
21.023649 1198 4172
21.023669 126 4172
21.024050 526 4172
21.054872 110 4172
21.055507 1198 4172
21.055512 1198 4172
21.055556 1198 4172
21.055557 222 4172
21.071164 1198 4172
21.071168 1198 4172
21.071181 910 4172
21.086722 1198 4172
21.086795 1198 4172
21.086796 766 4172
21.092784 254 4172
21.093359 190 4172
21.093990 238 4172
21.094586 222 4172
21.095171 222 4172
21.095742 222 4172
21.096324 222 4172
21.096894 222 4172
21.097471 222 4172
21.098029 222 4172
21.098599 222 4172
21.099236 222 4172
21.099830 222 4172
21.100537 1198 4172
21.100546 110 4172
21.101107 190 4172
21.102988 1198 4172
21.102990 1198 4172
21.102992 1198 4172
21.103005 398 4172
21.103174 398 4172
21.124016 254 4172
21.124507 190 4172
21.125124 238 4172
21.125695 222 4172
21.126259 222 4172
21.126814 222 4172
21.127382 222 4172
21.127932 222 4172
21.128492 222 4172
21.129061 222 4172
21.129613 222 4172
21.130174 222 4172
21.130731 222 4172
21.131489 270 4172
21.132044 190 4172
21.133613 1198 4172
21.133620 1198 4172
21.133632 1198 4172
21.133642 574 4172
21.138757 60 60000
21.170815 174 4172
21.171398 174 4172
21.172031 222 4172
21.172640 222 4172
21.173240 222 4172
21.173835 222 4172
21.174426 222 4172
21.175023 222 4172
21.175616 222 4172
21.176203 222 4172
21.176758 222 4172
21.177319 222 4172
21.177914 222 4172
21.178681 254 4172
21.179239 174 4172
21.180764 1198 4172
21.180780 1198 4172
21.180796 1198 4172
21.180812 670 4172
21.181722 670 4172
21.185705 446 4172
21.336195 110 4172
21.352313 318 4172
21.368136 958 4172
21.383715 1198 4172
21.388167 1198 4172
21.388170 462 4172
21.467190 1198 4172
21.467198 1198 4172
21.467200 366 4172
21.467271 302 4172
21.467434 238 4172
21.480579 222 4172
21.514017 206 4172
21.514135 190 4172
21.560719 190 4172
21.617677 110 4172
21.713605 110 4172
21.813769 110 4172
21.898907 110 4172
22.180165 110 4172
22.461577 110 4172
22.713763 110 4172
22.742648 110 4172
22.813937 110 4172
23.024173 110 4172
23.305100 110 4172
23.713773 110 4172
23.813689 110 4172
24.713711 110 4172
24.813877 110 4172
25.713774 110 4172
25.813934 110 4172
26.117910 110 4172
26.713808 110 4172
26.813952 110 4172
27.713855 110 4172
27.813817 110 4172
28.713816 110 4172
28.813984 110 4172
28.930224 110 4172
29.713866 110 4172
29.813973 110 4172
30.713924 110 4172
30.814034 110 4172
31.713750 110 4172
31.742591 110 4172
31.813943 110 4172
32.713856 110 4172
32.813971 110 4172
33.713892 110 4172
33.814062 110 4172
34.555018 110 4172
34.713878 110 4172
34.813967 110 4172
35.713934 110 4172
35.814014 110 4172
36.713947 110 4172
36.814087 110 4172
37.367596 110 4172
37.713835 110 4172
37.814074 110 4172
38.713840 110 4172
38.814097 110 4172
39.713942 110 4172
39.813978 110 4172
40.180182 110 4172
40.713960 110 4172
40.814058 110 4172
41.348084 1198 4172
41.348098 1198 4172
41.348112 1198 4172
41.348127 1198 4172
41.348172 1198 4172
41.348194 1198 4172
41.348225 174 4172
41.371215 1198 4172
41.371243 1198 4172
41.371285 1198 4172
41.371326 1198 4172
41.371388 1198 4172
41.371431 494 4172
41.374563 1198 4172
41.374584 1198 4172
41.374606 670 4172
41.376869 1198 4172
41.376887 1198 4172
41.376906 1198 4172
41.376925 1198 4172
41.376950 414 4172
41.384405 1198 4172
41.384419 1198 4172
41.384435 1198 4172
41.384450 1198 4172
41.384472 830 4172
41.387193 1198 4172
41.387206 1198 4172
41.387223 1198 4172
41.387238 1198 4172
41.387264 1198 4172
41.387280 990 4172
41.390042 1198 4172
41.390067 1198 4172
41.390087 1198 4172
41.390106 1198 4172
41.390131 1198 4172
41.390150 1198 4172
41.390170 702 4172
41.392666 1198 4172
41.392680 1198 4172
41.392699 1198 4172
41.398573 1198 4172
41.398622 1198 4172
41.403668 60 60000
41.414261 1198 4172
41.414289 1198 4172
41.414311 654 4172
41.414337 1198 4172
41.414357 1198 4172
41.414400 1198 4172
41.414401 1198 4172
41.429997 1198 4172
41.430040 1198 4172
41.430061 1198 4172
41.430080 1198 4172
41.430102 1198 4172
41.430120 1198 4172
41.445565 702 4172
41.445582 1198 4172
41.445614 1198 4172
41.445633 1198 4172
41.445653 1198 4172
41.445675 1198 4172
41.461122 1198 4172
41.461138 1198 4172
41.461155 1198 4172
41.461176 1198 4172
41.461195 510 4172
41.461211 1198 4172
41.461248 1198 4172
41.476716 1198 4172
41.476732 1198 4172
41.476751 1198 4172
41.476767 1198 4172
41.476790 686 4172
41.476805 1198 4172
41.492455 1198 4172
41.492464 1198 4172
41.492469 1198 4172
41.492492 558 4172
41.494960 1198 4172
41.495007 1198 4172
41.495025 494 4172
41.496896 1198 4172
41.496918 1198 4172
41.508034 1198 4172
41.508044 1198 4172
41.508068 1198 4172
41.508085 1198 4172
41.508104 1198 4172
41.523587 1198 4172
41.523661 398 4172
41.523665 1198 4172
41.523666 1198 4172
41.523667 382 4172
41.523687 1198 4172
41.523705 1198 4172
41.524442 558 4172
41.530986 1198 4172
41.530988 1198 4172
41.530997 1198 4172
41.539219 974 4172
41.539269 1198 4172
41.539281 1198 4172
41.539297 1198 4172
41.555008 1198 4172
41.555011 334 4172
41.555012 1198 4172
41.555013 1198 4172
41.555013 1198 4172
41.555014 350 4172
41.556294 1198 4172
41.556296 1198 4172
41.570533 1198 4172
41.570535 1198 4172
41.570641 110 4172
41.570643 1022 4172
41.570643 1198 4172
41.570643 1198 4172
41.570644 1198 4172
41.586218 1198 4172
41.586221 1198 4172
41.586223 1198 4172
41.586291 1198 4172
41.586293 1198 4172
41.586294 1198 4172
41.601793 926 4172
41.601859 1198 4172
41.601859 1198 4172
41.601860 1198 4172
41.601877 1198 4172
41.601878 1198 4172
41.602130 1198 4172
41.617448 1198 4172
41.617451 1198 4172
41.617452 942 4172
41.619083 1198 4172
41.619086 1198 4172
41.619086 1198 4172
41.619087 1198 4172
41.633001 1198 4172
41.633065 1198 4172
41.633067 1198 4172
41.633067 1198 4172
41.633067 926 4172
41.634872 1198 4172
41.634908 1198 4172
41.648626 1198 4172
41.648645 1198 4172
41.648646 1198 4172
41.648677 1198 4172
41.648700 1198 4172
41.664309 1198 4172
41.664312 846 4172
41.664313 1198 4172
41.664314 1198 4172
41.664333 1198 4172
41.664347 1198 4172
41.664357 1198 4172
41.679952 1198 4172
41.679966 1198 4172
41.679966 1198 4172
41.679988 1198 4172
41.679999 1198 4172
41.680011 1198 4172
41.680023 1198 4172
41.695473 1198 4172
41.695476 398 4172
41.700150 1198 4172
41.700153 1198 4172
41.700162 1198 4172
41.700178 1198 4172
41.700195 1198 4172
41.700215 1198 4172
41.711134 1198 4172
41.711136 1198 4172
41.711147 1198 4172
41.711162 1198 4172
41.711177 1198 4172
41.726778 1198 4172
41.726800 110 4172
41.726815 382 4172
41.726835 1198 4172
41.726848 1198 4172
41.726864 1198 4172
41.726881 1198 4172
41.726897 1198 4172
41.742478 1198 4172
41.742480 1198 4172
41.742481 1198 4172
41.742504 574 4172
41.742620 1198 4172
41.742622 1198 4172
41.742622 1198 4172
41.758032 1198 4172
41.758034 1198 4172
41.758050 638 4172
41.759289 1198 4172
41.759311 1134 4172
41.760873 1198 4172
41.760893 1198 4172
41.760909 1198 4172
41.773639 1198 4172
41.773758 1198 4172
41.773759 1198 4172
41.773760 1198 4172
41.773778 1198 4172
41.773815 1198 4172
41.789269 942 4172
41.789291 1198 4172
41.789340 1198 4172
41.789341 238 4172
41.789352 1198 4172
41.789370 606 4172
41.789385 702 4172
41.793630 1198 4172
41.793648 414 4172
41.793976 1198 4172
41.804875 654 4172
41.804878 718 4172
41.804892 958 4172
41.804966 686 4172
41.804968 686 4172
41.804972 1022 4172
41.804989 1102 4172
41.820458 110 4172
41.821047 990 4172
41.821062 398 4172
41.829256 1198 4172
41.829281 1198 4172
41.829282 1198 4172
41.829313 1198 4172
41.829342 1198 4172
41.829357 110 4172
41.830430 1198 4172
41.830448 1198 4172
41.830465 1198 4172
41.830482 1022 4172
41.831395 1198 4172
41.851883 1198 4172
41.852024 718 4172
41.852026 110 4172
41.852094 1198 4172
41.852112 1198 4172
41.852141 1198 4172
41.852156 1198 4172
41.852211 158 4172
41.870445 1198 4172
41.870478 1198 4172
41.870510 1198 4172
41.870543 1198 4172
41.870578 1150 4172
41.872272 1198 4172
41.872341 1198 4172
41.872371 1198 4172
41.872404 1198 4172
41.872438 1198 4172
41.872469 1198 4172
41.883002 862 4172
41.883016 1198 4172
41.883018 1198 4172
41.883043 1198 4172
41.883072 1198 4172
41.898638 1198 4172
41.898665 1198 4172
41.898667 1198 4172
41.898700 286 4172
41.898725 1198 4172
41.898741 1198 4172
41.898757 1198 4172
41.914181 110 4172
41.914206 1198 4172
41.914227 1198 4172
41.914242 1198 4172
41.914256 1198 4172
41.914278 1086 4172
41.914294 1198 4172
41.914309 1198 4172
41.929920 1198 4172
41.929923 1198 4172
41.929923 1198 4172
41.929924 1198 4172
41.929924 1198 4172
41.929936 1198 4172
41.945501 1198 4172
41.945588 1198 4172
41.945589 1198 4172
41.945605 382 4172
41.945628 1198 4172
41.945642 1198 4172
41.945657 1198 4172
41.945676 1198 4172
41.961088 1198 4172
41.961100 1198 4172
41.961101 1198 4172
41.961113 1198 4172
41.961128 1198 4172
41.961139 1198 4172
41.976751 334 4172
41.976796 1198 4172
41.976797 1198 4172
41.976809 1198 4172
41.976824 1198 4172
41.976841 1198 4172
41.976855 1198 4172
41.992351 1198 4172
41.992354 414 4172
41.992365 1198 4172
41.992375 1198 4172
41.992387 1198 4172
41.992398 1198 4172
41.992413 654 4172
41.994717 1198 4172
41.994777 1198 4172
42.008170 398 4172
42.008173 1198 4172
42.008191 1198 4172
42.008207 1198 4172
42.008230 1198 4172
42.008243 1198 4172
42.023634 1198 4172
42.023645 1198 4172
42.023645 1198 4172
42.023650 478 4172
42.023665 1198 4172
42.023678 1198 4172
42.023690 478 4172
42.025020 1198 4172
42.039274 1198 4172
42.039276 110 4172
42.039292 478 4172
42.039307 558 4172
42.039325 222 4172
42.039341 206 4172
42.039356 206 4172
42.040096 206 4172
42.040738 206 4172
42.041403 206 4172
42.042096 206 4172
42.042767 206 4172
42.043449 206 4172
42.044079 206 4172
42.044703 206 4172
42.045301 206 4172
42.045895 206 4172
42.046534 206 4172
42.048159 1198 4172
42.048198 1198 4172
42.048235 718 4172
42.048666 686 4172
42.056928 782 4172
42.089209 366 4172
42.089820 222 4172
42.090394 206 4172
42.090970 206 4172
42.091550 206 4172
42.092126 206 4172
42.092713 206 4172
42.093287 206 4172
42.093868 206 4172
42.094508 206 4172
42.095094 206 4172
42.095657 206 4172
42.096309 206 4172
42.096886 206 4172
42.097453 206 4172
42.098996 1198 4172
42.099015 1198 4172
42.099030 1086 4172
42.099130 430 4172
42.124963 254 4172
42.124966 190 4172
42.124966 1198 4172
42.124968 1102 4172
42.124975 110 4172
42.124988 1198 4172
42.125008 1198 4172
42.125009 1198 4172
42.125019 1198 4172
42.125055 1038 4172
42.135474 1198 4172
42.135572 1198 4172
42.135574 1198 4172
42.135574 1198 4172
42.135574 1198 4172
42.136211 286 4172
42.138108 1198 4172
42.138128 1198 4172
42.138144 1198 4172
42.138162 1198 4172
42.138179 1198 4172
42.138194 270 4172
42.141008 1198 4172
42.141011 1198 4172
42.141023 1198 4172
42.141034 1198 4172
42.141049 1198 4172
42.141059 670 4172
42.143780 1198 4172
42.143783 1198 4172
42.143794 1198 4172
42.143839 1198 4172
42.143852 1198 4172
42.143863 1070 4172
42.146498 1198 4172
42.146506 1198 4172
42.146515 1198 4172
42.146525 1198 4172
42.146539 1198 4172
42.165587 734 4172
42.165652 1198 4172
42.165653 1198 4172
42.165654 1198 4172
42.165654 1198 4172
42.165655 1198 4172
42.168221 1054 4172
42.168338 1198 4172
42.168352 1198 4172
42.168366 1198 4172
42.168372 1198 4172
42.179835 1198 4172
42.179838 542 4172
42.179843 1198 4172
42.179867 1198 4172
42.179869 1198 4172
42.195454 1198 4172
42.195468 1198 4172
42.195468 686 4172
42.199398 1198 4172
42.199403 1198 4172
42.199417 1198 4172
42.199435 1198 4172
42.199453 1198 4172
42.211055 1198 4172
42.211063 494 4172
42.213365 1198 4172
42.213385 1198 4172
42.213403 1198 4172
42.213419 1198 4172
42.213439 1198 4172
42.226749 382 4172
42.226753 606 4172
42.226768 1198 4172
42.226783 1198 4172
42.226798 1198 4172
42.226818 862 4172
42.226834 174 4172
42.235622 60 60000
42.243042 174 4172
42.243791 1198 4172
42.243813 142 4172
42.245833 1198 4172
42.245861 1198 4172
42.245870 1198 4172
42.245887 1198 4172
42.245905 1198 4172
42.245920 1198 4172
42.245935 926 4172
42.247843 1198 4172
42.247861 1198 4172
42.257961 1198 4172
42.257970 1198 4172
42.257970 1198 4172
42.257992 1198 4172
42.273608 430 4172
42.273612 1198 4172
42.273621 1198 4172
42.273632 1198 4172
42.273642 1198 4172
42.273654 1198 4172
42.273665 1198 4172
42.289265 1198 4172
42.291675 990 4172
42.291676 1198 4172
42.291714 1198 4172
42.291740 1198 4172
42.291756 1198 4172
42.291777 1198 4172
42.291795 1198 4172
42.304844 1198 4172
42.304858 1150 4172
42.307288 1198 4172
42.307305 1198 4172
42.307322 1198 4172
42.307338 1198 4172
42.307358 1198 4172
42.320468 1198 4172
42.320470 1198 4172
42.320475 974 4172
42.322906 1198 4172
42.322935 1198 4172
42.322947 1198 4172
42.336141 1198 4172
42.336145 1198 4172
42.336165 1198 4172
42.336176 670 4172
42.336185 1198 4172
42.336198 1198 4172
42.336209 1198 4172
42.351751 1198 4172
42.351753 1198 4172
42.351754 1198 4172
42.351775 1198 4172
42.351786 510 4172
42.354312 1198 4172
42.354336 1198 4172
42.354353 1198 4172
42.367342 1198 4172
42.367413 1198 4172
42.367429 1198 4172
42.367429 1198 4172
42.367461 782 4172
42.369598 1198 4172
42.369618 1198 4172
42.383004 1198 4172
42.383008 1198 4172
42.383028 110 4172
42.383041 1198 4172
42.383053 1198 4172
42.383067 1006 4172
42.398565 1198 4172
42.398580 1198 4172
42.398593 1198 4172
42.398605 1198 4172
42.398620 1198 4172
42.398632 1198 4172
42.398645 446 4172
42.400654 1198 4172
42.400691 1198 4172
42.414409 1198 4172
42.414411 1198 4172
42.414411 318 4172
42.414448 174 4172
42.414449 1198 4172
42.414450 1198 4172
42.414451 1198 4172
42.429854 718 4172
42.429917 574 4172
42.429917 1118 4172
42.430387 1198 4172
42.430401 254 4172
42.447588 1198 4172
42.450220 590 4172
42.478733 1198 4172
42.478735 1118 4172
42.557317 1198 4172
42.557320 1198 4172
42.557320 366 4172
42.557375 302 4172
42.557565 1198 4172
42.557578 334 4172
42.557730 238 4172
42.587391 782 4172
42.634975 574 4172
42.664512 110 4172
42.667074 1198 4172
42.667087 814 4172
42.668197 1198 4172
42.668209 1198 4172
42.668223 1198 4172
42.668234 1198 4172
42.668253 1198 4172
42.668264 1198 4172
42.668276 1198 4172
42.668287 110 4172
42.681222 1198 4172
42.681224 1198 4172
42.681228 1198 4172
42.681244 1198 4172
42.681258 1198 4172
42.681271 1198 4172
42.681283 1198 4172
42.681295 142 4172
42.683221 1198 4172
42.683225 1198 4172
42.683246 1198 4172
42.683248 1198 4172
42.683268 1198 4172
42.683281 1198 4172
42.683293 1198 4172
42.683305 1198 4172
42.683321 174 4172
42.696878 1198 4172
42.696894 1198 4172
42.696913 1198 4172
42.696933 1198 4172
42.696958 1198 4172
42.696977 1198 4172
42.696995 1198 4172
42.697013 1198 4172
42.697037 206 4172
42.712369 1198 4172
42.712372 1198 4172
42.712372 1198 4172
42.712378 1198 4172
42.712400 1198 4172
42.712417 1198 4172
42.712434 1198 4172
42.712453 1054 4172
42.713850 110 4172
42.714156 1198 4172
42.714177 1198 4172
42.714203 1198 4172
42.714215 1198 4172
42.714235 1198 4172
42.714252 1198 4172
42.714270 910 4172
42.726808 1198 4172
42.726887 1198 4172
42.726889 1198 4172
42.726890 1198 4172
42.726891 1198 4172
42.742438 1198 4172
42.742476 1198 4172
42.742477 878 4172
42.742477 1198 4172
42.742510 1198 4172
42.742511 1198 4172
42.742528 1198 4172
42.758131 1198 4172
42.758135 1198 4172
42.758135 1198 4172
42.758136 1198 4172
42.758136 430 4172
42.759344 1198 4172
42.759346 1198 4172
42.759347 1198 4172
42.773769 1198 4172
42.773822 1198 4172
42.773823 1198 4172
42.773823 1198 4172
42.773824 878 4172
42.773850 1198 4172
42.789305 1198 4172
42.789349 1198 4172
42.789349 1198 4172
42.789350 1198 4172
42.789350 1198 4172
42.789351 846 4172
42.791179 1198 4172
42.791183 1198 4172
42.804993 1198 4172
42.804995 1198 4172
42.805035 1134 4172
42.805036 174 4172
42.814021 110 4172
42.822774 158 4172
42.859666 1198 4172
42.860359 1198 4172
42.860359 334 4172
42.860362 318 4172
42.861342 1198 4172
42.861355 366 4172
42.863115 1198 4172
42.863123 1198 4172
42.863147 1198 4172
42.863158 1198 4172
42.863174 1198 4172
42.863188 1198 4172
42.863204 398 4172
42.884786 1198 4172
42.884789 1198 4172
42.884790 1198 4172
42.884790 1198 4172
42.884818 1198 4172
42.884819 1150 4172
42.886063 1198 4172
42.886099 1198 4172
42.886119 1198 4172
42.886137 1198 4172
42.886163 1198 4172
42.886181 1198 4172
42.886205 1198 4172
42.886219 494 4172
42.900106 1198 4172
42.900116 1198 4172
42.900129 1198 4172
42.900141 1198 4172
42.900159 1198 4172
42.900171 1198 4172
42.900182 1198 4172
42.900195 670 4172
42.914119 110 4172
42.915946 1198 4172
42.915950 1198 4172
42.915950 1198 4172
42.915976 1198 4172
42.915993 1198 4172
42.916005 1198 4172
42.916018 1198 4172
42.916031 766 4172
42.931692 1198 4172
42.931695 1198 4172
42.931768 1198 4172
42.931769 1198 4172
42.931770 110 4172
42.931771 1198 4172
42.932883 1198 4172
42.932884 862 4172
42.947103 1198 4172
42.947105 1198 4172
42.947107 1198 4172
42.947108 1198 4172
42.947108 1198 4172
42.947122 1198 4172
42.947135 1198 4172
42.947147 334 4172
42.962786 1198 4172
42.962839 1198 4172
42.962851 1198 4172
42.962864 1198 4172
42.962882 1198 4172
42.962895 1198 4172
42.962906 1198 4172
42.962918 382 4172
42.978661 1198 4172
42.978664 1198 4172
42.978664 1198 4172
42.978665 1198 4172
42.978665 1198 4172
42.978666 1198 4172
42.978726 894 4172
42.993858 1198 4172
42.993876 1198 4172
42.993888 1198 4172
42.993901 1198 4172
42.993912 1198 4172
42.993928 1198 4172
42.993940 174 4172
42.995271 1198 4172
42.995295 1198 4172
42.995309 1198 4172
42.995327 1198 4172
42.995352 142 4172
42.995954 174 4172
42.997193 1198 4172
42.997215 1198 4172
42.997233 1198 4172
42.997252 878 4172
42.999800 1198 4172
42.999881 1198 4172
42.999894 1198 4172
42.999904 1198 4172
42.999919 1198 4172
43.008034 1198 4172
43.008054 1054 4172
43.024250 398 4172
43.039949 126 4172
43.057160 1198 4172
43.057161 382 4172
43.070964 574 4172
43.086795 270 4172
43.102244 286 4172
43.117952 222 4172
43.133577 238 4172
43.149026 158 4172
43.164793 158 4172
43.180580 158 4172
43.195988 302 4172
43.196008 110 4172
43.196023 110 4172
43.196031 110 4172
43.211839 222 4172
43.227472 238 4172
43.243639 1198 4172
43.243641 1198 4172
43.243648 382 4172
43.258881 974 4172
43.276288 1198 4172
43.276291 686 4172
43.289757 750 4172
43.306577 1198 4172
43.306580 1198 4172
43.306580 1198 4172
43.306581 1198 4172
43.306582 110 4172
43.321953 1198 4172
43.321954 1198 4172
43.321955 1198 4172
43.321990 1198 4172
43.321992 478 4172
43.337723 1198 4172
43.337725 1198 4172
43.337726 1198 4172
43.337726 1198 4172
43.337726 1198 4172
43.337727 318 4172
43.353340 1198 4172
43.353341 1198 4172
43.353342 1198 4172
43.353363 1198 4172
43.353365 1198 4172
43.353367 670 4172
43.369149 1198 4172
43.369151 1198 4172
43.369152 1198 4172
43.369176 1198 4172
43.369176 1198 4172
43.369177 990 4172
43.384555 1198 4172
43.384557 1198 4172
43.384559 1198 4172
43.384592 1198 4172
43.384593 1198 4172
43.384594 622 4172
43.400546 1198 4172
43.400552 1198 4172
43.400572 1198 4172
43.400583 1198 4172
43.400597 1198 4172
43.400610 1102 4172
43.415923 1198 4172
43.415925 1198 4172
43.415925 1198 4172
43.415932 1198 4172
43.415933 1198 4172
43.415948 302 4172
43.431410 1198 4172
43.431411 1198 4172
43.431413 1198 4172
43.431414 1198 4172
43.431420 814 4172
43.446885 1198 4172
43.446896 1198 4172
43.446904 1198 4172
43.446916 1038 4172
43.462183 1198 4172
43.462212 862 4172
43.462234 110 4172
43.462248 110 4172
43.462262 110 4172
43.477589 1198 4172
43.477591 142 4172
43.494941 1198 4172
43.494942 1198 4172
43.494943 446 4172
43.509356 1198 4172
43.509364 1198 4172
43.509376 1198 4172
43.509388 446 4172
43.525212 1198 4172
43.525214 1198 4172
43.525214 1198 4172
43.525288 638 4172
43.540869 1198 4172
43.540871 1198 4172
43.540872 1198 4172
43.540873 1198 4172
43.540881 318 4172
43.556721 1198 4172
43.556722 1198 4172
43.556723 1198 4172
43.556729 1198 4172
43.556730 734 4172
43.572404 1198 4172
43.572406 1198 4172
43.572407 1198 4172
43.572408 1198 4172
43.572412 1006 4172
43.587838 1198 4172
43.587840 1198 4172
43.587841 1198 4172
43.587841 1198 4172
43.587842 638 4172
43.603511 1198 4172
43.603513 1198 4172
43.603514 1198 4172
43.603531 1198 4172
43.603532 1054 4172
43.619182 1198 4172
43.619185 1198 4172
43.619197 1198 4172
43.619210 1198 4172
43.619230 430 4172
43.634431 1198 4172
43.634452 1198 4172
43.634472 1198 4172
43.634491 1070 4172
43.649982 1198 4172
43.650005 1198 4172
43.650021 1198 4172
43.650032 222 4172
43.665168 1198 4172
43.665175 494 4172
43.713902 110 4172
43.742686 110 4172
43.748230 110 4172
43.748232 110 4172
43.814023 110 4172
44.024000 110 4172
44.024004 110 4172
44.024004 110 4172
44.305079 110 4172
44.305082 110 4172
44.305083 110 4172
44.586586 110 4172
44.714074 110 4172
44.814230 110 4172
44.867380 110 4172
45.148885 110 4172
45.430237 110 4172
45.711413 110 4172
45.713985 110 4172
45.814206 110 4172
45.992699 110 4172
46.274105 110 4172
46.555421 110 4172
46.714075 110 4172
46.814216 110 4172
47.713943 110 4172
47.814221 110 4172
48.714010 110 4172
48.814240 110 4172
49.367648 110 4172
49.714085 110 4172
49.814209 110 4172
50.714085 110 4172
50.814058 110 4172
51.714140 110 4172
51.814240 110 4172
52.180291 110 4172
52.714110 110 4172
52.814245 110 4172
53.714191 110 4172
53.814354 110 4172
54.714077 110 4172
54.814242 110 4172
54.992436 110 4172
55.714048 110 4172
55.814313 110 4172
56.714163 110 4172
56.814208 110 4172
57.714210 110 4172
57.804963 110 4172
57.814196 110 4172
58.714189 110 4172
58.814331 110 4172
59.714232 110 4172
59.814425 110 4172
60.617649 110 4172
60.714350 110 4172
60.814397 110 4172
61.714263 110 4172
61.814246 110 4172
62.435612 1198 4172
62.435615 1198 4172
62.435617 1198 4172
62.435618 1198 4172
62.435619 1198 4172
62.435620 1198 4172
62.435620 1198 4172
62.435621 1198 4172
62.435626 478 4172
62.448515 1198 4172
62.448536 1198 4172
62.448537 1198 4172
62.448538 1198 4172
62.448562 1198 4172
62.448563 1198 4172
62.448575 366 4172
62.448585 1198 4172
62.448598 1198 4172
62.448611 1198 4172
62.448622 414 4172
62.463241 1198 4172
62.463297 1198 4172
62.463339 1198 4172
62.463359 1198 4172
62.463377 1198 4172
62.463387 1198 4172
62.463397 1198 4172
62.463408 1198 4172
62.463421 1198 4172
62.463431 190 4172
62.478890 1198 4172
62.478905 1198 4172
62.478923 1198 4172
62.478942 1198 4172
62.478966 1198 4172
62.478990 1198 4172
62.479008 1198 4172
62.479026 1198 4172
62.479049 1198 4172
62.479067 1198 4172
62.479085 1198 4172
62.479104 334 4172
62.494850 1198 4172
62.494850 1198 4172
62.494851 1198 4172
62.494854 1198 4172
62.494863 1198 4172
62.494876 1198 4172
62.494889 1198 4172
62.494901 1198 4172
62.494923 1198 4172
62.494933 1198 4172
62.494944 1198 4172
62.494956 1198 4172
62.494971 1198 4172
62.494987 142 4172
62.509994 1198 4172
62.509998 1198 4172
62.509999 1198 4172
62.510055 1198 4172
62.510056 1198 4172
62.510057 1198 4172
62.510057 1198 4172
62.510058 1198 4172
62.523013 1198 4172
62.523016 1198 4172
62.523018 1198 4172
62.525797 542 4172
62.525799 1198 4172
62.525817 1198 4172
62.525856 1198 4172
62.525877 1198 4172
62.538602 1198 4172
62.538673 1198 4172
62.538675 1198 4172
62.538676 1198 4172
62.538676 1198 4172
62.554089 1198 4172
62.554132 1198 4172
62.554155 926 4172
62.554183 1198 4172
62.554203 1198 4172
62.554223 1198 4172
62.554242 1198 4172
62.569717 110 4172
62.569728 1198 4172
62.569746 1198 4172
62.569762 1198 4172
62.569778 1198 4172
62.569798 1198 4172
62.569814 1198 4172
62.569836 1198 4172
62.569853 1198 4172
62.585365 1198 4172
62.585427 1198 4172
62.585427 1198 4172
62.585428 222 4172
62.585456 1198 4172
62.585479 1198 4172
62.585494 1198 4172
62.600963 1198 4172
62.600972 1198 4172
62.600983 1198 4172
62.601005 1198 4172
62.601019 1198 4172
62.601030 1198 4172
62.601041 1198 4172
62.616592 1198 4172
62.616618 1198 4172
62.616620 1198 4172
62.616660 366 4172
62.616686 1198 4172
62.616706 1198 4172
62.616728 1198 4172
62.616741 1198 4172
62.632234 1198 4172
62.632293 1198 4172
62.632317 1198 4172
62.632318 1198 4172
62.632351 1198 4172
62.632375 1198 4172
62.632394 1198 4172
62.647810 1198 4172
62.647828 526 4172
62.647846 126 4172
62.647866 1198 4172
62.647882 1198 4172
62.647899 1198 4172
62.647913 1198 4172
62.647932 1198 4172
62.647948 1198 4172
62.663449 1198 4172
62.663477 1198 4172
62.663478 1198 4172
62.663483 206 4172
62.663497 1198 4172
62.663508 1198 4172
62.663521 1198 4172
62.679107 1198 4172
62.679117 1198 4172
62.679117 1198 4172
62.679154 558 4172
62.679177 1198 4172
62.679194 1198 4172
62.679208 1198 4172
62.679227 1198 4172
62.694731 1198 4172
62.694763 1198 4172
62.694764 1198 4172
62.694765 1198 4172
62.694765 1198 4172
62.698287 1198 4172
62.698289 638 4172
62.710357 1198 4172
62.710360 1198 4172
62.710361 430 4172
62.710362 1198 4172
62.710367 1198 4172
62.710367 270 4172
62.710389 558 4172
62.710390 1198 4172
62.710409 1198 4172
62.725980 1198 4172
62.727341 1070 4172
62.727343 110 4172
62.728064 158 4172
62.730037 158 4172
62.731627 158 4172
62.733319 1198 4172
62.733332 526 4172
62.735083 1198 4172
62.735100 1198 4172
62.735116 1198 4172
62.735131 814 4172
62.736752 1198 4172
62.736764 1198 4172
62.736780 1198 4172
62.736796 1134 4172
62.738560 1198 4172
62.738577 1198 4172
62.757481 1198 4172
62.757484 1198 4172
62.757486 1198 4172
62.757498 798 4172
62.757511 1198 4172
62.757523 1198 4172
62.757533 1198 4172
62.757542 1198 4172
62.757554 1182 4172
62.776183 1198 4172
62.776275 1198 4172
62.776277 1198 4172
62.776325 1198 4172
62.776377 1070 4172
62.778999 1198 4172
62.779018 1198 4172
62.779038 1198 4172
62.779059 126 4172
62.781297 1198 4172
62.781318 702 4172
62.783591 158 4172
62.784070 158 4172
62.784336 174 4172
62.785233 1198 4172
62.785258 878 4172
62.785568 574 4172
62.814170 110 4172
62.835674 110 4172
62.853107 430 4172
62.853511 1198 4172
62.853514 1198 4172
62.853528 1198 4172
62.853538 1198 4172
62.853550 254 4172
62.854185 1198 4172
62.854197 1198 4172
62.854208 1198 4172
62.854218 1198 4172
62.854237 1198 4172
62.854247 1198 4172
62.854258 1198 4172
62.854269 1198 4172
62.854286 1198 4172
62.854298 1198 4172
62.854309 1070 4172
62.867805 1198 4172
62.867821 1198 4172
62.867839 1198 4172
62.867857 1198 4172
62.867882 1198 4172
62.867901 1198 4172
62.867919 1198 4172
62.867938 1198 4172
62.867963 1198 4172
62.867980 1198 4172
62.867997 1198 4172
62.868015 1198 4172
62.868038 1198 4172
62.868056 1198 4172
62.868075 206 4172
62.884393 1198 4172
62.884396 1198 4172
62.884397 1198 4172
62.884398 1198 4172
62.884410 1198 4172
62.884411 1198 4172
62.884411 1198 4172
62.884429 1198 4172
62.884432 1198 4172
62.884437 1198 4172
62.884453 1198 4172
62.884466 1198 4172
62.897763 1198 4172
62.897765 1198 4172
62.897770 1198 4172
62.897784 1198 4172
62.897795 1198 4172
62.897806 814 4172
62.898508 1198 4172
62.913425 1198 4172
62.913427 1198 4172
62.913427 1198 4172
62.913448 1198 4172
62.913458 1198 4172
62.913468 1198 4172
62.913478 1198 4172
62.929038 110 4172
62.929041 1198 4172
62.929049 1198 4172
62.929065 1198 4172
62.929067 782 4172
62.929084 1198 4172
62.929092 1198 4172
62.929101 1198 4172
62.944665 1198 4172
62.944676 1198 4172
62.944678 1198 4172
62.944693 1198 4172
62.944704 974 4172
62.946173 1198 4172
62.946192 1198 4172
62.946208 1198 4172
62.960304 1198 4172
62.960325 1198 4172
62.960341 1198 4172
62.960359 1198 4172
62.960373 1198 4172
62.960392 1102 4172
62.961290 1198 4172
62.975955 1198 4172
62.975958 1198 4172
62.975959 1198 4172
62.975976 1198 4172
62.975987 1198 4172
62.975997 1198 4172
62.976006 1198 4172
62.991509 446 4172
62.991522 526 4172
62.991532 958 4172
62.991542 1198 4172
62.991563 1198 4172
62.991575 1198 4172
62.991585 1198 4172
62.991595 1198 4172
63.007178 1198 4172
63.009609 478 4172
63.009612 334 4172
63.011187 318 4172
63.012766 270 4172
63.014041 238 4172
63.015445 1134 4172
63.016757 1086 4172
63.017969 542 4172
63.019513 238 4172
63.021497 238 4172
63.026570 958 4172
63.026583 238 4172
63.027408 238 4172
63.028721 286 4172
63.029850 190 4172
63.031535 1198 4172
63.031550 1198 4172
63.031558 1198 4172
63.031567 1198 4172
63.031581 1198 4172
63.031592 1102 4172
63.034068 1198 4172
63.034092 1198 4172
63.034109 1198 4172
63.034125 1198 4172
63.034145 1198 4172
63.034160 1198 4172
63.034176 1054 4172
63.041790 350 4172
63.041912 190 4172
63.061160 1198 4172
63.061175 1198 4172
63.061191 318 4172
63.061207 750 4172
63.061224 878 4172
63.061239 846 4172
63.061254 158 4172
63.061269 158 4172
63.070552 1150 4172
63.070605 1198 4172
63.070618 958 4172
63.101104 110 4172
63.121333 1198 4172
63.121350 1198 4172
63.121367 1198 4172
63.121383 1198 4172
63.121403 254 4172
63.122314 1198 4172
63.122335 1198 4172
63.122353 1198 4172
63.122369 1198 4172
63.122390 1198 4172
63.122405 1198 4172
63.122420 1198 4172
63.122435 1198 4172
63.122454 910 4172
63.133469 1198 4172
63.133498 1198 4172
63.133499 1198 4172
63.133515 1198 4172
63.133526 1198 4172
63.133537 1198 4172
63.133546 1198 4172
63.133555 1198 4172
63.133566 1198 4172
63.133575 1198 4172
63.133584 1198 4172
63.133594 1198 4172
63.133605 1198 4172
63.133615 638 4172
63.135296 1198 4172
63.135308 1198 4172
63.135317 1198 4172
63.135327 1198 4172
63.135341 1198 4172
63.147768 1198 4172
63.147795 1198 4172
63.147811 1198 4172
63.147832 1198 4172
63.147847 1198 4172
63.147862 1198 4172
63.147878 1198 4172
63.147895 1198 4172
63.147914 1198 4172
63.163441 1198 4172
63.163460 1198 4172
63.163461 1134 4172
63.165063 1198 4172
63.165109 1198 4172
63.165125 1198 4172
63.165140 1198 4172
63.165157 1198 4172
63.179081 1198 4172
63.179099 1198 4172
63.179109 1198 4172
63.179130 1198 4172
63.179145 1198 4172
63.179159 1198 4172
63.179173 1198 4172
63.194651 1198 4172
63.194672 1198 4172
63.194688 1198 4172
63.194705 1198 4172
63.194722 1198 4172
63.194737 1198 4172
63.210306 1198 4172
63.210330 254 4172
63.210332 1198 4172
63.210333 1198 4172
63.210344 1198 4172
63.210353 1198 4172
63.210364 1198 4172
63.210374 1198 4172
63.210384 1198 4172
63.225945 1198 4172
63.225949 1198 4172
63.225961 1198 4172
63.225972 1198 4172
63.225983 1198 4172
63.225995 1198 4172
63.226005 1198 4172
63.241594 1198 4172
63.241619 1198 4172
63.241642 1070 4172
63.243086 1198 4172
63.243093 1198 4172
63.243103 1198 4172
63.243112 1198 4172
63.243123 1198 4172
63.257220 1198 4172
63.257223 1198 4172
63.257224 1198 4172
63.257246 1198 4172
63.257257 1198 4172
63.257267 1198 4172
63.272818 1198 4172
63.272837 1198 4172
63.272839 1198 4172
63.272851 702 4172
63.273963 1198 4172
63.273974 1198 4172
63.273984 1198 4172
63.273993 1198 4172
63.274006 1198 4172
63.288458 1198 4172
63.288466 1198 4172
63.288483 1198 4172
63.288501 1198 4172
63.288517 926 4172
63.288532 1198 4172
63.288546 1198 4172
63.304072 1198 4172
63.304096 1198 4172
63.304106 1198 4172
63.304121 1198 4172
63.304139 542 4172
63.305113 526 4172
63.305436 862 4172
63.311828 1198 4172
63.311844 1198 4172
63.311854 1198 4172
63.311865 926 4172
63.312816 1198 4172
63.312828 1198 4172
63.319750 1022 4172
63.319776 1198 4172
63.319796 1198 4172
63.335398 1086 4172
63.335445 1198 4172
63.335494 1198 4172
63.335534 1198 4172
63.335576 1198 4172
63.335617 174 4172
63.338132 1198 4172
63.338146 1198 4172
63.338170 1198 4172
63.351017 798 4172
63.351048 1198 4172
63.351071 1198 4172
63.351088 1198 4172
63.351107 1198 4172
63.351129 1198 4172
63.351147 350 4172
63.353277 1198 4172
63.366694 1198 4172
63.366711 1198 4172
63.366724 1086 4172
63.366748 110 4172
63.366756 1198 4172
63.366773 1198 4172
63.366786 1198 4172
63.366799 1198 4172
63.382369 1198 4172
63.382834 414 4172
63.382836 158 4172
63.383925 430 4172
63.384326 750 4172
63.387694 1198 4172
63.387695 1198 4172
63.387696 1198 4172
63.387706 1198 4172
63.387724 910 4172
63.388331 1198 4172
63.388344 1198 4172
63.388358 382 4172
63.397847 1198 4172
63.397860 846 4172
63.397876 1198 4172
63.397884 414 4172
63.397959 1198 4172
63.397980 558 4172
63.413740 1198 4172
63.413743 910 4172
63.416102 1198 4172
63.416162 846 4172
63.416887 1198 4172
63.416931 1198 4172
63.416973 1198 4172
63.417013 1198 4172
63.417059 1198 4172
63.417092 1198 4172
63.429185 1198 4172
63.429187 446 4172
63.429199 1198 4172
63.429212 206 4172
63.429296 862 4172
63.429298 1198 4172
63.429298 1134 4172
63.444812 622 4172
63.445939 670 4172
63.446099 846 4172
63.446218 782 4172
63.446371 734 4172
63.446650 478 4172
63.446872 590 4172
63.449023 1198 4172
63.449043 1198 4172
63.449066 142 4172
63.451594 1198 4172
63.451610 126 4172
63.451833 494 4172
63.452165 894 4172
63.478760 270 4172
63.478925 526 4172
63.479198 846 4172
63.493098 478 4172
63.524500 478 4172
63.572079 350 4172
63.632531 110 4172
63.714334 110 4172
63.742393 302 4172
63.757750 494 4172
63.773247 494 4172
63.789067 462 4172
63.805018 1198 4172
63.814239 110 4172
63.822103 1198 4172
63.822128 590 4172
63.835809 430 4172
63.851345 222 4172
63.866971 222 4172
63.882731 254 4172
63.898154 174 4172
63.898156 110 4172
63.913740 318 4172
63.914196 110 4172
63.929419 302 4172
63.945451 1198 4172
63.945453 526 4172
63.962533 1198 4172
63.962543 1198 4172
63.962543 494 4172
64.002725 1198 4172
64.002728 1198 4172
64.002729 1198 4172
64.002748 1198 4172
64.002759 1198 4172
64.002769 1198 4172
64.002779 542 4172
64.004141 334 4172
64.005681 318 4172
64.007134 270 4172
64.008576 654 4172
64.009898 238 4172
64.011268 238 4172
64.012661 238 4172
64.013966 238 4172
64.014184 110 4172
64.015371 238 4172
64.016563 238 4172
64.017968 238 4172
64.019395 238 4172
64.019840 286 4172
64.020808 190 4172
64.022434 1198 4172
64.022446 1198 4172
64.022456 1198 4172
64.022466 1198 4172
64.022479 1198 4172
64.022490 1118 4172
64.025122 1198 4172
64.025142 1198 4172
64.025159 1198 4172
64.025174 1198 4172
64.025193 1198 4172
64.025208 1198 4172
64.025224 1054 4172
64.030143 1198 4172
64.030169 174 4172
64.030414 1198 4172
64.030431 574 4172
64.075707 990 4172
64.114410 110 4172
64.137733 254 4172
64.139754 1198 4172
64.139766 430 4172
64.163563 110 4172
64.168292 110 4172
64.168295 110 4172
64.168319 1198 4172
64.168336 174 4172
64.214187 110 4172
64.247788 158 4172
64.248077 1198 4172
64.248080 1198 4172
64.248081 430 4172
64.248430 1198 4172
64.248447 1198 4172
64.248466 926 4172
64.248899 1198 4172
64.248920 1198 4172
64.248940 1198 4172
64.248961 1038 4172
64.249349 1198 4172
64.249370 1198 4172
64.249389 1198 4172
64.249407 126 4172
64.249524 718 4172
64.251612 1198 4172
64.251631 766 4172
64.262553 1198 4172
64.262557 526 4172
64.314613 110 4172
64.373270 1198 4172
64.373342 1198 4172
64.373343 526 4172
64.414265 110 4172
64.444767 110 4172
64.444770 110 4172
64.444771 110 4172
64.514541 110 4172
64.637210 206 4172
64.637252 446 4172
64.699638 190 4172
64.699658 302 4172
64.714120 110 4172
64.714214 110 4172
64.794329 174 4172
64.794505 1198 4172
64.794529 638 4172
64.814331 110 4172
64.914591 110 4172
64.976100 110 4172
