0.026064 110 4172
0.070150 110 4172
0.114136 1198 4172
0.114230 1198 4172
0.114268 1134 4172
0.114318 1198 4172
0.114357 430 4172
0.290138 110 4172
0.554488 110 4172
0.642067 1198 4172
0.642116 174 4172
0.642161 846 4172
0.642212 606 4172
0.642245 750 4172
0.642273 1070 4172
0.642304 782 4172
0.642333 830 4172
0.642363 1198 4172
0.642391 1198 4172
0.642420 1198 4172
0.642450 1198 4172
0.642479 1198 4172
0.642507 350 4172
0.642538 158 4172
0.642563 158 4172
0.642590 158 4172
0.642617 158 4172
0.642645 446 4172
0.642678 1150 4172
0.658142 1198 4172
0.658178 1198 4172
0.658212 1198 4172
0.658249 1198 4172
0.658283 638 4172
0.658321 1198 4172
0.658356 1198 4172
0.658390 1198 4172
0.658424 1198 4172
0.658459 1198 4172
0.658495 1198 4172
0.658525 1198 4172
0.658556 1198 4172
0.658590 1198 4172
0.658622 1198 4172
0.658659 1198 4172
0.658690 1198 4172
0.658718 1198 4172
0.658751 1198 4172
0.658784 1198 4172
0.658821 1198 4172
0.666087 462 4172
0.666128 1198 4172
0.666162 1198 4172
0.666194 1198 4172
0.666224 1198 4172
0.666261 1198 4172
0.666291 1198 4172
0.666325 1198 4172
0.666359 1198 4172
0.666393 1198 4172
0.666428 1198 4172
0.666460 1198 4172
0.674156 1198 4172
0.674213 1198 4172
0.674257 1198 4172
0.674295 1198 4172
0.674333 1070 4172
0.674370 1198 4172
0.682149 1198 4172
0.682186 1198 4172
0.682219 1198 4172
0.682249 1198 4172
0.686058 1198 4172
0.686107 1198 4172
0.686136 1198 4172
0.686174 1198 4172
0.698232 1198 4172
0.698293 1198 4172
0.698334 1198 4172
0.698372 1198 4172
0.706195 1198 4172
0.706245 1198 4172
0.706284 1198 4172
0.706323 1198 4172
0.714064 606 4172
0.714099 1198 4172
0.714136 1198 4172
0.714173 1198 4172
0.714207 1198 4172
0.722160 1198 4172
0.722211 1198 4172
0.722248 1198 4172
0.722285 1198 4172
0.730057 1198 4172
0.730108 1198 4172
0.730151 1198 4172
0.730186 1198 4172
0.738226 1198 4172
0.738267 1198 4172
0.738307 1198 4172
0.738343 1198 4172
0.746114 1198 4172
0.746159 862 4172
0.746197 1198 4172
0.746232 1198 4172
0.754099 1198 4172
0.754148 1198 4172
0.754188 1198 4172
0.762171 1198 4172
0.762209 1198 4172
0.762245 1198 4172
0.762279 1198 4172
0.770150 1198 4172
0.770198 1198 4172
0.770236 1198 4172
0.770274 1198 4172
0.774051 1198 4172
0.774104 1198 4172
0.774142 1198 4172
0.774185 1198 4172
0.774232 1198 4172
0.786120 110 4172
0.786212 1198 4172
0.786226 1198 4172
0.786249 1198 4172
0.794699 1198 4172
0.794753 1198 4172
0.794794 1198 4172
0.794833 1198 4172
0.794875 1198 4172
0.802980 1198 4172
0.803011 1198 4172
0.803049 782 4172
0.803087 1198 4172
0.810097 1198 4172
0.810144 1198 4172
0.810182 1198 4172
0.810219 1198 4172
0.819544 1198 4172
0.819578 1198 4172
0.819631 1198 4172
0.819666 1198 4172
0.826050 1198 4172
0.826094 958 4172
0.826130 1198 4172
0.826164 1198 4172
0.836762 1198 4172
0.836798 1198 4172
0.836836 1198 4172
0.842152 1198 4172
0.842212 1198 4172
0.842253 894 4172
0.842288 430 4172
0.842324 1198 4172
0.846881 270 4172
0.846976 158 4172
0.847016 158 4172
0.847054 158 4172
0.847087 158 4172
0.847121 158 4172
0.847156 158 4172
0.847192 158 4172
0.847223 158 4172
0.906070 142 4172
0.971980 110 4172
0.994073 142 4172
0.994169 830 4172
1.038141 1198 4172
1.065741 110 4172
1.082009 110 4172
1.170029 110 4172
1.298326 142 4172
1.342268 110 4172
1.602195 110 4172
1.862093 110 4172
1.906044 142 4172
1.906154 142 4172
1.994229 110 4172
2.079776 110 4172
2.082097 142 4172
2.082142 142 4172
2.170062 110 4172
2.430230 110 4172
2.694017 110 4172
2.738053 142 4172
2.822200 142 4172
2.950129 142 4172
2.950226 142 4172
2.953963 110 4172
2.998013 110 4172
3.086247 110 4172
3.130043 142 4172
3.258188 110 4172
3.511933 110 4172
3.522131 142 4172
3.738165 142 4172
4.002163 110 4172
4.086051 110 4172
4.562048 142 4172
4.562193 142 4172
4.774058 142 4172
4.774160 142 4172
4.990048 110 4172
5.077968 110 4172
5.386049 142 4172
5.562121 142 4172
5.954032 142 4172
5.954075 142 4172
5.997988 110 4172
6.085991 110 4172
6.174134 142 4172
6.174173 110 4172
6.174252 142 4172
6.610020 142 4172
6.610046 142 4172
6.785999 142 4172
6.786022 142 4172
7.005995 110 4172
7.094143 110 4172
7.402134 142 4172
7.402153 142 4172
7.614141 142 4172
7.614281 142 4172
7.979745 110 4172
8.002144 142 4172
8.002163 142 4172
8.086036 110 4172
8.174220 110 4172
8.218064 142 4172
8.218095 142 4172
8.613949 142 4172
8.614042 142 4172
8.830142 142 4172
8.830273 110 4172
8.830344 142 4172
9.002090 110 4172
9.090069 110 4172
9.434018 142 4172
9.434098 142 4172
9.653940 142 4172
9.654007 142 4172
10.006547 110 4172
10.050087 142 4172
10.050136 142 4172
10.093994 110 4172
10.182075 110 4172
10.225981 142 4172
10.226045 142 4172
10.621938 142 4172
10.622014 142 4172
10.882110 142 4172
10.882165 142 4172
11.058024 142 4172
11.102069 110 4172
11.190101 110 4172
11.274044 142 4172
11.493937 110 4172
11.890004 142 4172
11.890138 142 4172
11.977908 110 4172
12.065942 142 4172
12.065990 142 4172
12.109979 110 4172
12.462026 142 4172
12.462075 142 4172
12.682145 142 4172
12.682290 142 4172
12.985908 110 4172
13.290055 142 4172
13.509922 142 4172
13.598040 142 4172
13.685933 142 4172
13.994074 110 4172
14.082042 110 4172
14.210088 110 4172
14.509960 142 4172
14.510008 142 4172
14.725920 142 4172
14.726022 142 4172
14.986105 110 4172
15.073997 110 4172
15.550058 142 4172
15.550085 142 4172
15.717911 142 4172
15.717962 142 4172
15.977971 110 4172
16.109929 110 4172
16.550040 142 4172
16.550101 142 4172
16.770022 142 4172
16.770129 142 4172
16.902026 110 4172
16.990023 110 4172
17.077942 110 4172
17.385977 142 4172
17.386079 142 4172
17.605991 142 4172
17.606069 142 4172
17.980314 110 4172
17.997948 142 4172
17.998012 142 4172
18.085950 110 4172
18.174104 110 4172
18.218000 142 4172
18.218053 142 4172
18.609940 142 4172
18.610030 142 4172
18.782031 142 4172
18.782072 142 4172
18.998043 110 4172
19.085997 110 4172
19.389985 142 4172
19.390159 142 4172
19.565984 110 4172
19.653949 142 4172
19.654025 142 4172
19.997959 110 4172
20.042064 142 4172
20.042156 142 4172
20.085979 110 4172
20.173922 110 4172
20.217948 142 4172
20.218006 142 4172
20.566594 60 60000
20.649882 142 4172
20.649945 142 4172
20.756747 174 4172
20.756799 158 4172
20.756841 190 4172
20.756876 158 4172
20.756911 158 4172
20.756943 158 4172
20.756981 158 4172
20.757012 158 4172
20.786441 478 4172
20.786619 302 4172
20.786621 270 4172
20.786642 270 4172
20.786669 270 4172
20.790369 270 4172
20.790397 334 4172
20.790432 606 4172
20.790460 270 4172
20.790490 270 4172
20.790521 270 4172
20.799821 270 4172
20.799855 270 4172
20.799894 334 4172
20.799928 270 4172
20.799962 1198 4172
20.799994 942 4172
20.831437 1198 4172
20.831517 1198 4172
20.831547 1198 4172
20.831579 1198 4172
20.831632 1198 4172
20.831658 1198 4172
20.831720 1198 4172
20.831757 782 4172
20.831788 1198 4172
20.831821 1198 4172
20.831851 1198 4172
20.831880 1198 4172
20.831910 526 4172
20.835346 1198 4172
20.835386 1198 4172
20.835414 1198 4172
20.835446 782 4172
20.835477 1198 4172
20.835512 1198 4172
20.835542 1198 4172
20.835590 1198 4172
20.835623 1198 4172
20.844773 1198 4172
20.844854 1198 4172
20.844884 1198 4172
20.844916 1198 4172
20.844949 1198 4172
20.844980 1198 4172
20.845007 1198 4172
20.845036 1198 4172
20.845071 430 4172
20.851852 1198 4172
20.851873 1198 4172
20.852002 1198 4172
20.852004 1198 4172
20.852005 1198 4172
20.852032 1198 4172
20.852061 1198 4172
20.852090 1134 4172
20.872833 414 4172
20.877467 1198 4172
20.877685 1198 4172
20.877723 1198 4172
20.877889 1198 4172
20.877928 1198 4172
20.877962 1198 4172
20.877989 1198 4172
20.878041 638 4172
20.886006 1198 4172
20.886047 1198 4172
20.886083 1198 4172
20.886121 1198 4172
20.886170 1198 4172
20.886199 1198 4172
20.886235 1198 4172
20.886271 606 4172
20.886308 1198 4172
20.886344 1198 4172
20.886382 1198 4172
20.886419 1198 4172
20.894038 1198 4172
20.894077 1198 4172
20.894116 1198 4172
20.894151 1198 4172
20.902431 1198 4172
20.902462 1198 4172
20.902494 1198 4172
20.902523 1198 4172
20.921268 1198 4172
20.926039 1198 4172
20.928692 1198 4172
20.943269 1198 4172
20.944850 286 4172
20.944908 1198 4172
20.948486 1198 4172
20.950300 1198 4172
20.950728 1198 4172
20.950776 1198 4172
20.950814 1198 4172
20.951062 1198 4172
20.951099 1198 4172
20.951131 1198 4172
20.951162 1198 4172
20.951194 1198 4172
20.951229 622 4172
20.951264 1198 4172
20.951297 1198 4172
20.951333 1198 4172
20.951378 1198 4172
20.951401 1198 4172
20.951432 1198 4172
20.951462 1198 4172
20.951492 1198 4172
20.951525 206 4172
20.951560 1198 4172
20.957960 1198 4172
20.957991 1198 4172
20.958025 1198 4172
20.958062 1198 4172
20.966998 1198 4172
20.967037 1198 4172
20.967072 478 4172
20.967105 1198 4172
20.967136 1198 4172
20.976459 590 4172
20.976492 110 4172
20.976524 1198 4172
20.976555 1198 4172
20.976584 1198 4172
20.976617 1198 4172
20.983364 1198 4172
20.983835 1198 4172
20.984032 1198 4172
20.984247 1198 4172
20.990189 1198 4172
20.990256 782 4172
20.990303 1198 4172
20.990343 526 4172
20.990376 1198 4172
20.998094 1198 4172
20.998133 1198 4172
20.998167 878 4172
20.998204 334 4172
20.998241 1198 4172
21.006866 1198 4172
21.006917 1198 4172
21.006951 1198 4172
21.006990 1198 4172
21.013946 1198 4172
21.013967 574 4172
21.014000 1198 4172
21.014034 1134 4172
21.014064 1198 4172
21.026959 1198 4172
21.027070 974 4172
21.027111 1198 4172
21.027164 1198 4172
21.030139 1198 4172
21.030170 254 4172
21.030203 1198 4172
21.030234 1198 4172
21.030264 1198 4172
21.030296 1150 4172
21.038028 1198 4172
21.038060 1198 4172
21.038093 1198 4172
21.038130 1198 4172
21.045942 1182 4172
21.045989 1198 4172
21.046010 1198 4172
21.046043 1198 4172
21.054202 1198 4172
21.054234 814 4172
21.054268 1198 4172
21.054301 1198 4172
21.054338 1198 4172
21.062576 1198 4172
21.062616 1198 4172
21.062649 1198 4172
21.062680 1198 4172
21.076620 462 4172
21.076670 1198 4172
21.076708 1198 4172
21.076771 1198 4172
21.076802 1198 4172
21.077893 110 4172
21.077930 1198 4172
21.077961 830 4172
21.077992 1198 4172
21.078023 1198 4172
21.078058 1198 4172
21.089117 1198 4172
21.089158 926 4172
21.089193 1198 4172
21.089226 1198 4172
21.093936 1102 4172
21.093961 1198 4172
21.093993 878 4172
21.094026 1198 4172
21.094058 1198 4172
21.106821 1198 4172
21.106861 1198 4172
21.106893 1198 4172
21.106922 1198 4172
21.109941 286 4172
21.109980 1198 4172
21.110016 1198 4172
21.110049 238 4172
21.110082 1198 4172
21.110114 1198 4172
21.123039 1198 4172
21.125197 1198 4172
21.125227 190 4172
21.125363 942 4172
21.125401 270 4172
21.125428 190 4172
21.125457 190 4172
21.125486 190 4172
21.128296 190 4172
21.128336 190 4172
21.128373 190 4172
21.128404 190 4172
21.128434 190 4172
21.128467 190 4172
21.128498 190 4172
21.128528 190 4172
21.128558 190 4172
21.128588 190 4172
21.128619 1198 4172
21.128651 1198 4172
21.128680 1198 4172
21.128711 1118 4172
21.136789 222 4172
21.136809 190 4172
21.142001 190 4172
21.142030 190 4172
21.142068 190 4172
21.142099 190 4172
21.142157 190 4172
21.142164 190 4172
21.142206 190 4172
21.142233 190 4172
21.142264 190 4172
21.142293 190 4172
21.142326 190 4172
21.148138 190 4172
21.148168 190 4172
21.148206 1198 4172
21.148236 1198 4172
21.148323 1198 4172
21.148355 1198 4172
21.148385 382 4172
21.150114 190 4172
21.150177 222 4172
21.150211 190 4172
21.150242 190 4172
21.154214 190 4172
21.154253 190 4172
21.154285 190 4172
21.154316 190 4172
21.154346 190 4172
21.154380 190 4172
21.154409 190 4172
21.157871 190 4172
21.157903 110 4172
21.157936 190 4172
21.157974 190 4172
21.158026 190 4172
21.158044 190 4172
21.158092 1198 4172
21.158214 1198 4172
21.158251 1198 4172
21.158283 1198 4172
21.158316 398 4172
21.166005 430 4172
21.179679 110 4172
21.185642 222 4172
21.185675 174 4172
21.185711 174 4172
21.185799 174 4172
21.185825 174 4172
21.185861 174 4172
21.185893 174 4172
21.205474 174 4172
21.205571 174 4172
21.205606 174 4172
21.205644 174 4172
21.205695 174 4172
21.205724 174 4172
21.205760 174 4172
21.205830 1198 4172
21.205866 1198 4172
21.205899 1198 4172
21.205931 1198 4172
21.205965 542 4172
21.212240 174 4172
21.250457 270 4172
21.254333 174 4172
21.254366 174 4172
21.254398 222 4172
21.266259 222 4172
21.266575 222 4172
21.266625 222 4172
21.266657 222 4172
21.266688 222 4172
21.266720 222 4172
21.266805 222 4172
21.272312 60 60000
21.277770 222 4172
21.277809 222 4172
21.277847 1198 4172
21.277879 110 4172
21.277916 1198 4172
21.277946 1198 4172
21.277976 1198 4172
21.278006 1198 4172
21.278036 574 4172
21.278152 1198 4172
21.278185 1198 4172
21.278214 1198 4172
21.278248 1198 4172
21.278278 1198 4172
21.278311 1198 4172
21.278348 734 4172
21.278394 1198 4172
21.294124 1198 4172
21.294187 1198 4172
21.294222 254 4172
21.294267 174 4172
21.311830 1198 4172
21.314149 174 4172
21.314185 174 4172
21.314216 222 4172
21.314247 222 4172
21.317924 222 4172
21.317962 222 4172
21.317993 222 4172
21.318024 222 4172
21.318057 222 4172
21.318087 222 4172
21.323762 222 4172
21.323810 222 4172
21.323849 222 4172
21.323888 254 4172
21.323923 174 4172
21.323961 1198 4172
21.324030 1198 4172
21.324060 1198 4172
21.324094 1198 4172
21.337852 1198 4172
21.337875 1198 4172
21.337911 1198 4172
21.337942 1198 4172
21.337973 1198 4172
21.338012 1198 4172
21.338032 1198 4172
21.338060 1198 4172
21.338092 734 4172
21.343724 574 4172
21.381971 110 4172
21.438470 110 4172
21.439198 110 4172
21.441003 110 4172
21.454285 222 4172
21.466287 1198 4172
21.476332 110 4172
21.484764 126 4172
21.526499 1198 4172
21.526574 1198 4172
21.526608 1198 4172
21.526654 254 4172
21.544682 126 4172
21.566038 1198 4172
21.566085 1198 4172
21.566117 542 4172
21.570307 110 4172
21.686041 110 4172
21.707150 110 4172
21.707182 110 4172
21.707215 110 4172
21.743839 1198 4172
21.743935 1198 4172
21.743982 366 4172
21.744020 302 4172
21.744055 238 4172
21.749794 206 4172
21.749837 206 4172
21.793839 110 4172
21.882199 110 4172
21.969917 110 4172
21.969981 110 4172
21.970026 110 4172
21.970066 110 4172
22.273961 110 4172
22.538185 110 4172
22.802089 110 4172
22.977970 110 4172
23.066362 110 4172
23.109969 110 4172
23.330033 110 4172
23.594189 110 4172
23.857883 110 4172
23.986019 110 4172
24.074307 110 4172
24.162022 110 4172
24.989974 110 4172
25.077926 110 4172
26.001949 110 4172
26.090412 110 4172
26.833993 110 4172
27.010074 110 4172
27.098578 110 4172
27.977944 110 4172
28.109868 110 4172
28.853902 430 4172
28.853962 318 4172
28.958017 350 4172
28.958037 174 4172
28.958070 238 4172
28.962735 238 4172
28.962774 238 4172
28.962806 238 4172
28.965926 238 4172
28.966013 238 4172
28.970726 238 4172
28.970766 110 4172
28.970796 238 4172
28.970826 238 4172
28.974089 238 4172
28.974125 174 4172
28.974155 238 4172
28.985887 174 4172
28.985934 302 4172
28.985975 1198 4172
28.986015 1198 4172
28.986059 1198 4172
28.986101 1198 4172
28.986138 1198 4172
28.986177 1198 4172
28.986215 1198 4172
28.986256 1198 4172
28.986293 734 4172
29.073885 110 4172
29.117916 1198 4172
29.117970 1198 4172
29.118011 1198 4172
29.118051 270 4172
29.186068 110 4172
29.206156 110 4172
29.469930 110 4172
29.733978 110 4172
29.997904 110 4172
30.085973 110 4172
31.006009 110 4172
31.093925 110 4172
32.093914 110 4172
32.441988 110 4172
33.009912 110 4172
33.097936 110 4172
33.977842 110 4172
34.109908 110 4172
34.985901 110 4172
35.117964 110 4172
35.993956 110 4172
36.081851 110 4172
37.001819 110 4172
37.089901 110 4172
37.793848 110 4172
37.969819 110 4172
38.101774 110 4172
38.973700 110 4172
39.105829 110 4172
39.985856 110 4172
40.073813 110 4172
40.425758 110 4172
40.989883 110 4172
41.077783 110 4172
41.396803 1198 4172
41.396901 1198 4172
41.396917 1198 4172
41.396949 1198 4172
41.396978 1198 4172
41.397008 1198 4172
41.397036 1198 4172
41.397065 990 4172
41.412824 1198 4172
41.412864 1198 4172
41.412892 1198 4172
41.412919 1198 4172
41.412943 1198 4172
41.412969 1198 4172
41.412998 1198 4172
41.413024 190 4172
41.413050 1198 4172
41.413075 1198 4172
41.413100 1198 4172
41.413124 862 4172
41.413968 1198 4172
41.413999 1198 4172
41.414024 1198 4172
41.414048 1198 4172
41.414074 1198 4172
41.414100 1198 4172
41.414126 382 4172
41.414155 1198 4172
41.414186 1198 4172
41.414229 1198 4172
41.414256 1198 4172
41.414282 1198 4172
41.414308 1198 4172
41.414334 1198 4172
41.414359 1198 4172
41.414384 126 4172
41.414409 1198 4172
41.414435 1198 4172
41.414463 1198 4172
41.414489 1198 4172
41.414514 1198 4172
41.414539 1198 4172
41.414563 1198 4172
41.414591 1198 4172
41.414618 1198 4172
41.414643 318 4172
41.414667 1198 4172
41.414692 1198 4172
41.425794 1198 4172
41.425923 1198 4172
41.425942 1198 4172
41.425974 1198 4172
41.433869 1198 4172
41.433916 1198 4172
41.433917 1198 4172
41.433949 910 4172
41.433977 1198 4172
41.441809 1198 4172
41.441848 1198 4172
41.441882 1198 4172
41.441917 1198 4172
41.441945 1198 4172
41.449879 1198 4172
41.449912 1198 4172
41.449940 1198 4172
41.449968 1198 4172
41.457721 270 4172
41.457741 1198 4172
41.457780 1198 4172
41.457810 1198 4172
41.457838 1198 4172
41.457869 1198 4172
41.465789 1198 4172
41.465825 1198 4172
41.465859 1198 4172
41.473826 1198 4172
41.473882 1198 4172
41.473924 1198 4172
41.473965 1198 4172
41.474006 542 4172
41.481817 1198 4172
41.481857 1198 4172
41.481895 1198 4172
41.481933 1198 4172
41.489799 1198 4172
41.489861 1198 4172
41.489906 1198 4172
41.497856 1198 4172
41.497891 1198 4172
41.497926 1198 4172
41.497964 1198 4172
41.498000 494 4172
41.498039 1198 4172
41.501658 1198 4172
41.501706 1198 4172
41.501741 1198 4172
41.501774 1198 4172
41.513907 1198 4172
41.513993 1198 4172
41.513994 1198 4172
41.514044 1198 4172
41.514139 1198 4172
41.521830 222 4172
41.521880 1198 4172
41.521921 1198 4172
41.521959 1198 4172
41.522009 1198 4172
41.525763 60 60000
41.529786 1198 4172
41.529840 1198 4172
41.529870 878 4172
41.529926 1198 4172
41.530044 1198 4172
41.537705 766 4172
41.537750 1198 4172
41.537786 1198 4172
41.537822 1198 4172
41.537857 1198 4172
41.545739 1198 4172
41.545774 1198 4172
41.545821 1198 4172
41.553827 1198 4172
41.553829 1198 4172
41.553859 878 4172
41.553906 1198 4172
41.561905 1198 4172
41.561944 510 4172
41.561983 1198 4172
41.569777 1198 4172
41.569816 1198 4172
41.569850 1198 4172
41.569884 1198 4172
41.577815 1198 4172
41.577863 1198 4172
41.577905 1198 4172
41.585874 1038 4172
41.585908 1198 4172
41.589638 1198 4172
41.589683 1198 4172
41.589721 1198 4172
41.601841 1198 4172
41.601975 1198 4172
41.601978 1198 4172
41.602016 734 4172
41.609805 1198 4172
41.609872 1198 4172
41.609917 1198 4172
41.617756 1198 4172
41.617802 1198 4172
41.617850 1198 4172
41.617890 1198 4172
41.625899 910 4172
41.625945 1198 4172
41.625981 1198 4172
41.633727 1198 4172
41.633775 1198 4172
41.633834 782 4172
41.633879 1198 4172
41.641901 1198 4172
41.641957 1198 4172
41.649749 1198 4172
41.649805 1198 4172
41.649853 1198 4172
41.657793 1198 4172
41.657831 1198 4172
41.657878 590 4172
41.657961 1198 4172
41.665699 1198 4172
41.665730 1198 4172
41.665762 1198 4172
41.673794 878 4172
41.673837 1198 4172
41.673873 1198 4172
41.673912 1198 4172
41.677656 1198 4172
41.677694 334 4172
41.677730 1198 4172
41.677759 1198 4172
41.689958 1198 4172
41.689996 1198 4172
41.690020 1198 4172
41.697761 1198 4172
41.697823 1198 4172
41.697877 1198 4172
41.705792 1198 4172
41.705866 1150 4172
41.705894 1198 4172
41.705930 1198 4172
41.713790 1198 4172
41.713851 1198 4172
41.713902 1198 4172
41.721889 1198 4172
41.721946 1198 4172
41.721988 1198 4172
41.729761 1198 4172
41.729833 494 4172
41.729882 1198 4172
41.729937 1198 4172
41.737822 1198 4172
41.737849 1198 4172
41.737881 1198 4172
41.737916 1198 4172
41.745717 1198 4172
41.745750 1198 4172
41.745787 1198 4172
41.753793 286 4172
41.753834 1198 4172
41.753867 1198 4172
41.753895 110 4172
41.753940 1198 4172
41.761788 1198 4172
41.761826 1198 4172
41.765676 1198 4172
41.765718 1198 4172
41.765751 1198 4172
41.765782 1198 4172
41.777727 1198 4172
41.777757 1198 4172
41.777790 1198 4172
41.785786 1198 4172
41.785819 542 4172
41.785855 1198 4172
41.785888 1198 4172
41.793712 1198 4172
41.793749 1198 4172
41.793785 1198 4172
41.801826 1198 4172
41.801837 1198 4172
41.801866 1198 4172
41.801893 1198 4172
41.809762 1198 4172
41.809801 1198 4172
41.809834 1198 4172
41.817770 1198 4172
41.817801 1198 4172
41.817836 702 4172
41.817869 1198 4172
41.825848 1198 4172
41.825888 1198 4172
41.825924 1198 4172
41.834113 1198 4172
41.834513 1198 4172
41.834604 1198 4172
41.842831 1198 4172
41.842874 494 4172
41.842904 1198 4172
41.849772 1198 4172
41.849823 1198 4172
41.849858 1198 4172
41.849888 1198 4172
41.855068 1198 4172
41.855110 542 4172
41.855146 1198 4172
41.855178 1198 4172
41.866903 670 4172
41.867914 1198 4172
41.867960 1198 4172
41.875997 1198 4172
41.876049 1198 4172
41.876162 1198 4172
41.876201 1198 4172
41.897223 1198 4172
41.897231 1198 4172
41.897269 1198 4172
41.919928 1198 4172
41.920154 1102 4172
41.920186 1198 4172
41.920217 1198 4172
41.920250 414 4172
41.920285 1198 4172
41.920315 1198 4172
41.920352 718 4172
41.920404 670 4172
41.921831 1198 4172
41.921878 814 4172
41.921913 782 4172
41.921943 830 4172
41.921971 830 4172
41.922004 1150 4172
41.922032 1182 4172
41.922065 1102 4172
41.922096 1198 4172
41.922126 1198 4172
41.922155 1198 4172
41.922184 1198 4172
41.922213 1198 4172
41.936074 814 4172
41.936106 990 4172
41.936144 1198 4172
41.942187 1198 4172
41.942233 1198 4172
41.942263 782 4172
41.949789 1198 4172
41.949827 1198 4172
41.949857 1198 4172
41.949886 990 4172
41.959397 1198 4172
41.959423 1198 4172
41.959451 1198 4172
41.965850 1198 4172
41.965897 1198 4172
41.965928 526 4172
41.966024 1198 4172
41.974990 1198 4172
41.975028 1198 4172
41.975059 1198 4172
41.975088 1198 4172
41.986394 1198 4172
41.986520 1198 4172
41.986534 1198 4172
41.992974 110 4172
41.993019 1102 4172
41.993050 1198 4172
41.993082 1198 4172
41.993112 1198 4172
42.000199 1198 4172
42.000249 1198 4172
42.007524 1198 4172
42.007555 1198 4172
42.007583 1198 4172
42.007610 638 4172
42.014324 1198 4172
42.014369 1198 4172
42.014401 1198 4172
42.014427 1198 4172
42.022511 1198 4172
42.022540 110 4172
42.022570 1198 4172
42.022601 1198 4172
42.029940 1198 4172
42.029997 1198 4172
42.030032 670 4172
42.030063 1198 4172
42.038790 1198 4172
42.038834 1198 4172
42.038859 1198 4172
42.038887 1198 4172
42.048477 1198 4172
42.051566 1198 4172
42.052836 1198 4172
42.053010 670 4172
42.053734 1198 4172
42.053769 1198 4172
42.067330 1198 4172
42.079247 1198 4172
42.079309 1198 4172
42.079330 1198 4172
42.079852 1198 4172
42.085753 1198 4172
42.085787 1198 4172
42.085819 1198 4172
42.085856 1198 4172
42.085880 1198 4172
42.085910 974 4172
42.085943 110 4172
42.085973 1198 4172
42.086002 1198 4172
42.086032 1198 4172
42.086063 1198 4172
42.094696 1198 4172
42.094730 1198 4172
42.094766 1198 4172
42.101783 1198 4172
42.101815 1198 4172
42.101845 1198 4172
42.109819 1198 4172
42.109864 990 4172
42.109913 1198 4172
42.117726 1198 4172
42.117766 1198 4172
42.117795 1198 4172
42.127789 1198 4172
42.127825 1198 4172
42.127857 1198 4172
42.127887 1198 4172
42.133729 1198 4172
42.133767 1198 4172
42.133812 926 4172
42.133868 1198 4172
42.141882 1198 4172
42.141945 1198 4172
42.141980 1198 4172
42.142015 1198 4172
42.153168 1198 4172
42.153191 942 4172
42.153225 1198 4172
42.153257 1198 4172
42.157726 606 4172
42.157757 1198 4172
42.157795 1198 4172
42.157821 1198 4172
42.165755 1198 4172
42.165785 1198 4172
42.165821 1198 4172
42.179166 1198 4172
42.179282 1198 4172
42.179362 1198 4172
42.179444 798 4172
42.193113 1198 4172
42.193162 1198 4172
42.193195 478 4172
42.193224 110 4172
42.193253 1198 4172
42.193281 1198 4172
42.199750 798 4172
42.199794 254 4172
42.199836 190 4172
42.199866 190 4172
42.199896 190 4172
42.199926 190 4172
42.199954 190 4172
42.199983 190 4172
42.200011 190 4172
42.200039 190 4172
42.200071 190 4172
42.200100 190 4172
42.200129 190 4172
42.200158 190 4172
42.200186 190 4172
42.200215 190 4172
42.200245 1198 4172
42.200273 1198 4172
42.200304 974 4172
42.206121 1198 4172
42.206161 894 4172
42.216438 222 4172
42.216475 190 4172
42.216506 1198 4172
42.216535 270 4172
42.216562 1198 4172
42.216590 1198 4172
42.216618 1198 4172
42.216647 1198 4172
42.216671 318 4172
42.219682 1198 4172
42.219716 1198 4172
42.219754 1102 4172
42.228262 1198 4172
42.228378 1198 4172
42.228431 1198 4172
42.230221 1198 4172
42.230259 446 4172
42.230294 1198 4172
42.230326 1198 4172
42.240578 1198 4172
42.244141 1198 4172
42.244180 1198 4172
42.260363 526 4172
42.261187 1198 4172
42.261219 1198 4172
42.261252 1198 4172
42.275577 1198 4172
42.275685 606 4172
42.275705 1198 4172
42.275752 1198 4172
42.275779 1198 4172
42.275812 1038 4172
42.275840 1198 4172
42.275868 1198 4172
42.290798 1198 4172
42.290831 1198 4172
42.290866 222 4172
42.290929 1198 4172
42.290960 1198 4172
42.290990 1198 4172
42.291018 110 4172
42.291048 1198 4172
42.291082 494 4172
42.291112 1198 4172
42.297325 1198 4172
42.297367 110 4172
42.297403 1198 4172
42.297433 1198 4172
42.297484 862 4172
42.297512 1198 4172
42.297548 1198 4172
42.306702 1198 4172
42.306751 1198 4172
42.312582 60 60000
42.316988 222 4172
42.317020 1198 4172
42.317058 1198 4172
42.317091 382 4172
42.317123 190 4172
42.317155 1198 4172
42.317186 1198 4172
42.317218 942 4172
42.326157 222 4172
42.326710 190 4172
42.326777 1198 4172
42.326813 718 4172
42.326841 1198 4172
42.326884 1198 4172
42.326909 1198 4172
42.326941 1198 4172
42.333746 1198 4172
42.333778 1198 4172
42.333813 1198 4172
42.333842 1198 4172
42.342526 1198 4172
42.342550 286 4172
42.342585 1198 4172
42.342614 1198 4172
42.349743 1198 4172
42.349779 1198 4172
42.349812 1198 4172
42.349841 1198 4172
42.357725 1198 4172
42.357761 334 4172
42.363033 1198 4172
42.363082 1198 4172
42.363112 1198 4172
42.363141 1198 4172
42.377743 1198 4172
42.377840 1198 4172
42.378075 1198 4172
42.378114 1198 4172
42.381900 110 4172
42.381942 1198 4172
42.381996 750 4172
42.382029 1198 4172
42.393798 1198 4172
42.393964 1198 4172
42.396585 1198 4172
42.396628 1198 4172
42.397683 1198 4172
42.397717 1198 4172
42.397751 1198 4172
42.397787 1198 4172
42.405717 1198 4172
42.405755 766 4172
42.405791 1198 4172
42.405825 1198 4172
42.413730 1198 4172
42.414362 1198 4172
42.414397 1198 4172
42.423863 1198 4172
42.423924 1198 4172
42.423958 1198 4172
42.423988 1198 4172
42.429720 414 4172
42.429760 1198 4172
42.429803 1198 4172
42.429835 1198 4172
42.467066 1198 4172
42.467478 1198 4172
42.467695 1198 4172
42.469764 1198 4172
42.469799 1198 4172
42.469828 254 4172
42.469861 1198 4172
42.469893 1198 4172
42.469923 1198 4172
42.469953 1198 4172
42.469984 1198 4172
42.470018 1198 4172
42.470048 1198 4172
42.470080 1198 4172
42.470109 1198 4172
42.470140 206 4172
42.470171 1198 4172
42.470201 1198 4172
42.470231 1198 4172
42.474680 1198 4172
42.474724 1198 4172
42.474756 1198 4172
42.474785 110 4172
42.474815 1198 4172
42.485829 1198 4172
42.486310 606 4172
42.486398 1198 4172
42.493841 1198 4172
42.494344 1198 4172
42.494393 1198 4172
42.501734 1198 4172
42.501766 1198 4172
42.501799 1198 4172
42.501833 1198 4172
42.509801 1198 4172
42.509819 926 4172
42.509849 1198 4172
42.509881 1198 4172
42.518013 1198 4172
42.518047 1198 4172
42.518082 1198 4172
42.525745 1198 4172
42.525773 1198 4172
42.525811 1022 4172
42.525844 1198 4172
42.534707 1198 4172
42.534867 1198 4172
42.534925 1198 4172
42.535030 1198 4172
42.544936 190 4172
42.547179 1198 4172
42.547358 1198 4172
42.547464 1198 4172
42.547614 1198 4172
42.550092 398 4172
42.550157 1198 4172
42.550778 910 4172
42.557738 110 4172
42.557773 222 4172
42.557811 174 4172
42.557845 1198 4172
42.557877 750 4172
42.557928 1198 4172
42.557968 1198 4172
42.562048 334 4172
42.562099 1198 4172
42.562137 1198 4172
42.562170 1198 4172
42.573972 1198 4172
42.573998 1198 4172
42.574033 1198 4172
42.574065 974 4172
42.581721 1198 4172
42.581748 1198 4172
42.581784 110 4172
42.581834 1198 4172
42.589736 1198 4172
42.589768 1198 4172
42.589804 1198 4172
42.589835 1198 4172
42.597747 1198 4172
42.597781 1166 4172
42.597818 1198 4172
42.597847 1198 4172
42.605687 1198 4172
42.605719 1198 4172
42.605754 1198 4172
42.605787 1198 4172
42.613704 1198 4172
42.613735 1198 4172
42.613769 1198 4172
42.621746 1198 4172
42.621780 686 4172
42.621815 1198 4172
42.621849 1198 4172
42.629726 1198 4172
42.629758 1198 4172
42.629795 1198 4172
42.629826 1198 4172
42.638104 1198 4172
42.638561 1198 4172
42.638601 1198 4172
42.645705 718 4172
42.645833 1198 4172
42.645873 1198 4172
42.645922 1198 4172
42.652550 1198 4172
42.652647 1198 4172
42.652682 1198 4172
42.661718 1198 4172
42.661744 1198 4172
42.661803 1198 4172
42.661838 1198 4172
42.672233 686 4172
42.672270 1198 4172
42.672303 1198 4172
42.672329 1198 4172
42.677718 1198 4172
42.677756 110 4172
42.677810 1198 4172
42.677841 1198 4172
42.677881 1198 4172
42.687463 1198 4172
42.687497 1198 4172
42.687525 126 4172
42.693645 1198 4172
42.693686 1198 4172
42.693722 1198 4172
42.693754 1198 4172
42.701735 1198 4172
42.701763 1198 4172
42.701801 1198 4172
42.701825 1198 4172
42.709780 1198 4172
42.709797 1198 4172
42.709830 1198 4172
42.709859 318 4172
42.720214 1198 4172
42.720249 1198 4172
42.720277 1198 4172
42.720306 1198 4172
42.725720 1198 4172
42.725756 1198 4172
42.725801 1198 4172
42.734196 1198 4172
42.737189 1198 4172
42.737210 590 4172
42.737260 1198 4172
42.737616 1198 4172
42.737653 1198 4172
42.737691 1198 4172
42.737723 1198 4172
42.749812 1198 4172
42.749833 1198 4172
42.749864 1198 4172
42.749896 1198 4172
42.757718 1198 4172
42.757765 398 4172
42.757803 1198 4172
42.757833 1198 4172
42.765719 1198 4172
42.765820 1198 4172
42.765820 1198 4172
42.765895 1198 4172
42.773946 1198 4172
42.773972 1198 4172
42.774002 702 4172
42.774039 1198 4172
42.781796 1198 4172
42.781846 110 4172
42.781888 1198 4172
42.781928 1198 4172
42.781966 1198 4172
42.789662 814 4172
42.789704 174 4172
42.789734 1198 4172
42.789765 1198 4172
42.789802 1198 4172
42.797827 1198 4172
42.797869 542 4172
42.797913 1198 4172
42.797954 1198 4172
42.805805 366 4172
42.805856 302 4172
42.805897 1198 4172
42.805936 974 4172
42.805976 1198 4172
42.806013 1198 4172
42.813792 1198 4172
42.813841 1198 4172
42.813893 1198 4172
42.813933 1198 4172
42.821723 1198 4172
42.821774 1198 4172
42.821823 110 4172
42.821867 110 4172
42.821905 110 4172
42.821942 750 4172
42.826596 1198 4172
42.826640 1198 4172
42.826679 1198 4172
42.837772 1198 4172
42.837793 1198 4172
42.837935 1198 4172
42.837942 1198 4172
42.845662 910 4172
42.845707 1198 4172
42.845763 1198 4172
42.853753 1198 4172
42.853809 1198 4172
42.853852 1198 4172
42.853891 1198 4172
42.861793 1198 4172
42.861829 1198 4172
42.861869 1198 4172
42.861908 1198 4172
42.869718 238 4172
42.869774 1198 4172
42.869823 1198 4172
42.869862 1198 4172
42.877772 1198 4172
42.877811 1198 4172
42.877849 1198 4172
42.877893 110 4172
42.877936 1198 4172
42.885780 1198 4172
42.885829 1198 4172
42.885871 1198 4172
42.885910 1198 4172
42.893762 334 4172
42.893817 1198 4172
42.893850 1198 4172
42.901732 1198 4172
42.901790 1198 4172
42.901836 1198 4172
42.909815 1198 4172
42.909859 1198 4172
42.909914 1198 4172
42.909958 382 4172
42.910000 1198 4172
42.913672 1198 4172
42.913712 1198 4172
42.913756 1198 4172
42.913799 1198 4172
42.925826 1198 4172
42.925900 1198 4172
42.925999 1198 4172
42.926005 1198 4172
42.933730 1198 4172
42.933767 1102 4172
42.933818 1198 4172
42.933855 1198 4172
42.941855 1198 4172
42.941907 1198 4172
42.941952 1198 4172
42.941997 1198 4172
42.949763 1198 4172
42.949812 1198 4172
42.949856 1198 4172
42.949897 1198 4172
42.957776 126 4172
42.957818 1198 4172
42.957867 1198 4172
42.957907 1198 4172
42.965716 1198 4172
42.965758 1198 4172
42.965811 1198 4172
42.965855 1198 4172
42.973823 1198 4172
42.973867 1198 4172
42.973909 462 4172
42.973949 1198 4172
42.981751 1198 4172
42.981797 110 4172
42.981834 1198 4172
42.981878 1198 4172
42.981919 1198 4172
42.989755 1198 4172
42.989811 1198 4172
42.989848 1198 4172
42.997752 654 4172
42.997798 1198 4172
42.997839 1198 4172
42.997872 1198 4172
43.001986 1198 4172
43.002039 1198 4172
43.002078 1198 4172
43.002117 1198 4172
43.013829 1198 4172
43.013899 1198 4172
43.013900 1198 4172
43.013974 254 4172
43.013977 1198 4172
43.021735 1198 4172
43.021777 1198 4172
43.021812 1198 4172
43.021847 1198 4172
43.045602 894 4172
43.045654 158 4172
43.045694 190 4172
43.085833 110 4172
43.089686 110 4172
43.089729 110 4172
43.089770 110 4172
43.133817 238 4172
43.178132 110 4172
43.186360 158 4172
43.198172 158 4172
43.206130 142 4172
43.214193 142 4172
43.221737 174 4172
43.234307 126 4172
43.242170 206 4172
43.250610 238 4172
43.262469 1198 4172
43.262561 1198 4172
43.262563 542 4172
43.265676 590 4172
43.274324 110 4172
43.282061 222 4172
43.295037 174 4172
43.303271 1198 4172
43.303313 1198 4172
43.303354 1198 4172
43.303397 1198 4172
43.303436 1198 4172
43.303474 1150 4172
43.309805 1198 4172
43.309851 1198 4172
43.309891 1198 4172
43.309929 1198 4172
43.309965 1198 4172
43.310002 1198 4172
43.310043 1198 4172
43.310080 318 4172
43.323630 1198 4172
43.323705 1198 4172
43.323716 1198 4172
43.323754 1198 4172
43.323803 1198 4172
43.323838 1198 4172
43.323876 1198 4172
43.323914 1006 4172
43.331447 1198 4172
43.331505 1198 4172
43.331544 1198 4172
43.331583 1198 4172
43.331619 1198 4172
43.331658 1198 4172
43.331701 1198 4172
43.331736 286 4172
43.339578 1198 4172
43.339597 1198 4172
43.339647 1198 4172
43.339693 1198 4172
43.339733 1198 4172
43.339772 1198 4172
43.339811 1198 4172
43.339851 862 4172
43.339890 1198 4172
43.347291 1198 4172
43.347331 1198 4172
43.347372 1198 4172
43.347436 1198 4172
43.347486 1198 4172
43.347524 1198 4172
43.347561 1198 4172
43.347597 1198 4172
43.347633 526 4172
43.353895 1198 4172
43.353943 1198 4172
43.353981 1198 4172
43.354021 1198 4172
43.354059 110 4172
43.354098 110 4172
43.354137 110 4172
43.354176 1198 4172
43.354214 1198 4172
43.354252 1198 4172
43.354290 398 4172
43.367148 1198 4172
43.367187 1198 4172
43.367227 1198 4172
43.367268 1198 4172
43.367309 1198 4172
43.367345 1198 4172
43.367381 798 4172
43.378667 110 4172
43.378795 1198 4172
43.378798 1198 4172
43.378835 1198 4172
43.378874 1198 4172
43.378912 1198 4172
43.378949 430 4172
43.390139 1198 4172
43.390267 1198 4172
43.390269 1086 4172
43.397673 510 4172
43.441673 1198 4172
43.441717 1198 4172
43.441771 1198 4172
43.441815 1198 4172
43.441855 1198 4172
43.441897 750 4172
43.485780 110 4172
43.573770 110 4172
43.661731 110 4172
43.661863 110 4172
43.925743 110 4172
43.925877 110 4172
43.925936 110 4172
43.969673 110 4172
44.101813 110 4172
44.189863 110 4172
44.189979 110 4172
44.190025 110 4172
44.453764 110 4172
44.717692 110 4172
44.966324 110 4172
44.981712 110 4172
45.069745 110 4172
45.245638 110 4172
45.509829 110 4172
45.769937 110 4172
45.989714 110 4172
46.033766 110 4172
46.077612 110 4172
46.297956 110 4172
46.561741 110 4172
47.001992 110 4172
47.086087 110 4172
48.001825 110 4172
48.089845 110 4172
48.969646 110 4172
49.101719 110 4172
49.273790 110 4172
49.973591 110 4172
50.105882 110 4172
50.985921 110 4172
51.073699 110 4172
51.989768 110 4172
52.077670 110 4172
52.997665 110 4172
53.085715 110 4172
54.005733 110 4172
54.093685 110 4172
54.577722 110 4172
54.973603 110 4172
55.105668 110 4172
55.969605 110 4172
56.101667 110 4172
56.977687 110 4172
57.109635 110 4172
57.241773 110 4172
57.986379 110 4172
58.073491 110 4172
58.993528 110 4172
59.081642 110 4172
59.873684 110 4172
60.001607 110 4172
60.089610 110 4172
61.009567 110 4172
61.097670 110 4172
61.977573 110 4172
62.109649 110 4172
62.558167 110 4172
62.561993 1198 4172
62.562031 1198 4172
62.562069 1198 4172
62.562104 1198 4172
62.562138 1198 4172
62.562181 830 4172
62.562215 1198 4172
62.562249 1198 4172
62.562283 1198 4172
62.562317 1198 4172
62.562353 1198 4172
62.562391 718 4172
62.566636 1198 4172
62.566698 1198 4172
62.566736 1198 4172
62.566772 558 4172
62.566814 1198 4172
62.566849 1198 4172
62.566882 1198 4172
62.566915 1198 4172
62.566948 1198 4172
62.566988 1198 4172
62.567021 398 4172
62.574122 1198 4172
62.574167 1198 4172
62.574205 1198 4172
62.574244 1198 4172
62.574296 1198 4172
62.574331 1198 4172
62.574362 1198 4172
62.574395 1198 4172
62.574427 1198 4172
62.587558 302 4172
62.587598 126 4172
62.587626 1198 4172
62.587652 1198 4172
62.587676 1198 4172
62.587699 1198 4172
62.587745 1198 4172
62.587782 1198 4172
62.587807 1198 4172
62.587831 1198 4172
62.587855 1198 4172
62.587884 1198 4172
62.599706 1198 4172
62.599788 1198 4172
62.599821 1198 4172
62.599848 1198 4172
62.599877 1198 4172
62.599902 1198 4172
62.605518 1198 4172
62.605554 1198 4172
62.605584 1198 4172
62.605616 1198 4172
62.605661 1198 4172
62.613512 1198 4172
62.613558 1198 4172
62.613593 894 4172
62.613622 1198 4172
62.621308 1198 4172
62.621503 1198 4172
62.621535 1198 4172
62.621585 1198 4172
62.629589 1198 4172
62.629626 1198 4172
62.629658 1198 4172
62.629687 1198 4172
62.637575 1198 4172
62.637615 1198 4172
62.637649 334 4172
62.637688 1198 4172
62.645531 1198 4172
62.645565 1198 4172
62.645601 1198 4172
62.645634 1198 4172
62.649467 1198 4172
62.649527 1198 4172
62.649558 1198 4172
62.649592 1198 4172
62.661491 1198 4172
62.661533 1198 4172
62.661557 1198 4172
62.661590 1198 4172
62.669636 1198 4172
62.669667 1198 4172
62.669703 1198 4172
62.669734 1198 4172
62.677483 1166 4172
62.677522 1198 4172
62.677555 1198 4172
62.677588 1198 4172
62.685625 1198 4172
62.685746 1198 4172
62.685790 1198 4172
62.686007 1198 4172
62.693582 1198 4172
62.693616 1198 4172
62.693647 1198 4172
62.693674 1198 4172
62.701609 1198 4172
62.701648 1198 4172
62.701675 1198 4172
62.701703 1198 4172
62.709565 878 4172
62.709605 1198 4172
62.709640 1198 4172
62.709671 1198 4172
62.709702 1198 4172
62.717511 1198 4172
62.717552 1198 4172
62.717582 1198 4172
62.717611 1198 4172
62.725514 1198 4172
62.725550 1198 4172
62.725583 1198 4172
62.733519 1198 4172
62.733549 1198 4172
62.733581 1198 4172
62.733612 1198 4172
62.741705 1198 4172
62.741747 1198 4172
62.741780 350 4172
62.741812 1198 4172
62.741852 1198 4172
62.745990 1006 4172
62.747924 1198 4172
62.747974 462 4172
62.748008 1198 4172
62.757611 1198 4172
62.757654 1198 4172
62.757687 1198 4172
62.757718 1198 4172
62.757750 1198 4172
62.765624 1198 4172
62.765666 1198 4172
62.765704 1198 4172
62.765737 1198 4172
62.773674 414 4172
62.773708 1198 4172
62.773736 1198 4172
62.773763 350 4172
62.773793 590 4172
62.773855 1198 4172
62.781685 1198 4172
62.781722 1198 4172
62.781753 1198 4172
62.781783 1198 4172
62.789597 1198 4172
62.789645 1198 4172
62.789679 1198 4172
62.789713 462 4172
62.798080 1198 4172
62.798133 1198 4172
62.798164 718 4172
62.798205 1198 4172
62.798246 1198 4172
62.805588 1198 4172
62.805701 1198 4172
62.806060 286 4172
62.806763 1198 4172
62.806795 1198 4172
62.813620 1198 4172
62.813655 158 4172
62.813690 1198 4172
62.813722 1198 4172
62.821574 1198 4172
62.821610 1198 4172
62.821641 974 4172
62.821682 110 4172
62.821721 1198 4172
62.821762 1198 4172
62.829554 1198 4172
62.829596 1198 4172
62.829656 1198 4172
62.829691 1198 4172
62.834232 1198 4172
62.834269 1198 4172
62.834312 718 4172
62.834346 1198 4172
62.845585 1198 4172
62.845619 1198 4172
62.845650 1198 4172
62.845681 1198 4172
62.853471 1198 4172
62.853509 1198 4172
62.853540 1198 4172
62.853570 1198 4172
62.861650 1198 4172
62.861695 1198 4172
62.861730 606 4172
62.861764 1198 4172
62.861795 1198 4172
62.869583 1198 4172
62.869627 1198 4172
62.869662 1198 4172
62.869698 1198 4172
62.877625 1198 4172
62.877663 1198 4172
62.877698 1198 4172
62.877730 1198 4172
62.885464 1198 4172
62.885510 1198 4172
62.885549 926 4172
62.885586 1198 4172
62.893852 1198 4172
62.893916 1198 4172
62.893951 1198 4172
62.893983 1198 4172
62.901417 1198 4172
62.901456 1198 4172
62.901487 1198 4172
62.901516 1198 4172
62.909565 1198 4172
62.909607 1198 4172
62.909642 1198 4172
62.909674 1134 4172
62.917497 1198 4172
62.917534 1198 4172
62.917566 1198 4172
62.917596 1198 4172
62.921426 1198 4172
62.921523 1198 4172
62.921550 1198 4172
62.933471 1198 4172
62.933507 1198 4172
62.933532 1198 4172
62.933565 1198 4172
62.941532 1198 4172
62.941577 1198 4172
62.941611 926 4172
62.941643 1198 4172
62.949443 1198 4172
62.949479 1198 4172
62.949506 1198 4172
62.949532 1198 4172
62.957474 1198 4172
62.957510 1198 4172
62.957542 1198 4172
62.957573 1198 4172
62.965467 1198 4172
62.965507 1198 4172
62.965537 1198 4172
62.965567 1198 4172
62.973512 1198 4172
62.973545 1198 4172
62.973579 1006 4172
62.973612 1198 4172
62.981438 110 4172
62.981485 1198 4172
62.981518 1198 4172
62.981549 1198 4172
62.981580 1198 4172
62.989476 1198 4172
62.989515 1198 4172
62.989549 1198 4172
62.989579 1198 4172
62.997554 1198 4172
62.997592 1198 4172
62.997626 286 4172
62.997658 1198 4172
62.997689 1198 4172
63.005490 1198 4172
63.005519 1198 4172
63.005551 1198 4172
63.005581 1198 4172
63.009480 1198 4172
63.009526 1198 4172
63.009563 862 4172
63.009601 1198 4172
63.021630 910 4172
63.021670 1198 4172
63.021700 1198 4172
63.021731 1198 4172
63.021760 1198 4172
63.029503 1198 4172
63.029549 1198 4172
63.029590 1198 4172
63.029619 1198 4172
63.037543 1198 4172
63.037581 558 4172
63.037616 1198 4172
63.037645 1198 4172
63.037672 238 4172
63.037701 414 4172
63.047363 846 4172
63.047404 1198 4172
63.047437 1198 4172
63.047469 1198 4172
63.047498 1198 4172
63.058106 798 4172
63.058150 1198 4172
63.058185 1198 4172
63.058212 1198 4172
63.061504 1198 4172
63.061543 1118 4172
63.061579 1198 4172
63.061610 1198 4172
63.075516 1198 4172
63.075560 1198 4172
63.075593 1198 4172
63.075619 1198 4172
63.077469 1198 4172
63.077505 1198 4172
63.077535 110 4172
63.077563 1198 4172
63.077591 1198 4172
63.089295 1198 4172
63.089398 1198 4172
63.089954 110 4172
63.089995 1198 4172
63.090028 398 4172
63.090061 1198 4172
63.090106 1198 4172
63.093509 1198 4172
63.093542 1198 4172
63.093578 926 4172
63.093611 1198 4172
63.102655 1198 4172
63.102750 1198 4172
63.102771 878 4172
63.102797 1198 4172
63.112157 286 4172
63.112198 1198 4172
63.112228 1198 4172
63.112261 1198 4172
63.112292 222 4172
63.112324 1198 4172
63.118730 1198 4172
63.118769 1198 4172
63.118798 1198 4172
63.118827 1198 4172
63.126280 382 4172
63.126313 158 4172
63.126350 1006 4172
63.126383 1198 4172
63.126415 1198 4172
63.126446 1198 4172
63.136224 1198 4172
63.136255 1198 4172
63.136284 1198 4172
63.136311 1198 4172
63.142918 1198 4172
63.142953 190 4172
63.142988 1198 4172
63.143020 1198 4172
63.143052 1198 4172
63.149568 702 4172
63.149612 1198 4172
63.149641 1198 4172
63.149669 1198 4172
63.149696 1198 4172
63.157496 1198 4172
63.157534 398 4172
63.157568 1198 4172
63.157599 1198 4172
63.157630 1198 4172
63.167063 1198 4172
63.167104 1198 4172
63.167132 1198 4172
63.167158 1198 4172
63.173512 1198 4172
63.173549 718 4172
63.173579 1198 4172
63.173607 1198 4172
63.184507 1198 4172
63.184603 110 4172
63.184623 1198 4172
63.184649 1198 4172
63.184678 1198 4172
63.184704 1198 4172
63.189495 1198 4172
63.189532 1198 4172
63.189561 1198 4172
63.189589 1198 4172
63.198671 1198 4172
63.198700 1070 4172
63.198726 1198 4172
63.198750 1198 4172
63.205476 1198 4172
63.205502 1198 4172
63.205536 1198 4172
63.205567 1198 4172
63.213490 1198 4172
63.213522 1198 4172
63.213554 1198 4172
63.213587 1198 4172
63.222113 1198 4172
63.222149 1198 4172
63.222178 1198 4172
63.222205 1102 4172
63.222239 1198 4172
63.229989 1198 4172
63.230023 1198 4172
63.230055 1198 4172
63.230087 1198 4172
63.237439 1198 4172
63.237480 1198 4172
63.237512 1198 4172
63.237544 1198 4172
63.244800 1198 4172
63.244845 1198 4172
63.244877 1198 4172
63.244908 1198 4172
63.253456 1198 4172
63.253492 1198 4172
63.253523 1198 4172
63.253551 1198 4172
63.262334 1198 4172
63.262445 190 4172
63.262463 1198 4172
63.262490 1198 4172
63.262517 1198 4172
63.269405 1198 4172
63.269454 1198 4172
63.269484 1198 4172
63.269511 1198 4172
63.269538 1198 4172
63.278033 110 4172
63.278070 286 4172
63.278095 1198 4172
63.278128 1198 4172
63.278159 1198 4172
63.292977 1198 4172
63.293021 1198 4172
63.293050 1198 4172
63.293472 1198 4172
63.293507 1198 4172
63.293540 1198 4172
63.293573 1198 4172
63.301892 1198 4172
63.301938 1198 4172
63.301965 1198 4172
63.301996 734 4172
63.302026 286 4172
63.310792 942 4172
63.310914 1198 4172
63.310959 558 4172
63.310990 926 4172
63.311019 1198 4172
63.317638 1198 4172
63.317686 238 4172
63.317740 1198 4172
63.317780 1198 4172
63.317817 1198 4172
63.327423 1198 4172
63.327479 1198 4172
63.327522 1102 4172
63.327564 1198 4172
63.327603 1198 4172
63.333517 1134 4172
63.333603 1198 4172
63.333653 1198 4172
63.333693 1198 4172
63.342623 1198 4172
63.342677 238 4172
63.342717 1198 4172
63.342753 1198 4172
63.342789 1198 4172
63.349507 1198 4172
63.349559 110 4172
63.349602 830 4172
63.349641 1198 4172
63.349678 1198 4172
63.357638 1198 4172
63.357680 1198 4172
63.357721 1198 4172
63.357760 1070 4172
63.357801 1198 4172
63.365759 1198 4172
63.365819 1198 4172
63.365850 1198 4172
63.365898 1198 4172
63.373700 1198 4172
63.373738 1038 4172
63.373778 1198 4172
63.373812 1198 4172
63.377500 1198 4172
63.377562 1198 4172
63.377606 1198 4172
63.377645 1198 4172
63.377686 1198 4172
63.390372 1198 4172
63.390428 1198 4172
63.390464 1198 4172
63.390504 638 4172
63.390541 1198 4172
63.397571 1198 4172
63.397692 1198 4172
63.397732 1198 4172
63.397771 1198 4172
63.405599 1198 4172
63.405630 206 4172
63.405671 1198 4172
63.405718 1198 4172
63.405757 1198 4172
63.413570 830 4172
63.413614 1198 4172
63.413655 1086 4172
63.413693 830 4172
63.413730 158 4172
63.413771 1118 4172
63.421583 190 4172
63.421633 1198 4172
63.421676 1198 4172
63.421715 1198 4172
63.429558 1198 4172
63.429603 1198 4172
63.429645 1166 4172
63.429689 1198 4172
63.429726 350 4172
63.437582 1198 4172
63.437626 446 4172
63.437667 1198 4172
63.437702 766 4172
63.437744 1198 4172
63.437780 1038 4172
63.445575 1198 4172
63.445620 1198 4172
63.445658 510 4172
63.445699 1198 4172
63.445736 1198 4172
63.453613 1198 4172
63.453663 1198 4172
63.453706 1198 4172
63.453745 1198 4172
63.461548 1198 4172
63.461627 286 4172
63.461670 1198 4172
63.461717 1198 4172
63.461761 558 4172
63.465523 590 4172
63.465570 1198 4172
63.465632 270 4172
63.465678 574 4172
63.465722 158 4172
63.465761 1102 4172
63.465798 126 4172
63.509612 270 4172
63.509685 1006 4172
63.553508 190 4172
63.575937 158 4172
63.597410 510 4172
63.641579 110 4172
63.641635 286 4172
63.778304 1198 4172
63.778394 1198 4172
63.778439 1118 4172
63.817564 910 4172
63.821493 1198 4172
63.821529 1198 4172
63.821564 1198 4172
63.821591 1198 4172
63.821622 1198 4172
63.821648 1198 4172
63.821674 1198 4172
63.821700 110 4172
63.825821 1198 4172
63.825860 1198 4172
63.825893 1198 4172
63.825924 1198 4172
63.825954 1198 4172
63.825983 1198 4172
63.826014 238 4172
63.826043 1198 4172
63.826072 622 4172
63.826101 1198 4172
63.826131 766 4172
63.826163 1198 4172
63.826192 1198 4172
63.826222 1198 4172
63.826251 926 4172
63.826281 1198 4172
63.826310 1198 4172
63.826361 1198 4172
63.826390 270 4172
63.833551 1198 4172
63.833600 1198 4172
63.833642 830 4172
63.833680 1198 4172
63.833717 1198 4172
63.833754 1198 4172
63.833791 1198 4172
63.841615 1198 4172
63.841660 1198 4172
63.841698 126 4172
63.841739 1198 4172
63.841776 1198 4172
63.841814 1198 4172
63.841849 1198 4172
63.849536 1198 4172
63.849577 1198 4172
63.849616 1198 4172
63.849660 1198 4172
63.849698 1198 4172
63.849735 1198 4172
63.849772 1198 4172
63.849808 1198 4172
63.857529 1198 4172
63.857584 1198 4172
63.857633 1198 4172
63.857672 1198 4172
63.861470 622 4172
63.861513 1198 4172
63.861551 1198 4172
63.861600 1198 4172
63.861639 1198 4172
63.873581 1198 4172
63.873623 1198 4172
63.873662 1198 4172
63.873824 1198 4172
63.881543 1198 4172
63.881594 1198 4172
63.881639 1198 4172
63.881678 1198 4172
63.889557 1198 4172
63.889608 334 4172
63.889649 1198 4172
63.889687 1198 4172
63.889725 1198 4172
63.897551 1198 4172
63.897598 1198 4172
63.897635 1198 4172
63.897673 1198 4172
63.905578 1198 4172
63.905639 142 4172
63.905688 1198 4172
63.905741 1198 4172
63.905866 1198 4172
63.913580 1198 4172
63.913615 1198 4172
63.913651 1198 4172
63.913689 1198 4172
63.921450 110 4172
63.921513 1198 4172
63.921563 1198 4172
63.921610 1198 4172
63.921654 782 4172
63.921699 1198 4172
63.929818 1198 4172
63.929861 1198 4172
63.929891 1198 4172
63.929924 1198 4172
63.937482 1198 4172
63.937514 1198 4172
63.937547 1198 4172
63.937578 1198 4172
63.937611 1198 4172
63.945501 142 4172
63.945536 1198 4172
63.945571 1198 4172
63.945620 510 4172
63.945711 302 4172
63.945752 1198 4172
63.949409 1198 4172
63.949451 1198 4172
63.949484 1198 4172
63.949515 1198 4172
63.966524 1198 4172
63.966560 1198 4172
63.966592 702 4172
63.973858 110 4172
63.973898 1198 4172
63.980133 750 4172
63.993434 366 4172
63.993472 478 4172
64.037463 382 4172
64.037534 1198 4172
64.037569 1198 4172
64.037604 1198 4172
64.037635 302 4172
64.066551 254 4172
64.066600 1198 4172
64.066636 638 4172
64.066670 718 4172
64.077697 110 4172
64.081438 526 4172
64.166616 110 4172
64.166675 110 4172
64.166711 110 4172
64.166744 350 4172
64.166779 270 4172
64.169407 110 4172
64.213521 158 4172
64.246339 142 4172
64.257606 750 4172
64.257653 1198 4172
64.257693 1198 4172
64.257733 1198 4172
64.257771 1086 4172
64.257807 1198 4172
64.257844 1198 4172
64.257882 526 4172
64.257926 1198 4172
64.257964 1198 4172
64.258000 1166 4172
64.258037 1198 4172
64.258073 1198 4172
64.258110 1198 4172
64.258146 462 4172
64.258183 158 4172
64.277029 110 4172
64.279021 1198 4172
64.279257 142 4172
64.301548 1198 4172
64.301649 1198 4172
64.301715 1198 4172
64.301786 478 4172
64.366547 1198 4172
64.366608 1198 4172
64.366651 110 4172
64.376561 110 4172
64.389551 430 4172
64.427863 414 4172
64.427890 110 4172
64.427930 110 4172
64.427988 110 4172
64.433470 350 4172
64.477586 110 4172
64.574002 110 4172
64.609455 606 4172
64.653419 446 4172
64.697633 414 4172
64.697669 110 4172
64.697705 110 4172
64.697735 110 4172
64.741431 366 4172
64.778304 398 4172
64.785568 382 4172
64.785610 302 4172
64.829621 478 4172
64.873617 1198 4172
64.873714 462 4172
64.957599 110 4172
64.957692 110 4172
64.957726 110 4172
