0.019695 110 4172
0.028870 110 4172
0.110905 1198 4172
0.110951 1198 4172
0.110995 126 4172
0.111034 1198 4172
0.111072 1198 4172
0.111106 334 4172
0.274932 110 4172
0.561832 110 4172
0.613912 1198 4172
0.614032 1198 4172
0.614058 526 4172
0.614119 1166 4172
0.614767 1198 4172
0.614799 558 4172
0.614831 1102 4172
0.614856 974 4172
0.614879 1198 4172
0.614902 142 4172
0.615816 1198 4172
0.615844 254 4172
0.615877 1198 4172
0.615901 1198 4172
0.615930 1102 4172
0.615959 158 4172
0.643887 158 4172
0.647828 1198 4172
0.648854 1198 4172
0.648904 1198 4172
0.648945 1150 4172
0.656149 1198 4172
0.656191 1198 4172
0.656233 1198 4172
0.656262 1198 4172
0.656291 1198 4172
0.656320 1198 4172
0.656343 1198 4172
0.656369 1198 4172
0.656402 1198 4172
0.656430 1198 4172
0.656455 1198 4172
0.656480 1198 4172
0.656505 1198 4172
0.656527 1198 4172
0.656557 254 4172
0.661845 1198 4172
0.661874 1198 4172
0.661903 1198 4172
0.661930 1198 4172
0.661953 1198 4172
0.661979 1198 4172
0.662007 1198 4172
0.662033 1198 4172
0.662059 1198 4172
0.662089 1198 4172
0.662116 1198 4172
0.662141 1198 4172
0.662168 1198 4172
0.662193 1198 4172
0.662219 1198 4172
0.662245 1198 4172
0.662271 1198 4172
0.662966 590 4172
0.662995 1198 4172
0.669999 1198 4172
0.670032 1198 4172
0.670057 1198 4172
0.670084 1198 4172
0.670112 1198 4172
0.670138 1198 4172
0.670167 1198 4172
0.674846 1198 4172
0.674872 1198 4172
0.674902 1198 4172
0.674925 1198 4172
0.674951 1198 4172
0.674978 1198 4172
0.680807 1198 4172
0.680838 1198 4172
0.680869 1198 4172
0.680904 318 4172
0.684813 1198 4172
0.684850 1198 4172
0.684872 1198 4172
0.684893 1198 4172
0.692833 1198 4172
0.692870 1198 4172
0.692900 1198 4172
0.698937 1198 4172
0.698969 1198 4172
0.699001 1198 4172
0.704844 1198 4172
0.704879 686 4172
0.704911 1198 4172
0.704940 1198 4172
0.704969 1198 4172
0.710834 1198 4172
0.710862 1198 4172
0.710892 1198 4172
0.716922 1198 4172
0.716956 1198 4172
0.716980 1198 4172
0.717009 1198 4172
0.722851 1198 4172
0.722880 1198 4172
0.722906 1198 4172
0.722933 1198 4172
0.725809 1198 4172
0.725849 1198 4172
0.725878 1198 4172
0.734903 1198 4172
0.735030 1198 4172
0.735048 1198 4172
0.740852 1198 4172
0.740881 462 4172
0.740909 1198 4172
0.740935 1198 4172
0.747880 1198 4172
0.747912 1198 4172
0.747944 1198 4172
0.747965 1198 4172
0.752845 1198 4172
0.752885 1198 4172
0.752915 1118 4172
0.758878 1198 4172
0.758909 1198 4172
0.758936 1198 4172
0.764892 1198 4172
0.764928 1198 4172
0.764951 1086 4172
0.764976 414 4172
0.764999 958 4172
0.766740 1198 4172
0.766775 1198 4172
0.766804 670 4172
0.766833 1198 4172
0.776851 1198 4172
0.777153 1198 4172
0.777228 1198 4172
0.782867 1198 4172
0.782893 1198 4172
0.782923 1198 4172
0.788833 686 4172
0.788858 1198 4172
0.788883 1198 4172
0.788909 1198 4172
0.794953 1198 4172
0.794990 1198 4172
0.795021 110 4172
0.795044 1198 4172
0.795067 1198 4172
0.800840 1198 4172
0.800872 382 4172
0.800899 1198 4172
0.800929 1198 4172
0.806845 1198 4172
0.806879 1198 4172
0.806916 1198 4172
0.806945 1198 4172
0.807776 1198 4172
0.807804 1198 4172
0.807826 478 4172
0.807848 1198 4172
0.818830 1198 4172
0.818861 1198 4172
0.818885 1198 4172
0.818913 1198 4172
0.824844 1198 4172
0.824873 510 4172
0.824899 1198 4172
0.824928 1198 4172
0.824962 1198 4172
0.830842 1198 4172
0.830872 1198 4172
0.836806 1198 4172
0.836843 1198 4172
0.836873 1198 4172
0.836903 382 4172
0.836930 1198 4172
0.843175 1198 4172
0.843246 1198 4172
0.843281 1198 4172
0.843311 1198 4172
0.848857 1198 4172
0.848903 670 4172
0.848930 1198 4172
0.848963 1198 4172
0.854825 1198 4172
0.854853 382 4172
0.854882 430 4172
0.854907 1198 4172
0.854935 126 4172
0.854961 174 4172
0.854995 1198 4172
0.860832 1198 4172
0.860868 1198 4172
0.860898 1198 4172
0.866862 1198 4172
0.866897 398 4172
0.866926 1198 4172
0.866955 1198 4172
0.866988 1198 4172
0.872845 1198 4172
0.872876 1102 4172
0.872904 1198 4172
0.878880 1198 4172
0.878917 1198 4172
0.878947 1198 4172
0.878976 894 4172
0.884853 1038 4172
0.884888 1198 4172
0.884914 1198 4172
0.884937 1198 4172
0.891863 1198 4172
0.891898 1198 4172
0.891924 1198 4172
0.897457 1198 4172
0.897502 1198 4172
0.897518 638 4172
0.897546 158 4172
0.897568 142 4172
0.897589 494 4172
0.897842 270 4172
0.900687 254 4172
0.900721 270 4172
0.900756 1198 4172
0.905893 1198 4172
0.905928 1198 4172
0.905959 1198 4172
0.905989 1198 4172
0.906017 1198 4172
0.906046 1198 4172
0.911814 1198 4172
0.911845 1198 4172
0.911870 1198 4172
0.917807 1198 4172
0.917836 222 4172
0.917877 1198 4172
0.917912 1198 4172
0.923938 1198 4172
0.923976 1198 4172
0.924005 1198 4172
0.924031 1198 4172
0.929856 1198 4172
0.929885 1198 4172
0.929909 110 4172
0.929950 1198 4172
0.929983 1198 4172
0.932844 1198 4172
0.932914 1198 4172
0.932941 542 4172
0.932966 1198 4172
0.942098 1198 4172
0.942133 1198 4172
0.942166 1198 4172
0.942199 1198 4172
0.947912 1198 4172
0.947941 1198 4172
0.947975 1198 4172
0.948010 1198 4172
0.953887 1198 4172
0.953921 430 4172
0.953953 238 4172
0.953984 1198 4172
0.954017 1198 4172
0.959909 1198 4172
0.959943 1198 4172
0.959973 1198 4172
0.960002 1198 4172
0.965850 1198 4172
0.965890 1198 4172
0.965920 1198 4172
0.965973 1198 4172
0.971980 622 4172
0.972021 1198 4172
0.972054 1198 4172
0.972087 1198 4172
0.973812 1198 4172
0.973847 1198 4172
0.973891 1198 4172
0.973927 1198 4172
0.984033 1198 4172
0.984070 1198 4172
0.984098 1198 4172
0.989921 1198 4172
0.989945 1198 4172
0.989975 238 4172
0.990002 302 4172
0.990031 254 4172
0.990064 270 4172
0.990089 334 4172
0.990116 286 4172
0.990145 334 4172
0.990173 318 4172
0.995822 1198 4172
0.995862 1198 4172
0.995889 1198 4172
0.995924 1198 4172
1.001879 1198 4172
1.001913 1198 4172
1.001948 1198 4172
1.001987 1198 4172
1.011557 894 4172
1.014751 158 4172
1.045004 110 4172
1.055795 158 4172
1.078630 110 4172
1.081610 142 4172
1.096776 158 4172
1.219832 110 4172
1.246419 142 4172
1.260890 174 4172
1.301820 1198 4172
1.301873 1198 4172
1.301911 670 4172
1.342876 110 4172
1.384035 1198 4172
1.448108 1198 4172
1.448181 1198 4172
1.448216 782 4172
1.466002 1198 4172
1.466071 1198 4172
1.466103 1198 4172
1.466137 1198 4172
1.466173 1198 4172
1.466213 1182 4172
1.480645 1198 4172
1.480751 1198 4172
1.480791 1198 4172
1.480846 1198 4172
1.480868 1198 4172
1.506894 414 4172
1.628845 110 4172
1.643448 174 4172
1.648711 1198 4172
1.648803 1198 4172
1.648851 1198 4172
1.648874 1198 4172
1.648903 398 4172
1.648944 1198 4172
1.669910 1198 4172
1.669967 1198 4172
1.670007 1198 4172
1.670043 494 4172
1.862911 190 4172
1.874921 110 4172
1.915911 1118 4172
1.956903 110 4172
2.038771 110 4172
2.046409 1198 4172
2.046439 1006 4172
2.079958 846 4172
2.160966 110 4172
2.406868 110 4172
2.488936 142 4172
2.488981 190 4172
2.652866 142 4172
2.652910 110 4172
2.652956 190 4172
2.919589 110 4172
2.939823 110 4172
3.021892 110 4172
3.184867 110 4172
3.471936 110 4172
3.512886 142 4172
3.512973 142 4172
3.712884 142 4172
3.712972 142 4172
3.716751 110 4172
3.921802 110 4172
4.003862 254 4172
4.003946 110 4172
4.004026 318 4172
4.044796 110 4172
4.289804 110 4172
4.698871 142 4172
4.698974 142 4172
4.919598 142 4172
4.919649 142 4172
4.943719 110 4172
5.025827 110 4172
5.314832 142 4172
5.353855 142 4172
5.521859 142 4172
5.521949 142 4172
5.919600 142 4172
5.919677 142 4172
5.930710 110 4172
6.053836 110 4172
6.114831 142 4172
6.135862 142 4172
6.545838 142 4172
6.545872 142 4172
6.714840 142 4172
6.749819 142 4172
6.912812 110 4172
6.953777 110 4172
7.035743 110 4172
7.321794 142 4172
7.526852 142 4172
7.567770 142 4172
7.935789 110 4172
7.976830 142 4172
7.976867 142 4172
8.032939 110 4172
8.058814 142 4172
8.139934 142 4172
8.140024 142 4172
8.587864 142 4172
8.587950 142 4172
8.751792 142 4172
8.751873 142 4172
8.956809 110 4172
9.038827 110 4172
9.347725 142 4172
9.366795 142 4172
9.547694 142 4172
9.570768 142 4172
9.611734 110 4172
9.938752 110 4172
10.019720 142 4172
10.019755 142 4172
10.020678 110 4172
10.147675 142 4172
10.387786 142 4172
10.469728 142 4172
10.592800 142 4172
10.920705 110 4172
11.002718 142 4172
11.002813 142 4172
11.043780 110 4172
11.206838 142 4172
11.206902 142 4172
11.580675 142 4172
11.615717 142 4172
11.820808 142 4172
11.820822 142 4172
11.943751 110 4172
12.025731 110 4172
12.270788 110 4172
12.614679 142 4172
12.639674 142 4172
12.844634 142 4172
12.844680 142 4172
12.926673 110 4172
13.049799 110 4172
13.416706 142 4172
13.416754 142 4172
13.614656 142 4172
13.621694 142 4172
13.949753 110 4172
14.031724 110 4172
14.481674 142 4172
14.481729 142 4172
14.645649 142 4172
14.645714 142 4172
14.919696 110 4172
14.932757 110 4172
15.055658 110 4172
15.464697 142 4172
15.464749 142 4172
15.647579 142 4172
15.668682 142 4172
15.954631 110 4172
16.036744 110 4172
16.485662 142 4172
16.485750 142 4172
16.680582 142 4172
16.689563 142 4172
16.935681 110 4172
17.058694 110 4172
17.508804 142 4172
17.508896 142 4172
17.590697 110 4172
17.680574 142 4172
17.713633 142 4172
17.959741 110 4172
18.041820 110 4172
18.287668 142 4172
18.533524 142 4172
18.919725 142 4172
18.919819 142 4172
18.941695 110 4172
19.023658 110 4172
19.146630 142 4172
19.146711 142 4172
19.515630 142 4172
19.515706 142 4172
19.719615 142 4172
19.719698 142 4172
19.924629 110 4172
20.047573 110 4172
20.251711 110 4172
20.538616 142 4172
20.538716 142 4172
20.561713 60 60000
20.745720 174 4172
20.745814 158 4172
20.745892 606 4172
20.745921 158 4172
20.745950 158 4172
20.745975 158 4172
20.746000 158 4172
20.746025 158 4172
20.754160 126 4172
20.784813 1054 4172
20.784861 622 4172
20.785675 846 4172
20.785705 878 4172
20.786655 1118 4172
20.788907 1198 4172
20.788956 1198 4172
20.788985 1182 4172
20.789732 1198 4172
20.789770 1166 4172
20.789805 846 4172
20.789841 1022 4172
20.790532 1198 4172
20.790569 1198 4172
20.790604 142 4172
20.790638 654 4172
20.791752 158 4172
20.791802 366 4172
20.791834 414 4172
20.792794 318 4172
20.793832 1006 4172
20.794577 1198 4172
20.829352 1198 4172
20.829425 1198 4172
20.829455 1198 4172
20.829485 1198 4172
20.829553 1198 4172
20.829584 1198 4172
20.829611 1198 4172
20.829639 542 4172
20.829682 1198 4172
20.844788 1198 4172
20.844870 1198 4172
20.844895 1198 4172
20.844921 1198 4172
20.844973 1198 4172
20.845002 1198 4172
20.845034 1198 4172
20.845061 1198 4172
20.845088 1150 4172
20.845933 1198 4172
20.845971 1198 4172
20.846009 1198 4172
20.846056 1198 4172
20.846092 1198 4172
20.846124 1198 4172
20.846154 1198 4172
20.846185 1198 4172
20.846221 1198 4172
20.846251 1198 4172
20.846279 1198 4172
20.846307 1198 4172
20.846335 686 4172
20.846366 1198 4172
20.846414 1198 4172
20.846448 1198 4172
20.846477 1198 4172
20.846516 1198 4172
20.846553 1198 4172
20.846582 1198 4172
20.846646 1198 4172
20.846705 142 4172
20.846736 1198 4172
20.846769 1198 4172
20.846796 1198 4172
20.846830 1198 4172
20.846863 1198 4172
20.846889 1198 4172
20.846922 1198 4172
20.846954 1198 4172
20.846987 1198 4172
20.847019 1198 4172
20.853628 1198 4172
20.853667 1166 4172
20.859726 1198 4172
20.859749 1198 4172
20.859787 1198 4172
20.859821 1198 4172
20.865645 1198 4172
20.865681 1198 4172
20.865721 1198 4172
20.873826 1198 4172
20.873861 1198 4172
20.873899 1198 4172
20.877637 606 4172
20.877668 1198 4172
20.877706 1198 4172
20.877739 1198 4172
20.877772 1198 4172
20.883527 1198 4172
20.883559 1198 4172
20.883594 1198 4172
20.888712 1198 4172
20.888753 1198 4172
20.888786 654 4172
20.888823 1198 4172
20.888870 1198 4172
20.895565 1198 4172
20.895591 1198 4172
20.895689 1198 4172
20.901569 1198 4172
20.901609 1198 4172
20.901964 1198 4172
20.902008 1198 4172
20.918494 1198 4172
20.918977 430 4172
20.919018 1198 4172
20.919055 1198 4172
20.919091 1198 4172
20.919644 1198 4172
20.919688 1198 4172
20.919723 1198 4172
20.919757 1198 4172
20.919791 1198 4172
20.919825 1198 4172
20.919858 1198 4172
20.930857 1198 4172
20.930943 174 4172
20.931203 1198 4172
20.931243 1198 4172
20.931276 1198 4172
20.931582 1198 4172
20.931611 110 4172
20.935787 1198 4172
20.935844 1198 4172
20.935875 1198 4172
20.935909 1198 4172
20.945232 526 4172
20.945285 1198 4172
20.945319 1198 4172
20.945354 1198 4172
20.945421 1198 4172
20.949578 1198 4172
20.949614 1198 4172
20.957066 1198 4172
20.957138 1198 4172
20.957174 1198 4172
20.957209 1198 4172
20.961580 1198 4172
20.961609 1198 4172
20.961649 1198 4172
20.961683 1198 4172
20.967579 190 4172
20.967601 1198 4172
20.967635 1198 4172
20.967660 1198 4172
20.973697 1198 4172
20.973736 1198 4172
20.973775 1198 4172
20.973809 1198 4172
20.980055 1198 4172
20.980145 1118 4172
20.980188 1198 4172
20.980224 1198 4172
20.987021 1198 4172
20.987048 1198 4172
20.987079 1198 4172
20.987107 1198 4172
20.989238 1198 4172
20.989268 750 4172
20.989302 1198 4172
20.989349 1198 4172
20.997612 1198 4172
20.997698 1198 4172
20.997729 1198 4172
20.997755 1198 4172
21.003575 1006 4172
21.003606 1198 4172
21.003645 1198 4172
21.010459 1198 4172
21.011415 1198 4172
21.011466 1198 4172
21.011821 1198 4172
21.014019 1198 4172
21.021896 206 4172
21.021926 1198 4172
21.021961 1198 4172
21.021992 1198 4172
21.022026 1198 4172
21.022058 1198 4172
21.027556 1198 4172
21.027581 1198 4172
21.027612 110 4172
21.027646 398 4172
21.027674 382 4172
21.027708 1198 4172
21.030603 1198 4172
21.030639 1198 4172
21.039617 1198 4172
21.045789 1198 4172
21.045813 1198 4172
21.051669 1198 4172
21.051699 1198 4172
21.058591 1198 4172
21.058626 1198 4172
21.063550 1198 4172
21.063587 1198 4172
21.075536 206 4172
21.075622 254 4172
21.075652 190 4172
21.075689 190 4172
21.075724 190 4172
21.075757 190 4172
21.082885 190 4172
21.082919 190 4172
21.082955 190 4172
21.082987 190 4172
21.083022 190 4172
21.083052 190 4172
21.083083 190 4172
21.083114 190 4172
21.083145 190 4172
21.083177 190 4172
21.083209 126 4172
21.093186 1198 4172
21.093238 1198 4172
21.093265 814 4172
21.093307 894 4172
21.093433 270 4172
21.106658 190 4172
21.111742 190 4172
21.111767 190 4172
21.111804 190 4172
21.111837 190 4172
21.111870 190 4172
21.111902 190 4172
21.111935 190 4172
21.111967 190 4172
21.111999 190 4172
21.112030 190 4172
21.112063 190 4172
21.112095 190 4172
21.112127 190 4172
21.112161 1198 4172
21.112195 1198 4172
21.112227 542 4172
21.112265 1198 4172
21.112297 1198 4172
21.118243 1198 4172
21.124899 1198 4172
21.127517 1198 4172
21.127570 1198 4172
21.132925 110 4172
21.132994 1198 4172
21.133251 862 4172
21.140198 1198 4172
21.140251 222 4172
21.140288 190 4172
21.145862 190 4172
21.145904 190 4172
21.145932 190 4172
21.145957 190 4172
21.145987 190 4172
21.146013 190 4172
21.146040 190 4172
21.146072 190 4172
21.146096 190 4172
21.146121 190 4172
21.146606 1198 4172
21.156461 190 4172
21.156505 190 4172
21.161633 190 4172
21.161713 1198 4172
21.161741 1198 4172
21.161767 1198 4172
21.161793 478 4172
21.161825 1198 4172
21.172906 478 4172
21.172948 222 4172
21.172979 190 4172
21.173009 190 4172
21.173489 190 4172
21.173513 190 4172
21.173552 190 4172
21.173580 190 4172
21.173607 190 4172
21.173632 190 4172
21.173660 190 4172
21.173688 190 4172
21.173714 190 4172
21.173756 190 4172
21.173794 190 4172
21.173821 190 4172
21.173851 1198 4172
21.173880 1198 4172
21.185290 1198 4172
21.188326 1198 4172
21.189702 318 4172
21.189753 222 4172
21.190563 190 4172
21.190589 190 4172
21.190615 190 4172
21.195121 190 4172
21.195167 190 4172
21.195195 190 4172
21.195227 190 4172
21.195267 190 4172
21.195299 190 4172
21.195328 190 4172
21.195354 190 4172
21.195560 190 4172
21.198561 190 4172
21.198591 1198 4172
21.204548 1198 4172
21.204585 1198 4172
21.210538 1198 4172
21.210572 462 4172
21.210600 1198 4172
21.214450 1198 4172
21.217963 190 4172
21.217999 350 4172
21.218032 222 4172
21.218060 190 4172
21.218088 190 4172
21.218116 190 4172
21.218144 190 4172
21.218171 190 4172
21.218198 190 4172
21.218224 190 4172
21.218253 190 4172
21.218278 190 4172
21.218531 190 4172
21.219624 190 4172
21.219660 190 4172
21.220470 110 4172
21.220749 190 4172
21.221521 190 4172
21.228599 1198 4172
21.233527 1198 4172
21.233561 1198 4172
21.245529 1198 4172
21.246898 174 4172
21.246923 174 4172
21.246948 174 4172
21.246973 174 4172
21.247485 174 4172
21.248595 174 4172
21.248627 174 4172
21.249757 174 4172
21.249787 174 4172
21.250948 174 4172
21.250975 478 4172
21.251005 174 4172
21.251496 174 4172
21.252607 174 4172
21.252639 174 4172
21.253710 174 4172
21.255439 1198 4172
21.255477 1198 4172
21.255511 1198 4172
21.255543 1198 4172
21.257031 60 60000
21.276162 606 4172
21.276186 414 4172
21.281516 110 4172
21.281542 110 4172
21.281573 1198 4172
21.281601 1198 4172
21.281630 1198 4172
21.281659 1198 4172
21.281691 1198 4172
21.281719 638 4172
21.281751 1198 4172
21.287490 1198 4172
21.293527 1198 4172
21.293547 1198 4172
21.297521 1198 4172
21.297557 894 4172
21.305540 1198 4172
21.305558 1198 4172
21.305645 974 4172
21.317933 126 4172
21.318791 174 4172
21.318823 174 4172
21.318851 174 4172
21.318876 174 4172
21.318902 174 4172
21.318928 174 4172
21.318954 174 4172
21.319780 1198 4172
21.319811 1198 4172
21.319838 718 4172
21.325513 1198 4172
21.325543 1198 4172
21.331887 782 4172
21.333502 110 4172
21.333796 1198 4172
21.333848 446 4172
21.338941 174 4172
21.338966 174 4172
21.338997 174 4172
21.339026 174 4172
21.339056 1198 4172
21.343535 1198 4172
21.343569 1198 4172
21.349827 1198 4172
21.349851 654 4172
21.349884 1198 4172
21.363971 174 4172
21.364183 1198 4172
21.367729 1198 4172
21.367818 1198 4172
21.367857 1198 4172
21.367960 1198 4172
21.373744 1198 4172
21.373789 1198 4172
21.380023 862 4172
21.380055 1198 4172
21.386780 1198 4172
21.388202 1198 4172
21.388254 1198 4172
21.391673 1198 4172
21.397652 1198 4172
21.397676 1198 4172
21.403474 654 4172
21.403507 1198 4172
21.403536 1198 4172
21.415581 1198 4172
21.415598 1198 4172
21.421803 1198 4172
21.421830 1198 4172
21.427556 846 4172
21.427580 1198 4172
21.427617 1198 4172
21.434195 110 4172
21.434229 1198 4172
21.450646 1198 4172
21.450671 1038 4172
21.450703 1198 4172
21.493830 654 4172
21.493866 126 4172
21.540107 110 4172
21.575919 110 4172
21.575939 110 4172
21.575970 110 4172
21.579125 1198 4172
21.579150 1198 4172
21.579174 446 4172
21.581431 1198 4172
21.581472 174 4172
21.619692 510 4172
21.623628 110 4172
21.683702 1198 4172
21.705500 1198 4172
21.705564 1198 4172
21.705608 366 4172
21.705659 302 4172
21.705699 238 4172
21.746509 110 4172
21.816118 110 4172
21.816185 110 4172
21.816232 110 4172
21.816858 1198 4172
21.816910 350 4172
21.817632 318 4172
21.818990 174 4172
21.819042 174 4172
21.820140 174 4172
21.820630 110 4172
21.820676 174 4172
21.821456 174 4172
21.822842 1198 4172
21.822880 1198 4172
21.822915 1198 4172
21.822949 542 4172
21.822992 1198 4172
21.823022 1198 4172
21.823056 1198 4172
21.823089 1198 4172
21.823123 686 4172
21.823471 1198 4172
21.823510 894 4172
21.824681 174 4172
21.824721 174 4172
21.825963 174 4172
21.826007 174 4172
21.827269 174 4172
21.830042 1198 4172
21.830096 1198 4172
21.830141 1198 4172
21.830178 1198 4172
21.830212 846 4172
21.835854 1198 4172
21.835910 1198 4172
21.835957 1198 4172
21.841601 1198 4172
21.841701 1198 4172
21.841776 1198 4172
21.841815 1198 4172
21.845871 1198 4172
21.845919 862 4172
21.870620 1198 4172
21.870677 654 4172
21.911448 1198 4172
21.911482 1198 4172
21.911524 1198 4172
21.911584 1198 4172
21.911636 126 4172
21.944146 110 4172
21.952580 1198 4172
21.952619 1198 4172
21.952678 1198 4172
21.952728 1150 4172
22.034589 110 4172
22.075786 110 4172
22.075861 110 4172
22.075896 110 4172
22.114397 1198 4172
22.114498 1198 4172
22.114539 158 4172
22.116463 1198 4172
22.131405 1198 4172
22.131458 1198 4172
22.131510 446 4172
22.131580 1198 4172
22.157532 446 4172
22.362608 110 4172
22.362668 110 4172
22.362716 110 4172
22.649595 110 4172
22.895459 110 4172
23.059455 110 4172
23.141565 110 4172
23.428520 110 4172
23.673484 110 4172
23.936469 110 4172
23.959649 110 4172
24.040596 110 4172
24.204529 110 4172
24.490534 110 4172
24.939716 110 4172
25.021548 110 4172
25.923496 110 4172
26.046548 110 4172
26.947521 110 4172
27.029590 110 4172
27.193513 110 4172
27.930475 110 4172
28.053481 110 4172
28.955426 110 4172
29.037423 110 4172
29.856387 110 4172
29.938497 110 4172
30.020440 110 4172
30.922385 110 4172
31.045526 110 4172
31.946405 110 4172
32.028298 110 4172
32.479288 110 4172
32.929382 110 4172
33.052430 110 4172
33.953404 110 4172
34.035417 110 4172
34.934483 110 4172
35.057373 110 4172
35.139340 110 4172
35.957344 110 4172
36.039431 110 4172
36.939370 110 4172
37.021281 110 4172
37.799350 110 4172
37.922266 110 4172
38.045318 110 4172
38.946362 110 4172
39.028304 110 4172
39.930308 110 4172
40.053323 110 4172
40.462264 110 4172
40.954255 110 4172
41.036262 110 4172
41.422121 1198 4172
41.422165 1198 4172
41.422205 1198 4172
41.422239 1198 4172
41.422271 1198 4172
41.422318 1198 4172
41.422351 1198 4172
41.430658 1198 4172
41.430708 1198 4172
41.430755 1198 4172
41.430795 1198 4172
41.430836 1198 4172
41.430881 766 4172
41.439058 1198 4172
41.439087 1198 4172
41.439122 1198 4172
41.439155 1198 4172
41.439186 1198 4172
41.439218 1198 4172
41.439270 1198 4172
41.439312 1198 4172
41.442314 1198 4172
41.448233 1198 4172
41.448258 654 4172
41.448295 1198 4172
41.448330 1198 4172
41.454262 1198 4172
41.454304 1198 4172
41.460308 1198 4172
41.460346 1198 4172
41.463093 1198 4172
41.463136 1198 4172
41.472304 1198 4172
41.472353 1198 4172
41.478222 1198 4172
41.478264 398 4172
41.478305 1198 4172
41.484279 1198 4172
41.484309 1198 4172
41.490154 1198 4172
41.490201 1198 4172
41.496222 1198 4172
41.496258 1198 4172
41.502284 1198 4172
41.504295 1198 4172
41.504333 1198 4172
41.514278 654 4172
41.514324 1198 4172
41.514364 1198 4172
41.515244 60 60000
41.520254 1198 4172
41.520305 1198 4172
41.526245 1198 4172
41.526287 1198 4172
41.532321 1198 4172
41.532353 1198 4172
41.538179 1198 4172
41.538216 1198 4172
41.544285 1198 4172
41.544317 398 4172
41.545104 1198 4172
41.545144 1198 4172
41.556369 1198 4172
41.556425 1198 4172
41.562322 1198 4172
41.568299 1198 4172
41.568353 1198 4172
41.574265 1198 4172
41.574318 766 4172
41.580241 1198 4172
41.580277 1198 4172
41.586220 1198 4172
41.586277 1198 4172
41.592263 1198 4172
41.592298 1198 4172
41.598284 1198 4172
41.598324 1198 4172
41.604299 1198 4172
41.604347 1070 4172
41.610289 1198 4172
41.610332 1198 4172
41.616328 1198 4172
41.616380 1198 4172
41.622288 1198 4172
41.622331 1198 4172
41.627198 1198 4172
41.627238 1198 4172
41.634265 1198 4172
41.634304 1198 4172
41.640239 1198 4172
41.646250 1198 4172
41.652209 1198 4172
41.652242 1198 4172
41.658200 1198 4172
41.658241 1198 4172
41.664254 1198 4172
41.664286 1198 4172
41.668294 1006 4172
41.668347 1198 4172
41.676300 1198 4172
41.676346 1198 4172
41.682250 1198 4172
41.682301 174 4172
41.682342 1198 4172
41.688212 1198 4172
41.688238 1198 4172
41.694277 1198 4172
41.694297 1198 4172
41.700343 1198 4172
41.700370 1198 4172
41.706271 1198 4172
41.709241 1198 4172
41.709290 1198 4172
41.718287 1198 4172
41.718334 1086 4172
41.724299 1198 4172
41.724346 1198 4172
41.730287 1198 4172
41.730339 1198 4172
41.736218 1198 4172
41.736248 1198 4172
41.742314 1198 4172
41.742347 1198 4172
41.748254 1198 4172
41.748295 1198 4172
41.750137 1054 4172
41.750188 1198 4172
41.760239 1198 4172
41.760277 1198 4172
41.766225 1198 4172
41.766256 1198 4172
41.772224 1198 4172
41.772259 1198 4172
41.778190 110 4172
41.778214 1198 4172
41.778261 750 4172
41.784245 1198 4172
41.784277 1198 4172
41.790278 1198 4172
41.790291 1198 4172
41.791098 1198 4172
41.791129 1198 4172
41.802283 1198 4172
41.802312 1198 4172
41.808285 414 4172
41.808321 1198 4172
41.808349 1198 4172
41.814226 1198 4172
41.814260 1198 4172
41.820237 1198 4172
41.820259 1198 4172
41.826222 1198 4172
41.826264 1198 4172
41.832221 766 4172
41.832252 1198 4172
41.838280 1198 4172
41.844233 1198 4172
41.844275 1198 4172
41.850402 1198 4172
41.850450 1198 4172
41.856294 1198 4172
41.856321 1198 4172
41.862316 574 4172
41.862339 1198 4172
41.872291 1198 4172
41.872323 1198 4172
41.873343 1198 4172
41.873372 1198 4172
41.880290 1198 4172
41.880330 1198 4172
41.886682 782 4172
41.886713 1198 4172
41.892517 1198 4172
41.892549 1198 4172
41.898950 1198 4172
41.899488 1198 4172
41.900200 1198 4172
41.904230 1198 4172
41.910571 1198 4172
41.910598 830 4172
41.915528 1198 4172
41.926609 1198 4172
41.928236 1198 4172
41.928263 1198 4172
41.928293 1198 4172
41.928323 702 4172
41.928354 1198 4172
41.934373 1198 4172
41.934393 126 4172
41.941376 1198 4172
41.941418 1198 4172
41.959664 1198 4172
41.959698 1198 4172
41.959730 1198 4172
41.966799 798 4172
41.966830 1198 4172
41.966866 1198 4172
41.966901 1198 4172
41.966936 1198 4172
41.966973 1198 4172
41.971223 1198 4172
41.971248 1198 4172
41.977210 1198 4172
41.977236 238 4172
41.977272 1198 4172
41.983240 1198 4172
41.989352 1198 4172
41.989378 1198 4172
41.999931 1198 4172
42.002225 1198 4172
42.002699 1198 4172
42.007294 1198 4172
42.007330 766 4172
42.007368 1198 4172
42.007404 1198 4172
42.013228 1198 4172
42.013295 1198 4172
42.019303 1198 4172
42.019336 1198 4172
42.026259 1198 4172
42.041092 1198 4172
42.041283 110 4172
42.041638 1198 4172
42.043267 782 4172
42.043308 1198 4172
42.043346 110 4172
42.043382 1198 4172
42.044522 1198 4172
42.044562 1198 4172
42.055218 1198 4172
42.055244 1198 4172
42.074580 1198 4172
42.087041 1198 4172
42.089972 1198 4172
42.090065 1198 4172
42.090153 270 4172
42.101594 1198 4172
42.102038 1198 4172
42.103127 1198 4172
42.103942 1198 4172
42.105209 1198 4172
42.105552 1198 4172
42.105950 1198 4172
42.106472 1198 4172
42.107040 974 4172
42.107771 1198 4172
42.113024 1198 4172
42.116367 1198 4172
42.116404 1198 4172
42.116561 1198 4172
42.116730 1198 4172
42.122425 1198 4172
42.122429 1150 4172
42.128209 1198 4172
42.128230 1198 4172
42.133025 1198 4172
42.140243 1198 4172
42.140266 1198 4172
42.146266 1198 4172
42.146309 1198 4172
42.152229 1198 4172
42.152276 1198 4172
42.158384 1198 4172
42.158418 1198 4172
42.164314 926 4172
42.170436 1198 4172
42.170535 1198 4172
42.175738 1198 4172
42.175771 1198 4172
42.182258 1198 4172
42.182285 1198 4172
42.188426 1198 4172
42.188451 1198 4172
42.194691 1198 4172
42.194723 1198 4172
42.200908 1198 4172
42.200935 110 4172
42.200965 1198 4172
42.210213 1198 4172
42.210599 1198 4172
42.212173 1198 4172
42.212203 1198 4172
42.216206 1198 4172
42.216243 1198 4172
42.224295 1198 4172
42.224321 1198 4172
42.230209 974 4172
42.230257 1198 4172
42.236344 1198 4172
42.236375 1198 4172
42.242409 1198 4172
42.242438 1198 4172
42.248200 1198 4172
42.248225 1198 4172
42.260084 670 4172
42.260156 1198 4172
42.261292 1198 4172
42.261352 1198 4172
42.266236 1198 4172
42.266267 1198 4172
42.266299 1198 4172
42.276033 798 4172
42.276131 1198 4172
42.276179 1198 4172
42.278319 1198 4172
42.292784 1198 4172
42.292846 1198 4172
42.296222 1198 4172
42.296257 702 4172
42.296290 1198 4172
42.296320 1198 4172
42.302302 1198 4172
42.302333 1198 4172
42.305976 1198 4172
42.306032 1198 4172
42.314611 110 4172
42.314634 750 4172
42.314663 1198 4172
42.314689 1198 4172
42.330594 750 4172
42.339733 1198 4172
42.339762 990 4172
42.339797 270 4172
42.339826 190 4172
42.339854 190 4172
42.339884 190 4172
42.339916 190 4172
42.339944 190 4172
42.339970 190 4172
42.339999 1198 4172
42.340032 462 4172
42.340130 1198 4172
42.355933 1198 4172
42.355971 190 4172
42.356003 1086 4172
42.356243 190 4172
42.356276 190 4172
42.356306 190 4172
42.356334 190 4172
42.356378 1198 4172
42.368642 190 4172
42.368911 1198 4172
42.372544 1198 4172
42.375339 318 4172
42.375378 894 4172
42.375426 222 4172
42.377996 190 4172
42.378024 190 4172
42.378056 190 4172
42.378091 190 4172
42.378120 190 4172
42.378151 190 4172
42.378178 1198 4172
42.378214 606 4172
42.378243 1198 4172
42.378273 1198 4172
42.378300 622 4172
42.378346 1166 4172
42.383170 190 4172
42.383201 190 4172
42.383230 190 4172
42.383259 190 4172
42.402756 1198 4172
42.409245 1198 4172
42.409302 190 4172
42.410165 1198 4172
42.410201 1198 4172
42.410239 1198 4172
42.410269 462 4172
42.410318 222 4172
42.410347 174 4172
42.410375 174 4172
42.410400 174 4172
42.410427 174 4172
42.410471 174 4172
42.410502 174 4172
42.410529 1198 4172
42.410557 830 4172
42.411990 1198 4172
42.422230 1198 4172
42.422258 1102 4172
42.422432 1198 4172
42.422741 60 60000
42.430767 174 4172
42.430807 174 4172
42.430839 174 4172
42.430867 174 4172
42.430894 174 4172
42.434199 1198 4172
42.434236 1198 4172
42.434264 1198 4172
42.440155 1198 4172
42.440201 1198 4172
42.443777 174 4172
42.443815 606 4172
42.443846 126 4172
42.459013 126 4172
42.599126 110 4172
42.613515 1198 4172
42.613548 1198 4172
42.614175 190 4172
42.621823 126 4172
42.630644 126 4172
42.638904 1182 4172
42.640077 1198 4172
42.640110 174 4172
42.681177 574 4172
42.710602 174 4172
42.710698 1198 4172
42.710725 766 4172
42.711173 1198 4172
42.711233 1198 4172
42.711270 366 4172
42.711300 302 4172
42.722124 1198 4172
42.722171 1198 4172
42.722219 1198 4172
42.722250 526 4172
42.722286 238 4172
42.763788 222 4172
42.763831 1198 4172
42.763862 510 4172
42.845267 110 4172
42.927260 110 4172
43.132210 110 4172
43.378304 110 4172
43.651188 110 4172
43.919838 110 4172
43.938259 110 4172
44.020115 110 4172
44.184264 110 4172
44.470223 110 4172
44.716256 110 4172
44.921166 110 4172
45.003367 110 4172
45.044235 110 4172
45.249120 110 4172
45.945151 110 4172
46.027396 110 4172
46.926132 110 4172
47.049195 110 4172
47.909083 110 4172
47.950286 110 4172
48.032199 110 4172
48.933113 110 4172
49.056218 110 4172
49.957184 110 4172
50.038186 110 4172
50.570166 110 4172
50.939112 110 4172
51.021033 110 4172
51.924086 110 4172
52.046152 110 4172
52.945150 110 4172
53.027081 110 4172
53.272176 110 4172
53.927011 110 4172
54.050155 110 4172
54.951005 110 4172
55.033074 110 4172
55.890990 110 4172
55.932091 110 4172
56.055113 110 4172
56.954873 110 4172
57.036988 110 4172
57.939008 110 4172
58.021030 110 4172
58.155962 366 4172
58.157405 174 4172
58.158879 174 4172
58.160192 174 4172
58.161460 174 4172
58.162734 174 4172
58.164115 174 4172
58.165495 1198 4172
58.165527 830 4172
58.166845 1198 4172
58.166878 1198 4172
58.166964 1102 4172
58.168174 1198 4172
58.168204 174 4172
58.169660 174 4172
58.171061 174 4172
58.172459 174 4172
58.173890 174 4172
58.174944 174 4172
58.177522 446 4172
58.184926 1198 4172
58.184996 1198 4172
58.185027 1198 4172
58.185081 1198 4172
58.185136 1198 4172
58.185183 1198 4172
58.185227 1198 4172
58.185271 1198 4172
58.185315 862 4172
58.308222 110 4172
58.317563 1198 4172
58.317601 654 4172
58.325903 1198 4172
58.325939 766 4172
58.333516 1198 4172
58.333560 1198 4172
58.333598 526 4172
58.341349 1182 4172
58.348925 286 4172
58.389944 1198 4172
58.390000 1198 4172
58.390044 446 4172
58.430970 1198 4172
58.554006 110 4172
58.841053 110 4172
58.922984 110 4172
59.044977 110 4172
59.085942 110 4172
59.372853 110 4172
59.617894 110 4172
59.944007 110 4172
60.025943 110 4172
60.927896 110 4172
61.050027 110 4172
61.949904 110 4172
62.031894 110 4172
62.318822 110 4172
62.528796 1198 4172
62.528815 1198 4172
62.528905 1198 4172
62.528938 1198 4172
62.528952 1198 4172
62.528979 1198 4172
62.529005 1198 4172
62.529034 1198 4172
62.529058 1198 4172
62.529095 1198 4172
62.529111 1198 4172
62.529137 1198 4172
62.529162 1198 4172
62.529188 142 4172
62.529225 1198 4172
62.536694 1198 4172
62.536723 1198 4172
62.536752 1198 4172
62.536781 1198 4172
62.536807 1198 4172
62.536834 1198 4172
62.536892 1198 4172
62.545024 1198 4172
62.545085 1198 4172
62.545123 254 4172
62.545152 1198 4172
62.545173 1198 4172
62.545202 1198 4172
62.547831 1198 4172
62.547848 1198 4172
62.547876 1198 4172
62.553825 1198 4172
62.553850 1198 4172
62.559809 1198 4172
62.559846 590 4172
62.559909 1198 4172
62.565857 1198 4172
62.565883 1198 4172
62.571969 1198 4172
62.572052 1198 4172
62.577874 1198 4172
62.577894 1198 4172
62.577918 1198 4172
62.583816 1198 4172
62.583846 1198 4172
62.588852 558 4172
62.588892 1198 4172
62.595890 1198 4172
62.595928 1198 4172
62.595957 1198 4172
62.601968 1198 4172
62.602005 1198 4172
62.607955 1198 4172
62.607976 1198 4172
62.613820 1198 4172
62.613844 1198 4172
62.619849 1198 4172
62.619917 670 4172
62.619951 1198 4172
62.625968 1198 4172
62.626006 1198 4172
62.629857 1198 4172
62.629932 1198 4172
62.637861 1198 4172
62.637884 1198 4172
62.643985 1198 4172
62.644015 1198 4172
62.649936 222 4172
62.649970 1198 4172
62.650001 1198 4172
62.655864 1198 4172
62.655895 1198 4172
62.661927 1198 4172
62.661961 1198 4172
62.667858 1198 4172
62.667886 1198 4172
62.667923 430 4172
62.670873 1198 4172
62.677897 60 60000
62.679812 1198 4172
62.679856 1198 4172
62.679890 1198 4172
62.685890 1198 4172
62.685928 1198 4172
62.691811 1198 4172
62.691857 1198 4172
62.697818 1198 4172
62.697863 1198 4172
62.703856 1198 4172
62.703889 414 4172
62.703921 1198 4172
62.711502 1198 4172
62.711536 1198 4172
62.711583 1198 4172
62.711781 1198 4172
62.723363 1198 4172
62.723403 1198 4172
62.723435 1198 4172
62.728920 1198 4172
62.728945 1198 4172
62.734960 1198 4172
62.734999 926 4172
62.735035 1198 4172
62.740865 1198 4172
62.740900 1198 4172
62.747116 1198 4172
62.747155 1198 4172
62.752883 1198 4172
62.752915 1198 4172
62.759007 1198 4172
62.759050 1198 4172
62.765004 1198 4172
62.765037 1198 4172
62.765067 382 4172
62.770885 1198 4172
62.770922 1198 4172
62.776874 1198 4172
62.776902 1198 4172
62.782896 1198 4172
62.782939 1198 4172
62.788892 1198 4172
62.788925 1198 4172
62.793859 1198 4172
62.793927 158 4172
62.793957 1198 4172
62.800908 1198 4172
62.800944 1198 4172
62.800976 1198 4172
62.806976 110 4172
62.807005 1198 4172
62.812947 1198 4172
62.812973 1198 4172
62.812997 1198 4172
62.818903 1198 4172
62.818935 1198 4172
62.824883 446 4172
62.824912 1198 4172
62.830905 1198 4172
62.830939 1198 4172
62.834831 1198 4172
62.834867 1198 4172
62.842917 1198 4172
62.842947 1198 4172
62.848902 1198 4172
62.848927 1198 4172
62.854875 1198 4172
62.854913 158 4172
62.854944 1198 4172
62.860876 1198 4172
62.860900 1198 4172
62.860926 1198 4172
62.866853 1198 4172
62.866884 1198 4172
62.872866 1198 4172
62.872895 1198 4172
62.875976 1150 4172
62.876030 1198 4172
62.884874 1198 4172
62.885001 1198 4172
62.890891 1198 4172
62.890917 1198 4172
62.896795 1198 4172
62.896834 1198 4172
62.902843 1038 4172
62.902871 1198 4172
62.902906 1198 4172
62.908812 1198 4172
62.908840 1198 4172
62.914875 1198 4172
62.914894 1198 4172
62.916765 1198 4172
62.916822 1198 4172
62.926860 1198 4172
62.926887 1198 4172
62.926919 1198 4172
62.932867 110 4172
62.932892 894 4172
62.932948 750 4172
62.939074 1198 4172
62.939143 1198 4172
62.939198 1198 4172
62.944883 1198 4172
62.944923 1198 4172
62.950885 1198 4172
62.950934 1198 4172
62.956891 446 4172
62.956936 1198 4172
62.956962 1198 4172
62.956985 1198 4172
62.957836 1198 4172
62.968876 1198 4172
62.968899 1198 4172
62.968933 1198 4172
62.974883 1102 4172
62.974918 1198 4172
62.980881 1198 4172
62.980911 1198 4172
62.986904 1198 4172
62.986936 1198 4172
62.986963 1198 4172
62.992864 1198 4172
62.992891 1198 4172
62.998823 686 4172
62.998853 1198 4172
63.004862 1198 4172
63.004894 1198 4172
63.004920 1198 4172
63.010867 1198 4172
63.010915 1198 4172
63.016877 1198 4172
63.016906 1198 4172
63.023162 1166 4172
63.023200 1198 4172
63.023229 1198 4172
63.032769 1198 4172
63.036891 1198 4172
63.037301 110 4172
63.040128 1198 4172
63.040171 1198 4172
63.040198 1198 4172
63.040227 1198 4172
63.046891 1198 4172
63.046923 1198 4172
63.059804 1150 4172
63.059897 1198 4172
63.059933 1198 4172
63.059979 1198 4172
63.068097 1198 4172
63.068400 1198 4172
63.068442 1198 4172
63.068473 1198 4172
63.070883 1198 4172
63.070916 1198 4172
63.076860 110 4172
63.076895 766 4172
63.076931 1198 4172
63.080824 1198 4172
63.080870 1198 4172
63.088857 1198 4172
63.088885 1198 4172
63.088917 1198 4172
63.094874 1198 4172
63.094922 1198 4172
63.101008 1198 4172
63.101092 462 4172
63.101123 1198 4172
63.113546 1198 4172
63.113616 1198 4172
63.119136 1198 4172
63.119423 1198 4172
63.119584 1198 4172
63.119613 1198 4172
63.119638 1198 4172
63.121868 1198 4172
63.121898 590 4172
63.121925 1198 4172
63.131005 1198 4172
63.131041 1198 4172
63.138857 110 4172
63.138894 1198 4172
63.138923 1198 4172
63.142933 1198 4172
63.142969 1198 4172
63.149015 1198 4172
63.149051 1198 4172
63.149082 1198 4172
63.156339 1198 4172
63.156382 1198 4172
63.160874 1198 4172
63.160910 1198 4172
63.170773 1198 4172
63.170819 1198 4172
63.170865 1198 4172
63.172864 1198 4172
63.179888 1198 4172
63.180008 1198 4172
63.180045 1198 4172
63.184836 270 4172
63.184880 1198 4172
63.184910 734 4172
63.190875 1198 4172
63.190912 1198 4172
63.197046 1198 4172
63.197218 1198 4172
63.197253 1198 4172
63.202890 1198 4172
63.202924 1198 4172
63.209854 1198 4172
63.209896 1198 4172
63.211252 1198 4172
63.211977 254 4172
63.212020 1198 4172
63.222227 1198 4172
63.223681 1198 4172
63.223802 1198 4172
63.223849 1198 4172
63.230826 1198 4172
63.241170 1198 4172
63.242495 974 4172
63.243116 1198 4172
63.244048 1198 4172
63.245552 1198 4172
63.246053 126 4172
63.246464 1198 4172
63.246874 1198 4172
63.247282 1198 4172
63.250938 910 4172
63.254337 1198 4172
63.254375 1198 4172
63.254403 1198 4172
63.264269 1198 4172
63.264367 1198 4172
63.269013 1198 4172
63.269042 798 4172
63.277815 1198 4172
63.277870 1198 4172
63.277895 1198 4172
63.277936 1198 4172
63.286497 1198 4172
63.286801 1198 4172
63.286827 894 4172
63.286852 1198 4172
63.292884 1198 4172
63.292917 1198 4172
63.294753 1198 4172
63.294790 1006 4172
63.300749 734 4172
63.300778 1198 4172
63.304843 1198 4172
63.310900 1198 4172
63.310930 1198 4172
63.319222 110 4172
63.320136 1198 4172
63.320269 1198 4172
63.320318 142 4172
63.322996 1198 4172
63.323026 1198 4172
63.323060 1198 4172
63.328895 766 4172
63.328966 1198 4172
63.334899 1198 4172
63.334934 1198 4172
63.336872 1198 4172
63.336917 110 4172
63.336947 894 4172
63.336976 1198 4172
63.346909 1198 4172
63.352932 1198 4172
63.352966 1198 4172
63.358850 1134 4172
63.358887 1198 4172
63.358916 1198 4172
63.364845 1198 4172
63.364878 1198 4172
63.372559 1198 4172
63.372607 1198 4172
63.376877 558 4172
63.376950 1198 4172
63.376989 1198 4172
63.377839 1198 4172
63.378408 1198 4172
63.389708 1198 4172
63.389760 174 4172
63.389794 1198 4172
63.389823 1198 4172
63.389863 1198 4172
63.394898 1198 4172
63.401636 1198 4172
63.401675 158 4172
63.403780 1198 4172
63.412187 1198 4172
63.413296 1198 4172
63.413332 1198 4172
63.413398 1198 4172
63.413427 1198 4172
63.419017 1198 4172
63.419056 1054 4172
63.419920 1198 4172
63.428236 1198 4172
63.430883 1198 4172
63.430914 1198 4172
63.430943 1198 4172
63.437659 1198 4172
63.437694 142 4172
63.437729 1198 4172
63.437771 1198 4172
63.442954 1198 4172
63.448948 1198 4172
63.448986 1198 4172
63.453868 926 4172
63.453914 1198 4172
63.453947 1198 4172
63.460892 1198 4172
63.460935 1198 4172
63.480354 1198 4172
63.480449 942 4172
63.481363 1198 4172
63.481412 1198 4172
63.481875 1198 4172
63.481906 1198 4172
63.481937 302 4172
63.481967 1198 4172
63.481996 1198 4172
63.489778 1198 4172
63.489812 798 4172
63.489842 1198 4172
63.493837 1198 4172
63.493869 142 4172
63.493896 1198 4172
63.506592 1198 4172
63.506613 494 4172
63.506641 894 4172
63.506761 270 4172
63.506796 190 4172
63.506826 190 4172
63.506853 190 4172
63.506881 190 4172
63.506909 1198 4172
63.506938 1198 4172
63.511935 1198 4172
63.511969 1102 4172
63.518999 1198 4172
63.519460 1198 4172
63.523956 1198 4172
63.523984 478 4172
63.524014 1198 4172
63.529958 1198 4172
63.529981 1198 4172
63.538872 1198 4172
63.538909 1198 4172
63.541965 574 4172
63.542003 1198 4172
63.542081 1198 4172
63.551068 1198 4172
63.551550 1198 4172
63.551792 1198 4172
63.551828 1102 4172
63.553849 1198 4172
63.559886 1198 4172
63.559911 1198 4172
63.565863 1198 4172
63.565897 1198 4172
63.571896 270 4172
63.571926 1198 4172
63.571956 1198 4172
63.580252 1198 4172
63.580279 334 4172
63.580314 1198 4172
63.583834 1198 4172
63.583859 270 4172
63.583891 190 4172
63.583922 190 4172
63.583952 190 4172
63.583979 1198 4172
63.586735 60 60000
63.590026 1198 4172
63.590074 1198 4172
63.597288 1198 4172
63.597328 318 4172
63.597394 222 4172
63.597452 174 4172
63.597501 174 4172
63.597546 174 4172
63.597593 174 4172
63.597974 1198 4172
63.602936 1198 4172
63.602987 1198 4172
63.608882 1198 4172
63.608916 110 4172
63.608952 542 4172
63.608988 1198 4172
63.611354 1198 4172
63.611395 1198 4172
63.620884 126 4172
63.621010 1198 4172
63.626833 1198 4172
63.626853 1198 4172
63.626885 1198 4172
63.632846 1198 4172
63.638806 1198 4172
63.638862 1198 4172
63.645513 238 4172
63.645538 1198 4172
63.645569 1198 4172
63.650794 1198 4172
63.650825 1198 4172
63.650853 1198 4172
63.656792 1198 4172
63.656830 1198 4172
63.658748 1198 4172
63.658791 990 4172
63.668875 1198 4172
63.668928 1198 4172
63.674935 1198 4172
63.674961 1198 4172
63.681610 1198 4172
63.685196 958 4172
63.685279 1198 4172
63.686950 1198 4172
63.686973 1198 4172
63.692904 1102 4172
63.692934 1198 4172
63.698837 1198 4172
63.698876 1198 4172
63.706518 942 4172
63.706550 174 4172
63.706582 174 4172
63.706612 174 4172
63.706642 1198 4172
63.710819 1198 4172
63.710860 1198 4172
63.710902 1198 4172
63.719795 606 4172
63.719839 206 4172
63.845343 126 4172
63.852956 126 4172
63.863208 222 4172
63.872208 126 4172
63.880593 126 4172
63.880636 110 4172
63.889294 126 4172
63.894224 222 4172
63.906878 398 4172
63.910605 1198 4172
63.910640 1198 4172
63.910669 1198 4172
63.910768 974 4172
63.910821 1198 4172
63.919890 1198 4172
63.919953 1198 4172
63.919987 1198 4172
63.920016 1198 4172
63.920046 1198 4172
63.920096 1198 4172
63.920147 206 4172
63.944806 1198 4172
63.944844 1198 4172
63.944878 1198 4172
63.944906 1198 4172
63.944935 1198 4172
63.944964 1198 4172
63.977661 1198 4172
63.977683 1182 4172
63.977731 1198 4172
63.984069 1198 4172
63.984111 1198 4172
63.984154 1198 4172
63.984185 1198 4172
63.984219 1198 4172
63.984250 734 4172
64.010222 462 4172
64.010261 318 4172
64.011621 1198 4172
64.011660 1198 4172
64.011697 366 4172
64.011727 302 4172
64.011793 1198 4172
64.018851 1198 4172
64.018931 1198 4172
64.018995 1198 4172
64.019052 254 4172
64.019089 238 4172
64.044160 110 4172
64.050422 222 4172
64.050460 1198 4172
64.050498 1198 4172
64.050529 1198 4172
64.050559 1198 4172
64.050589 1198 4172
64.050619 1198 4172
64.050647 1198 4172
64.050675 1198 4172
64.050714 1198 4172
64.050751 1198 4172
64.050781 1198 4172
64.050810 222 4172
64.050857 1198 4172
64.056404 1198 4172
64.056439 1198 4172
64.056471 1198 4172
64.056496 1198 4172
64.056525 1198 4172
64.056573 1198 4172
64.056606 318 4172
64.059808 1198 4172
64.059862 1198 4172
64.059899 1198 4172
64.059928 1198 4172
64.059957 1198 4172
64.059998 1198 4172
64.067840 1198 4172
64.067916 1198 4172
64.067949 1198 4172
64.067978 1198 4172
64.068014 1198 4172
64.074010 1198 4172
64.074043 1086 4172
64.074074 1198 4172
64.074104 1198 4172
64.080056 1198 4172
64.080090 1198 4172
64.085863 1198 4172
64.085896 1198 4172
64.091897 1198 4172
64.091932 1198 4172
64.091961 1198 4172
64.097866 1198 4172
64.097900 1198 4172
64.100776 1198 4172
64.100811 1198 4172
64.109905 1134 4172
64.109939 1198 4172
64.109969 1198 4172
64.115832 1198 4172
64.115872 1198 4172
64.122001 1198 4172
64.122039 1198 4172
64.127851 1198 4172
64.127889 1198 4172
64.127919 1198 4172
64.133868 110 4172
64.133921 1198 4172
64.133955 1198 4172
64.139959 910 4172
64.140004 110 4172
64.140048 1198 4172
64.141982 1198 4172
64.142025 1198 4172
64.151906 1198 4172
64.151948 1198 4172
64.157968 1198 4172
64.158000 830 4172
64.158033 1198 4172
64.163951 1198 4172
64.163998 1198 4172
64.169909 1198 4172
64.169945 1198 4172
64.169991 1198 4172
64.177121 542 4172
64.177164 1198 4172
64.177206 142 4172
64.182785 526 4172
64.219926 1198 4172
64.219962 478 4172
64.347289 110 4172
64.419961 110 4172
64.419998 110 4172
64.420051 110 4172
64.428825 110 4172
64.674768 110 4172
64.920800 110 4172
64.961964 110 4172
65.043945 110 4172
65.208027 110 4172
65.493865 110 4172
65.739934 110 4172
65.944877 110 4172
66.019970 110 4172
66.027000 110 4172
66.271922 110 4172
66.558808 110 4172
66.845847 110 4172
66.927753 110 4172
67.050962 110 4172
67.091926 110 4172
67.950875 110 4172
68.032804 110 4172
68.934848 110 4172
69.057753 110 4172
69.752775 110 4172
69.956917 110 4172
70.038700 110 4172
70.940727 110 4172
71.022642 110 4172
71.923774 110 4172
72.046747 110 4172
72.414718 110 4172
72.944719 110 4172
73.026838 110 4172
73.924595 110 4172
74.047767 110 4172
74.948597 110 4172
75.030624 110 4172
75.071828 110 4172
75.931754 110 4172
76.955023 110 4172
77.036665 110 4172
77.731773 110 4172
77.936634 110 4172
78.059732 110 4172
78.958614 110 4172
79.040547 110 4172
79.939733 110 4172
80.021667 110 4172
80.389736 110 4172
80.920477 110 4172
81.043719 110 4172
81.944682 110 4172
82.026527 110 4172
82.927542 110 4172
83.036660 110 4172
83.050544 110 4172
83.703703 702 4172
83.842644 60 60000
83.886700 270 4172
83.887518 254 4172
83.887547 270 4172
83.888659 318 4172
83.888686 238 4172
83.889778 1198 4172
83.889804 574 4172
83.889831 318 4172
83.890702 494 4172
83.891508 302 4172
83.891538 254 4172
83.892478 270 4172
83.892504 334 4172
83.892530 286 4172
83.894956 334 4172
83.903345 1198 4172
83.903500 238 4172
83.903503 1198 4172
83.903542 1198 4172
83.903580 1198 4172
83.903612 1198 4172
83.903641 1198 4172
83.903670 1198 4172
83.903699 1198 4172
83.903728 1198 4172
83.903758 206 4172
83.903800 1198 4172
83.906341 1198 4172
83.906380 1198 4172
83.906420 1198 4172
83.906453 1198 4172
83.906490 1198 4172
83.906525 1198 4172
83.906558 1198 4172
83.906591 686 4172
83.908470 1198 4172
83.949553 110 4172
84.031675 110 4172
84.046004 1198 4172
84.046007 606 4172
84.054831 142 4172
84.064262 174 4172
84.072463 606 4172
84.077940 174 4172
84.112976 142 4172
84.112993 190 4172
84.113417 174 4172
84.154520 110 4172
84.250231 174 4172
84.251105 158 4172
84.251156 158 4172
84.251188 158 4172
84.251222 158 4172
84.251338 174 4172
84.255281 158 4172
84.255322 158 4172
84.263440 158 4172
84.287107 1070 4172
84.287109 670 4172
84.287500 798 4172
84.287522 702 4172
84.287547 798 4172
84.287572 1198 4172
84.287597 1198 4172
84.287622 1102 4172
84.287646 1198 4172
84.287672 862 4172
84.287703 1102 4172
84.288899 670 4172
84.288933 782 4172
84.289828 1198 4172
84.289853 1198 4172
84.289880 254 4172
84.289907 910 4172
84.290736 494 4172
84.290761 558 4172
84.293015 494 4172
84.298920 1198 4172
84.298955 1198 4172
84.298986 1198 4172
84.299019 1198 4172
84.299048 1198 4172
84.299076 1198 4172
84.299105 1198 4172
84.299133 1198 4172
84.305189 158 4172
84.305230 382 4172
84.319585 1198 4172
84.319627 1198 4172
84.319653 1198 4172
84.319690 1198 4172
84.319715 1198 4172
84.319740 846 4172
84.319765 686 4172
84.319791 766 4172
84.319817 126 4172
84.319840 814 4172
84.319864 734 4172
84.319888 750 4172
84.320574 734 4172
84.320600 734 4172
84.321539 638 4172
84.321564 750 4172
84.323205 734 4172
84.323231 750 4172
84.323499 558 4172
84.323527 622 4172
84.325481 766 4172
84.332050 1198 4172
84.332084 1198 4172
84.332116 1198 4172
84.338171 1198 4172
84.338511 1198 4172
84.338552 1198 4172
84.350906 1198 4172
84.358664 302 4172
84.358695 654 4172
84.358724 1198 4172
84.358750 1198 4172
84.358775 1198 4172
84.358800 1198 4172
84.358826 1198 4172
84.362584 1198 4172
84.362620 1198 4172
84.368642 1198 4172
84.368678 254 4172
84.368710 1198 4172
84.374692 1198 4172
84.374728 1198 4172
84.374759 1198 4172
84.380777 1198 4172
84.380811 1198 4172
84.388262 1198 4172
84.388302 110 4172
84.388345 1198 4172
84.388460 510 4172
84.392536 1198 4172
84.392576 1198 4172
84.400664 1198 4172
84.400699 1198 4172
84.407019 1198 4172
84.407049 1198 4172
84.407081 1198 4172
84.414348 1198 4172
84.414993 830 4172
84.415052 1198 4172
84.418555 1198 4172
84.418594 1198 4172
84.424609 1198 4172
84.424634 1198 4172
84.431565 1198 4172
84.431610 1198 4172
84.441946 1198 4172
84.442095 1198 4172
84.442129 1198 4172
84.445031 1198 4172
84.445079 734 4172
84.448557 1198 4172
84.448589 1198 4172
84.448615 1198 4172
84.454534 1198 4172
84.454577 1198 4172
84.464818 1198 4172
84.464861 1198 4172
84.466558 1198 4172
84.466573 1198 4172
84.466599 1198 4172
84.482289 1198 4172
84.482408 1006 4172
84.482467 1198 4172
84.483541 1198 4172
84.483577 1198 4172
84.483608 1198 4172
84.483638 1198 4172
84.489548 1198 4172
84.489558 1198 4172
84.495516 1198 4172
84.495553 1198 4172
84.501584 398 4172
84.501621 1198 4172
84.501647 1198 4172
84.503118 1198 4172
84.503153 1198 4172
84.503181 1198 4172
84.513566 1198 4172
84.513650 1198 4172
84.523075 974 4172
84.523181 1198 4172
84.523276 1198 4172
84.525822 1198 4172
84.525859 1198 4172
84.531640 1198 4172
84.531675 1198 4172
84.537694 1198 4172
84.538256 1198 4172
84.538326 1198 4172
84.538569 1070 4172
84.548615 1198 4172
84.549596 1198 4172
84.549653 1198 4172
84.564006 1198 4172
84.564104 1198 4172
84.564136 1198 4172
84.567609 1198 4172
84.567651 1198 4172
84.567709 1198 4172
84.567764 1198 4172
84.580895 1198 4172
84.580954 430 4172
84.581013 1198 4172
84.585503 1198 4172
84.585541 1198 4172
84.585570 1198 4172
84.585596 1198 4172
84.585623 1198 4172
84.592137 1198 4172
84.592174 1198 4172
84.597537 1198 4172
84.597570 1198 4172
84.597603 1198 4172
84.612607 686 4172
84.612694 1198 4172
84.612776 1198 4172
84.615545 1198 4172
84.615592 1198 4172
84.615630 1198 4172
84.615662 1198 4172
84.621778 1198 4172
84.621819 1198 4172
84.621850 1198 4172
84.627669 1198 4172
84.627696 542 4172
84.627730 1198 4172
84.633528 1198 4172
84.633566 1198 4172
84.639998 1198 4172
84.640035 1198 4172
84.645922 1198 4172
84.645945 1198 4172
84.645973 1198 4172
84.656378 1198 4172
84.658606 110 4172
84.658648 846 4172
84.658698 1198 4172
84.663544 1198 4172
84.663582 1198 4172
84.663613 1198 4172
84.663643 1198 4172
84.669525 1198 4172
84.669553 1198 4172
84.675522 1198 4172
84.675558 1182 4172
84.675588 1198 4172
84.683371 1198 4172
84.685557 1198 4172
84.685614 1198 4172
84.687521 1198 4172
84.693524 1198 4172
84.693548 1198 4172
84.693579 1198 4172
84.700002 702 4172
84.700065 1198 4172
84.703539 1198 4172
84.703566 1198 4172
84.703595 1198 4172
84.711513 1198 4172
84.711548 1198 4172
84.717794 1198 4172
84.717828 1198 4172
84.729423 190 4172
84.729581 1198 4172
84.729607 1198 4172
84.729634 1198 4172
84.729676 1198 4172
84.742246 1198 4172
84.742333 1198 4172
84.742336 334 4172
84.742364 750 4172
84.742419 174 4172
84.744481 174 4172
84.744513 174 4172
84.744539 174 4172
84.744563 174 4172
84.744589 174 4172
84.744613 174 4172
84.744637 174 4172
84.744662 174 4172
84.744686 174 4172
84.744711 174 4172
84.744734 174 4172
84.746004 174 4172
84.747322 174 4172
84.748983 174 4172
84.750805 1198 4172
84.750833 1198 4172
84.750865 1198 4172
84.750895 1198 4172
84.750924 670 4172
84.763929 60 60000
84.791553 1166 4172
84.883084 846 4172
84.920091 1198 4172
84.920129 1198 4172
84.920156 174 4172
84.923724 110 4172
84.927410 110 4172
85.017823 174 4172
85.019223 174 4172
85.021350 174 4172
85.021401 110 4172
85.028287 174 4172
85.028495 174 4172
85.028529 174 4172
85.028555 174 4172
85.030263 174 4172
85.030300 174 4172
85.030322 174 4172
85.030347 174 4172
85.030374 174 4172
85.030451 174 4172
85.031734 174 4172
85.037298 1198 4172
85.037336 1198 4172
85.037367 1198 4172
85.037399 766 4172
85.037441 1198 4172
85.041998 1198 4172
85.042033 1198 4172
85.042112 1198 4172
85.042163 1198 4172
85.042189 1198 4172
85.042218 1198 4172
85.042247 1198 4172
85.042276 862 4172
85.082898 1198 4172
85.085807 286 4172
85.085828 174 4172
85.085862 238 4172
85.113901 1198 4172
85.113916 494 4172
85.123498 158 4172
85.205654 110 4172
85.246737 174 4172
85.492638 110 4172
85.535807 1198 4172
85.576640 1198 4172
85.576696 1198 4172
85.576736 366 4172
85.634248 1198 4172
85.634251 446 4172
85.643137 382 4172
85.652372 1198 4172
85.652451 1198 4172
85.652503 1198 4172
85.652543 1198 4172
85.652578 990 4172
85.652629 1198 4172
85.658533 1198 4172
85.658576 1198 4172
85.658611 142 4172
85.669178 1198 4172
85.669229 1198 4172
85.669272 1198 4172
85.669311 254 4172
85.669377 1198 4172
85.669413 1198 4172
85.677121 1198 4172
85.677175 1198 4172
85.677217 1022 4172
85.686173 1198 4172
85.686262 1198 4172
85.686265 1198 4172
85.686315 1198 4172
85.686346 1198 4172
85.686428 1198 4172
85.686465 926 4172
85.686518 1198 4172
85.688235 1198 4172
85.688275 1198 4172
85.688312 1198 4172
85.688344 1198 4172
85.688423 1198 4172
85.688459 1198 4172
85.688493 446 4172
85.695202 1198 4172
85.699498 1198 4172
85.699544 1198 4172
85.699580 1198 4172
85.699617 1198 4172
85.699653 1198 4172
85.699687 1198 4172
85.699720 1198 4172
85.699757 1198 4172
85.699789 1198 4172
85.699822 190 4172
85.709544 1198 4172
85.709617 1198 4172
85.709651 1198 4172
85.709685 1198 4172
85.709720 1198 4172
85.709757 1198 4172
85.709791 1198 4172
85.715553 1198 4172
85.715592 110 4172
85.715627 1198 4172
85.721431 446 4172
85.721474 1198 4172
85.721509 1198 4172
85.727555 1198 4172
85.727591 1198 4172
85.733515 1198 4172
85.733552 974 4172
85.733592 1198 4172
85.739680 1198 4172
85.739720 1198 4172
85.740544 1198 4172
85.740582 1198 4172
85.751523 1198 4172
85.751644 1198 4172
85.751680 702 4172
85.757476 1198 4172
85.757516 1198 4172
85.763493 1198 4172
85.763530 1198 4172
85.763566 142 4172
85.763600 1198 4172
85.769547 1198 4172
85.769587 1198 4172
85.775568 1198 4172
85.775608 1198 4172
85.779891 350 4172
85.779929 814 4172
85.779975 750 4172
85.781488 782 4172
85.798252 926 4172
85.798491 1198 4172
85.798493 1198 4172
85.798528 1198 4172
85.798561 1198 4172
85.798597 1198 4172
85.798630 1198 4172
85.798664 1198 4172
85.798697 1198 4172
85.807277 686 4172
85.812594 1198 4172
85.812641 1198 4172
85.812676 1198 4172
85.812719 1198 4172
85.818543 1198 4172
85.818580 1198 4172
85.822546 1198 4172
85.822595 1198 4172
85.830588 1198 4172
85.830628 574 4172
85.830663 1198 4172
85.836593 1198 4172
85.836632 1198 4172
85.842560 1198 4172
85.842606 1198 4172
85.842648 1198 4172
85.848499 1198 4172
85.848533 1198 4172
85.854575 270 4172
85.854618 1198 4172
85.854654 1198 4172
85.860618 702 4172
85.860665 1198 4172
85.860700 862 4172
85.863407 1198 4172
85.863444 366 4172
85.904592 366 4172
85.945529 110 4172
86.020209 110 4172
86.020223 110 4172
86.020262 110 4172
86.027689 110 4172
86.272629 110 4172
86.272682 110 4172
86.272725 110 4172
86.518582 110 4172
86.805581 110 4172
87.036700 110 4172
87.051735 110 4172
87.338530 110 4172
87.587597 110 4172
87.874600 110 4172
87.956550 110 4172
88.039912 110 4172
88.121610 110 4172
88.407503 110 4172
88.940557 110 4172
89.022478 110 4172
89.923492 110 4172
90.046620 110 4172
90.949551 110 4172
91.030486 110 4172
91.071542 110 4172
91.930496 110 4172
92.053527 110 4172
92.954492 110 4172
93.036513 110 4172
93.730488 110 4172
93.935494 110 4172
94.058559 110 4172
95.041442 110 4172
95.943505 110 4172
96.025414 110 4172
96.394511 110 4172
96.927344 110 4172
97.050438 110 4172
97.951392 110 4172
98.033435 110 4172
98.934409 110 4172
99.020394 110 4172
99.957384 110 4172
100.039389 110 4172
100.941565 110 4172
101.023337 110 4172
101.718317 110 4172
101.923286 110 4172
102.046340 110 4172
102.948229 110 4172
103.030313 110 4172
103.930307 110 4172
104.053367 110 4172
104.380748 110 4172
104.928188 110 4172
105.016232 60 60000
105.018455 270 4172
105.018492 254 4172
105.019968 270 4172
105.019996 318 4172
105.020273 238 4172
105.021529 110 4172
105.021551 302 4172
105.021583 238 4172
105.022553 302 4172
105.022580 238 4172
105.023420 302 4172
105.023463 254 4172
105.024168 270 4172
105.024193 334 4172
105.025284 286 4172
105.025373 334 4172
105.053685 734 4172
105.140420 574 4172
105.176754 142 4172
105.181186 142 4172
105.193851 318 4172
105.202683 494 4172
105.213539 142 4172
105.222208 158 4172
105.222229 190 4172
105.381590 158 4172
105.389685 174 4172
105.394226 158 4172
105.406776 174 4172
105.414032 158 4172
105.414110 1198 4172
105.451857 1198 4172
105.451976 558 4172
105.452016 1198 4172
105.452066 174 4172
105.452234 1198 4172
105.452792 254 4172
105.452863 942 4172
105.452925 1118 4172
105.452969 1022 4172
105.453024 1198 4172
105.453098 1198 4172
105.453179 1198 4172
105.453250 174 4172
105.453304 1198 4172
105.453357 1198 4172
105.453448 446 4172
105.453557 1198 4172
105.454653 1198 4172
105.454688 1198 4172
105.454744 1198 4172
105.454850 1198 4172
105.454980 1198 4172
105.455025 1198 4172
105.455132 1198 4172
105.455200 670 4172
105.460614 1198 4172
105.460641 1198 4172
105.471768 1198 4172
105.471805 1198 4172
105.471833 1198 4172
105.471862 1198 4172
105.471892 1198 4172
105.471924 1198 4172
105.471951 1198 4172
105.471978 1198 4172
105.472011 318 4172
105.472099 1198 4172
105.472126 1198 4172
105.472154 1198 4172
105.472181 1198 4172
105.480224 1198 4172
105.480413 1198 4172
105.480446 1198 4172
105.480476 1198 4172
105.480506 1198 4172
105.480536 1198 4172
105.484342 734 4172
105.484391 1198 4172
105.484890 1198 4172
105.484957 1198 4172
105.490231 1198 4172
105.490256 1198 4172
105.490310 1198 4172
105.496236 1198 4172
105.496254 1198 4172
105.502468 1198 4172
105.502511 1198 4172
105.509684 1198 4172
105.510269 1198 4172
105.510318 1198 4172
105.515569 1198 4172
105.520402 1198 4172
105.526265 1198 4172
105.532472 1198 4172
105.538058 126 4172
105.538257 1198 4172
105.545747 1198 4172
105.556104 686 4172
105.556283 1198 4172
105.557891 1198 4172
105.562240 1198 4172
105.568330 1198 4172
105.568381 958 4172
105.574275 1198 4172
105.591872 1198 4172
105.592326 1198 4172
105.595054 1198 4172
105.595328 1198 4172
105.595369 1198 4172
105.604290 1198 4172
105.610282 1198 4172
105.616395 1198 4172
105.622632 622 4172
105.622782 1198 4172
105.628801 1198 4172
105.636567 1198 4172
105.640214 1198 4172
105.640241 1198 4172
105.648445 1198 4172
105.652282 1198 4172
105.658207 1198 4172
105.664718 1070 4172
105.664745 1198 4172
105.670211 1198 4172
105.676301 1198 4172
105.682300 1198 4172
105.684017 1198 4172
105.694390 110 4172
105.694407 1198 4172
105.694441 1198 4172
105.700224 1198 4172
105.706261 1198 4172
105.712297 558 4172
105.712320 1198 4172
105.718243 1198 4172
105.725909 1198 4172
105.726773 1198 4172
105.726806 1198 4172
105.737257 1198 4172
105.743149 1198 4172
105.748310 1198 4172
105.754233 1198 4172
105.754259 1198 4172
105.766571 1198 4172
105.768575 574 4172
105.768608 1198 4172
105.768639 1198 4172
105.784313 1198 4172
105.784408 1198 4172
105.796337 1198 4172
105.796361 1198 4172
105.802515 1198 4172
105.802963 1198 4172
105.808268 1198 4172
105.808289 1198 4172
105.809157 1198 4172
105.821422 686 4172
105.821456 1198 4172
105.826210 1198 4172
105.851457 1198 4172
105.852672 1198 4172
105.853645 1198 4172
105.856173 1198 4172
105.856209 1198 4172
105.856244 1198 4172
105.864333 1198 4172
105.864399 1198 4172
105.868210 1182 4172
105.876401 60 60000
105.880194 1198 4172
105.880225 1198 4172
105.886710 1198 4172
105.892184 1198 4172
105.899369 1198 4172
105.900064 1198 4172
105.900209 1198 4172
105.910225 814 4172
105.910251 1198 4172
105.917247 1198 4172
105.922223 1198 4172
105.930490 110 4172
105.930537 1198 4172
105.930569 1198 4172
105.934197 1198 4172
105.940900 1198 4172
105.942952 1198 4172
105.942989 1198 4172
105.952276 334 4172
105.952296 1198 4172
105.958225 110 4172
105.958246 1198 4172
105.964826 1198 4172
105.970220 1198 4172
105.970252 1198 4172
105.976442 1198 4172
105.984968 1198 4172
105.985013 526 4172
105.997437 1198 4172
106.000332 1198 4172
106.006233 1198 4172
106.014494 1198 4172
106.014540 1198 4172
106.018151 1198 4172
106.024138 1198 4172
106.025116 110 4172
106.025143 1198 4172
106.039384 1198 4172
106.042368 622 4172
106.042407 1198 4172
106.048219 1198 4172
106.054266 1198 4172
106.054301 1198 4172
106.060659 1198 4172
106.067953 1006 4172
106.070363 574 4172
106.072852 174 4172
106.079690 174 4172
106.079710 1198 4172
106.079736 590 4172
106.079766 1198 4172
106.084385 1198 4172
106.090232 1198 4172
106.090248 1198 4172
106.098026 1198 4172
106.098066 1198 4172
106.102211 1198 4172
106.113050 206 4172
106.113145 1198 4172
106.114172 1198 4172
106.120233 1198 4172
106.120268 1198 4172
106.128898 1198 4172
106.132189 110 4172
106.132218 1198 4172
106.138193 1198 4172
106.138225 446 4172
106.146462 1198 4172
106.146492 1198 4172
106.150221 1198 4172
106.162815 1198 4172
106.168187 1198 4172
106.168223 1198 4172
106.168259 1198 4172
106.174238 1198 4172
106.174271 734 4172
106.180170 1198 4172
106.186201 1198 4172
106.186265 1198 4172
106.192229 1198 4172
106.198175 1198 4172
106.198211 1198 4172
106.203591 1198 4172
106.210171 1198 4172
106.216212 110 4172
106.216228 1198 4172
106.216269 1198 4172
106.222209 302 4172
106.228224 1198 4172
106.234158 1198 4172
106.234197 1198 4172
106.240216 1198 4172
106.244113 1198 4172
106.244148 1198 4172
106.252231 1198 4172
106.258205 1198 4172
106.264164 1198 4172
106.264200 670 4172
106.270228 1198 4172
106.270255 1198 4172
106.276306 1198 4172
106.282249 1198 4172
106.282282 1198 4172
106.285308 1198 4172
106.294238 1198 4172
106.300160 1198 4172
106.300207 1086 4172
106.306236 1198 4172
106.312246 1198 4172
106.312290 1198 4172
106.318311 1198 4172
106.324315 1198 4172
106.324395 1198 4172
106.326251 1198 4172
106.336309 1198 4172
106.342307 1198 4172
106.342358 558 4172
106.348490 1198 4172
106.348540 1198 4172
106.354376 1198 4172
106.360241 1198 4172
106.360273 1198 4172
106.366325 1198 4172
106.367187 1198 4172
106.378296 1198 4172
106.378352 862 4172
106.384261 1198 4172
106.390362 1198 4172
106.390399 1198 4172
106.396329 1198 4172
106.402278 1198 4172
106.402308 1198 4172
106.408331 1198 4172
106.414234 1198 4172
106.414271 286 4172
106.420278 1198 4172
106.420328 1198 4172
106.426267 1198 4172
106.432296 1198 4172
106.432328 1198 4172
106.438337 1198 4172
106.444298 1102 4172
106.449174 1198 4172
106.449215 1198 4172
106.456276 1198 4172
106.462312 1198 4172
106.462358 782 4172
106.468320 1198 4172
106.474213 1198 4172
106.474259 1198 4172
106.480832 1198 4172
106.486321 110 4172
106.486371 606 4172
106.486407 894 4172
106.490304 1198 4172
106.490347 1198 4172
106.498292 366 4172
106.498333 302 4172
106.504258 174 4172
106.504296 1198 4172
106.504344 974 4172
106.510282 1198 4172
106.516278 1198 4172
106.516322 1198 4172
106.522330 1198 4172
106.528283 1198 4172
106.528329 1198 4172
106.531211 1198 4172
106.540288 1198 4172
106.546306 766 4172
106.546346 1198 4172
106.552267 1198 4172
106.552308 1198 4172
106.558282 1198 4172
106.564283 1198 4172
106.570157 1198 4172
106.570190 1198 4172
106.572163 1198 4172
106.582276 926 4172
106.582309 1198 4172
106.588303 1198 4172
106.594276 1198 4172
106.594315 1198 4172
106.600270 1198 4172
106.606219 1198 4172
106.612266 1198 4172
106.613199 1198 4172
106.624356 1198 4172
106.624422 238 4172
106.624482 1198 4172
106.630286 1198 4172
106.636295 1198 4172
106.642287 1198 4172
106.642331 1198 4172
106.648291 1198 4172
106.654273 1198 4172
106.654307 1198 4172
106.660265 1198 4172
106.666289 1198 4172
106.672267 1198 4172
106.672310 350 4172
106.672353 1198 4172
106.678320 1198 4172
106.684298 1198 4172
106.690251 1198 4172
106.695084 1198 4172
106.702272 1198 4172
106.702313 1198 4172
106.714341 1198 4172
106.720335 382 4172
106.720389 1198 4172
106.720431 1198 4172
106.726286 1198 4172
106.732302 1198 4172
106.736134 1198 4172
106.736177 1198 4172
106.744295 1198 4172
106.750296 110 4172
106.750333 1198 4172
106.756269 1198 4172
106.756301 1198 4172
106.762283 1102 4172
106.768268 1198 4172
106.768311 1198 4172
106.774348 1198 4172
106.777180 1198 4172
106.777226 1198 4172
106.786201 1198 4172
106.792283 1198 4172
106.798303 1198 4172
106.798334 1198 4172
106.804284 1198 4172
106.810250 126 4172
106.810294 1198 4172
106.810332 1198 4172
106.816277 1198 4172
106.818235 1198 4172
106.828321 1198 4172
106.828354 1198 4172
106.834265 1198 4172
106.840268 1198 4172
106.840312 1198 4172
106.846283 1198 4172
106.852283 446 4172
106.852329 1198 4172
106.858253 1198 4172
106.858293 1198 4172
106.859346 1198 4172
106.870279 1198 4172
106.876280 1198 4172
106.876314 1198 4172
106.882239 1198 4172
106.888215 1198 4172
106.888258 654 4172
106.894273 1198 4172
106.900249 1198 4172
106.900294 1198 4172
106.906288 1198 4172
106.912258 1198 4172
106.912295 1198 4172
106.918255 1198 4172
106.924293 1198 4172
106.930273 110 4172
106.930318 254 4172
106.930356 1198 4172
106.936268 1198 4172
106.941222 1198 4172
106.948263 1198 4172
106.948298 894 4172
106.954291 238 4172
106.954335 1198 4172
106.960297 1198 4172
106.960338 174 4172
106.960379 270 4172
106.967652 126 4172
106.967688 126 4172
106.976663 126 4172
106.993701 142 4172
107.002630 126 4172
107.010636 126 4172
107.018656 126 4172
107.018705 110 4172
107.020327 126 4172
107.022348 110 4172
107.023179 126 4172
107.035687 126 4172
107.044619 142 4172
107.053116 126 4172
107.061714 1198 4172
107.061747 510 4172
107.064216 478 4172
107.078416 606 4172
107.086448 1198 4172
107.086483 1198 4172
107.086526 478 4172
107.095646 1198 4172
107.095697 1198 4172
107.095739 670 4172
107.104679 1198 4172
107.104729 1198 4172
107.104776 1198 4172
107.104814 190 4172
107.105065 1198 4172
107.105097 1198 4172
107.105141 1198 4172
107.105179 398 4172
107.120406 1198 4172
107.120453 1198 4172
107.120490 1198 4172
107.120526 542 4172
107.121724 110 4172
107.130698 1198 4172
107.130751 1198 4172
107.130792 1198 4172
107.130830 318 4172
107.138596 1198 4172
107.138637 1198 4172
107.138690 1198 4172
107.138730 702 4172
107.146256 1198 4172
107.146303 1198 4172
107.146343 1198 4172
107.146382 142 4172
107.155381 1198 4172
107.155414 1198 4172
107.155465 958 4172
107.162956 1198 4172
107.163001 1198 4172
107.163043 430 4172
107.163305 1198 4172
107.171553 430 4172
107.180614 1198 4172
107.180666 1198 4172
107.180708 1198 4172
107.180746 446 4172
107.187194 1198 4172
107.187238 1198 4172
107.187277 1198 4172
107.187315 638 4172
107.194143 1198 4172
107.194182 1198 4172
107.200288 1198 4172
107.206191 1198 4172
107.206234 318 4172
107.212289 1198 4172
107.212333 1198 4172
107.218161 1198 4172
107.224254 1198 4172
107.224307 750 4172
107.228232 1198 4172
107.236248 1198 4172
107.236294 110 4172
107.242244 1198 4172
107.248174 1006 4172
107.248226 1198 4172
107.254264 1198 4172
107.260259 1198 4172
107.260300 1198 4172
107.266276 670 4172
107.269177 1198 4172
107.269211 1198 4172
107.278303 1198 4172
107.278344 1198 4172
107.284248 110 4172
107.284297 110 4172
107.284366 110 4172
107.284420 1198 4172
107.290247 1054 4172
107.296306 1198 4172
107.302278 1198 4172
107.302314 1198 4172
107.308355 1198 4172
107.308389 430 4172
107.310216 1198 4172
107.310259 1198 4172
107.320294 1198 4172
107.326334 1070 4172
107.326371 1198 4172
107.332247 110 4172
107.338287 1198 4172
107.351188 206 4172
107.351241 1198 4172
107.351277 894 4172
107.420331 1198 4172
107.433189 110 4172
107.536404 110 4172
107.556315 110 4172
107.556397 110 4172
107.556432 110 4172
107.638402 110 4172
107.843567 110 4172
107.843911 110 4172
107.844138 110 4172
107.925209 110 4172
108.048279 110 4172
108.089192 110 4172
108.376319 110 4172
108.623216 110 4172
108.910317 110 4172
108.951198 110 4172
109.033193 110 4172
109.156208 110 4172
109.442277 110 4172
109.688302 110 4172
109.933283 110 4172
109.974357 110 4172
110.056191 110 4172
110.957260 110 4172
111.039260 110 4172
111.939209 110 4172
112.021155 110 4172
112.633191 110 4172
112.961181 110 4172
113.043141 110 4172
113.944195 110 4172
114.026029 110 4172
114.926124 110 4172
115.048163 110 4172
115.334205 110 4172
115.949198 110 4172
116.031158 110 4172
116.931019 110 4172
117.054162 110 4172
117.955038 110 4172
117.996115 110 4172
118.037116 110 4172
118.937021 110 4172
119.060153 110 4172
119.960028 110 4172
120.042039 110 4172
120.657086 110 4172
120.943907 110 4172
121.025998 110 4172
121.927977 110 4172
122.050919 110 4172
122.951103 110 4172
123.033006 110 4172
123.320043 110 4172
123.934018 110 4172
124.057000 110 4172
124.139029 430 4172
124.139069 318 4172
124.291162 1198 4172
124.291179 1198 4172
124.291262 350 4172
124.292295 174 4172
124.293124 174 4172
124.293906 174 4172
124.295496 174 4172
124.295528 174 4172
124.296297 174 4172
124.297032 174 4172
124.298459 174 4172
124.298486 174 4172
124.299231 174 4172
124.300019 174 4172
124.302065 174 4172
124.302093 174 4172
124.302854 174 4172
124.311604 1198 4172
124.311643 1198 4172
124.311668 1198 4172
124.311703 1198 4172
124.311732 846 4172
124.311793 1198 4172
124.311821 1198 4172
124.311849 1198 4172
124.344042 1198 4172
124.344162 1198 4172
124.344192 1198 4172
124.344228 1198 4172
124.344262 1198 4172
124.344297 574 4172
124.448529 1198 4172
124.454771 1198 4172
124.454861 686 4172
124.454927 1198 4172
124.464584 446 4172
124.466855 1198 4172
124.466904 1198 4172
124.630022 110 4172
124.916020 110 4172
124.957045 110 4172
125.039025 110 4172
125.447048 110 4172
125.938974 110 4172
125.979913 1198 4172
125.979987 1198 4172
125.980020 958 4172
126.020882 110 4172
126.061927 494 4172
126.127040 1198 4172
126.127059 1198 4172
126.127097 1198 4172
126.127130 1198 4172
126.127165 1198 4172
126.127202 1198 4172
126.127235 1198 4172
126.127263 1198 4172
126.127297 1198 4172
126.130261 350 4172
126.135993 1198 4172
126.136034 1198 4172
126.136075 1198 4172
126.136108 1198 4172
126.138016 60 60000
126.142062 1198 4172
126.142090 1198 4172
126.142129 1198 4172
126.143881 1198 4172
126.143923 1198 4172
126.153875 1198 4172
126.153918 1198 4172
126.159906 1150 4172
126.165902 1198 4172
126.165946 1198 4172
126.175196 1198 4172
126.181215 1198 4172
126.181347 1198 4172
126.184908 1198 4172
126.184956 1198 4172
126.192898 1198 4172
126.199037 1198 4172
126.199111 1198 4172
126.204988 494 4172
126.205065 1198 4172
126.211022 446 4172
126.211073 1198 4172
126.216915 1198 4172
126.222983 1198 4172
126.223017 110 4172
126.225852 1198 4172
126.225906 1198 4172
126.234966 1198 4172
126.240957 1198 4172
126.241006 1198 4172
126.246971 1198 4172
126.252921 1198 4172
126.252961 1198 4172
126.258986 446 4172
126.259032 1198 4172
126.265060 1198 4172
126.266880 1198 4172
126.266948 1198 4172
126.277003 1198 4172
126.283043 1198 4172
126.288910 1198 4172
126.288953 1198 4172
126.294917 1198 4172
126.301074 1198 4172
126.301113 1198 4172
126.306937 1198 4172
126.307928 1150 4172
126.307992 1198 4172
126.319051 1198 4172
126.324979 1198 4172
126.331317 1198 4172
126.331351 1198 4172
126.336926 1198 4172
126.342909 1198 4172
126.342941 1198 4172
126.348885 1198 4172
126.354890 1198 4172
126.354922 590 4172
126.360902 1198 4172
126.366954 1198 4172
126.367024 1198 4172
126.373001 1198 4172
126.379964 1198 4172
126.379996 1198 4172
126.384939 1198 4172
126.389821 1198 4172
126.389858 1198 4172
126.396928 1070 4172
126.402922 1198 4172
126.402974 1198 4172
126.408951 1198 4172
126.414943 1198 4172
126.420921 1198 4172
126.420946 1198 4172
126.427030 1198 4172
126.430868 1198 4172
126.430903 1198 4172
126.439069 1198 4172
126.445244 1198 4172
126.451625 1198 4172
126.451657 1198 4172
126.456913 1198 4172
126.462997 1198 4172
126.468902 1198 4172
126.468926 1198 4172
126.471824 1198 4172
126.480932 574 4172
126.481058 1198 4172
126.486882 110 4172
126.486921 1198 4172
126.492895 1198 4172
126.498887 430 4172
126.498925 1198 4172
126.504908 1198 4172
126.510956 1198 4172
126.510976 1198 4172
126.516900 1198 4172
126.522497 1198 4172
126.522532 1198 4172
126.533012 1198 4172
126.535975 1198 4172
126.535996 1198 4172
126.547625 1198 4172
126.547890 1198 4172
126.552918 1198 4172
126.552961 638 4172
126.559310 1198 4172
126.559350 1198 4172
126.567443 1198 4172
126.569877 1198 4172
126.569922 1198 4172
126.577176 1198 4172
126.583361 1198 4172
126.590863 1198 4172
126.590894 1198 4172
126.594923 1198 4172
126.600961 1198 4172
126.600989 654 4172
126.607249 1198 4172
126.607281 1198 4172
126.612900 1198 4172
126.615296 1198 4172
126.633120 1198 4172
126.633194 862 4172
126.633219 126 4172
126.633251 1198 4172
126.633283 1198 4172
126.636924 1198 4172
126.642915 1198 4172
126.665544 1198 4172
126.686311 414 4172
126.687235 1198 4172
126.687869 1198 4172
126.691340 1198 4172
126.691376 1198 4172
126.691470 1198 4172
126.691502 382 4172
126.691822 1198 4172
126.691856 1198 4172
126.691885 1198 4172
126.692005 1198 4172
126.692050 222 4172
126.697667 1198 4172
126.702958 1198 4172
126.702994 1198 4172
126.708884 1198 4172
126.716887 1198 4172
126.716937 1198 4172
126.716987 398 4172
126.721004 350 4172
126.729018 1198 4172
126.729212 1198 4172
126.734312 1038 4172
126.736304 1198 4172
126.736340 1086 4172
126.744893 1198 4172
126.750888 110 4172
126.750974 1198 4172
126.751014 862 4172
126.756918 1198 4172
126.763366 1198 4172
126.763425 1198 4172
126.768984 1022 4172
126.774963 1198 4172
126.775003 1198 4172
126.776800 1198 4172
126.786890 1198 4172
126.786926 894 4172
126.792886 1198 4172
126.801616 1198 4172
126.801660 1198 4172
126.804892 814 4172
126.804925 1198 4172
126.811206 1198 4172
126.816990 1198 4172
126.818855 830 4172
126.818894 1198 4172
126.834712 1198 4172
126.834952 1198 4172
126.835000 670 4172
126.840947 1198 4172
126.840983 1198 4172
126.851295 1198 4172
126.852859 1198 4172
126.852897 1198 4172
126.867438 1198 4172
126.870851 302 4172
126.870891 1198 4172
126.870921 1198 4172
126.870949 1198 4172
126.885480 1198 4172
126.888902 126 4172
126.888933 1198 4172
126.888963 1198 4172
126.888988 1198 4172
126.900209 1086 4172
126.901297 1198 4172
126.902532 1198 4172
126.902575 1198 4172
126.929610 1198 4172
126.930758 686 4172
126.933031 1198 4172
126.933339 1198 4172
126.933375 1198 4172
126.933422 110 4172
126.936916 638 4172
126.936941 1198 4172
126.936973 1198 4172
126.942931 958 4172
126.942967 1198 4172
126.944484 1198 4172
126.956417 110 4172
126.956449 1198 4172
126.956483 1198 4172
126.960881 1198 4172
126.966850 398 4172
126.966883 494 4172
126.966909 270 4172
126.966934 1198 4172
126.972922 1198 4172
126.978844 1198 4172
126.983348 60 60000
126.984876 1198 4172
126.984914 1198 4172
126.990887 1198 4172
126.992455 1198 4172
126.992499 1198 4172
127.003166 1198 4172
127.008888 702 4172
127.008920 1198 4172
127.017377 1198 4172
127.023007 1198 4172
127.023029 1198 4172
127.026882 110 4172
127.026917 110 4172
127.026953 1198 4172
127.045175 1038 4172
127.045559 1198 4172
127.048468 1198 4172
127.048520 1198 4172
127.048552 1198 4172
127.048579 1198 4172
127.056893 1198 4172
127.062878 270 4172
127.062926 1198 4172
127.062957 1198 4172
127.068922 1198 4172
127.074913 1198 4172
127.085417 1198 4172
127.086358 1198 4172
127.086435 430 4172
127.086863 1198 4172
127.088822 1198 4172
127.098935 1198 4172
127.098965 1198 4172
127.104905 1198 4172
127.114088 174 4172
127.116888 1198 4172
127.116915 1198 4172
127.122930 1198 4172
127.128913 1198 4172
127.128936 110 4172
127.128968 1198 4172
127.129821 1102 4172
127.140971 1198 4172
127.141024 1198 4172
127.151567 1198 4172
127.155155 1198 4172
127.158929 1198 4172
127.158989 1198 4172
127.165726 510 4172
127.165767 1198 4172
127.172581 1198 4172
127.173880 1198 4172
127.173921 1198 4172
127.182931 1198 4172
127.188907 350 4172
127.188941 1198 4172
127.194969 1198 4172
127.195186 1198 4172
127.200917 1198 4172
127.206956 1198 4172
127.206987 286 4172
127.212964 1198 4172
127.212998 1198 4172
127.216902 1198 4172
127.225242 1198 4172
127.225295 1198 4172
127.231594 190 4172
127.231652 1198 4172
127.236913 1198 4172
127.245581 1198 4172
127.245606 1198 4172
127.258031 1038 4172
127.259933 1198 4172
127.260017 1198 4172
127.260052 1198 4172
127.269571 1198 4172
127.269631 1006 4172
127.272955 1198 4172
127.278925 1198 4172
127.278958 1198 4172
127.288494 1198 4172
127.292855 1198 4172
127.292895 334 4172
127.303292 110 4172
127.303906 1198 4172
127.303933 1198 4172
127.303959 1198 4172
127.303985 1198 4172
127.317483 1038 4172
127.322519 1198 4172
127.327231 1198 4172
127.327258 1198 4172
127.332910 1198 4172
127.345123 366 4172
127.345156 1198 4172
127.346030 1198 4172
127.346136 1198 4172
127.346192 590 4172
127.346248 1198 4172
127.360213 1198 4172
127.368938 1198 4172
127.368982 894 4172
127.378893 1198 4172
127.388100 1198 4172
127.388411 1198 4172
127.388491 1198 4172
127.390089 1198 4172
127.390140 142 4172
127.390173 1198 4172
127.398893 1198 4172
127.408004 1198 4172
127.408037 1198 4172
127.410867 1198 4172
127.421459 1198 4172
127.421827 510 4172
127.421880 1198 4172
127.422887 1198 4172
127.428965 1198 4172
127.430920 1198 4172
127.430960 1198 4172
127.440921 1198 4172
127.446905 1198 4172
127.446949 670 4172
127.454336 1198 4172
127.454374 1198 4172
127.464699 1198 4172
127.467707 1198 4172
127.467820 1198 4172
127.472251 1198 4172
127.481105 366 4172
127.481825 1198 4172
127.489297 1198 4172
127.490007 1198 4172
127.492811 1198 4172
127.509353 174 4172
127.509398 1198 4172
127.512893 1198 4172
127.512926 1198 4172
127.512956 1198 4172
127.520657 1198 4172
127.520702 638 4172
127.520804 1198 4172
127.528237 1198 4172
127.531009 1198 4172
127.533804 1198 4172
127.533846 1198 4172
127.542889 1198 4172
127.549001 1198 4172
127.549033 446 4172
127.554871 1198 4172
127.554918 1198 4172
127.560861 110 4172
127.560899 1198 4172
127.566888 1198 4172
127.566918 1198 4172
127.572849 398 4172
127.572880 1198 4172
127.574918 1198 4172
127.584894 1198 4172
127.584992 1198 4172
127.590855 1198 4172
127.596905 302 4172
127.597021 1198 4172
127.602848 1198 4172
127.608833 1198 4172
127.608878 1102 4172
127.614877 1198 4172
127.615808 1198 4172
127.615845 1198 4172
127.627217 1198 4172
127.632946 1070 4172
127.633001 1198 4172
127.638973 1198 4172
127.644879 1198 4172
127.644906 1198 4172
127.650925 1198 4172
127.656826 1198 4172
127.656861 430 4172
127.662861 1198 4172
127.662903 1198 4172
127.668941 1198 4172
127.668976 1198 4172
127.675124 718 4172
127.680836 238 4172
127.680880 1198 4172
127.680917 1198 4172
127.686929 1198 4172
127.692923 1198 4172
127.692960 414 4172
127.693006 1198 4172
127.697823 1198 4172
127.704026 1198 4172
127.704067 1198 4172
127.709973 1198 4172
127.715860 1166 4172
127.715920 1198 4172
127.721975 1198 4172
127.727974 1198 4172
127.728010 1198 4172
127.733977 1198 4172
127.739201 542 4172
127.745851 1198 4172
127.745901 1198 4172
127.751891 1198 4172
127.757963 1198 4172
127.758008 1198 4172
127.763974 1198 4172
127.769980 1198 4172
127.770016 990 4172
127.775961 1198 4172
127.776003 1198 4172
127.779824 1198 4172
127.787959 1198 4172
127.788002 1198 4172
127.793965 1198 4172
127.799986 1134 4172
127.800025 1198 4172
127.805905 1198 4172
127.805948 1198 4172
127.812005 1198 4172
127.817840 1198 4172
127.817899 1198 4172
127.820878 702 4172
127.820958 1198 4172
127.829993 110 4172
127.830067 1198 4172
127.835961 1198 4172
127.836032 1198 4172
127.841876 1198 4172
127.847987 1198 4172
127.848138 462 4172
127.853913 1198 4172
127.853957 1198 4172
127.860003 1198 4172
127.860039 1198 4172
127.861921 1198 4172
127.871967 814 4172
127.872023 1198 4172
127.877921 1198 4172
127.877962 1198 4172
127.884014 1198 4172
127.889852 1198 4172
127.889896 558 4172
127.895969 1198 4172
127.896011 1198 4172
127.901953 1198 4172
127.902866 1198 4172
127.914004 558 4172
127.914049 1198 4172
127.919882 1198 4172
127.919933 1198 4172
127.925986 1198 4172
127.931961 110 4172
127.931998 1198 4172
127.932035 430 4172
127.937912 1198 4172
127.937953 1198 4172
127.943940 1198 4172
127.950019 1198 4172
127.955875 1150 4172
127.955924 1198 4172
127.961953 1198 4172
127.968004 1198 4172
127.968026 1198 4172
127.973874 1102 4172
127.973924 1198 4172
127.979996 1198 4172
127.984868 1198 4172
127.984908 1198 4172
127.991982 1198 4172
127.997848 1198 4172
127.997890 510 4172
127.997928 1198 4172
128.003954 1182 4172
128.020458 126 4172
128.025913 110 4172
128.108049 110 4172
128.136485 110 4172
128.145287 126 4172
128.148874 126 4172
128.161404 126 4172
128.169380 126 4172
128.177349 126 4172
128.186331 126 4172
128.189910 126 4172
128.204353 126 4172
128.213338 126 4172
128.220424 126 4172
128.222352 110 4172
128.230766 126 4172
128.240425 1198 4172
128.240472 1198 4172
128.240511 1198 4172
128.240551 1198 4172
128.240590 1198 4172
128.240627 1198 4172
128.240662 1198 4172
128.247285 1198 4172
128.247328 1198 4172
128.247366 366 4172
128.256399 798 4172
128.265328 126 4172
128.271926 126 4172
128.283641 1198 4172
128.283697 1198 4172
128.283793 414 4172
128.283850 1198 4172
128.292577 782 4172
128.300574 1198 4172
128.300617 1198 4172
128.300650 798 4172
128.308552 558 4172
128.310634 1198 4172
128.310677 1198 4172
128.310715 542 4172
128.312850 1198 4172
128.317399 1198 4172
128.317447 1198 4172
128.320499 1198 4172
128.320549 1150 4172
128.325455 110 4172
128.334480 1198 4172
128.334523 926 4172
128.343435 1198 4172
128.343491 1006 4172
128.352364 1198 4172
128.352402 894 4172
128.353900 1198 4172
128.353943 318 4172
128.353981 110 4172
128.354019 110 4172
128.370426 1198 4172
128.370477 334 4172
128.377945 1198 4172
128.377993 782 4172
128.385568 1198 4172
128.385604 1198 4172
128.385642 414 4172
128.394188 862 4172
128.395079 1198 4172
128.395130 446 4172
128.403369 1198 4172
128.411853 1198 4172
128.411902 1198 4172
128.411949 142 4172
128.420355 1198 4172
128.420405 1198 4172
128.420444 1198 4172
128.420488 1086 4172
128.420844 110 4172
128.429945 1198 4172
128.429981 1198 4172
128.430025 1198 4172
128.430063 1198 4172
128.430098 734 4172
128.435900 1198 4172
128.435941 1198 4172
128.435983 1198 4172
128.436018 1198 4172
128.436053 590 4172
128.447881 1198 4172
128.447921 1198 4172
128.447956 1198 4172
128.447994 1198 4172
128.448030 126 4172
128.456688 1198 4172
128.456734 1198 4172
128.456772 1198 4172
128.456812 1102 4172
128.456865 1198 4172
128.464706 1198 4172
128.464755 1198 4172
128.464791 558 4172
128.464839 1198 4172
128.473992 1198 4172
128.474051 1198 4172
128.474095 190 4172
128.476774 1198 4172
128.476822 1198 4172
128.476865 1198 4172
128.490424 1198 4172
128.490469 1198 4172
128.490511 1198 4172
128.490549 206 4172
128.498530 1198 4172
128.498574 1198 4172
128.498615 622 4172
128.503845 1198 4172
128.503887 1198 4172
128.503923 606 4172
128.506679 366 4172
128.506785 1198 4172
128.511927 1198 4172
128.517953 1198 4172
128.523992 382 4172
128.524034 1198 4172
128.524073 1198 4172
128.530004 110 4172
128.530049 1198 4172
128.535962 110 4172
128.541960 1198 4172
128.541996 1198 4172
128.547945 1198 4172
128.547987 590 4172
128.553926 1198 4172
128.553967 1198 4172
128.558860 174 4172
128.558905 1198 4172
128.565871 1198 4172
128.565915 1198 4172
128.571882 1198 4172
128.577955 1198 4172
128.578000 350 4172
128.578038 1198 4172
128.583946 1198 4172
128.590001 1198 4172
128.590038 1198 4172
128.595946 1198 4172
128.595995 1198 4172
128.599897 1198 4172
128.607999 110 4172
128.608054 1198 4172
128.608097 1198 4172
128.613849 1198 4172
128.619950 110 4172
128.620004 110 4172
128.620048 110 4172
128.620084 1198 4172
128.620120 1198 4172
128.625984 1198 4172
128.631931 974 4172
128.631975 110 4172
128.632012 1198 4172
128.637964 1198 4172
128.638005 1198 4172
128.640856 1198 4172
128.649933 1198 4172
128.649977 1198 4172
128.655859 494 4172
128.655902 1198 4172
128.661884 1198 4172
128.661928 1198 4172
128.667955 1198 4172
128.673896 1198 4172
128.673937 1198 4172
128.679999 318 4172
128.680041 1198 4172
128.681787 1198 4172
128.681828 1198 4172
128.691858 1198 4172
128.691938 1198 4172
128.697926 1198 4172
128.703907 1198 4172
128.709942 1198 4172
128.709984 1198 4172
128.715939 1198 4172
128.715978 206 4172
128.716014 1198 4172
128.721922 1198 4172
128.722857 110 4172
128.722898 702 4172
128.722935 1198 4172
128.733965 1198 4172
128.734008 1198 4172
128.739948 558 4172
128.739997 1198 4172
128.745835 1198 4172
128.745876 1198 4172
128.751872 1198 4172
128.757879 1198 4172
128.758036 286 4172
128.758038 1198 4172
128.763966 1198 4172
128.769960 1198 4172
128.769987 1198 4172
128.775936 334 4172
128.775978 1198 4172
128.781946 1198 4172
128.781992 1198 4172
128.787875 1198 4172
128.787917 462 4172
128.793945 1198 4172
128.793975 1198 4172
128.799931 1198 4172
128.799965 1198 4172
128.804852 1198 4172
128.811947 430 4172
128.812001 1198 4172
128.812053 1198 4172
128.817982 1102 4172
128.823923 1198 4172
128.823965 1198 4172
128.829962 1198 4172
128.830000 574 4172
128.835864 110 4172
128.835901 1198 4172
128.835937 1198 4172
128.842015 1198 4172
128.845967 1198 4172
128.845990 1198 4172
128.854014 814 4172
128.854058 1198 4172
128.859887 1198 4172
128.859924 1198 4172
128.865849 1198 4172
128.871888 1198 4172
128.871917 1198 4172
128.877968 1198 4172
128.878021 1198 4172
128.883877 1198 4172
128.886839 638 4172
128.886868 110 4172
128.886898 110 4172
128.886935 110 4172
128.886963 1198 4172
128.895954 1198 4172
128.895998 1198 4172
128.901940 1198 4172
128.908036 1198 4172
128.908084 1198 4172
128.913840 1198 4172
128.913890 1198 4172
128.919909 1198 4172
128.925960 1198 4172
128.925994 430 4172
128.926045 1198 4172
128.927789 110 4172
128.927830 1198 4172
128.937994 1198 4172
128.938041 1198 4172
128.943951 1198 4172
128.943991 1198 4172
128.949939 1198 4172
128.955964 1198 4172
128.956001 1198 4172
128.961928 1198 4172
128.961965 286 4172
128.967957 1198 4172
128.967993 1198 4172
128.968777 1198 4172
128.968816 1198 4172
128.979946 1198 4172
128.985940 1198 4172
128.985985 1198 4172
128.991999 1198 4172
128.992031 1198 4172
128.997816 830 4172
128.997859 1198 4172
129.003957 1198 4172
129.009828 1198 4172
129.009865 1198 4172
129.015927 1198 4172
129.021972 1198 4172
129.027931 1198 4172
129.027959 110 4172
129.028008 1198 4172
129.033933 958 4172
129.033974 1198 4172
129.040008 1198 4172
129.045927 1198 4172
129.051075 1198 4172
129.051123 1198 4172
129.057935 1198 4172
129.063920 1198 4172
129.063973 1198 4172
129.069946 1198 4172
129.075898 1198 4172
129.075940 318 4172
129.075979 1198 4172
129.081925 1198 4172
129.081948 1198 4172
129.087899 1198 4172
129.091836 1198 4172
129.091881 1198 4172
129.099906 1198 4172
129.099931 1198 4172
129.105881 782 4172
129.105909 1198 4172
129.111870 1198 4172
129.117889 1198 4172
129.117909 1198 4172
129.124018 1198 4172
129.124044 1198 4172
129.129839 1198 4172
129.132857 1198 4172
129.132900 110 4172
129.132935 1198 4172
129.142020 1198 4172
129.147943 1198 4172
129.147991 1198 4172
129.153930 1198 4172
129.159946 1198 4172
129.165968 110 4172
129.166006 110 4172
129.166044 110 4172
129.166081 1198 4172
129.166119 1198 4172
129.171945 206 4172
129.171987 862 4172
129.172025 1198 4172
129.173792 1198 4172
129.183953 1198 4172
129.183998 1198 4172
129.189967 1198 4172
129.190011 1198 4172
129.195989 1198 4172
129.201861 1198 4172
129.201896 254 4172
129.201936 1198 4172
129.213826 1198 4172
129.213871 1198 4172
129.225924 1198 4172
129.225966 334 4172
129.231961 1198 4172
129.237935 1198 4172
129.237966 110 4172
129.238014 1198 4172
129.243937 1198 4172
129.249967 1198 4172
129.250007 1198 4172
129.255910 1198 4172
129.255946 1198 4172
129.261968 1198 4172
129.267939 1198 4172
129.267979 1198 4172
129.273946 494 4172
129.273986 1198 4172
129.279934 1198 4172
129.279986 590 4172
129.285977 1198 4172
129.286014 1198 4172
129.291935 1198 4172
129.291966 1198 4172
129.296846 1198 4172
129.296881 990 4172
129.303870 1198 4172
129.309952 1198 4172
129.310000 1198 4172
129.315915 1198 4172
129.315957 1198 4172
129.321914 1198 4172
129.327963 1198 4172
129.327995 1198 4172
129.337904 110 4172
129.337949 1102 4172
129.435965 110 4172
129.460868 110 4172
129.460962 110 4172
129.707117 110 4172
129.707213 110 4172
129.707285 110 4172
129.952949 110 4172
129.993957 110 4172
129.994051 110 4172
129.994094 110 4172
130.034929 110 4172
130.240002 110 4172
130.527013 110 4172
130.772858 110 4172
130.936880 110 4172
131.059877 110 4172
131.059941 110 4172
131.306199 110 4172
131.592992 110 4172
131.838893 110 4172
131.920757 110 4172
132.043936 110 4172
132.125794 110 4172
132.370901 110 4172
132.944903 110 4172
133.026863 110 4172
133.925846 110 4172
134.047859 110 4172
134.948763 110 4172
135.030807 110 4172
135.030867 110 4172
135.930975 110 4172
136.053826 110 4172
136.954772 110 4172
137.036955 110 4172
137.936770 110 4172
138.059766 110 4172
138.960820 110 4172
139.042912 110 4172
139.943714 110 4172
140.434728 110 4172
140.926695 110 4172
141.048943 110 4172
141.950708 110 4172
142.032713 110 4172
142.931885 110 4172
143.094865 110 4172
143.954763 110 4172
144.036711 110 4172
144.936841 110 4172
145.059693 110 4172
145.753654 110 4172
145.958599 110 4172
146.040803 110 4172
146.941656 110 4172
147.031793 110 4172
147.072619 686 4172
147.235763 158 4172
147.254793 270 4172
147.255849 254 4172
147.255895 270 4172
147.256943 318 4172
147.257576 222 4172
147.260967 222 4172
147.261019 222 4172
147.261870 222 4172
147.261909 222 4172
147.261940 270 4172
147.261969 334 4172
147.261999 238 4172
147.262661 270 4172
147.266124 366 4172
147.267732 1198 4172
147.267790 222 4172
147.267829 1198 4172
147.267869 1198 4172
147.267909 1198 4172
147.267946 1198 4172
147.267983 142 4172
147.276596 238 4172
147.330721 126 4172
147.411471 110 4172
147.411597 1198 4172
147.416036 1198 4172
147.416093 814 4172
147.425340 158 4172
147.425817 174 4172
147.442259 174 4172
147.450712 174 4172
147.457484 1198 4172
147.458171 1198 4172
147.458219 1198 4172
147.458254 1198 4172
147.458305 1198 4172
147.458345 1198 4172
147.458416 238 4172
147.458641 1198 4172
147.465529 1198 4172
147.481755 1198 4172
147.481849 1198 4172
147.481916 1198 4172
147.481983 1198 4172
147.482028 1198 4172
147.482064 478 4172
147.484613 1198 4172
147.489640 1198 4172
147.489778 1198 4172
147.489875 1198 4172
147.489931 1198 4172
147.489984 1198 4172
147.490052 1198 4172
147.490128 1198 4172
147.490162 1198 4172
147.490203 1198 4172
147.490257 1198 4172
147.495594 1198 4172
147.501724 1198 4172
147.501733 846 4172
147.507572 1198 4172
147.507604 1198 4172
147.513598 1198 4172
147.519727 1198 4172
147.519761 1198 4172
147.525521 1198 4172
147.527604 1198 4172
147.527641 1198 4172
147.537747 206 4172
147.537774 1198 4172
147.543554 1198 4172
147.543589 1198 4172
147.549600 1198 4172
147.555596 1198 4172
147.555631 1198 4172
147.561589 1198 4172
147.567559 446 4172
147.567612 1198 4172
147.568611 1198 4172
147.568740 1198 4172
147.580917 1198 4172
147.580924 1198 4172
147.585570 990 4172
147.591551 1198 4172
147.591580 1198 4172
147.597658 1198 4172
147.603563 1198 4172
147.603588 1198 4172
147.609596 382 4172
147.609634 686 4172
147.609666 1022 4172
147.617558 1198 4172
147.617603 1198 4172
147.623544 1198 4172
147.623585 1198 4172
147.629751 1198 4172
147.635587 446 4172
147.635621 1198 4172
147.641699 1198 4172
147.641763 1198 4172
147.647600 1198 4172
147.647637 1198 4172
147.651786 1198 4172
147.659701 110 4172
147.659800 1198 4172
147.659827 1198 4172
147.665578 1198 4172
147.671634 1198 4172
147.671696 1198 4172
147.677588 862 4172
147.677627 1198 4172
147.683641 1198 4172
147.689565 1198 4172
147.689592 1198 4172
147.692489 1198 4172
147.692526 1198 4172
147.701561 1198 4172
147.707656 1198 4172
147.707689 1198 4172
147.713587 1198 4172
147.713625 1198 4172
147.719885 1198 4172
147.725708 1198 4172
147.725736 1198 4172
147.731609 382 4172
147.731665 1198 4172
147.733534 1198 4172
147.733566 1198 4172
147.749165 1198 4172
147.749204 1198 4172
147.749614 1198 4172
147.759386 1198 4172
147.759438 1198 4172
147.761564 1198 4172
147.767591 1198 4172
147.767635 1198 4172
147.773733 1198 4172
147.773759 1198 4172
147.774567 1198 4172
147.785567 1198 4172
147.785595 718 4172
147.795254 1198 4172
147.795286 1198 4172
147.797525 1198 4172
147.797549 1198 4172
147.809305 1198 4172
147.809545 1198 4172
147.809582 1198 4172
147.815521 1198 4172
147.815554 1198 4172
147.825193 1198 4172
147.827514 1198 4172
147.827548 862 4172
147.832464 1198 4172
147.832538 1198 4172
147.840029 1198 4172
147.840067 1198 4172
147.845543 1198 4172
147.851654 1198 4172
147.851697 1198 4172
147.857552 1198 4172
147.857579 766 4172
147.863547 1198 4172
147.863580 1198 4172
147.871544 1198 4172
147.871599 1198 4172
147.875539 1198 4172
147.880362 1198 4172
147.880397 1198 4172
147.891252 1198 4172
147.891341 1198 4172
147.894544 1198 4172
147.906180 1198 4172
147.906606 1198 4172
147.906627 1198 4172
147.920241 1198 4172
147.920283 1198 4172
147.920472 1198 4172
147.920505 1198 4172
147.920536 110 4172
147.920565 158 4172
147.920594 1150 4172
147.936953 1198 4172
147.937035 1198 4172
147.942557 110 4172
147.942590 1038 4172
147.942624 1198 4172
147.942650 1198 4172
147.952064 1198 4172
147.952103 1198 4172
147.954557 1198 4172
147.954594 1198 4172
147.960521 1198 4172
147.960564 974 4172
147.961461 1198 4172
147.961495 1198 4172
147.972636 1198 4172
147.983214 1198 4172
147.983244 1198 4172
147.984527 1198 4172
147.990519 1198 4172
147.990553 910 4172
147.997510 1198 4172
147.997524 1198 4172
148.002539 1198 4172
148.008583 1198 4172
148.008619 1198 4172
148.014625 1198 4172
148.014664 1198 4172
148.020597 1198 4172
148.027520 1198 4172
148.027583 110 4172
148.027889 1198 4172
148.032538 1198 4172
148.038628 1198 4172
148.038670 1198 4172
148.044667 1198 4172
148.044712 398 4172
148.050565 1198 4172
148.050596 1198 4172
148.056540 702 4172
148.056588 1198 4172
148.062601 1198 4172
148.062654 1198 4172
148.068660 1198 4172
148.074784 1198 4172
148.074826 1198 4172
148.080567 1182 4172
148.085597 1198 4172
148.092596 1198 4172
148.092633 1198 4172
148.098532 1198 4172
148.098568 1198 4172
148.104556 1198 4172
148.110561 1198 4172
148.110613 1198 4172
148.116586 1198 4172
148.116620 1198 4172
148.122653 1198 4172
148.122705 1198 4172
148.126639 510 4172
148.126691 1198 4172
148.134645 110 4172
148.134687 1198 4172
148.134725 1198 4172
148.140637 1198 4172
148.146570 1198 4172
148.146628 1198 4172
148.153150 1198 4172
148.153209 1198 4172
148.158570 1198 4172
148.158622 1198 4172
148.164555 1198 4172
148.167483 1198 4172
148.167511 1198 4172
148.176588 1198 4172
148.176645 1198 4172
148.182646 1198 4172
148.182699 110 4172
148.182740 494 4172
148.188565 1198 4172
148.188613 1198 4172
148.194593 366 4172
148.194632 1198 4172
148.194669 1198 4172
148.200627 718 4172
148.200665 414 4172
148.206740 1166 4172
148.206773 1198 4172
148.208498 1198 4172
148.208536 1198 4172
148.218676 1198 4172
148.218726 1198 4172
148.224591 1102 4172
148.224644 1198 4172
148.230658 446 4172
148.230693 110 4172
148.230742 1198 4172
148.236615 302 4172
148.236664 1198 4172
148.236702 494 4172
148.242560 1198 4172
148.242607 318 4172
148.242650 1198 4172
148.248530 478 4172
148.248575 1198 4172
148.249577 1198 4172
148.249617 1198 4172
148.260552 1198 4172
148.260615 1198 4172
148.266654 286 4172
148.266694 1198 4172
148.272560 1198 4172
148.272616 1198 4172
148.278608 478 4172
148.278645 158 4172
148.278678 158 4172
148.278719 1198 4172
148.281152 350 4172
148.290505 318 4172
148.331626 110 4172
148.438990 110 4172
148.446902 142 4172
148.454646 158 4172
148.454696 110 4172
148.483113 1198 4172
148.483119 382 4172
148.492000 286 4172
148.495461 158 4172
148.508912 622 4172
148.510720 142 4172
148.517900 158 4172
148.517946 446 4172
148.527009 206 4172
148.534941 158 4172
148.536487 302 4172
148.560961 1198 4172
148.561069 574 4172
148.569976 654 4172
148.577504 1134 4172
148.587103 638 4172
148.588744 254 4172
148.595903 158 4172
148.604898 814 4172
148.612600 702 4172
148.618532 494 4172
148.618573 366 4172
148.659508 190 4172
148.682620 1198 4172
148.684558 142 4172
148.684590 1198 4172
148.684630 542 4172
148.700554 1198 4172
148.700602 1198 4172
148.700636 254 4172
148.741727 350 4172
148.741791 110 4172
148.741831 110 4172
148.741866 110 4172
148.782554 526 4172
148.848741 782 4172
148.849860 1198 4172
148.849904 1198 4172
148.849939 846 4172
148.849974 1198 4172
148.850007 1198 4172
148.850040 558 4172
148.850076 1198 4172
148.850109 1198 4172
148.850149 894 4172
148.851722 1198 4172
148.851762 1198 4172
148.851795 1198 4172
148.851829 334 4172
148.864529 1198 4172
148.905714 958 4172
148.946617 110 4172
148.987620 110 4172
148.987709 110 4172
148.987745 110 4172
