0.043755 110 4172
0.124814 110 4172
0.124895 1198 4172
0.124946 1198 4172
0.124986 1198 4172
0.125026 238 4172
0.165734 110 4172
0.206638 910 4172
0.370688 110 4172
0.598656 1198 4172
0.598689 1198 4172
0.598717 1198 4172
0.598744 782 4172
0.598771 1102 4172
0.598796 1198 4172
0.598822 366 4172
0.598851 510 4172
0.598876 462 4172
0.599680 638 4172
0.599713 1198 4172
0.599744 702 4172
0.599773 158 4172
0.616664 158 4172
0.633417 1198 4172
0.633457 1198 4172
0.633484 1198 4172
0.633538 1198 4172
0.633564 110 4172
0.633590 1198 4172
0.633618 1198 4172
0.633645 1198 4172
0.633672 1198 4172
0.633698 990 4172
0.633735 1198 4172
0.639786 1198 4172
0.639825 1198 4172
0.639857 1198 4172
0.639887 1198 4172
0.639918 1198 4172
0.639949 1198 4172
0.639976 1198 4172
0.640006 1198 4172
0.640041 1198 4172
0.640074 1198 4172
0.640107 1198 4172
0.640139 1054 4172
0.640175 1198 4172
0.640208 1198 4172
0.640241 1198 4172
0.640276 1198 4172
0.640309 1198 4172
0.640341 1198 4172
0.640372 1198 4172
0.640405 1198 4172
0.640437 1198 4172
0.642809 1198 4172
0.642852 398 4172
0.642885 1198 4172
0.642916 1198 4172
0.642954 1198 4172
0.642975 1198 4172
0.646717 526 4172
0.646758 1198 4172
0.646799 1198 4172
0.646834 1198 4172
0.646877 1198 4172
0.652724 1198 4172
0.652778 1198 4172
0.652825 1198 4172
0.652865 1198 4172
0.652900 1198 4172
0.652952 1198 4172
0.652972 1198 4172
0.653008 174 4172
0.653043 1198 4172
0.653080 1198 4172
0.657684 1198 4172
0.657728 1198 4172
0.657764 1198 4172
0.657798 1198 4172
0.657833 1198 4172
0.657867 1198 4172
0.657903 1198 4172
0.664726 1198 4172
0.664783 1198 4172
0.664815 1198 4172
0.664849 1198 4172
0.664885 1198 4172
0.670711 1198 4172
0.670763 1198 4172
0.670802 1198 4172
0.670840 1198 4172
0.676672 1198 4172
0.676735 1198 4172
0.676766 270 4172
0.676803 1198 4172
0.676840 1198 4172
0.682710 1198 4172
0.682759 1198 4172
0.682798 1198 4172
0.682834 1198 4172
0.688782 1198 4172
0.688812 1198 4172
0.688849 1198 4172
0.688887 1198 4172
0.694650 1198 4172
0.694710 1198 4172
0.694753 1198 4172
0.694791 1198 4172
0.698652 782 4172
0.698712 1198 4172
0.698745 1198 4172
0.698783 1198 4172
0.698821 1198 4172
0.706725 1198 4172
0.706765 1198 4172
0.706803 462 4172
0.706839 1198 4172
0.712709 1198 4172
0.712752 1134 4172
0.712798 398 4172
0.712836 1198 4172
0.712874 302 4172
0.718683 1198 4172
0.718726 1198 4172
0.718771 1198 4172
0.718809 1198 4172
0.724750 1198 4172
0.724796 926 4172
0.724833 1198 4172
0.724870 1198 4172
0.730720 1198 4172
0.730770 1198 4172
0.730825 1198 4172
0.730868 1198 4172
0.736795 1198 4172
0.736833 1198 4172
0.736870 1198 4172
0.736912 1198 4172
0.739828 846 4172
0.739874 1198 4172
0.739911 1198 4172
0.739942 1198 4172
0.739976 1198 4172
0.748710 1198 4172
0.748766 1198 4172
0.748802 1198 4172
0.748840 1198 4172
0.754634 1198 4172
0.754678 1198 4172
0.754715 1198 4172
0.754751 334 4172
0.754792 1198 4172
0.760723 1198 4172
0.760776 1198 4172
0.760817 1198 4172
0.760853 1198 4172
0.766720 1198 4172
0.766761 1198 4172
0.766799 1198 4172
0.766835 910 4172
0.766871 1198 4172
0.772752 1198 4172
0.772803 1198 4172
0.772845 1198 4172
0.772883 1198 4172
0.778697 1198 4172
0.778741 1198 4172
0.778779 1198 4172
0.778816 1198 4172
0.780642 1198 4172
0.780681 1198 4172
0.780717 1198 4172
0.780753 1198 4172
0.790799 1182 4172
0.790873 1198 4172
0.790913 1198 4172
0.790951 1198 4172
0.790988 1198 4172
0.796812 1198 4172
0.796848 1198 4172
0.796889 1198 4172
0.796923 1198 4172
0.802706 1198 4172
0.802744 1198 4172
0.802782 670 4172
0.802818 1198 4172
0.808756 1198 4172
0.808821 1198 4172
0.808856 1198 4172
0.808893 1198 4172
0.814704 1054 4172
0.814765 1198 4172
0.814814 350 4172
0.814855 1182 4172
0.814893 1198 4172
0.820726 1198 4172
0.820768 1198 4172
0.820809 238 4172
0.820845 158 4172
0.820883 158 4172
0.820924 158 4172
0.820960 158 4172
0.820996 158 4172
0.821031 158 4172
0.821068 398 4172
0.821590 1198 4172
0.862798 574 4172
0.896841 158 4172
0.903553 110 4172
1.026613 142 4172
1.067614 110 4172
1.108593 622 4172
1.149721 110 4172
1.190683 110 4172
1.231712 110 4172
1.263325 302 4172
1.272655 142 4172
1.436752 110 4172
1.722798 110 4172
1.967719 110 4172
2.049705 110 4172
2.131599 110 4172
2.254700 110 4172
2.496310 110 4172
2.499654 142 4172
2.704679 142 4172
2.786659 110 4172
3.030194 110 4172
3.032638 110 4172
3.155698 110 4172
3.318740 110 4172
3.563687 110 4172
3.931728 142 4172
3.931795 142 4172
4.053772 110 4172
4.135668 142 4172
4.339715 142 4172
4.380703 142 4172
4.544716 142 4172
4.954615 142 4172
4.954653 142 4172
5.036630 110 4172
5.159662 110 4172
5.159736 142 4172
5.159771 142 4172
5.569688 142 4172
5.569781 142 4172
5.774693 142 4172
5.774773 142 4172
6.061629 110 4172
6.143618 110 4172
6.265606 110 4172
6.593629 142 4172
6.593714 142 4172
6.797705 142 4172
6.879659 142 4172
7.002697 142 4172
7.043624 110 4172
7.166732 142 4172
7.371667 142 4172
7.575674 142 4172
8.026599 142 4172
8.026677 142 4172
8.067684 110 4172
8.149673 110 4172
8.236653 142 4172
8.236738 142 4172
8.602686 142 4172
8.602779 142 4172
8.807660 142 4172
8.807744 142 4172
8.930622 110 4172
9.053694 110 4172
9.135604 110 4172
9.627571 142 4172
9.627610 142 4172
9.831712 142 4172
9.831801 142 4172
10.036598 110 4172
10.159641 110 4172
10.404700 142 4172
10.649725 142 4172
11.059593 110 4172
11.059596 142 4172
11.059676 142 4172
11.140641 110 4172
11.263670 110 4172
11.263710 142 4172
11.263770 142 4172
11.591582 110 4172
11.632668 142 4172
11.632735 142 4172
11.837678 142 4172
11.837728 142 4172
12.042680 110 4172
12.164673 110 4172
12.491540 142 4172
12.491649 142 4172
12.694524 142 4172
12.694608 142 4172
13.061629 110 4172
13.102617 142 4172
13.102712 142 4172
13.143609 110 4172
13.263400 110 4172
13.266596 142 4172
13.348606 142 4172
13.471637 142 4172
13.676636 142 4172
14.045667 110 4172
14.086532 142 4172
14.086624 142 4172
14.167556 110 4172
14.230413 110 4172
14.249584 110 4172
14.290605 142 4172
14.290710 142 4172
14.700609 142 4172
14.700650 142 4172
14.905579 142 4172
14.987562 142 4172
15.069636 110 4172
15.110600 142 4172
15.151594 110 4172
15.233596 110 4172
15.315594 142 4172
15.723642 142 4172
15.723774 142 4172
15.928552 142 4172
15.928630 142 4172
16.050701 110 4172
16.132523 110 4172
16.542560 142 4172
16.542652 142 4172
16.706612 142 4172
16.706678 142 4172
17.115712 142 4172
17.115790 142 4172
17.156553 110 4172
17.237562 110 4172
17.360548 142 4172
17.360584 142 4172
17.770555 142 4172
17.770604 142 4172
17.934607 142 4172
17.934635 142 4172
18.056464 110 4172
18.138565 110 4172
18.547513 142 4172
18.547553 142 4172
18.752597 142 4172
18.752687 142 4172
19.038574 110 4172
19.161515 110 4172
19.563226 110 4172
19.569417 142 4172
19.569458 142 4172
19.774597 142 4172
19.774658 142 4172
20.060527 110 4172
20.141536 110 4172
20.556743 60 60000
20.591543 142 4172
20.591564 142 4172
20.720208 158 4172
20.720264 158 4172
20.720508 158 4172
20.720546 158 4172
20.720577 158 4172
20.720605 158 4172
20.720633 158 4172
20.720665 158 4172
20.761466 142 4172
20.761491 142 4172
20.802621 1198 4172
20.802624 1198 4172
20.802660 1198 4172
20.802684 1198 4172
20.802710 1198 4172
20.802741 1198 4172
20.802769 1198 4172
20.802795 1198 4172
20.802822 1198 4172
20.802848 1198 4172
20.802875 1198 4172
20.802905 942 4172
20.821565 1198 4172
20.821628 1198 4172
20.821663 1198 4172
20.821695 1198 4172
20.821725 1198 4172
20.821751 1198 4172
20.821779 1198 4172
20.821804 1198 4172
20.821830 1198 4172
20.822299 670 4172
20.822342 1198 4172
20.822379 1198 4172
20.822410 1198 4172
20.822441 1198 4172
20.822469 1198 4172
20.822505 1198 4172
20.822536 1198 4172
20.822568 1198 4172
20.822602 1198 4172
20.822631 1198 4172
20.822660 590 4172
20.822706 1198 4172
20.831406 1198 4172
20.831435 1198 4172
20.831467 1198 4172
20.831495 1198 4172
20.831798 1198 4172
20.831964 1198 4172
20.832297 1198 4172
20.832621 1198 4172
20.839577 1198 4172
20.839611 1198 4172
20.839638 782 4172
20.839684 1198 4172
20.845743 126 4172
20.846217 1198 4172
20.846248 1198 4172
20.846277 1198 4172
20.848661 1198 4172
20.848683 1198 4172
20.848711 1198 4172
20.848745 1198 4172
20.848775 1198 4172
20.848825 1198 4172
20.848858 1198 4172
20.848893 1198 4172
20.848923 1198 4172
20.848952 1198 4172
20.848981 766 4172
20.849014 1198 4172
20.849041 1198 4172
20.849073 1198 4172
20.849101 1198 4172
20.849128 1198 4172
20.849162 1198 4172
20.849186 1198 4172
20.849223 1198 4172
20.849253 1198 4172
20.849299 1198 4172
20.849400 1038 4172
20.849439 1198 4172
20.853496 1198 4172
20.853526 1198 4172
20.853572 1198 4172
20.853611 1198 4172
20.853642 1198 4172
20.859516 1198 4172
20.859547 1198 4172
20.859577 1198 4172
20.859605 638 4172
20.859635 1198 4172
20.865709 1198 4172
20.865744 1198 4172
20.865778 1198 4172
20.865813 1198 4172
20.871538 1198 4172
20.871571 1198 4172
20.871605 1198 4172
20.871639 1198 4172
20.871680 1198 4172
20.877265 1198 4172
20.877305 1198 4172
20.877338 1198 4172
20.877390 1102 4172
20.891321 1198 4172
20.894796 1198 4172
20.909331 1198 4172
20.910226 1198 4172
20.910453 1198 4172
20.914068 1198 4172
20.914632 1198 4172
20.914917 1198 4172
20.915066 1198 4172
20.915105 1198 4172
20.915139 1198 4172
20.915172 1198 4172
20.915204 1198 4172
20.915236 1198 4172
20.915268 1198 4172
20.915303 1198 4172
20.915335 1198 4172
20.917548 1198 4172
20.917581 1198 4172
20.917621 1198 4172
20.917652 1198 4172
20.917684 1198 4172
20.917717 1198 4172
20.917750 750 4172
20.917784 1198 4172
20.917834 1198 4172
20.919536 1198 4172
20.919571 1198 4172
20.919605 1198 4172
20.925445 1198 4172
20.925479 718 4172
20.925513 1198 4172
20.925547 1198 4172
20.931541 1198 4172
20.931571 1198 4172
20.937455 1198 4172
20.937482 1198 4172
20.943506 1198 4172
20.943538 1198 4172
20.950539 926 4172
20.950578 1198 4172
20.955573 1198 4172
20.961847 1198 4172
20.961909 1198 4172
20.967510 1198 4172
20.967537 1198 4172
20.973891 1198 4172
20.973925 1198 4172
20.979575 1198 4172
20.985544 1198 4172
20.986140 1198 4172
20.986900 1038 4172
20.992051 1198 4172
20.994370 1198 4172
20.994462 1198 4172
21.003848 1198 4172
21.003889 1198 4172
21.011305 1198 4172
21.011366 1198 4172
21.015523 1198 4172
21.022010 478 4172
21.022051 1198 4172
21.028071 1198 4172
21.028121 1198 4172
21.033663 1198 4172
21.033706 1198 4172
21.039118 110 4172
21.039166 1198 4172
21.039199 1198 4172
21.045544 1198 4172
21.051515 1198 4172
21.051544 1198 4172
21.057728 1198 4172
21.057781 1198 4172
21.063532 1198 4172
21.069499 1198 4172
21.069546 1198 4172
21.076254 1198 4172
21.076295 1198 4172
21.081556 1198 4172
21.081601 1198 4172
21.084212 222 4172
21.084245 1198 4172
21.093574 1086 4172
21.093583 1198 4172
21.099496 1198 4172
21.107597 1198 4172
21.107621 1198 4172
21.111801 1198 4172
21.119103 1198 4172
21.119187 398 4172
21.123962 398 4172
21.124011 254 4172
21.124040 190 4172
21.124068 190 4172
21.124095 190 4172
21.124127 190 4172
21.124154 190 4172
21.124180 190 4172
21.129458 190 4172
21.129496 190 4172
21.129524 190 4172
21.129553 190 4172
21.129581 190 4172
21.129607 190 4172
21.129635 190 4172
21.129679 190 4172
21.129719 1198 4172
21.134572 1198 4172
21.141522 110 4172
21.141552 1198 4172
21.141582 1198 4172
21.147486 302 4172
21.147523 974 4172
21.155198 110 4172
21.155243 254 4172
21.155273 190 4172
21.155301 190 4172
21.155328 190 4172
21.155368 190 4172
21.155395 190 4172
21.155422 190 4172
21.155448 190 4172
21.155475 190 4172
21.155502 190 4172
21.155529 190 4172
21.155570 190 4172
21.161308 190 4172
21.161357 190 4172
21.161427 190 4172
21.161454 1198 4172
21.161487 1198 4172
21.166473 1198 4172
21.173461 254 4172
21.173500 190 4172
21.179130 190 4172
21.179171 190 4172
21.179240 190 4172
21.179272 190 4172
21.179302 190 4172
21.179331 190 4172
21.179363 190 4172
21.179391 190 4172
21.179422 190 4172
21.179450 190 4172
21.179478 190 4172
21.179630 190 4172
21.180702 190 4172
21.182963 1198 4172
21.182998 1198 4172
21.198204 1086 4172
21.198232 1198 4172
21.198512 1198 4172
21.198603 126 4172
21.198617 430 4172
21.204509 254 4172
21.204545 190 4172
21.204576 190 4172
21.204602 190 4172
21.204629 190 4172
21.204655 190 4172
21.204683 190 4172
21.204717 190 4172
21.204745 190 4172
21.204766 190 4172
21.207115 60 60000
21.208697 190 4172
21.208728 190 4172
21.208761 190 4172
21.208791 190 4172
21.214558 1198 4172
21.214599 1198 4172
21.220607 1198 4172
21.220643 1198 4172
21.223419 478 4172
21.230907 190 4172
21.230966 174 4172
21.230995 174 4172
21.231022 174 4172
21.231048 174 4172
21.231076 174 4172
21.231104 174 4172
21.231131 110 4172
21.232180 174 4172
21.233086 174 4172
21.233569 174 4172
21.233625 174 4172
21.236313 174 4172
21.236391 174 4172
21.236429 174 4172
21.243559 174 4172
21.243602 174 4172
21.243635 1198 4172
21.243666 1198 4172
21.243697 1198 4172
21.249504 1198 4172
21.259529 270 4172
21.265487 126 4172
21.304909 174 4172
21.309606 174 4172
21.309623 174 4172
21.309652 174 4172
21.309704 174 4172
21.309735 174 4172
21.309762 174 4172
21.309806 1198 4172
21.312486 1198 4172
21.312521 542 4172
21.312559 1198 4172
21.312587 1198 4172
21.312623 1198 4172
21.312650 686 4172
21.312684 1198 4172
21.312711 894 4172
21.312737 174 4172
21.312763 174 4172
21.312790 174 4172
21.312817 174 4172
21.312843 174 4172
21.312871 1198 4172
21.312898 1198 4172
21.312929 1198 4172
21.312957 1198 4172
21.312988 510 4172
21.318499 478 4172
21.318532 1198 4172
21.318568 1198 4172
21.318600 1198 4172
21.333953 1198 4172
21.369676 1198 4172
21.370141 1198 4172
21.370424 1198 4172
21.370462 110 4172
21.370492 1198 4172
21.370522 1198 4172
21.370557 302 4172
21.370588 1198 4172
21.370613 206 4172
21.370644 1198 4172
21.370696 1198 4172
21.370726 1198 4172
21.370755 1198 4172
21.370783 126 4172
21.411575 1198 4172
21.411585 1198 4172
21.411619 1198 4172
21.411647 1150 4172
21.430547 110 4172
21.430587 110 4172
21.430618 110 4172
21.452523 110 4172
21.493486 1198 4172
21.493518 1198 4172
21.493594 158 4172
21.530246 126 4172
21.530375 1198 4172
21.534408 1006 4172
21.534447 110 4172
21.575467 1198 4172
21.575555 110 4172
21.659093 110 4172
21.659113 1198 4172
21.661461 1198 4172
21.661517 302 4172
21.661552 1198 4172
21.661585 558 4172
21.686616 110 4172
21.686705 110 4172
21.686738 110 4172
21.727540 366 4172
21.768559 110 4172
21.850519 110 4172
21.973469 110 4172
21.973572 110 4172
21.973574 110 4172
22.055616 110 4172
22.219498 110 4172
22.505472 110 4172
22.750503 110 4172
23.030532 110 4172
23.037437 110 4172
23.160553 110 4172
23.283538 110 4172
23.570555 110 4172
23.816598 110 4172
24.061470 110 4172
24.102477 110 4172
24.143574 110 4172
25.044523 110 4172
25.167517 110 4172
26.067538 110 4172
26.149418 110 4172
26.761474 110 4172
27.047534 110 4172
27.170481 110 4172
28.070444 110 4172
28.152520 110 4172
29.053491 110 4172
29.135355 110 4172
29.421417 110 4172
30.033328 110 4172
30.155495 110 4172
31.056504 110 4172
31.138416 110 4172
32.038419 110 4172
32.120849 110 4172
32.161546 110 4172
33.059377 110 4172
33.141505 110 4172
34.043479 110 4172
34.166470 110 4172
34.781307 110 4172
35.067410 110 4172
35.149327 110 4172
36.049340 110 4172
36.131332 110 4172
37.031314 110 4172
37.154466 110 4172
37.399327 110 4172
38.054405 110 4172
38.136304 110 4172
39.037340 110 4172
39.160418 110 4172
40.061372 110 4172
40.102365 110 4172
40.143321 110 4172
41.044387 110 4172
41.166401 110 4172
41.408476 1198 4172
41.408512 1198 4172
41.408541 1198 4172
41.408568 1198 4172
41.408595 1198 4172
41.408628 1198 4172
41.408658 1198 4172
41.408687 1198 4172
41.408716 1198 4172
41.408745 1198 4172
41.408775 1198 4172
41.411713 350 4172
41.417332 1198 4172
41.417386 1198 4172
41.417430 1198 4172
41.417475 1198 4172
41.417516 1198 4172
41.423453 1198 4172
41.423523 1198 4172
41.430208 1198 4172
41.430246 1198 4172
41.430283 1198 4172
41.430318 1198 4172
41.430370 1198 4172
41.435390 158 4172
41.441382 1198 4172
41.441426 1198 4172
41.447408 1198 4172
41.452245 1198 4172
41.452282 1198 4172
41.459368 1198 4172
41.465373 1198 4172
41.465386 60 60000
41.465440 1198 4172
41.471328 1198 4172
41.471370 1054 4172
41.483336 1198 4172
41.483410 1198 4172
41.489352 1198 4172
41.489379 1198 4172
41.493262 1198 4172
41.501400 1198 4172
41.501434 1198 4172
41.507287 1198 4172
41.513428 1198 4172
41.513462 1198 4172
41.519345 846 4172
41.519393 1198 4172
41.525298 1198 4172
41.531314 1198 4172
41.531367 1198 4172
41.534303 1198 4172
41.534343 1198 4172
41.543413 1198 4172
41.549331 1198 4172
41.549371 1198 4172
41.555304 1198 4172
41.561358 1198 4172
41.561411 926 4172
41.567311 1198 4172
41.567354 1198 4172
41.573315 1198 4172
41.575329 1198 4172
41.575372 1198 4172
41.585354 1198 4172
41.591439 1198 4172
41.591455 1198 4172
41.597369 1198 4172
41.603374 846 4172
41.603415 1198 4172
41.609331 1198 4172
41.609419 1198 4172
41.615329 1198 4172
41.616270 1198 4172
41.616299 1198 4172
41.627346 1198 4172
41.627389 1198 4172
41.633364 1198 4172
41.639409 1198 4172
41.639441 318 4172
41.639475 1198 4172
41.645336 1198 4172
41.651322 1198 4172
41.651357 1198 4172
41.657278 1198 4172
41.663301 1198 4172
41.663339 1198 4172
41.669367 1198 4172
41.669409 1198 4172
41.675321 1198 4172
41.681307 702 4172
41.681348 1198 4172
41.687372 1198 4172
41.687415 1198 4172
41.693331 1198 4172
41.693360 1198 4172
41.698291 1198 4172
41.705385 1198 4172
41.705421 1198 4172
41.711364 1198 4172
41.717356 1198 4172
41.717387 1198 4172
41.723338 1134 4172
41.723374 110 4172
41.723424 1198 4172
41.729343 1198 4172
41.735362 1198 4172
41.735398 1198 4172
41.739254 1198 4172
41.747577 1198 4172
41.753324 1198 4172
41.753365 1198 4172
41.759331 1198 4172
41.765340 1198 4172
41.771335 766 4172
41.771358 1198 4172
41.777362 1198 4172
41.777398 1198 4172
41.783712 1198 4172
41.789349 1198 4172
41.789381 1198 4172
41.800353 1198 4172
41.802758 1198 4172
41.802838 1198 4172
41.807338 1198 4172
41.807370 1198 4172
41.813366 1198 4172
41.813562 1198 4172
41.819365 830 4172
41.819398 1198 4172
41.827581 126 4172
41.827615 1198 4172
41.832292 1198 4172
41.832370 1198 4172
41.835699 1198 4172
41.851615 1198 4172
41.851736 1198 4172
41.857331 1198 4172
41.857386 1198 4172
41.857421 782 4172
41.857454 1198 4172
41.868181 1198 4172
41.868270 1198 4172
41.868296 1198 4172
41.873466 1198 4172
41.873505 1198 4172
41.880020 1198 4172
41.880066 1198 4172
41.880565 622 4172
41.880599 1198 4172
41.891683 1198 4172
41.891686 1198 4172
41.900634 1198 4172
41.903348 1198 4172
41.909379 1198 4172
41.909413 1198 4172
41.915357 1198 4172
41.921347 1198 4172
41.921377 1198 4172
41.927334 1198 4172
41.927373 1198 4172
41.939730 1198 4172
41.945654 1198 4172
41.945698 398 4172
41.945735 1198 4172
41.945765 1198 4172
41.951339 846 4172
41.951376 398 4172
41.951412 1198 4172
41.969150 1198 4172
41.969768 1198 4172
41.969815 1198 4172
41.974122 1198 4172
41.974168 190 4172
41.974226 1198 4172
41.974259 1198 4172
41.981321 1198 4172
41.993037 1198 4172
41.993090 1198 4172
41.993301 1198 4172
42.011212 1198 4172
42.015629 1198 4172
42.015690 1198 4172
42.031926 1198 4172
42.032849 1198 4172
42.032890 910 4172
42.033258 1198 4172
42.033313 1198 4172
42.036924 1198 4172
42.036968 1198 4172
42.039431 1198 4172
42.039474 798 4172
42.040110 1198 4172
42.040164 590 4172
42.041946 1198 4172
42.047327 1198 4172
42.047364 110 4172
42.047399 1198 4172
42.054355 1198 4172
42.059358 1198 4172
42.059391 1198 4172
42.065310 606 4172
42.065350 1198 4172
42.071357 1198 4172
42.071390 1198 4172
42.077370 1198 4172
42.077395 1198 4172
42.086360 462 4172
42.086400 1198 4172
42.089321 1198 4172
42.089353 1198 4172
42.095331 1198 4172
42.095359 1134 4172
42.101355 1198 4172
42.108624 1198 4172
42.108656 1198 4172
42.113334 1198 4172
42.113374 1198 4172
42.119336 398 4172
42.119370 1198 4172
42.125335 1198 4172
42.125372 1198 4172
42.131363 1198 4172
42.131420 1198 4172
42.137464 1198 4172
42.137504 1198 4172
42.139584 574 4172
42.139940 110 4172
42.139974 1198 4172
42.152386 1198 4172
42.152741 1198 4172
42.155328 1198 4172
42.161327 1198 4172
42.161364 1054 4172
42.174913 1198 4172
42.174955 1198 4172
42.186985 1198 4172
42.187017 1198 4172
42.203028 1198 4172
42.203068 654 4172
42.203100 1198 4172
42.203132 1198 4172
42.203272 1198 4172
42.203311 1198 4172
42.203341 1198 4172
42.218548 1198 4172
42.218743 382 4172
42.218829 1198 4172
42.219258 1198 4172
42.219290 1198 4172
42.219323 1198 4172
42.219354 1198 4172
42.229208 1198 4172
42.230042 1022 4172
42.233334 1198 4172
42.241688 110 4172
42.251001 1198 4172
42.267673 1198 4172
42.273113 1198 4172
42.282151 1198 4172
42.282392 110 4172
42.287344 798 4172
42.287390 1198 4172
42.287423 1198 4172
42.287454 1198 4172
42.287489 1198 4172
42.287516 1198 4172
42.287554 878 4172
42.287583 1198 4172
42.287612 1198 4172
42.287642 1198 4172
42.287674 846 4172
42.287703 302 4172
42.287733 270 4172
42.301401 190 4172
42.301442 190 4172
42.301471 190 4172
42.301499 190 4172
42.301532 190 4172
42.304721 1198 4172
42.309325 190 4172
42.309363 1038 4172
42.309399 1198 4172
42.309430 718 4172
42.309459 190 4172
42.309489 190 4172
42.309519 190 4172
42.309547 190 4172
42.309576 190 4172
42.309605 1198 4172
42.309634 1198 4172
42.310715 110 4172
42.310749 462 4172
42.311283 222 4172
42.312497 174 4172
42.312530 174 4172
42.313618 174 4172
42.313647 174 4172
42.315302 174 4172
42.315332 174 4172
42.316603 1086 4172
42.320165 60 60000
42.322443 1198 4172
42.330835 734 4172
42.330838 174 4172
42.330868 174 4172
42.330896 174 4172
42.334282 174 4172
42.334318 174 4172
42.334348 1198 4172
42.334382 1198 4172
42.335805 254 4172
42.335838 126 4172
42.360117 206 4172
42.371366 126 4172
42.522827 110 4172
42.526243 126 4172
42.536011 318 4172
42.576377 126 4172
42.594591 1198 4172
42.594634 1198 4172
42.594668 366 4172
42.594705 302 4172
42.595114 1198 4172
42.595149 1198 4172
42.595356 1198 4172
42.595386 350 4172
42.617284 238 4172
42.658865 1102 4172
42.692123 654 4172
42.699272 638 4172
42.740304 1198 4172
42.776381 1198 4172
42.776429 1198 4172
42.776467 110 4172
42.781262 110 4172
42.822280 750 4172
42.836951 1118 4172
42.863343 398 4172
43.025138 494 4172
43.027228 1198 4172
43.027269 142 4172
43.033117 110 4172
43.042102 958 4172
43.050199 1198 4172
43.050239 110 4172
43.050279 110 4172
43.068429 1198 4172
43.068454 462 4172
43.150330 110 4172
43.232359 110 4172
43.314629 110 4172
43.601324 110 4172
43.847372 110 4172
44.052418 110 4172
44.130802 110 4172
44.134331 110 4172
44.380382 110 4172
44.667409 110 4172
44.954340 110 4172
45.036284 110 4172
45.159342 110 4172
45.200240 110 4172
46.060379 110 4172
46.141415 110 4172
47.042758 110 4172
47.165301 110 4172
47.533308 398 4172
47.533355 286 4172
47.604867 174 4172
47.606132 174 4172
47.607420 174 4172
47.608693 174 4172
47.609958 174 4172
47.611242 174 4172
47.612373 174 4172
47.613535 174 4172
47.614703 174 4172
47.615176 174 4172
47.618703 174 4172
47.619995 174 4172
47.621280 174 4172
47.622293 174 4172
47.625438 190 4172
47.627029 1198 4172
47.627075 1198 4172
47.627124 1198 4172
47.627162 1198 4172
47.627202 766 4172
47.655378 174 4172
47.761658 190 4172
47.767660 1198 4172
47.767715 1198 4172
47.767761 654 4172
47.778524 158 4172
47.787446 846 4172
47.795530 1118 4172
47.804680 1198 4172
47.804739 238 4172
47.811725 1198 4172
47.811778 1038 4172
47.819287 174 4172
47.860334 110 4172
48.065357 110 4172
48.106319 110 4172
48.147453 110 4172
48.393343 110 4172
49.046326 110 4172
49.168464 110 4172
50.068296 110 4172
50.150344 110 4172
51.030894 110 4172
51.050283 110 4172
51.132322 110 4172
52.033264 110 4172
52.156401 110 4172
53.055303 110 4172
53.137292 110 4172
53.711242 110 4172
54.039265 110 4172
54.162248 110 4172
55.062325 110 4172
55.144304 110 4172
56.044246 110 4172
56.167268 110 4172
56.371318 110 4172
57.066239 110 4172
57.148323 110 4172
58.049286 110 4172
58.172223 110 4172
59.029251 110 4172
59.070317 110 4172
59.152282 110 4172
60.052241 110 4172
60.134238 110 4172
61.034187 110 4172
61.157259 110 4172
61.689301 110 4172
62.058307 110 4172
62.140251 110 4172
62.542015 1198 4172
62.542039 1198 4172
62.542078 1198 4172
62.542107 1198 4172
62.542141 1198 4172
62.542170 1198 4172
62.542202 1054 4172
62.542245 1198 4172
62.550146 1198 4172
62.550182 1198 4172
62.550214 1198 4172
62.550247 1198 4172
62.550277 1198 4172
62.550309 1150 4172
62.559992 1198 4172
62.560033 1198 4172
62.560073 1198 4172
62.560109 1198 4172
62.560143 1198 4172
62.560176 1198 4172
62.560211 894 4172
62.560262 1198 4172
62.565240 1198 4172
62.565288 1198 4172
62.565324 1198 4172
62.565361 1198 4172
62.565401 1198 4172
62.571185 1198 4172
62.572209 60 60000
62.577199 126 4172
62.577234 1198 4172
62.577267 1198 4172
62.583139 1198 4172
62.583178 1198 4172
62.589129 1198 4172
62.591133 1086 4172
62.591173 1198 4172
62.601313 1198 4172
62.607185 1198 4172
62.607240 1198 4172
62.613222 1198 4172
62.613264 894 4172
62.619167 1198 4172
62.619198 1198 4172
62.625245 1198 4172
62.625311 1198 4172
62.631224 1198 4172
62.631269 1198 4172
62.632163 1198 4172
62.643175 1198 4172
62.643208 1198 4172
62.649223 1198 4172
62.649276 1198 4172
62.655178 942 4172
62.655218 1198 4172
62.661194 1198 4172
62.661229 1198 4172
62.667164 446 4172
62.667210 1198 4172
62.673130 1198 4172
62.673156 1198 4172
62.679181 1198 4172
62.679224 1150 4172
62.692636 1198 4172
62.697241 1198 4172
62.697295 1198 4172
62.703201 1198 4172
62.703252 910 4172
62.709148 1198 4172
62.709181 1198 4172
62.714071 1198 4172
62.714126 1198 4172
62.721181 1198 4172
62.727197 1198 4172
62.727233 1198 4172
62.733195 1198 4172
62.733261 1150 4172
62.741002 1198 4172
62.741078 110 4172
62.741113 1198 4172
62.741160 1198 4172
62.745118 1198 4172
62.751123 1198 4172
62.755095 1198 4172
62.755213 414 4172
62.755292 1198 4172
62.763125 1198 4172
62.763159 1198 4172
62.769225 1198 4172
62.775280 1198 4172
62.775324 1198 4172
62.781129 542 4172
62.781175 1198 4172
62.781215 1198 4172
62.787134 1198 4172
62.793176 1198 4172
62.793216 1198 4172
62.796275 1198 4172
62.796305 590 4172
62.805213 1198 4172
62.805255 1198 4172
62.811149 1198 4172
62.811188 1198 4172
62.817190 1198 4172
62.823207 1022 4172
62.823219 1198 4172
62.829203 1198 4172
62.829240 1198 4172
62.835637 878 4172
62.835673 398 4172
62.836648 270 4172
62.836681 158 4172
62.836709 158 4172
62.836736 158 4172
62.836762 158 4172
62.836790 174 4172
62.837045 382 4172
62.843184 1198 4172
62.845601 206 4172
62.845630 206 4172
62.845662 190 4172
62.845693 158 4172
62.845718 158 4172
62.845746 158 4172
62.846327 174 4172
62.846362 158 4172
62.878163 158 4172
62.878190 238 4172
62.980956 142 4172
62.981181 174 4172
62.981719 158 4172
62.981757 158 4172
62.981814 158 4172
62.983554 158 4172
62.983593 158 4172
62.983643 158 4172
62.983676 158 4172
62.983723 270 4172
62.984409 254 4172
62.984446 270 4172
62.984476 318 4172
62.984504 222 4172
62.984531 222 4172
62.984559 222 4172
62.984587 334 4172
62.984614 222 4172
62.984641 222 4172
62.984668 238 4172
62.984695 270 4172
62.984731 334 4172
62.984758 238 4172
62.984785 270 4172
62.984813 222 4172
62.984839 1198 4172
62.984866 1198 4172
62.984896 1198 4172
62.984926 1198 4172
62.984952 1198 4172
62.984983 270 4172
62.997075 1198 4172
63.005457 1198 4172
63.005497 1198 4172
63.005528 1198 4172
63.005557 110 4172
63.005588 1198 4172
63.005618 782 4172
63.014750 1198 4172
63.014779 1198 4172
63.014814 1198 4172
63.014843 1198 4172
63.014871 1198 4172
63.014899 1198 4172
63.014926 1182 4172
63.023763 1198 4172
63.023796 1198 4172
63.023815 1198 4172
63.023842 1198 4172
63.023870 1198 4172
63.023901 1198 4172
63.023930 1198 4172
63.023959 302 4172
63.024027 1198 4172
63.024058 1198 4172
63.024086 1198 4172
63.024116 1198 4172
63.024145 1198 4172
63.025192 1198 4172
63.048121 494 4172
63.048155 110 4172
63.048185 1198 4172
63.048213 1198 4172
63.055894 1198 4172
63.057030 1198 4172
63.057111 1198 4172
63.057400 1198 4172
63.057439 1198 4172
63.058238 606 4172
63.065470 1198 4172
63.065575 1198 4172
63.066311 1198 4172
63.066351 1198 4172
63.077970 1198 4172
63.077973 1198 4172
63.091883 1198 4172
63.092419 622 4172
63.092623 1198 4172
63.094257 1198 4172
63.094298 1198 4172
63.094330 1198 4172
63.100709 1198 4172
63.100747 1198 4172
63.107275 110 4172
63.107391 686 4172
63.107424 1198 4172
63.125460 1198 4172
63.125608 1198 4172
63.126051 1198 4172
63.130185 1198 4172
63.130229 1198 4172
63.130257 126 4172
63.130288 1198 4172
63.130318 1198 4172
63.136185 766 4172
63.136225 1198 4172
63.136271 1198 4172
63.142461 1198 4172
63.148180 1198 4172
63.148215 110 4172
63.148243 1198 4172
63.155851 1198 4172
63.157395 1198 4172
63.157697 430 4172
63.164977 1198 4172
63.165010 1198 4172
63.166821 1198 4172
63.178980 1198 4172
63.179003 1198 4172
63.179062 1198 4172
63.185461 1198 4172
63.185493 1022 4172
63.185528 1198 4172
63.190211 1198 4172
63.190231 1198 4172
63.196621 1198 4172
63.196775 1198 4172
63.203655 1198 4172
63.203703 878 4172
63.208403 1198 4172
63.208484 1198 4172
63.214196 1198 4172
63.214212 1198 4172
63.222258 1198 4172
63.222281 1198 4172
63.226195 750 4172
63.226238 1198 4172
63.230741 1198 4172
63.230788 1198 4172
63.238252 1198 4172
63.244204 1198 4172
63.244224 110 4172
63.244257 1198 4172
63.250261 958 4172
63.250289 1198 4172
63.256258 1198 4172
63.256293 1198 4172
63.262198 1198 4172
63.262226 1198 4172
63.280798 1198 4172
63.280946 110 4172
63.280984 1198 4172
63.281110 302 4172
63.283257 1198 4172
63.297961 1198 4172
63.297982 1086 4172
63.298018 238 4172
63.299133 286 4172
63.306995 190 4172
63.307068 190 4172
63.322777 190 4172
63.322816 190 4172
63.322840 1198 4172
63.322871 910 4172
63.322899 1198 4172
63.322935 1198 4172
63.322956 270 4172
63.322987 1198 4172
63.323063 1198 4172
63.323099 126 4172
63.323125 1198 4172
63.323152 1150 4172
63.323180 1198 4172
63.323228 1198 4172
63.324186 222 4172
63.324227 1198 4172
63.324262 238 4172
63.340377 830 4172
63.340396 190 4172
63.340438 190 4172
63.340464 190 4172
63.340498 1198 4172
63.342551 1118 4172
63.342585 510 4172
63.342613 222 4172
63.342638 190 4172
63.342664 190 4172
63.342689 190 4172
63.342722 190 4172
63.342741 1198 4172
63.342767 1166 4172
63.348782 1198 4172
63.354643 1198 4172
63.354652 1198 4172
63.360157 222 4172
63.360192 1198 4172
63.360242 1198 4172
63.370403 510 4172
63.370438 1198 4172
63.372131 1198 4172
63.372173 558 4172
63.381874 1198 4172
63.381915 430 4172
63.384493 1198 4172
63.384564 1198 4172
63.406806 286 4172
63.407609 1070 4172
63.407910 190 4172
63.407949 174 4172
63.407980 174 4172
63.408040 1198 4172
63.440777 1198 4172
63.443027 494 4172
63.443111 222 4172
63.443149 190 4172
63.443178 190 4172
63.443212 190 4172
63.443239 190 4172
63.443268 1198 4172
63.443295 334 4172
63.443323 1198 4172
63.443350 1198 4172
63.443395 1198 4172
63.466896 286 4172
63.466937 1198 4172
63.467156 1198 4172
63.467188 718 4172
63.467225 1198 4172
63.467253 1198 4172
63.467281 910 4172
63.467309 1198 4172
63.467343 1198 4172
63.467372 670 4172
63.467404 1198 4172
63.467432 1198 4172
63.467478 302 4172
63.483989 1198 4172
63.484106 174 4172
63.484140 190 4172
63.484175 1198 4172
63.484212 190 4172
63.484234 190 4172
63.484265 1198 4172
63.484299 1198 4172
63.484328 686 4172
63.484358 206 4172
63.484387 174 4172
63.484417 174 4172
63.484446 174 4172
63.484476 174 4172
63.484506 174 4172
63.484540 174 4172
63.484581 174 4172
63.494118 174 4172
63.494153 174 4172
63.494183 174 4172
63.494213 174 4172
63.494246 174 4172
63.494278 174 4172
63.494305 174 4172
63.494334 222 4172
63.494361 126 4172
63.494896 60 60000
63.535491 110 4172
63.627658 1198 4172
63.627702 1198 4172
63.627743 606 4172
63.638297 190 4172
63.646161 1054 4172
63.654176 1198 4172
63.654205 238 4172
63.658085 1198 4172
63.658136 942 4172
63.783175 206 4172
63.783224 174 4172
63.783275 142 4172
63.824185 110 4172
63.865120 382 4172
64.064275 110 4172
64.070191 110 4172
64.152254 110 4172
64.357252 110 4172
64.603183 110 4172
64.890232 110 4172
65.054199 110 4172
65.131049 110 4172
65.136152 110 4172
65.382195 110 4172
65.668111 110 4172
65.914169 110 4172
66.037164 110 4172
66.201215 110 4172
67.060234 110 4172
67.142225 110 4172
68.040247 110 4172
68.163120 110 4172
68.860108 110 4172
69.064188 110 4172
69.146181 110 4172
70.047229 110 4172
70.170205 110 4172
71.069203 110 4172
71.151206 110 4172
71.519194 110 4172
72.050172 110 4172
72.132107 110 4172
73.032093 110 4172
73.155176 110 4172
74.054231 110 4172
74.136189 110 4172
74.177235 110 4172
75.034083 110 4172
75.157124 110 4172
76.056230 110 4172
76.138112 110 4172
76.834179 110 4172
77.038116 110 4172
77.161250 110 4172
78.060064 110 4172
78.142067 110 4172
79.040087 110 4172
79.163015 110 4172
79.532130 110 4172
80.063150 110 4172
80.145098 110 4172
81.045084 110 4172
81.168198 110 4172
82.068080 110 4172
82.148146 110 4172
83.051075 110 4172
83.133023 110 4172
83.673365 1198 4172
83.673423 1198 4172
83.673518 1198 4172
83.673543 1198 4172
83.673603 1198 4172
83.673630 1198 4172
83.673661 1198 4172
83.673687 382 4172
83.683436 1198 4172
83.683440 1198 4172
83.683487 1198 4172
83.683516 1198 4172
83.683545 1198 4172
83.683573 1198 4172
83.683597 1198 4172
83.683626 398 4172
83.686047 1198 4172
83.686093 1198 4172
83.686134 1198 4172
83.686169 1198 4172
83.686201 1198 4172
83.686235 1198 4172
83.686268 1134 4172
83.701834 1198 4172
83.701920 1198 4172
83.701964 1198 4172
83.701995 1198 4172
83.702024 1198 4172
83.702058 1198 4172
83.702083 1198 4172
83.702793 334 4172
83.708085 1198 4172
83.708127 1198 4172
83.708165 1198 4172
83.713994 1198 4172
83.714040 1198 4172
83.720124 1198 4172
83.720163 1198 4172
83.726043 494 4172
83.726097 1198 4172
83.726996 1198 4172
83.727043 1198 4172
83.738061 1198 4172
83.738121 1198 4172
83.744047 1198 4172
83.744085 1198 4172
83.750044 462 4172
83.750108 1198 4172
83.751017 60 60000
83.756157 1198 4172
83.756195 1198 4172
83.762021 1198 4172
83.762041 1198 4172
83.767992 1198 4172
83.768018 1198 4172
83.774005 254 4172
83.774044 1198 4172
83.774080 1198 4172
83.780035 1198 4172
83.780050 1198 4172
83.786119 1198 4172
83.792005 1198 4172
83.798086 526 4172
83.798128 1198 4172
83.798166 1198 4172
83.804066 1198 4172
83.804108 1198 4172
83.809025 1198 4172
83.809061 1198 4172
83.816049 1198 4172
83.816099 1198 4172
83.822033 622 4172
83.822085 1198 4172
83.828025 1198 4172
83.828067 1198 4172
83.834049 1198 4172
83.834096 1198 4172
83.840050 1198 4172
83.840101 1198 4172
83.846060 846 4172
83.846115 1198 4172
83.849898 1198 4172
83.849932 1198 4172
83.858158 1198 4172
83.858256 1198 4172
83.864016 1198 4172
83.864069 1198 4172
83.870016 1054 4172
83.870055 1198 4172
83.876052 1198 4172
83.876085 1198 4172
83.882042 1198 4172
83.882065 1198 4172
83.888025 1198 4172
83.888064 734 4172
83.891042 1198 4172
83.891066 1198 4172
83.900070 1198 4172
83.900125 1198 4172
83.906152 1198 4172
83.906201 1198 4172
83.911986 766 4172
83.912010 1198 4172
83.912048 1198 4172
83.918055 1198 4172
83.924038 1198 4172
83.924123 1198 4172
83.930072 1198 4172
83.930125 862 4172
83.930169 1198 4172
83.931884 1198 4172
83.931928 1198 4172
83.942069 1198 4172
83.942129 1198 4172
83.947942 1198 4172
83.954122 1198 4172
83.954150 302 4172
83.954183 1198 4172
83.960100 1198 4172
83.960115 1198 4172
83.967453 1198 4172
83.967463 254 4172
83.967502 494 4172
83.967923 270 4172
83.967954 254 4172
83.967981 270 4172
83.968011 318 4172
83.968038 222 4172
83.968066 222 4172
83.969517 222 4172
83.971701 222 4172
83.971735 222 4172
83.972251 222 4172
83.972279 238 4172
83.972308 270 4172
83.972334 334 4172
83.972890 238 4172
83.972914 270 4172
83.976714 222 4172
83.982100 1198 4172
83.988124 1198 4172
83.988162 1198 4172
83.993559 1198 4172
83.993597 478 4172
83.993631 126 4172
83.995551 126 4172
84.012057 1198 4172
84.013908 110 4172
84.031260 126 4172
84.054959 110 4172
84.129117 126 4172
84.131478 126 4172
84.137137 110 4172
84.186815 158 4172
84.186858 158 4172
84.186907 158 4172
84.186936 158 4172
84.186983 158 4172
84.187018 158 4172
84.187046 158 4172
84.198264 158 4172
84.232537 174 4172
84.232787 398 4172
84.232939 110 4172
84.235048 1198 4172
84.235085 1198 4172
84.235117 254 4172
84.236072 494 4172
84.236117 574 4172
84.237256 526 4172
84.237292 494 4172
84.238282 478 4172
84.238314 446 4172
84.238908 526 4172
84.239970 494 4172
84.240003 494 4172
84.241031 446 4172
84.241063 478 4172
84.244178 510 4172
84.244219 430 4172
84.279276 494 4172
84.279607 1198 4172
84.279643 1198 4172
84.279676 830 4172
84.287799 1198 4172
84.287827 1198 4172
84.287857 1198 4172
84.287888 1198 4172
84.287917 110 4172
84.287946 1198 4172
84.287977 1198 4172
84.288004 718 4172
84.288032 1198 4172
84.288062 1198 4172
84.288090 1198 4172
84.288119 1198 4172
84.288149 1198 4172
84.288182 1086 4172
84.288223 1198 4172
84.301734 1198 4172
84.301773 1198 4172
84.301804 1198 4172
84.301834 1198 4172
84.301867 1198 4172
84.301895 798 4172
84.301947 1198 4172
84.307393 1198 4172
84.307449 1198 4172
84.307485 1198 4172
84.307515 1198 4172
84.307546 1198 4172
84.307575 1198 4172
84.307605 110 4172
84.315243 1198 4172
84.315278 1198 4172
84.315309 1198 4172
84.315339 1198 4172
84.315368 1198 4172
84.318020 1198 4172
84.318045 1198 4172
84.319921 270 4172
84.319948 1198 4172
84.319980 1198 4172
84.333778 1198 4172
84.350756 1198 4172
84.350897 1198 4172
84.352283 1150 4172
84.369706 1198 4172
84.371067 1198 4172
84.371687 110 4172
84.372698 1198 4172
84.373263 1198 4172
84.373605 1198 4172
84.374117 814 4172
84.374593 1198 4172
84.375076 1198 4172
84.377197 1198 4172
84.377226 1198 4172
84.377258 1198 4172
84.377292 1198 4172
84.377324 590 4172
84.377354 1198 4172
84.384021 1198 4172
84.384042 1198 4172
84.390029 1198 4172
84.390043 1198 4172
84.396125 1198 4172
84.396157 1198 4172
84.406115 1198 4172
84.406146 558 4172
84.406177 1198 4172
84.410059 1198 4172
84.410108 1198 4172
84.414089 1198 4172
84.414156 1198 4172
84.420527 1198 4172
84.420808 686 4172
84.420872 1198 4172
84.420905 1198 4172
84.426218 1198 4172
84.431995 1198 4172
84.432040 1198 4172
84.438336 110 4172
84.438411 1198 4172
84.444018 1198 4172
84.444069 414 4172
84.444080 1198 4172
84.450807 1198 4172
84.450839 1198 4172
84.450916 1198 4172
84.456130 1198 4172
84.462023 1198 4172
84.462045 814 4172
84.462077 1198 4172
84.465523 1198 4172
84.465602 1198 4172
84.474079 1198 4172
84.474143 1198 4172
84.480036 382 4172
84.488042 1198 4172
84.488082 1198 4172
84.492164 1198 4172
84.492195 1198 4172
84.499364 1198 4172
84.499389 670 4172
84.501989 1198 4172
84.502042 1198 4172
84.510023 1198 4172
84.510041 1198 4172
84.523162 1198 4172
84.523493 1198 4172
84.545581 1198 4172
84.555437 1198 4172
84.555489 526 4172
84.555525 1198 4172
84.555559 1198 4172
84.563727 1198 4172
84.563775 1198 4172
84.563802 398 4172
84.563834 478 4172
84.563916 254 4172
84.563948 174 4172
84.563978 174 4172
84.564010 110 4172
84.564040 174 4172
84.564071 1198 4172
84.564102 1198 4172
84.564133 1198 4172
84.564162 1198 4172
84.564192 238 4172
84.564222 1198 4172
84.564252 1198 4172
84.564285 1198 4172
84.564330 1198 4172
84.565978 430 4172
84.572010 1198 4172
84.572029 1198 4172
84.578110 1198 4172
84.578150 1198 4172
84.578185 1198 4172
84.583974 414 4172
84.584003 1198 4172
84.590021 1198 4172
84.590062 1198 4172
84.590100 1198 4172
84.596019 718 4172
84.596041 1198 4172
84.603138 1198 4172
84.603414 1198 4172
84.608789 1198 4172
84.608991 622 4172
84.609560 1198 4172
84.609614 1198 4172
84.614045 1198 4172
84.623839 1198 4172
84.623962 798 4172
84.624014 1198 4172
84.626112 1198 4172
84.626147 1198 4172
84.632032 1198 4172
84.632058 542 4172
84.641567 1198 4172
84.641592 1198 4172
84.645169 1198 4172
84.670036 1102 4172
84.670149 1198 4172
84.672573 1198 4172
84.713937 414 4172
84.714061 174 4172
84.714130 174 4172
84.714163 222 4172
84.714201 574 4172
84.714226 174 4172
84.714258 174 4172
84.714287 174 4172
84.714318 174 4172
84.714347 174 4172
84.714375 174 4172
84.714404 174 4172
84.714432 174 4172
84.714481 174 4172
84.714525 174 4172
84.714554 174 4172
84.714582 174 4172
84.714615 174 4172
84.714643 174 4172
84.714671 174 4172
84.714698 222 4172
84.714727 126 4172
84.721458 60 60000
84.819906 110 4172
84.819946 1198 4172
84.827681 1198 4172
84.827701 206 4172
84.837639 174 4172
84.845800 1134 4172
84.855153 1198 4172
84.855168 254 4172
84.878025 1198 4172
84.878087 1054 4172
85.000935 206 4172
85.000993 174 4172
85.001034 142 4172
85.042302 110 4172
85.082937 110 4172
85.164973 110 4172
85.657061 110 4172
85.903062 110 4172
86.067021 110 4172
86.149082 110 4172
86.190048 110 4172
86.435073 110 4172
86.721045 110 4172
86.966997 110 4172
87.049025 110 4172
87.172032 110 4172
87.254112 110 4172
87.499005 110 4172
88.071011 110 4172
88.153020 110 4172
89.055016 110 4172
89.136968 110 4172
90.038972 110 4172
90.162143 110 4172
90.202949 110 4172
91.063974 110 4172
91.145009 110 4172
92.045975 110 4172
92.866030 110 4172
93.071062 110 4172
93.152982 110 4172
94.053948 110 4172
94.135976 110 4172
95.036915 110 4172
95.159006 110 4172
95.486829 110 4172
96.060922 110 4172
97.044911 110 4172
97.167815 110 4172
98.067880 110 4172
98.148054 110 4172
98.149859 110 4172
99.049787 110 4172
99.131778 110 4172
100.031774 110 4172
100.154950 110 4172
100.407025 174 4172
100.408504 174 4172
100.409825 174 4172
100.411673 174 4172
100.411705 174 4172
100.412599 174 4172
100.413455 174 4172
100.414338 174 4172
100.415202 174 4172
100.416068 174 4172
100.416972 174 4172
100.418023 174 4172
100.419307 174 4172
100.420558 174 4172
100.421553 174 4172
100.424698 206 4172
100.424781 1198 4172
100.441068 1198 4172
100.441150 1198 4172
100.441198 1198 4172
100.441235 1198 4172
100.441267 1198 4172
100.441297 238 4172
100.562336 174 4172
100.563794 1198 4172
100.563841 1198 4172
100.579153 1198 4172
100.579192 238 4172
100.604938 1198 4172
100.605040 1022 4172
100.645857 686 4172
100.809844 110 4172
101.053767 110 4172
101.094910 110 4172
101.135891 110 4172
101.339810 110 4172
102.036854 110 4172
102.159881 110 4172
103.061840 110 4172
103.143756 110 4172
104.031656 110 4172
104.045850 110 4172
104.168785 110 4172
104.967813 270 4172
104.969051 254 4172
104.969084 270 4172
104.970311 318 4172
104.970352 222 4172
104.971095 222 4172
104.971824 302 4172
104.973063 222 4172
104.973097 222 4172
104.974228 222 4172
104.974267 238 4172
104.974712 270 4172
104.974787 60 60000
104.976734 334 4172
104.976776 238 4172
104.976812 270 4172
105.008933 286 4172
105.008969 590 4172
105.049783 110 4172
105.130982 158 4172
105.132083 110 4172
105.141269 174 4172
105.149192 174 4172
105.158224 174 4172
105.163317 174 4172
105.171768 174 4172
105.171798 190 4172
105.171828 174 4172
105.330412 158 4172
105.331101 126 4172
105.337309 174 4172
105.348188 158 4172
105.362883 142 4172
105.368683 158 4172
105.368741 1198 4172
105.368776 1198 4172
105.368807 1198 4172
105.368846 174 4172
105.368872 1086 4172
105.368903 1150 4172
105.368933 814 4172
105.368978 926 4172
105.384366 862 4172
105.384407 1198 4172
105.384442 1198 4172
105.384468 1006 4172
105.384508 1198 4172
105.384525 926 4172
105.384552 158 4172
105.400812 1198 4172
105.409006 1198 4172
105.409031 1198 4172
105.409062 1198 4172
105.409092 1198 4172
105.409120 1198 4172
105.409152 526 4172
105.418217 1198 4172
105.418252 1198 4172
105.418287 1198 4172
105.418315 1198 4172
105.418367 1198 4172
105.418393 1198 4172
105.418420 1198 4172
105.418446 958 4172
105.423942 1198 4172
105.423970 1198 4172
105.424003 1198 4172
105.424032 1198 4172
105.424063 1198 4172
105.424094 1198 4172
105.424124 1198 4172
105.424153 1022 4172
105.433352 1198 4172
105.433827 1198 4172
105.433852 1198 4172
105.433888 1198 4172
105.433914 1198 4172
105.433941 1198 4172
105.433967 1198 4172
105.433994 1198 4172
105.434020 1198 4172
105.435109 222 4172
105.435141 1198 4172
105.435172 1198 4172
105.451927 1198 4172
105.458676 1198 4172
105.463675 1198 4172
105.463783 1198 4172
105.463814 1198 4172
105.463842 718 4172
105.463887 1198 4172
105.472871 1198 4172
105.473018 1198 4172
105.473055 1198 4172
105.475802 1198 4172
105.475835 1198 4172
105.481850 1198 4172
105.481881 782 4172
105.488718 1198 4172
105.488753 1198 4172
105.488800 1198 4172
105.504315 1198 4172
105.504962 1198 4172
105.509414 1198 4172
105.509452 1198 4172
105.518907 1198 4172
105.521667 190 4172
105.525386 1198 4172
105.526075 1198 4172
105.527718 1198 4172
105.527751 1198 4172
105.527787 1198 4172
105.527818 1198 4172
105.527848 1198 4172
105.527879 718 4172
105.527908 1198 4172
105.536747 1198 4172
105.537199 1198 4172
105.537237 1198 4172
105.541853 1198 4172
105.541885 1198 4172
105.547907 1198 4172
105.547984 1198 4172
105.555925 1198 4172
105.555962 622 4172
105.559906 1198 4172
105.559931 1198 4172
105.559959 1198 4172
105.569050 1198 4172
105.569104 1198 4172
105.571968 1198 4172
105.571997 1198 4172
105.577879 1198 4172
105.577929 1198 4172
105.583874 638 4172
105.583906 1198 4172
105.583937 1198 4172
105.591029 1198 4172
105.591060 1198 4172
105.595842 1198 4172
105.595868 1198 4172
105.610256 1198 4172
105.610357 1198 4172
105.610414 958 4172
105.611489 1198 4172
105.611659 1198 4172
105.611720 1198 4172
105.611752 1198 4172
105.619990 1198 4172
105.620018 1198 4172
105.627237 1198 4172
105.627721 110 4172
105.627750 494 4172
105.627794 1198 4172
105.631837 1198 4172
105.631865 1198 4172
105.637853 1198 4172
105.643904 1198 4172
105.643925 958 4172
105.650778 1198 4172
105.650816 1198 4172
105.652767 1198 4172
105.652804 1198 4172
105.661854 1198 4172
105.661885 1198 4172
105.661919 1166 4172
105.676745 1198 4172
105.677378 1198 4172
105.677446 1198 4172
105.679823 1198 4172
105.679852 1198 4172
105.679885 1198 4172
105.710888 1198 4172
105.711365 1198 4172
105.720810 1198 4172
105.721006 190 4172
105.721045 1198 4172
105.721082 1198 4172
105.721111 1198 4172
105.721140 1038 4172
105.721171 270 4172
105.721200 270 4172
105.721229 190 4172
105.721258 1198 4172
105.721287 1198 4172
105.721316 1118 4172
105.721346 1198 4172
105.725207 1198 4172
105.725244 1198 4172
105.725279 894 4172
105.725310 1198 4172
105.725340 1198 4172
105.730951 1198 4172
105.730987 926 4172
105.737798 1198 4172
105.737828 1198 4172
105.743874 1198 4172
105.743900 926 4172
105.743934 1198 4172
105.751857 1198 4172
105.751930 1198 4172
105.754841 958 4172
105.754876 1198 4172
105.764220 1198 4172
105.764263 1198 4172
105.765020 910 4172
105.765060 1198 4172
105.765094 1198 4172
105.775706 60 60000
105.778877 1198 4172
105.780548 942 4172
105.780767 1198 4172
105.780969 1198 4172
105.781012 1198 4172
105.786252 1150 4172
105.786309 1198 4172
105.795058 1198 4172
105.795096 1198 4172
105.796791 1198 4172
105.796829 494 4172
105.802932 1198 4172
105.802969 1198 4172
105.805753 1198 4172
105.805790 1198 4172
105.805821 334 4172
105.814822 1198 4172
105.814856 1198 4172
105.823014 1198 4172
105.823891 1198 4172
105.823929 366 4172
105.823979 1198 4172
105.826782 1198 4172
105.835352 1198 4172
105.835405 542 4172
105.838815 190 4172
105.838851 1198 4172
105.838884 1198 4172
105.844781 1086 4172
105.844811 622 4172
105.844845 174 4172
105.844875 174 4172
105.844911 1198 4172
105.852817 1198 4172
105.852848 1198 4172
105.854383 1198 4172
105.854424 494 4172
105.862836 1198 4172
105.862868 1198 4172
105.862899 1198 4172
105.868836 1198 4172
105.868873 158 4172
105.868904 1198 4172
105.875174 1198 4172
105.875218 1198 4172
105.880836 1198 4172
105.880865 398 4172
105.880895 1198 4172
105.886853 1198 4172
105.886899 1198 4172
105.892826 110 4172
105.892853 1198 4172
105.892885 622 4172
105.898804 1198 4172
105.898840 1198 4172
105.905763 1198 4172
105.905917 1198 4172
105.905950 622 4172
105.906931 1198 4172
105.916829 1198 4172
105.916865 1198 4172
105.922823 558 4172
105.922855 1198 4172
105.922883 1198 4172
105.928828 1198 4172
105.928861 1198 4172
105.937968 1198 4172
105.938422 766 4172
105.938467 1198 4172
105.940816 1198 4172
105.940895 1198 4172
105.946860 1198 4172
105.946890 1198 4172
105.949245 222 4172
105.949327 1198 4172
105.949363 1198 4172
105.958888 1198 4172
105.959010 1198 4172
105.966716 1198 4172
105.966752 1166 4172
105.966849 1198 4172
105.970852 1198 4172
105.977295 1198 4172
105.977325 1198 4172
105.977357 1198 4172
105.982844 782 4172
105.982882 1198 4172
105.988860 1198 4172
105.988892 1198 4172
105.989821 1198 4172
105.989857 1198 4172
106.001041 1022 4172
106.001069 1198 4172
106.001135 1198 4172
106.006909 1198 4172
106.006958 1198 4172
106.012900 1198 4172
106.012931 1198 4172
106.023586 238 4172
106.023908 174 4172
106.024032 1198 4172
106.024516 1198 4172
106.024688 1198 4172
106.024826 702 4172
106.030045 142 4172
106.030101 142 4172
106.031714 126 4172
106.038445 110 4172
106.047222 126 4172
106.056221 126 4172
106.059579 126 4172
106.075430 126 4172
106.119649 126 4172
106.147743 110 4172
106.159809 110 4172
106.198403 1198 4172
106.198456 1198 4172
106.198890 366 4172
106.198937 302 4172
106.198969 126 4172
106.198999 238 4172
106.199043 1198 4172
106.200727 1198 4172
106.200768 1198 4172
106.200791 1198 4172
106.200821 318 4172
106.200850 1198 4172
106.200879 1198 4172
106.200907 1198 4172
106.200941 1198 4172
106.200970 606 4172
106.208412 1198 4172
106.208436 1198 4172
106.208466 1198 4172
106.208494 1198 4172
106.208530 350 4172
106.211512 1198 4172
106.211554 1198 4172
106.211576 1198 4172
106.211610 1198 4172
106.211641 558 4172
106.211686 1198 4172
106.214278 1198 4172
106.214316 1198 4172
106.214349 1198 4172
106.214381 574 4172
106.219789 1198 4172
106.219822 1198 4172
106.219855 1198 4172
106.219889 1198 4172
106.219933 606 4172
106.226029 1198 4172
106.226054 1198 4172
106.226226 1198 4172
106.231800 1198 4172
106.231840 718 4172
106.231873 1198 4172
106.237841 1198 4172
106.237868 1198 4172
106.242038 110 4172
106.242114 1198 4172
106.242282 1198 4172
106.249806 142 4172
106.249846 1198 4172
106.249896 1198 4172
106.255806 1198 4172
106.255852 1198 4172
106.261858 1198 4172
106.261894 990 4172
106.261925 1198 4172
106.267822 1198 4172
106.267850 1198 4172
106.274012 1198 4172
106.274067 1198 4172
106.279832 1198 4172
106.279850 158 4172
106.279885 1198 4172
106.282855 1198 4172
106.282916 1198 4172
106.292009 1198 4172
106.292044 1198 4172
106.297752 814 4172
106.297792 1198 4172
106.297827 1198 4172
106.303855 1198 4172
106.303902 1198 4172
106.309797 1198 4172
106.309840 1198 4172
106.323899 142 4172
106.323987 126 4172
106.359964 958 4172
106.364713 318 4172
106.400106 1198 4172
106.400138 1198 4172
106.400179 142 4172
106.402288 318 4172
106.405585 1198 4172
106.405615 1198 4172
106.405652 1198 4172
106.405692 862 4172
106.405743 1198 4172
106.409109 1198 4172
106.409145 1198 4172
106.409176 1198 4172
106.409213 158 4172
106.412591 1198 4172
106.412622 1198 4172
106.412653 1198 4172
106.412699 1198 4172
106.412736 382 4172
106.412771 1198 4172
106.415721 1198 4172
106.415759 1198 4172
106.415785 110 4172
106.415816 590 4172
106.418828 1198 4172
106.418863 1198 4172
106.418896 1198 4172
106.418930 606 4172
106.424801 1198 4172
106.424838 1198 4172
106.424870 1198 4172
106.424902 1198 4172
106.424934 638 4172
106.430745 1198 4172
106.430780 1198 4172
106.430811 1198 4172
106.436752 1198 4172
106.442831 1198 4172
106.442853 734 4172
106.446766 1198 4172
106.446805 1198 4172
106.446827 1198 4172
106.454777 1198 4172
106.454834 1198 4172
106.460780 174 4172
106.460817 1198 4172
106.460855 1198 4172
106.466759 1198 4172
106.466810 1198 4172
106.472786 1198 4172
106.472820 1006 4172
106.478755 1198 4172
106.478802 1198 4172
106.484771 1198 4172
106.484810 1198 4172
106.484849 1198 4172
106.487706 558 4172
106.487750 1198 4172
106.496798 1198 4172
106.496836 1198 4172
106.502792 1198 4172
106.502832 1198 4172
106.502870 846 4172
106.508772 1198 4172
106.514922 1198 4172
106.514959 1198 4172
106.520780 1198 4172
106.520821 1198 4172
106.520861 158 4172
106.526740 174 4172
106.526786 1198 4172
106.526826 1198 4172
106.526863 1198 4172
106.528808 1198 4172
106.528849 798 4172
106.538815 1198 4172
106.538900 1198 4172
106.544771 1198 4172
106.544812 1198 4172
106.544851 1198 4172
106.569810 1198 4172
106.569899 238 4172
106.569933 158 4172
106.610878 1198 4172
106.692759 126 4172
106.692803 110 4172
106.706171 126 4172
106.714254 126 4172
106.723247 126 4172
106.732192 126 4172
106.733740 126 4172
106.748339 126 4172
106.757255 158 4172
106.765164 126 4172
106.773619 126 4172
106.774813 1070 4172
106.791200 1198 4172
106.791253 1198 4172
106.791302 478 4172
106.800329 430 4172
106.809057 590 4172
106.815705 1198 4172
106.815754 1038 4172
106.827024 1198 4172
106.827072 1198 4172
106.827113 286 4172
106.836207 1198 4172
106.836240 1198 4172
106.836282 734 4172
106.845137 1198 4172
106.845188 1198 4172
106.845221 830 4172
106.854108 1198 4172
106.854153 1198 4172
106.854191 878 4172
106.856822 1198 4172
106.856855 1198 4172
106.856896 1198 4172
106.856943 414 4172
106.870511 1198 4172
106.870551 1198 4172
106.870597 1198 4172
106.870635 1198 4172
106.870680 462 4172
106.870734 1198 4172
106.879266 1198 4172
106.879322 1198 4172
106.879362 1198 4172
106.879403 1198 4172
106.879438 830 4172
106.888399 1198 4172
106.888444 1198 4172
106.888490 1198 4172
106.888529 1198 4172
106.888567 606 4172
106.896520 1198 4172
106.896548 1198 4172
106.896589 1198 4172
106.896628 1198 4172
106.896674 1198 4172
106.896711 1198 4172
106.896748 110 4172
106.896798 1198 4172
106.898025 1198 4172
106.898072 1198 4172
106.898111 1198 4172
106.898148 1198 4172
106.898195 1198 4172
106.898222 478 4172
106.915114 1198 4172
106.922556 1198 4172
106.922604 254 4172
106.931129 1198 4172
106.931181 782 4172
106.938716 1198 4172
106.938750 1198 4172
106.938789 462 4172
106.948523 1198 4172
106.948577 1198 4172
106.948606 1086 4172
106.948695 1198 4172
106.948734 1198 4172
106.948771 1198 4172
106.948808 670 4172
106.957416 110 4172
106.957463 110 4172
106.957502 110 4172
106.966443 1198 4172
106.966484 1198 4172
106.966524 814 4172
106.975472 1198 4172
106.975523 1198 4172
106.975568 1198 4172
106.975606 1134 4172
106.975695 1198 4172
106.975729 1198 4172
106.975763 1198 4172
106.977956 1198 4172
106.978009 414 4172
106.979812 1198 4172
106.984708 1198 4172
106.984756 1198 4172
106.993925 1198 4172
106.993974 1198 4172
106.994018 1166 4172
107.001546 1198 4172
107.001596 1198 4172
107.001640 1198 4172
107.001691 1198 4172
107.001733 1198 4172
107.001770 1118 4172
107.001822 1198 4172
107.010813 1198 4172
107.010856 1198 4172
107.010903 1198 4172
107.010940 558 4172
107.019715 1198 4172
107.019750 1198 4172
107.019793 1198 4172
107.019835 1198 4172
107.019878 1198 4172
107.019915 974 4172
107.020810 1198 4172
107.020853 1198 4172
107.020896 1198 4172
107.020935 1198 4172
107.020977 1198 4172
107.021009 1198 4172
107.027608 382 4172
107.031657 1198 4172
107.031714 398 4172
107.037997 110 4172
107.044576 1198 4172
107.044601 926 4172
107.052455 1198 4172
107.052500 238 4172
107.061817 398 4172
107.143804 110 4172
107.225766 110 4172
107.225780 110 4172
107.225864 110 4172
107.266782 110 4172
107.510917 110 4172
107.511003 110 4172
107.511027 110 4172
107.534431 366 4172
107.541165 1198 4172
107.541214 1198 4172
107.541253 1198 4172
107.541290 862 4172
107.544922 1198 4172
107.544957 1198 4172
107.544988 1198 4172
107.545019 1198 4172
107.545049 174 4172
107.548465 1198 4172
107.548499 1198 4172
107.548531 1198 4172
107.548561 1198 4172
107.551687 1198 4172
107.551719 174 4172
107.551749 1198 4172
107.551778 1198 4172
107.551813 1198 4172
107.551920 590 4172
107.555409 1198 4172
107.555442 1198 4172
107.555473 1198 4172
107.555502 606 4172
107.558855 382 4172
107.558889 1198 4172
107.558919 1198 4172
107.558948 1198 4172
107.558977 638 4172
107.564737 1198 4172
107.564769 1198 4172
107.564800 1198 4172
107.564828 1198 4172
107.564857 750 4172
107.570863 1198 4172
107.570903 1198 4172
107.576756 1198 4172
107.576804 1198 4172
107.582922 1198 4172
107.582960 1198 4172
107.582993 1198 4172
107.588926 174 4172
107.588962 1198 4172
107.588997 1198 4172
107.592809 1198 4172
107.592855 1198 4172
107.600764 1198 4172
107.600799 1022 4172
107.606827 1198 4172
107.606875 1198 4172
107.612762 1198 4172
107.612811 1198 4172
107.618772 558 4172
107.618811 1198 4172
107.618850 1198 4172
107.624889 1198 4172
107.624944 1198 4172
107.630745 1198 4172
107.634075 1198 4172
107.634121 1198 4172
107.634156 1198 4172
107.642873 1198 4172
107.642933 1198 4172
107.648846 1198 4172
107.648890 1198 4172
107.654826 846 4172
107.654880 174 4172
107.654921 174 4172
107.654959 382 4172
107.654997 1198 4172
107.660775 1198 4172
107.660818 1198 4172
107.666800 1198 4172
107.666855 1198 4172
107.666897 1198 4172
107.674804 1198 4172
107.674845 958 4172
107.742952 110 4172
107.742974 110 4172
107.743014 110 4172
107.756702 222 4172
107.794320 1198 4172
107.794360 1022 4172
107.797823 1198 4172
107.797858 1198 4172
107.797894 286 4172
107.812264 1198 4172
107.812338 1198 4172
107.812374 734 4172
107.821079 1198 4172
107.821125 1198 4172
107.821163 830 4172
107.829180 1198 4172
107.829222 1198 4172
107.829261 878 4172
107.838394 1198 4172
107.838447 1198 4172
107.838490 1198 4172
107.838528 414 4172
107.838691 1198 4172
107.838735 1198 4172
107.838779 1198 4172
107.838810 462 4172
107.855416 1198 4172
107.855419 1198 4172
107.855513 1198 4172
107.855520 1198 4172
107.855559 1198 4172
107.855597 830 4172
107.855679 1198 4172
107.855721 1198 4172
107.855757 1198 4172
107.855794 1198 4172
107.857940 590 4172
107.864520 1198 4172
107.873573 1198 4172
107.873622 1198 4172
107.873669 1198 4172
107.873939 1198 4172
107.873981 1198 4172
107.874017 1198 4172
107.874074 110 4172
107.874135 1198 4172
107.879704 1198 4172
107.879740 1198 4172
107.879778 1198 4172
107.879815 1198 4172
107.879851 1198 4172
107.879887 478 4172
107.892235 350 4172
107.898690 1198 4172
107.898737 1198 4172
107.898776 686 4172
107.898856 1198 4172
107.908199 526 4172
107.916361 1198 4172
107.916409 1198 4172
107.916446 494 4172
107.920801 1198 4172
107.920846 1198 4172
107.920894 1086 4172
107.933473 1198 4172
107.933564 1198 4172
107.933566 670 4172
107.942586 1198 4172
107.942609 1198 4172
107.942645 1198 4172
107.942686 814 4172
107.942745 1198 4172
107.944783 1198 4172
107.944824 1198 4172
107.944865 1134 4172
107.951684 1198 4172
107.951739 1198 4172
107.960718 1198 4172
107.960756 1198 4172
107.960800 1198 4172
107.960837 414 4172
107.961806 1198 4172
107.961851 1198 4172
107.961897 1198 4172
107.961936 1198 4172
107.961972 1166 4172
107.977659 1198 4172
107.977748 1198 4172
107.977751 1198 4172
107.977791 1198 4172
107.977834 1198 4172
107.977871 1118 4172
107.977923 1198 4172
107.986871 1198 4172
107.986912 606 4172
107.994882 1198 4172
107.994920 1198 4172
107.994958 1198 4172
107.994997 1198 4172
107.995035 1198 4172
107.995074 974 4172
107.996811 1198 4172
107.996850 1198 4172
107.996889 1198 4172
107.996926 1198 4172
107.996967 1198 4172
107.997011 1198 4172
107.997043 382 4172
108.002706 1198 4172
108.002755 1198 4172
108.013053 1198 4172
108.013099 238 4172
108.013136 110 4172
108.013173 110 4172
108.013209 110 4172
108.031727 1198 4172
108.031774 1022 4172
108.043736 110 4172
108.166896 110 4172
108.248796 110 4172
108.289937 110 4172
108.289947 110 4172
108.290028 110 4172
108.576859 110 4172
108.576867 110 4172
108.576968 110 4172
108.822794 110 4172
109.068806 110 4172
109.109759 110 4172
109.150902 110 4172
109.355893 110 4172
109.642863 110 4172
109.928895 110 4172
110.051740 110 4172
110.133843 110 4172
110.174861 110 4172
110.420854 110 4172
110.707725 110 4172
110.953754 110 4172
111.035785 110 4172
111.158841 110 4172
112.059780 110 4172
112.141772 110 4172
113.042821 110 4172
113.165735 110 4172
113.657721 110 4172
114.066724 110 4172
114.147890 110 4172
115.047865 110 4172
116.071855 110 4172
116.153721 110 4172
116.317705 110 4172
117.054765 110 4172
117.136781 110 4172
118.037665 110 4172
118.160764 110 4172
118.980662 110 4172
119.062798 110 4172
119.144710 110 4172
120.046758 110 4172
121.071784 110 4172
121.153715 110 4172
121.645761 110 4172
123.038691 110 4172
123.161735 110 4172
124.062696 110 4172
124.143779 110 4172
124.307697 110 4172
125.045756 110 4172
125.168723 110 4172
125.934645 1198 4172
125.942590 1198 4172
125.942622 1198 4172
125.942650 1198 4172
125.942678 1198 4172
125.942702 1198 4172
125.942729 1198 4172
125.942756 1198 4172
125.942789 190 4172
125.949653 1198 4172
125.949687 1198 4172
125.949719 1198 4172
125.949749 1198 4172
125.949796 1198 4172
125.949828 1198 4172
125.949856 1198 4172
125.949883 1102 4172
125.956523 1198 4172
125.956554 1198 4172
125.956603 1198 4172
125.956634 1198 4172
125.956667 1198 4172
125.956698 1198 4172
125.956728 1198 4172
125.956758 750 4172
125.956802 1198 4172
125.963314 1198 4172
125.963343 1198 4172
125.963383 1198 4172
125.963413 1198 4172
125.963444 1198 4172
125.963474 1054 4172
125.963527 1198 4172
125.968793 1198 4172
125.968830 1198 4172
125.968860 1198 4172
125.968888 1198 4172
125.974706 1198 4172
125.974729 1038 4172
125.980739 1198 4172
125.980789 1198 4172
125.986624 1198 4172
125.986671 1198 4172
125.986715 1198 4172
125.990690 1198 4172
125.990745 1198 4172
125.998710 1198 4172
125.998758 1198 4172
125.998800 286 4172
126.004680 1198 4172
126.004727 1198 4172
126.004767 1198 4172
126.010750 1198 4172
126.010787 1198 4172
126.016706 1198 4172
126.016754 1198 4172
126.016794 1198 4172
126.022744 430 4172
126.022779 1198 4172
126.022819 1198 4172
126.028613 1198 4172
126.028664 1198 4172
126.031653 1198 4172
126.031699 1198 4172
126.033701 60 60000
126.040637 1198 4172
126.040683 1198 4172
126.046639 110 4172
126.046674 110 4172
126.046710 1198 4172
126.046746 1198 4172
126.052658 1198 4172
126.052692 1198 4172
126.052729 1198 4172
126.058696 1198 4172
126.058739 1198 4172
126.064798 1198 4172
126.064847 1198 4172
126.070779 1198 4172
126.070803 430 4172
126.070837 1198 4172
126.070869 1198 4172
126.072534 1198 4172
126.072574 1198 4172
126.082728 1198 4172
126.082812 1198 4172
126.088692 1198 4172
126.088746 1198 4172
126.088781 1198 4172
126.094689 478 4172
126.094739 1198 4172
126.094779 1198 4172
126.100751 1198 4172
126.100800 1198 4172
126.106700 1198 4172
126.106754 1198 4172
126.112729 1198 4172
126.112764 1198 4172
126.113648 1198 4172
126.124837 1198 4172
126.124864 1198 4172
126.124903 1198 4172
126.131508 1198 4172
126.131555 1198 4172
126.131600 814 4172
126.136722 110 4172
126.136770 1198 4172
126.136811 1198 4172
126.142695 1198 4172
126.142738 446 4172
126.142777 110 4172
126.142816 1198 4172
126.148685 1198 4172
126.154617 1198 4172
126.154662 1198 4172
126.160693 1198 4172
126.160718 206 4172
126.160754 1198 4172
126.166658 1198 4172
126.166696 1198 4172
126.172662 1198 4172
126.178722 1198 4172
126.178779 1198 4172
126.184652 1054 4172
126.184688 1198 4172
126.190918 1198 4172
126.190948 1198 4172
126.195553 1198 4172
126.195583 1198 4172
126.202722 1198 4172
126.202773 1198 4172
126.208619 318 4172
126.208654 1198 4172
126.214770 1198 4172
126.220587 1198 4172
126.220636 686 4172
126.226661 702 4172
126.226702 1198 4172
126.232695 1198 4172
126.232741 1198 4172
126.236650 1198 4172
126.236697 1198 4172
126.244636 110 4172
126.244695 1198 4172
126.244734 366 4172
126.250702 1198 4172
126.250754 1198 4172
126.256729 1198 4172
126.256768 1198 4172
126.262667 1198 4172
126.262699 1198 4172
126.268660 1198 4172
126.268701 158 4172
126.274679 1198 4172
126.277588 1198 4172
126.277615 1198 4172
126.286674 1198 4172
126.292808 1198 4172
126.292838 526 4172
126.292870 1198 4172
126.298641 1198 4172
126.298687 1198 4172
126.304627 1198 4172
126.304665 1198 4172
126.310673 1198 4172
126.316657 1198 4172
126.316696 1198 4172
126.318567 1198 4172
126.318607 958 4172
126.328694 1198 4172
126.328712 1198 4172
126.334693 1198 4172
126.334718 1198 4172
126.340665 1198 4172
126.340702 1198 4172
126.347153 1198 4172
126.347217 1198 4172
126.355619 958 4172
126.355748 1198 4172
126.358793 1198 4172
126.358830 1198 4172
126.359570 1198 4172
126.370753 1198 4172
126.378654 1198 4172
126.378685 1198 4172
126.382914 110 4172
126.382942 1198 4172
126.382972 1198 4172
126.388674 1198 4172
126.388711 1198 4172
126.395319 1198 4172
126.395368 1198 4172
126.400664 110 4172
126.400704 1198 4172
126.400737 1198 4172
126.406688 782 4172
126.406737 1198 4172
126.412680 1198 4172
126.412720 1198 4172
126.433102 1198 4172
126.433133 1198 4172
126.438443 1198 4172
126.441453 1198 4172
126.441491 222 4172
126.441526 1198 4172
126.441554 1198 4172
126.441597 1198 4172
126.442641 1198 4172
126.444527 1198 4172
126.444568 1198 4172
126.454685 1198 4172
126.454726 1198 4172
126.460658 1198 4172
126.460695 1198 4172
126.467585 606 4172
126.467660 1198 4172
126.474337 1198 4172
126.474376 1198 4172
126.479886 1198 4172
126.480101 1198 4172
126.484727 1198 4172
126.484759 1198 4172
126.485722 1198 4172
126.485759 1198 4172
126.497139 222 4172
126.497181 1198 4172
126.497216 1198 4172
126.506569 1198 4172
126.506615 1198 4172
126.508647 1198 4172
126.508674 1198 4172
126.514681 1198 4172
126.514712 1198 4172
126.520682 1118 4172
126.520716 1198 4172
126.526657 1198 4172
126.526698 1198 4172
126.533597 1198 4172
126.545495 1198 4172
126.547067 1198 4172
126.547209 1198 4172
126.550674 622 4172
126.550700 1198 4172
126.550736 1198 4172
126.550766 126 4172
126.550795 1198 4172
126.557161 1198 4172
126.557287 1198 4172
126.573583 1198 4172
126.574419 590 4172
126.574945 1198 4172
126.580728 1198 4172
126.580740 1198 4172
126.580800 1198 4172
126.580823 1198 4172
126.580848 1198 4172
126.587109 718 4172
126.587169 1198 4172
126.588533 1198 4172
126.588560 1198 4172
126.602793 1198 4172
126.602838 1198 4172
126.604671 1198 4172
126.604706 1198 4172
126.610892 446 4172
126.610924 1198 4172
126.616700 1198 4172
126.616736 1198 4172
126.623217 638 4172
126.623255 334 4172
126.623288 1198 4172
126.632199 1198 4172
126.632244 1198 4172
126.634716 846 4172
126.634748 1198 4172
126.634778 1086 4172
126.641037 1198 4172
126.641066 1198 4172
126.643002 1198 4172
126.646656 526 4172
126.652663 1198 4172
126.652693 1198 4172
126.659891 1198 4172
126.665561 606 4172
126.665597 1198 4172
126.665656 1198 4172
126.672124 1198 4172
126.678685 1198 4172
126.678745 110 4172
126.678783 1198 4172
126.680791 638 4172
126.680855 1198 4172
126.689468 1198 4172
126.689514 1198 4172
126.698538 1198 4172
126.699463 1198 4172
126.699522 1086 4172
126.700628 1198 4172
126.706777 1198 4172
126.706822 1198 4172
126.713930 1198 4172
126.713972 718 4172
126.714001 1198 4172
126.718668 1198 4172
126.718701 1198 4172
126.721576 1198 4172
126.730747 654 4172
126.730854 1198 4172
126.730856 1198 4172
126.736637 1198 4172
126.742715 1198 4172
126.742744 1198 4172
126.748648 1198 4172
126.748684 510 4172
126.754792 1198 4172
126.754819 1198 4172
126.760678 1198 4172
126.760719 1198 4172
126.762555 1198 4172
126.783480 446 4172
126.783723 1198 4172
126.783844 1198 4172
126.784623 1198 4172
126.784653 1198 4172
126.784688 1198 4172
126.797740 622 4172
126.797779 1198 4172
126.797812 1198 4172
126.810784 1198 4172
126.811050 1198 4172
126.811489 1198 4172
126.811527 1198 4172
126.811573 1038 4172
126.814650 1198 4172
126.814687 1198 4172
126.814720 1198 4172
126.832192 1198 4172
126.846461 270 4172
126.846822 1198 4172
126.847757 1198 4172
126.855332 1198 4172
126.855390 926 4172
126.855414 1198 4172
126.855442 1198 4172
126.855471 510 4172
126.855555 1198 4172
126.855591 1198 4172
126.855625 398 4172
126.855658 638 4172
126.855686 270 4172
126.855718 1198 4172
126.856604 1198 4172
126.862660 1198 4172
126.862698 766 4172
126.868665 1198 4172
126.868690 1198 4172
126.874622 1198 4172
126.874666 1198 4172
126.878943 60 60000
126.880420 1198 4172
126.880465 1198 4172
126.886624 1198 4172
126.886665 606 4172
126.886696 1198 4172
126.892604 1198 4172
126.892639 1198 4172
126.898578 1198 4172
126.898607 1198 4172
126.904614 1198 4172
126.904657 974 4172
126.911152 1198 4172
126.911588 1198 4172
126.911639 1198 4172
126.916670 1198 4172
126.920688 1198 4172
126.920733 1198 4172
126.930581 1198 4172
126.930601 414 4172
126.930643 1198 4172
126.934839 110 4172
126.934880 1198 4172
126.940671 1198 4172
126.940700 1198 4172
126.946727 1198 4172
126.946776 1198 4172
126.957673 1198 4172
126.957724 654 4172
126.957757 1198 4172
126.958671 1198 4172
126.958706 1198 4172
126.964669 1198 4172
126.964700 1198 4172
126.967650 1198 4172
126.967694 1198 4172
126.977846 286 4172
126.977992 1198 4172
126.979821 1198 4172
126.979906 1198 4172
126.997587 1198 4172
126.997676 1198 4172
127.000650 1198 4172
127.000680 1198 4172
127.000714 1198 4172
127.000758 1198 4172
127.000849 1198 4172
127.006665 1198 4172
127.006712 1198 4172
127.008583 1198 4172
127.008634 334 4172
127.018732 1198 4172
127.018742 1198 4172
127.024659 1198 4172
127.024696 1198 4172
127.031505 1198 4172
127.031547 1198 4172
127.031603 1198 4172
127.036655 1198 4172
127.046836 1198 4172
127.046841 1198 4172
127.049751 1198 4172
127.049795 110 4172
127.052590 1166 4172
127.052749 1198 4172
127.054666 1198 4172
127.061427 1198 4172
127.061466 1198 4172
127.062634 1198 4172
127.066663 1022 4172
127.072660 1198 4172
127.072697 1198 4172
127.083318 1198 4172
127.083616 1198 4172
127.084629 526 4172
127.084668 1198 4172
127.090720 1198 4172
127.090744 1198 4172
127.094811 1198 4172
127.094883 1198 4172
127.102777 1198 4172
127.102871 542 4172
127.102914 1198 4172
127.108674 1198 4172
127.114696 1198 4172
127.114725 1198 4172
127.121424 1182 4172
127.128146 1198 4172
127.129013 1198 4172
127.135186 1198 4172
127.136464 1198 4172
127.136560 1198 4172
127.139758 1198 4172
127.149161 110 4172
127.149208 1198 4172
127.153399 1198 4172
127.155673 1198 4172
127.156620 222 4172
127.156685 222 4172
127.156718 1198 4172
127.156746 1198 4172
127.156774 1198 4172
127.162682 1198 4172
127.162725 1198 4172
127.168700 366 4172
127.168758 1198 4172
127.168801 1198 4172
127.174673 1198 4172
127.174714 1198 4172
127.185498 1198 4172
127.198762 1198 4172
127.199075 1198 4172
127.208473 542 4172
127.208874 1198 4172
127.208901 1198 4172
127.208953 1198 4172
127.208989 1198 4172
127.209024 1198 4172
127.209058 110 4172
127.209092 1198 4172
127.209140 1198 4172
127.213687 1038 4172
127.213736 1198 4172
127.213764 1198 4172
127.219921 1198 4172
127.220305 1198 4172
127.227470 1198 4172
127.227559 1198 4172
127.230668 1198 4172
127.246103 558 4172
127.246200 1198 4172
127.246234 1198 4172
127.248633 1198 4172
127.248697 110 4172
127.248765 1198 4172
127.248825 1198 4172
127.248863 1198 4172
127.259543 1198 4172
127.259589 1198 4172
127.259675 1198 4172
127.260613 782 4172
127.269026 1198 4172
127.269030 1198 4172
127.269061 1198 4172
127.278752 1198 4172
127.278778 1198 4172
127.279985 1198 4172
127.280049 1198 4172
127.280122 1198 4172
127.280186 334 4172
127.280227 1198 4172
127.296255 1198 4172
127.296395 1198 4172
127.296458 1198 4172
127.302141 1198 4172
127.302189 1198 4172
127.308149 1198 4172
127.308183 1198 4172
127.314663 1198 4172
127.314665 1198 4172
127.314673 1198 4172
127.322451 1198 4172
127.322484 1198 4172
127.323224 1198 4172
127.323258 1198 4172
127.338453 1198 4172
127.338537 1198 4172
127.344148 1198 4172
127.344191 1198 4172
127.344217 1198 4172
127.344248 1198 4172
127.354839 894 4172
127.355666 1198 4172
127.355763 1198 4172
127.356133 1198 4172
127.362419 1198 4172
127.362470 1198 4172
127.366251 1198 4172
127.368165 910 4172
127.368205 1198 4172
127.375093 1198 4172
127.375144 1198 4172
127.380958 1198 4172
127.380999 1198 4172
127.381048 1198 4172
127.390334 686 4172
127.392169 1198 4172
127.392203 1198 4172
127.392234 1198 4172
127.398214 1198 4172
127.398257 1198 4172
127.404153 1070 4172
127.404196 1198 4172
127.410425 1198 4172
127.410457 1198 4172
127.416171 1198 4172
127.416204 1198 4172
127.422136 1070 4172
127.422167 1198 4172
127.428174 1198 4172
127.428221 1198 4172
127.434134 1198 4172
127.434162 1198 4172
127.440128 1198 4172
127.440164 798 4172
127.440197 1198 4172
127.446165 1198 4172
127.446204 1198 4172
127.452111 1198 4172
127.452159 1198 4172
127.457236 1198 4172
127.457284 1198 4172
127.464264 1198 4172
127.464304 110 4172
127.464342 798 4172
127.470132 1198 4172
127.470169 1198 4172
127.470207 318 4172
127.476260 1198 4172
127.476305 1198 4172
127.482205 1198 4172
127.482247 1198 4172
127.482289 1198 4172
127.488203 894 4172
127.488252 1198 4172
127.494224 1198 4172
127.494268 1198 4172
127.498053 1198 4172
127.498096 1198 4172
127.506439 1198 4172
127.506482 1198 4172
127.512220 1166 4172
127.512269 1198 4172
127.518213 1198 4172
127.518251 1198 4172
127.524214 1198 4172
127.524264 1198 4172
127.530204 1198 4172
127.530243 1198 4172
127.536204 1198 4172
127.536247 798 4172
127.536286 1198 4172
127.539161 1198 4172
127.539208 1198 4172
127.548226 1198 4172
127.554407 1198 4172
127.554451 1198 4172
127.560101 1198 4172
127.560155 1198 4172
127.566105 526 4172
127.566154 1198 4172
127.572162 1198 4172
127.572187 1198 4172
127.572224 1198 4172
127.578227 1198 4172
127.578274 1198 4172
127.580059 1198 4172
127.580113 1198 4172
127.590285 1198 4172
127.590326 1198 4172
127.596240 670 4172
127.596284 1198 4172
127.602451 1198 4172
127.602496 1198 4172
127.608236 1198 4172
127.608268 1198 4172
127.608320 1198 4172
127.614195 1198 4172
127.614248 1198 4172
127.620206 1102 4172
127.620256 1198 4172
127.621151 1198 4172
127.621192 1198 4172
127.632237 1198 4172
127.632286 1198 4172
127.638212 1198 4172
127.638264 1198 4172
127.644213 1198 4172
127.644250 846 4172
127.644292 1198 4172
127.650422 1198 4172
127.650461 1198 4172
127.656161 1198 4172
127.656197 1198 4172
127.662184 1198 4172
127.662239 1198 4172
127.668233 718 4172
127.668282 1198 4172
127.674175 1198 4172
127.674225 1198 4172
127.674265 1198 4172
127.680197 1198 4172
127.680246 1198 4172
127.686185 1198 4172
127.686234 238 4172
127.692109 1198 4172
127.692153 1198 4172
127.698402 1198 4172
127.698455 1198 4172
127.703156 1198 4172
127.703239 1198 4172
127.710196 318 4172
127.710256 1198 4172
127.710296 1198 4172
127.716215 1198 4172
127.716259 1198 4172
127.722190 1198 4172
127.722237 1198 4172
127.728152 110 4172
127.728199 1198 4172
127.728240 1166 4172
127.734231 1198 4172
127.734288 1198 4172
127.740200 1198 4172
127.740246 1198 4172
127.744160 1198 4172
127.744205 1198 4172
127.752194 238 4172
127.752245 1198 4172
127.752288 1198 4172
127.758228 1198 4172
127.758281 1198 4172
127.764217 1198 4172
127.764270 1198 4172
127.770118 206 4172
127.770163 1198 4172
127.770201 1198 4172
127.776207 1198 4172
127.776252 1198 4172
127.782215 1198 4172
127.782252 1198 4172
127.785153 1198 4172
127.794684 1198 4172
127.794733 1198 4172
127.800221 1198 4172
127.800270 1198 4172
127.806218 1198 4172
127.806269 1198 4172
127.812203 1150 4172
127.812250 1198 4172
127.818160 1198 4172
127.818203 782 4172
127.818243 126 4172
127.826328 126 4172
127.961629 126 4172
127.969657 126 4172
127.978630 126 4172
127.987674 126 4172
127.990053 126 4172
128.004652 126 4172
128.004711 110 4172
128.013491 126 4172
128.022986 126 4172
128.030539 958 4172
128.031047 158 4172
128.038499 110 4172
128.047603 302 4172
128.056547 126 4172
128.065599 126 4172
128.072061 126 4172
128.084191 126 4172
128.092231 1198 4172
128.092277 1198 4172
128.092330 1198 4172
128.092370 1198 4172
128.100132 1198 4172
128.100184 1198 4172
128.100227 1198 4172
128.100266 1198 4172
128.100307 126 4172
128.102183 1198 4172
128.102229 1198 4172
128.102269 1198 4172
128.102305 1102 4172
128.108997 590 4172
128.109063 1198 4172
128.113115 1198 4172
128.113167 558 4172
128.125955 1198 4172
128.126017 1198 4172
128.126059 1198 4172
128.126100 190 4172
128.126157 1198 4172
128.128193 1198 4172
128.128229 1198 4172
128.128275 366 4172
128.131987 1198 4172
128.135058 110 4172
128.143820 1198 4172
128.143871 1198 4172
128.143911 1198 4172
128.143948 206 4172
128.152822 1198 4172
128.152866 1198 4172
128.152906 622 4172
128.154152 1198 4172
128.154193 1198 4172
128.154237 606 4172
128.169461 1198 4172
128.169503 1198 4172
128.169539 1198 4172
128.169577 382 4172
128.176758 1198 4172
128.176815 1198 4172
128.176859 222 4172
128.185559 830 4172
128.195552 1198 4172
128.195596 1198 4172
128.195634 110 4172
128.205074 1198 4172
128.205123 1198 4172
128.205164 1198 4172
128.205201 590 4172
128.213165 1198 4172
128.213458 1198 4172
128.213508 1198 4172
128.213550 1086 4172
128.222472 1198 4172
128.222511 1198 4172
128.222552 1198 4172
128.222591 1198 4172
128.222628 734 4172
128.230456 1198 4172
128.230502 1198 4172
128.230548 1198 4172
128.230586 1198 4172
128.230625 1198 4172
128.230662 1198 4172
128.230699 974 4172
128.232028 1198 4172
128.232061 1198 4172
128.232113 1198 4172
128.232161 1198 4172
128.232209 1198 4172
128.232250 1198 4172
128.232290 494 4172
128.236149 110 4172
128.248351 1198 4172
128.248368 1198 4172
128.248418 1198 4172
128.248460 1198 4172
128.248502 1198 4172
128.248549 1198 4172
128.248591 318 4172
128.257126 1198 4172
128.257177 1198 4172
128.257222 1198 4172
128.257263 1198 4172
128.257306 1198 4172
128.257346 702 4172
128.263231 1198 4172
128.263280 1198 4172
128.263323 1198 4172
128.263364 1198 4172
128.263404 110 4172
128.263446 110 4172
128.263487 110 4172
128.263528 1198 4172
128.265400 206 4172
128.271114 1198 4172
128.271158 1198 4172
128.271201 1198 4172
128.277177 1198 4172
128.277258 1198 4172
128.283093 558 4172
128.283153 1198 4172
128.283198 1198 4172
128.289247 1198 4172
128.289285 1198 4172
128.295228 1198 4172
128.295277 286 4172
128.295324 1198 4172
128.301191 1198 4172
128.301242 1198 4172
128.307181 1198 4172
128.307227 334 4172
128.307265 1198 4172
128.313205 1198 4172
128.313264 1198 4172
128.318160 1198 4172
128.318196 462 4172
128.318252 1198 4172
128.325211 1198 4172
128.325253 1198 4172
128.331200 1198 4172
128.331251 1198 4172
128.337192 430 4172
128.337248 1198 4172
128.337293 1198 4172
128.343221 110 4172
128.343269 1198 4172
128.343314 1198 4172
128.349188 1198 4172
128.349243 1198 4172
128.349283 574 4172
128.355100 1198 4172
128.355150 1198 4172
128.359164 1198 4172
128.359212 1198 4172
128.367189 814 4172
128.367239 1198 4172
128.373230 1198 4172
128.373268 1198 4172
128.379229 1198 4172
128.379286 1198 4172
128.385207 1198 4172
128.391274 1198 4172
128.391330 1198 4172
128.397191 1198 4172
128.397246 1198 4172
128.397291 1198 4172
128.400147 1198 4172
128.400188 1198 4172
128.409187 350 4172
128.409247 1198 4172
128.409292 110 4172
128.409336 1198 4172
128.415190 1198 4172
128.415238 1198 4172
128.421115 1198 4172
128.421160 1198 4172
128.427184 1198 4172
128.427236 1198 4172
128.433196 1198 4172
128.433252 1198 4172
128.439160 1198 4172
128.439208 110 4172
128.439252 1198 4172
128.441145 1198 4172
128.441185 1198 4172
128.441234 1198 4172
128.451199 1198 4172
128.451209 1198 4172
128.457191 1198 4172
128.457244 1198 4172
128.463142 286 4172
128.463185 1198 4172
128.463231 830 4172
128.469198 1198 4172
128.469254 1198 4172
128.475094 1198 4172
128.475146 1198 4172
128.475190 1198 4172
128.481214 1198 4172
128.481267 1198 4172
128.482330 1198 4172
128.482380 1198 4172
128.493209 958 4172
128.493301 1198 4172
128.499138 1198 4172
128.499180 1198 4172
128.499223 1198 4172
128.505223 1198 4172
128.505281 1198 4172
128.511087 1198 4172
128.511141 1198 4172
128.517206 1198 4172
128.517254 318 4172
128.517299 1198 4172
128.523193 1198 4172
128.523241 1198 4172
128.529200 1198 4172
128.529254 1198 4172
128.535242 110 4172
128.535288 110 4172
128.535337 110 4172
128.535380 1198 4172
128.535421 1198 4172
128.541192 1198 4172
128.541242 782 4172
128.541285 110 4172
128.541328 1198 4172
128.547221 1198 4172
128.547264 1198 4172
128.553199 1198 4172
128.553254 1198 4172
128.559212 1198 4172
128.559253 1198 4172
128.564154 1198 4172
128.564209 1198 4172
128.571209 206 4172
128.571256 1198 4172
128.571300 1198 4172
128.577199 1198 4172
128.577249 1198 4172
128.577295 1198 4172
128.583209 1198 4172
128.589686 1198 4172
128.595734 1198 4172
128.595794 1198 4172
128.595841 1198 4172
128.601683 1198 4172
128.601738 1198 4172
128.605632 1198 4172
128.605674 1198 4172
128.613690 1198 4172
128.613747 862 4172
128.619670 254 4172
128.619730 1198 4172
128.619777 1198 4172
128.625735 1198 4172
128.625787 1198 4172
128.625831 1198 4172
128.631685 1198 4172
128.631744 1198 4172
128.637690 334 4172
128.637740 1198 4172
128.637784 1198 4172
128.643691 1198 4172
128.643750 110 4172
128.643797 1198 4172
128.646629 1198 4172
128.646679 1198 4172
128.655677 1198 4172
128.655779 1198 4172
128.661688 494 4172
128.661747 1198 4172
128.661791 1198 4172
128.667663 814 4172
128.667718 1198 4172
128.667762 1198 4172
128.673680 1198 4172
128.673738 1198 4172
128.679685 1198 4172
128.679744 990 4172
128.685642 1198 4172
128.685689 1198 4172
128.687551 1198 4172
128.687583 1198 4172
128.687618 1198 4172
128.697699 1198 4172
128.697747 1198 4172
128.703675 1198 4172
128.703723 1102 4172
128.709694 1198 4172
128.709752 1198 4172
128.715680 1198 4172
128.715735 1198 4172
128.721685 1198 4172
128.721739 1198 4172
128.727679 1198 4172
128.727735 1198 4172
128.728649 638 4172
128.728698 1198 4172
128.739685 110 4172
128.739742 1198 4172
128.739788 1198 4172
128.739830 1198 4172
128.745667 1198 4172
128.745720 1198 4172
128.751685 1198 4172
128.751740 1198 4172
128.757699 1198 4172
128.757749 1198 4172
128.769639 1198 4172
128.769693 430 4172
128.810650 110 4172
128.810700 110 4172
128.810762 110 4172
128.933681 110 4172
129.056687 110 4172
129.097639 110 4172
129.097642 110 4172
129.097732 110 4172
129.343669 110 4172
129.343707 110 4172
129.630685 110 4172
129.630735 110 4172
129.630788 110 4172
129.876660 110 4172
130.121698 110 4172
130.162855 110 4172
130.407693 110 4172
130.653656 110 4172
130.939719 110 4172
131.062673 110 4172
131.144684 110 4172
131.226646 110 4172
131.472678 110 4172
131.758699 110 4172
132.045645 110 4172
132.168683 110 4172
133.065648 110 4172
133.147705 110 4172
134.046850 110 4172
134.169655 110 4172
134.415628 110 4172
135.071609 110 4172
135.153667 110 4172
136.055586 110 4172
136.137673 110 4172
137.036599 110 4172
137.077587 110 4172
137.159640 110 4172
138.058616 110 4172
138.140611 110 4172
139.041496 110 4172
139.164608 110 4172
139.738614 110 4172
140.065562 110 4172
140.147581 110 4172
141.046584 110 4172
141.169721 110 4172
142.070603 110 4172
142.152571 110 4172
142.398593 110 4172
143.052575 110 4172
143.134551 110 4172
144.035542 110 4172
144.158605 110 4172
145.047596 110 4172
145.058639 110 4172
146.041453 110 4172
146.164618 110 4172
146.971729 1198 4172
146.971764 1198 4172
146.971796 1198 4172
146.971827 1198 4172
146.971856 1198 4172
146.971889 1198 4172
146.971918 382 4172
146.978632 1198 4172
146.978655 1198 4172
146.978685 1198 4172
146.978714 1198 4172
146.978744 1198 4172
146.978772 1198 4172
146.978798 1198 4172
146.978825 190 4172
146.984582 1198 4172
146.984649 1198 4172
146.984674 1198 4172
146.984703 1198 4172
146.984734 1198 4172
146.984762 1198 4172
146.984790 1198 4172
146.984818 1006 4172
146.992767 1198 4172
146.992807 1198 4172
146.992845 1198 4172
146.992879 1198 4172
146.992911 1198 4172
146.992945 1198 4172
146.992977 1198 4172
146.993009 1198 4172
146.993041 478 4172
146.999666 1198 4172
146.999691 1198 4172
146.999721 1198 4172
147.004431 1198 4172
147.004467 1198 4172
147.010624 1198 4172
147.010655 1198 4172
147.016563 1198 4172
147.016592 1182 4172
147.016628 1198 4172
147.022426 1198 4172
147.022484 1198 4172
147.025548 1198 4172
147.025599 1198 4172
147.034474 1198 4172
147.034507 1198 4172
147.040445 110 4172
147.040482 1198 4172
147.040513 1198 4172
147.046532 542 4172
147.046553 1198 4172
147.046589 1198 4172
147.052625 1198 4172
147.052688 1198 4172
147.052719 1198 4172
147.058592 1198 4172
147.058618 1198 4172
147.064549 1198 4172
147.064592 926 4172
147.066360 1198 4172
147.066389 1198 4172
147.066418 1198 4172
147.076547 1198 4172
147.082512 1198 4172
147.082540 1198 4172
147.082604 1198 4172
147.088517 1198 4172
147.088564 798 4172
147.088608 1198 4172
147.094493 1198 4172
147.094534 1198 4172
147.100543 1198 4172
147.100586 1198 4172
147.106544 1198 4172
147.106593 1198 4172
147.107376 654 4172
147.107416 1198 4172
147.118527 1198 4172
147.118615 1198 4172
147.124551 1198 4172
147.124604 1198 4172
147.124646 1198 4172
147.130488 1198 4172
147.130530 1198 4172
147.136544 1198 4172
147.136589 1198 4172
147.142530 1198 4172
147.142568 1198 4172
147.148423 1198 4172
147.148461 126 4172
147.148509 110 4172
147.148545 1198 4172
147.154558 1198 4172
147.154649 1198 4172
147.160698 254 4172
147.160836 1198 4172
147.161204 1198 4172
147.163620 1198 4172
147.166499 1198 4172
147.172698 334 4172
147.172730 1086 4172
147.172759 1198 4172
147.178497 1198 4172
147.178529 1198 4172
147.178560 1198 4172
147.184460 1198 4172
147.184500 110 4172
147.184567 1198 4172
147.189554 414 4172
147.189651 1198 4172
147.189683 1198 4172
147.204578 1198 4172
147.204700 1198 4172
147.210494 1198 4172
147.210534 366 4172
147.210572 1198 4172
147.210602 1198 4172
147.210630 1198 4172
147.210669 1198 4172
147.216569 1198 4172
147.216608 1198 4172
147.222546 1198 4172
147.228546 110 4172
147.228578 1198 4172
147.228607 1198 4172
147.228635 1198 4172
147.231196 1198 4172
147.231234 1198 4172
147.240518 1198 4172
147.240561 110 4172
147.240591 1198 4172
147.241788 222 4172
147.241821 270 4172
147.241855 254 4172
147.241884 270 4172
147.241912 318 4172
147.241941 222 4172
147.241969 222 4172
147.242983 126 4172
147.243626 222 4172
147.244589 238 4172
147.245462 222 4172
147.245494 238 4172
147.246479 334 4172
147.246512 238 4172
147.248479 270 4172
147.256649 1198 4172
147.256685 302 4172
147.256714 1198 4172
147.260642 1198 4172
147.260683 1198 4172
147.266648 270 4172
147.266666 1198 4172
147.266696 1198 4172
147.271415 1198 4172
147.271455 366 4172
147.271484 1198 4172
147.278501 1198 4172
147.278542 1198 4172
147.278575 1198 4172
147.284525 1198 4172
147.284568 1198 4172
147.312501 814 4172
147.353593 110 4172
147.361751 1198 4172
147.361785 1198 4172
147.361840 1198 4172
147.361882 1198 4172
147.361923 334 4172
147.367605 1198 4172
147.367657 1198 4172
147.367688 1198 4172
147.367724 1198 4172
147.367763 1198 4172
147.367800 1198 4172
147.367833 1198 4172
147.367869 1198 4172
147.367906 1198 4172
147.367942 1198 4172
147.367980 766 4172
147.374564 1198 4172
147.374615 1198 4172
147.374645 1198 4172
147.374679 1198 4172
147.374713 1198 4172
147.374746 1198 4172
147.374780 1198 4172
147.380605 1198 4172
147.380644 1198 4172
147.380683 1198 4172
147.386499 1198 4172
147.386537 734 4172
147.386571 1198 4172
147.386608 1198 4172
147.386639 1198 4172
147.392532 1198 4172
147.392552 1198 4172
147.398499 1198 4172
147.398531 1198 4172
147.398566 1198 4172
147.403658 1198 4172
147.403692 1198 4172
147.410538 1198 4172
147.410601 1198 4172
147.410641 1198 4172
147.416503 1198 4172
147.416536 1198 4172
147.422522 1198 4172
147.422609 1198 4172
147.428538 654 4172
147.428557 1198 4172
147.428586 1198 4172
147.434443 1198 4172
147.434478 1198 4172
147.440425 1198 4172
147.440447 110 4172
147.440479 1198 4172
147.440511 1198 4172
147.444400 1198 4172
147.444436 1198 4172
147.452469 110 4172
147.452527 1166 4172
147.452571 1198 4172
147.452609 1198 4172
147.458868 1198 4172
147.459023 1198 4172
147.459506 1198 4172
147.464479 1198 4172
147.470439 1198 4172
147.470462 1198 4172
147.476515 830 4172
147.476549 1198 4172
147.476578 1198 4172
147.482481 1198 4172
147.482503 1198 4172
147.482535 1198 4172
147.485367 1198 4172
147.485404 1198 4172
147.494514 1198 4172
147.494537 1198 4172
147.500435 926 4172
147.500460 1198 4172
147.500494 1198 4172
147.507309 1198 4172
147.507351 1198 4172
147.507400 1198 4172
147.512467 878 4172
147.512497 302 4172
147.512527 542 4172
147.520011 1102 4172
147.520392 270 4172
147.521600 254 4172
147.521635 270 4172
147.521665 318 4172
147.523290 222 4172
147.523325 1118 4172
147.523369 1198 4172
147.524877 1198 4172
147.524911 158 4172
147.524944 334 4172
147.524974 222 4172
147.525479 222 4172
147.526360 238 4172
147.526392 270 4172
147.527632 334 4172
147.527669 238 4172
147.529690 270 4172
147.535433 1198 4172
147.535473 1198 4172
147.535505 1198 4172
147.541446 1198 4172
147.541472 110 4172
147.541504 1198 4172
147.547409 1198 4172
147.547445 1198 4172
147.553460 414 4172
147.553486 1198 4172
147.553514 1198 4172
147.559944 1198 4172
147.559966 1198 4172
147.565461 1198 4172
147.565499 1198 4172
147.565534 926 4172
147.567359 158 4172
147.567396 126 4172
147.567427 286 4172
147.567457 126 4172
147.629667 302 4172
147.629670 126 4172
147.632185 1198 4172
147.632217 1198 4172
147.632254 510 4172
147.632286 574 4172
147.632316 158 4172
147.632382 158 4172
147.632414 142 4172
147.632443 142 4172
147.632469 622 4172
147.632494 1198 4172
147.632841 174 4172
147.671935 110 4172
147.675570 990 4172
147.675592 1198 4172
147.675621 1198 4172
147.675648 1198 4172
147.675680 686 4172
147.675713 1198 4172
147.675740 1198 4172
147.675770 1198 4172
147.675804 1198 4172
147.675831 814 4172
147.675863 1198 4172
147.675893 1198 4172
147.675923 1198 4172
147.675952 1198 4172
147.675986 1198 4172
147.676016 1006 4172
147.676047 1198 4172
147.676082 1198 4172
147.676108 1198 4172
147.676136 1198 4172
147.676166 1198 4172
147.682389 1198 4172
147.682426 1166 4172
147.689374 1198 4172
147.689413 1198 4172
147.689451 1198 4172
147.689497 1198 4172
147.693419 1198 4172
147.693450 1198 4172
147.693485 1198 4172
147.693516 1198 4172
147.693547 526 4172
147.693583 1198 4172
147.693613 1198 4172
147.693644 1198 4172
147.703754 1198 4172
147.703794 1198 4172
147.705423 1198 4172
147.705450 1198 4172
147.711427 1198 4172
147.711458 1198 4172
147.714234 590 4172
147.714293 110 4172
147.715631 1198 4172
147.715671 1198 4172
147.723491 1198 4172
147.723518 1198 4172
147.736719 862 4172
147.736754 1198 4172
147.736783 782 4172
147.741432 1198 4172
147.741463 1198 4172
147.741498 1198 4172
147.741534 126 4172
147.741561 318 4172
147.741594 110 4172
147.741623 686 4172
147.741654 1198 4172
147.751782 1198 4172
147.751816 910 4172
147.751846 1198 4172
147.753427 1198 4172
147.753460 1198 4172
147.759456 1198 4172
147.768594 1198 4172
147.768617 382 4172
147.768646 1198 4172
147.771430 1198 4172
147.771465 1198 4172
147.771504 1198 4172
147.778146 1198 4172
147.778180 1198 4172
147.785112 334 4172
147.785145 1198 4172
147.785356 1198 4172
147.785384 1198 4172
147.785419 1198 4172
147.798654 1198 4172
147.798693 1198 4172
147.801445 1198 4172
147.801482 1198 4172
147.807420 1198 4172
147.807468 1198 4172
147.807500 270 4172
147.807530 1198 4172
147.815080 1198 4172
147.815114 1198 4172
147.819415 1198 4172
147.819454 1198 4172
147.819485 1198 4172
147.825493 1198 4172
147.825520 606 4172
147.826829 1198 4172
147.826906 1198 4172
147.826967 1198 4172
147.837472 1198 4172
147.846653 1198 4172
147.846675 110 4172
147.846709 1198 4172
147.846740 1198 4172
147.849417 1198 4172
147.849445 126 4172
147.849478 1198 4172
147.855418 1198 4172
147.855464 1198 4172
147.862592 1198 4172
147.862641 1198 4172
147.862678 1198 4172
147.867435 1198 4172
147.867469 1198 4172
147.873406 1198 4172
147.873441 1198 4172
147.873472 1198 4172
147.879476 1022 4172
147.879498 1198 4172
147.885571 1198 4172
147.885615 1198 4172
147.885655 1198 4172
147.891623 1198 4172
147.891666 1198 4172
147.897535 1198 4172
147.897594 1198 4172
147.903587 782 4172
147.903641 1198 4172
147.908462 1198 4172
147.908512 1198 4172
147.908551 1198 4172
147.915440 1198 4172
147.915484 1198 4172
147.921505 1198 4172
147.921551 638 4172
147.921590 1198 4172
147.927480 1198 4172
147.927510 798 4172
147.927553 142 4172
147.927594 350 4172
147.927625 942 4172
147.933463 1198 4172
147.933513 1198 4172
147.939469 1198 4172
147.939558 958 4172
147.939608 110 4172
147.939642 1198 4172
147.945554 1198 4172
147.945599 1198 4172
147.949478 942 4172
147.949516 1198 4172
147.949552 478 4172
147.957509 1198 4172
147.957550 1198 4172
147.957595 270 4172
147.957633 1198 4172
147.964318 622 4172
147.964375 1198 4172
147.964418 606 4172
147.964474 1198 4172
147.969570 1198 4172
147.975525 1086 4172
147.975577 1198 4172
147.975613 1198 4172
147.981531 1198 4172
147.981597 1198 4172
147.988523 110 4172
147.988562 1198 4172
147.988601 830 4172
147.988640 174 4172
147.988677 158 4172
147.988715 126 4172
147.988749 382 4172
147.989786 846 4172
147.990374 158 4172
147.991428 1198 4172
147.991474 1198 4172
147.991508 366 4172
147.993066 158 4172
147.993110 718 4172
147.995233 542 4172
148.000549 1198 4172
148.006571 414 4172
148.006610 1198 4172
148.006650 382 4172
148.012524 1198 4172
148.012575 1198 4172
148.019104 1198 4172
148.019140 1198 4172
148.019180 702 4172
148.024534 1198 4172
148.024575 206 4172
148.024624 1198 4172
148.030500 1198 4172
148.030531 126 4172
148.030571 606 4172
148.030611 1198 4172
148.031369 1118 4172
148.031409 318 4172
148.031447 1086 4172
148.060686 110 4172
148.072537 174 4172
148.094726 606 4172
148.113501 430 4172
148.113537 606 4172
148.113593 1022 4172
148.132206 286 4172
148.154582 110 4172
148.195442 334 4172
148.236474 110 4172
148.277610 110 4172
148.277695 110 4172
148.277726 110 4172
148.327798 206 4172
148.332286 206 4172
148.359434 110 4172
148.400529 174 4172
148.441455 110 4172
148.519822 110 4172
148.519846 110 4172
148.523370 174 4172
148.535418 110 4172
148.536812 270 4172
148.536843 254 4172
148.536875 270 4172
148.537697 942 4172
148.538548 238 4172
148.539406 302 4172
148.540424 238 4172
148.541758 238 4172
148.541791 238 4172
148.542598 302 4172
148.542621 254 4172
148.543695 270 4172
148.543731 334 4172
148.543763 286 4172
148.546295 334 4172
148.546375 1198 4172
148.553987 1198 4172
148.554019 1198 4172
148.554053 1198 4172
148.554087 1198 4172
148.554118 1198 4172
148.554149 1198 4172
148.554179 1198 4172
148.554208 1198 4172
148.554237 1198 4172
148.554267 126 4172
148.554402 1198 4172
148.554440 1198 4172
148.554471 1198 4172
148.554501 1198 4172
148.554531 1198 4172
148.554561 1198 4172
148.561189 1198 4172
148.561228 1198 4172
148.561253 366 4172
148.564378 126 4172
148.602729 270 4172
148.604059 254 4172
148.604092 270 4172
148.604927 1198 4172
148.604962 1198 4172
148.604993 638 4172
148.605342 238 4172
148.606757 302 4172
148.607632 238 4172
148.608447 238 4172
148.609403 238 4172
148.609438 302 4172
148.610517 254 4172
148.610549 270 4172
148.610577 334 4172
148.613404 286 4172
148.613461 334 4172
148.622058 1198 4172
148.622093 1198 4172
148.622131 1198 4172
148.622166 1198 4172
148.622197 1198 4172
148.622232 1198 4172
148.622262 1198 4172
148.622295 1198 4172
148.622335 1198 4172
148.622374 1102 4172
148.622424 1198 4172
148.627450 1198 4172
148.627499 1198 4172
148.627534 1198 4172
148.627566 1198 4172
148.627607 1198 4172
148.627639 1198 4172
148.627669 1198 4172
148.627701 366 4172
148.632219 190 4172
148.646416 110 4172
148.704671 270 4172
148.705860 254 4172
148.705897 270 4172
148.707191 1038 4172
148.708276 782 4172
148.709322 302 4172
148.710370 238 4172
148.712005 238 4172
148.712042 238 4172
148.713383 302 4172
148.714519 254 4172
148.714557 270 4172
148.714609 334 4172
148.717901 286 4172
148.717955 334 4172
148.726260 1198 4172
148.726291 1198 4172
148.726328 1198 4172
148.726359 1198 4172
148.726388 1198 4172
148.726419 1198 4172
148.726445 1198 4172
148.726473 1198 4172
148.726500 1198 4172
148.726529 1102 4172
148.726570 1198 4172
148.728486 1198 4172
148.728520 1198 4172
148.728554 1198 4172
148.728587 1198 4172
148.728618 1198 4172
148.728652 1198 4172
148.728682 1198 4172
148.728712 366 4172
148.742262 110 4172
148.764234 126 4172
148.769489 622 4172
148.797737 110 4172
148.797762 110 4172
148.797800 110 4172
148.798661 1198 4172
148.798700 1198 4172
148.798736 446 4172
148.798774 1198 4172
148.798818 1198 4172
148.798849 1198 4172
148.798884 190 4172
148.810479 1198 4172
148.810576 1198 4172
148.810622 1198 4172
148.810666 1198 4172
148.810703 142 4172
148.810741 1198 4172
148.810779 1198 4172
148.810816 1198 4172
148.810854 286 4172
148.832316 158 4172
148.832375 1198 4172
148.832419 110 4172
148.851517 110 4172
148.892545 158 4172
148.930277 1198 4172
148.932532 126 4172
148.933450 110 4172
148.974510 126 4172
