0.032853 670 4172
0.032950 574 4172
0.033062 542 4172
0.033104 638 4172
0.033142 398 4172
0.035917 110 4172
0.124175 1198 4172
0.124305 1198 4172
0.127889 1198 4172
0.128563 910 4172
0.128612 238 4172
0.156135 110 4172
0.232789 110 4172
0.243956 110 4172
0.508168 110 4172
0.634477 1198 4172
0.634488 1198 4172
0.634570 1198 4172
0.634580 750 4172
0.634613 1102 4172
0.634649 1198 4172
0.634677 670 4172
0.634705 1022 4172
0.634733 638 4172
0.634761 1198 4172
0.634790 1038 4172
0.634818 398 4172
0.634846 174 4172
0.634873 158 4172
0.636527 1198 4172
0.636555 1198 4172
0.636582 1198 4172
0.636610 1198 4172
0.636638 1198 4172
0.636667 1198 4172
0.636748 1198 4172
0.636776 990 4172
0.636805 1198 4172
0.636835 1198 4172
0.636862 1198 4172
0.636890 1198 4172
0.636952 1198 4172
0.636953 1198 4172
0.636980 1198 4172
0.637004 1198 4172
0.637031 1198 4172
0.637058 1198 4172
0.637085 1198 4172
0.637112 1198 4172
0.637139 1022 4172
0.641374 1198 4172
0.641417 1198 4172
0.652146 462 4172
0.652163 1198 4172
0.652191 1198 4172
0.652222 1198 4172
0.652251 1198 4172
0.652282 1198 4172
0.652310 1198 4172
0.652338 1198 4172
0.652367 1198 4172
0.660091 1198 4172
0.660139 1198 4172
0.660174 1198 4172
0.660206 1198 4172
0.668036 1198 4172
0.668080 718 4172
0.668121 1198 4172
0.668155 1198 4172
0.668189 1198 4172
0.676214 1198 4172
0.676249 1198 4172
0.676280 1198 4172
0.684026 1198 4172
0.684073 1198 4172
0.684116 1198 4172
0.692063 1198 4172
0.692112 1198 4172
0.700013 174 4172
0.700048 1198 4172
0.700086 1198 4172
0.708025 1198 4172
0.715971 1198 4172
0.716025 1198 4172
0.716070 1198 4172
0.724195 1198 4172
0.724247 1198 4172
0.728001 1198 4172
0.728044 1198 4172
0.740018 1198 4172
0.740069 1198 4172
0.740111 1198 4172
0.748131 1198 4172
0.748183 110 4172
0.748223 110 4172
0.748257 1198 4172
0.756126 1198 4172
0.756168 1198 4172
0.764011 1198 4172
0.764051 1198 4172
0.764085 1198 4172
0.772081 558 4172
0.772130 1198 4172
0.780057 1198 4172
0.780109 1198 4172
0.780149 1198 4172
0.788042 1198 4172
0.788089 1198 4172
0.796040 1198 4172
0.796083 1198 4172
0.796121 1198 4172
0.804050 1198 4172
0.804107 1198 4172
0.812106 1198 4172
0.816043 1198 4172
0.816163 958 4172
0.816196 1198 4172
0.828233 1198 4172
0.828304 1198 4172
0.836053 1198 4172
0.836089 1198 4172
0.836148 1198 4172
0.844074 110 4172
0.844128 1198 4172
0.844178 1198 4172
0.852111 494 4172
0.852153 1198 4172
0.852189 1198 4172
0.860138 1134 4172
0.860180 398 4172
0.860227 1198 4172
0.868049 270 4172
0.868091 1198 4172
0.868133 1198 4172
0.876090 1198 4172
0.876149 1198 4172
0.884083 1198 4172
0.884124 878 4172
0.884160 1198 4172
0.892150 1198 4172
0.892233 1198 4172
0.900072 1198 4172
0.900118 1198 4172
0.900158 1198 4172
0.904002 1198 4172
0.904040 862 4172
0.916066 1198 4172
0.916194 1198 4172
0.924088 1198 4172
0.924141 1198 4172
0.932123 1198 4172
0.932163 1198 4172
0.940057 1198 4172
0.940100 542 4172
0.940141 1198 4172
0.948028 1198 4172
0.948067 1198 4172
0.948111 1198 4172
0.956047 110 4172
0.956097 1198 4172
0.956136 1198 4172
0.964070 1198 4172
0.964105 1198 4172
0.972075 494 4172
0.972133 1198 4172
0.972176 1198 4172
0.980074 1198 4172
0.980128 1198 4172
0.980172 1198 4172
0.988068 1198 4172
0.992136 1198 4172
0.992177 1198 4172
1.004008 1198 4172
1.004068 1198 4172
1.004112 878 4172
1.012078 1198 4172
1.020127 1198 4172
1.020185 110 4172
1.020222 1198 4172
1.020260 1198 4172
1.028029 1198 4172
1.028086 1198 4172
1.036075 1198 4172
1.036116 1198 4172
1.044040 1198 4172
1.044079 1198 4172
1.044122 110 4172
1.044161 1198 4172
1.051938 158 4172
1.051985 1198 4172
1.052027 1198 4172
1.059960 1198 4172
1.059998 1198 4172
1.067973 1198 4172
1.068018 1006 4172
1.068052 1198 4172
1.075923 862 4172
1.075955 542 4172
1.075990 958 4172
1.076029 1198 4172
1.079879 1198 4172
1.079920 1054 4172
1.092139 158 4172
1.092253 158 4172
1.092293 1198 4172
1.092325 974 4172
1.092358 1006 4172
1.124177 270 4172
1.124250 158 4172
1.124252 158 4172
1.124285 142 4172
1.124323 542 4172
1.124360 206 4172
1.124396 190 4172
1.124434 286 4172
1.168010 110 4172
1.212065 238 4172
1.255988 110 4172
1.300063 110 4172
1.344039 110 4172
1.476055 142 4172
1.564054 110 4172
1.740057 110 4172
1.828053 110 4172
2.092090 110 4172
2.356182 110 4172
2.532078 142 4172
2.620004 142 4172
2.620073 110 4172
2.752082 110 4172
2.840001 110 4172
2.884138 110 4172
3.188006 110 4172
3.448065 110 4172
3.536065 142 4172
3.697995 110 4172
3.712035 142 4172
3.756017 110 4172
3.844019 110 4172
3.976088 110 4172
4.327988 142 4172
4.328064 142 4172
4.504066 142 4172
4.504108 142 4172
4.768060 110 4172
4.856039 110 4172
5.120061 142 4172
5.340062 142 4172
5.732846 142 4172
5.732901 142 4172
5.735955 110 4172
5.867978 110 4172
5.932974 142 4172
5.933014 142 4172
5.955979 110 4172
6.348102 142 4172
6.348267 142 4172
6.560097 142 4172
6.560166 142 4172
6.648068 110 4172
6.735995 110 4172
6.867994 110 4172
7.132078 142 4172
7.132128 142 4172
7.395929 142 4172
7.396010 142 4172
7.748036 110 4172
7.792014 142 4172
7.792094 142 4172
7.835959 110 4172
7.966365 110 4172
7.968011 142 4172
7.968041 142 4172
8.408107 142 4172
8.408257 142 4172
8.627955 142 4172
8.628050 142 4172
8.759972 110 4172
8.847996 110 4172
9.199871 142 4172
9.199934 142 4172
9.331976 110 4172
9.419984 142 4172
9.420070 142 4172
9.764095 110 4172
9.808084 142 4172
9.808207 142 4172
9.851966 110 4172
9.939965 110 4172
10.027896 142 4172
10.027968 142 4172
10.419974 142 4172
10.420107 142 4172
10.639976 142 4172
10.640059 142 4172
10.771970 110 4172
10.860013 110 4172
11.248013 142 4172
11.248194 142 4172
11.468088 142 4172
11.468188 142 4172
11.776017 110 4172
11.832953 142 4172
11.863925 110 4172
11.996036 110 4172
12.039995 142 4172
12.435960 142 4172
12.436037 142 4172
12.655993 142 4172
12.656108 142 4172
12.743905 110 4172
12.875943 110 4172
13.271964 142 4172
13.272026 142 4172
13.491979 142 4172
13.492008 142 4172
13.755889 110 4172
13.843961 110 4172
14.280028 142 4172
14.280057 142 4172
14.499981 142 4172
14.665966 110 4172
14.675773 142 4172
14.763929 142 4172
14.763991 110 4172
14.851980 110 4172
14.895864 142 4172
14.939929 110 4172
15.287939 142 4172
15.288036 142 4172
15.507902 142 4172
15.508040 142 4172
15.772025 110 4172
15.859942 110 4172
16.299980 142 4172
16.300066 142 4172
16.519932 142 4172
16.520103 142 4172
16.739914 110 4172
16.871934 110 4172
17.131975 142 4172
17.307932 142 4172
17.352009 110 4172
17.732965 142 4172
17.733017 142 4172
17.739861 110 4172
17.871956 110 4172
17.915982 142 4172
17.916064 142 4172
17.959928 110 4172
18.352011 142 4172
18.352129 142 4172
18.567798 142 4172
18.567870 142 4172
18.739882 110 4172
18.871779 110 4172
19.135892 142 4172
19.399818 142 4172
19.732982 142 4172
19.733034 142 4172
19.751874 110 4172
19.839884 110 4172
19.933027 142 4172
19.933081 142 4172
19.971866 110 4172
20.015939 110 4172
20.367918 142 4172
20.367961 142 4172
20.560079 60 60000
20.587791 142 4172
20.587820 142 4172
20.732180 158 4172
20.732217 350 4172
20.732246 606 4172
20.732272 158 4172
20.732298 158 4172
20.732325 158 4172
20.732351 158 4172
20.732379 158 4172
20.742311 126 4172
20.745778 110 4172
20.772246 1198 4172
20.772268 1198 4172
20.772303 1198 4172
20.772331 1198 4172
20.772365 1198 4172
20.772393 1198 4172
20.772425 1198 4172
20.772455 1198 4172
20.772485 1198 4172
20.772512 1198 4172
20.772539 270 4172
20.778743 126 4172
20.788016 1198 4172
20.788047 1198 4172
20.788078 1198 4172
20.788109 1198 4172
20.788136 1198 4172
20.788162 1198 4172
20.788194 1198 4172
20.795829 1198 4172
20.795869 1198 4172
20.795900 158 4172
20.795943 1198 4172
20.795988 1198 4172
20.796022 1198 4172
20.796052 1198 4172
20.804456 1198 4172
20.804496 1198 4172
20.804528 1198 4172
20.813508 1198 4172
20.814835 1198 4172
20.815265 1198 4172
20.819835 1198 4172
20.819874 590 4172
20.819915 1198 4172
20.827863 1198 4172
20.827887 1198 4172
20.850175 1198 4172
20.851880 1198 4172
20.852084 1198 4172
20.852136 1198 4172
20.856731 1198 4172
20.856771 110 4172
20.856804 1198 4172
20.856838 1198 4172
20.856868 702 4172
20.856898 1198 4172
20.856926 1198 4172
20.856955 1198 4172
20.867942 1198 4172
20.867962 1198 4172
20.875898 1198 4172
20.875920 1198 4172
20.875957 1198 4172
20.883921 1198 4172
20.883960 1198 4172
20.891891 1198 4172
20.891924 846 4172
20.891955 1198 4172
20.903650 1198 4172
20.906923 1198 4172
20.906989 1198 4172
20.907759 1198 4172
20.907792 1198 4172
20.925779 1198 4172
20.938081 1198 4172
20.938428 590 4172
20.938475 1198 4172
20.938960 1198 4172
20.938999 1198 4172
20.939031 1198 4172
20.940423 1198 4172
20.940880 1198 4172
20.941393 1198 4172
20.947928 110 4172
20.947954 1198 4172
20.947987 862 4172
20.955832 1198 4172
20.955859 1198 4172
20.955892 1198 4172
20.964117 1198 4172
20.964156 1198 4172
20.971984 1198 4172
20.972030 1198 4172
20.972060 1198 4172
20.979907 1198 4172
20.987890 510 4172
20.987923 1198 4172
20.998260 1198 4172
20.998411 1198 4172
20.998445 1198 4172
21.003925 1198 4172
21.003968 1198 4172
21.011926 1198 4172
21.011955 1198 4172
21.011989 1198 4172
21.020234 1198 4172
21.020287 350 4172
21.020319 1198 4172
21.028155 1198 4172
21.028184 1198 4172
21.028225 1198 4172
21.035850 1198 4172
21.035868 1198 4172
21.044810 1198 4172
21.044862 1198 4172
21.044887 1198 4172
21.051291 1198 4172
21.051319 1198 4172
21.059995 1198 4172
21.060027 1198 4172
21.060057 526 4172
21.060085 1198 4172
21.067815 1198 4172
21.067897 1198 4172
21.076192 1198 4172
21.076252 1198 4172
21.076291 1198 4172
21.083854 1198 4172
21.083880 1198 4172
21.092008 1198 4172
21.092045 110 4172
21.092069 1198 4172
21.092097 1006 4172
21.101129 1198 4172
21.111192 1198 4172
21.111294 1198 4172
21.111314 1198 4172
21.111340 1198 4172
21.115819 1198 4172
21.115846 1198 4172
21.115876 1198 4172
21.123887 1198 4172
21.123963 846 4172
21.123993 1198 4172
21.131845 1198 4172
21.131872 1198 4172
21.139897 1198 4172
21.139921 1198 4172
21.139949 1198 4172
21.147842 1198 4172
21.147867 1198 4172
21.147898 542 4172
21.157310 1198 4172
21.157336 1198 4172
21.163804 1198 4172
21.163849 1198 4172
21.163887 1198 4172
21.171835 1198 4172
21.171879 1198 4172
21.179840 910 4172
21.179873 1198 4172
21.179906 1198 4172
21.188939 1198 4172
21.189227 1198 4172
21.189268 1198 4172
21.195016 1198 4172
21.195048 1198 4172
21.195085 1198 4172
21.204646 1198 4172
21.204688 1198 4172
21.216286 1198 4172
21.216324 238 4172
21.216359 1198 4172
21.216393 1198 4172
21.219837 1198 4172
21.219875 1198 4172
21.219906 1198 4172
21.227052 60 60000
21.227854 1198 4172
21.227893 1198 4172
21.233682 174 4172
21.233776 174 4172
21.233809 174 4172
21.233838 174 4172
21.233867 174 4172
21.235875 174 4172
21.235918 174 4172
21.235944 1198 4172
21.235972 1198 4172
21.235999 718 4172
21.236031 1198 4172
21.247958 1198 4172
21.247995 782 4172
21.248048 1198 4172
21.263099 174 4172
21.263733 446 4172
21.263772 174 4172
21.263803 174 4172
21.263833 174 4172
21.263861 174 4172
21.263894 174 4172
21.263941 1198 4172
21.267850 1198 4172
21.267886 1198 4172
21.267922 1198 4172
21.267958 254 4172
21.268006 862 4172
21.277766 174 4172
21.278269 174 4172
21.278316 174 4172
21.278400 174 4172
21.279220 174 4172
21.282575 174 4172
21.289695 174 4172
21.301307 1198 4172
21.302061 1198 4172
21.302094 1198 4172
21.302124 542 4172
21.302158 1198 4172
21.302185 1198 4172
21.302214 1198 4172
21.302250 686 4172
21.302280 1198 4172
21.302308 894 4172
21.307998 174 4172
21.308024 174 4172
21.308064 174 4172
21.308096 174 4172
21.308128 174 4172
21.308161 1198 4172
21.308198 1198 4172
21.315893 1198 4172
21.315933 654 4172
21.315960 1198 4172
21.315989 1198 4172
21.332206 1198 4172
21.332245 1198 4172
21.332433 1198 4172
21.347955 1198 4172
21.347968 1198 4172
21.348069 1198 4172
21.348117 1198 4172
21.348198 542 4172
21.348230 126 4172
21.348256 126 4172
21.375799 110 4172
21.497342 238 4172
21.507800 1198 4172
21.507821 206 4172
21.595824 1198 4172
21.595908 1198 4172
21.595909 366 4172
21.595990 302 4172
21.596067 126 4172
21.596092 238 4172
21.611909 1198 4172
21.612100 1198 4172
21.612142 1150 4172
21.627072 110 4172
21.639866 1198 4172
21.639904 158 4172
21.673354 1182 4172
21.683835 1198 4172
21.728752 1198 4172
21.732915 1198 4172
21.732963 1134 4172
21.765147 110 4172
21.771824 1198 4172
21.771875 1198 4172
21.771915 1198 4172
21.771955 126 4172
21.815905 1198 4172
21.815951 286 4172
21.828838 1198 4172
21.832990 414 4172
21.859938 110 4172
21.904006 110 4172
21.947962 110 4172
22.167943 110 4172
22.475958 110 4172
22.695987 110 4172
22.739856 110 4172
22.872169 110 4172
23.003865 110 4172
23.267979 110 4172
23.531877 110 4172
23.751979 110 4172
23.795902 110 4172
23.840240 110 4172
24.760019 110 4172
24.848338 110 4172
25.767808 110 4172
25.856026 110 4172
26.733140 110 4172
26.736071 110 4172
26.867845 110 4172
27.747705 110 4172
27.836031 110 4172
28.759881 110 4172
28.848138 110 4172
29.411799 110 4172
29.763851 110 4172
29.851874 110 4172
30.775834 110 4172
30.863800 110 4172
31.743728 110 4172
31.875816 110 4172
32.095883 110 4172
32.755905 110 4172
32.843710 110 4172
33.767763 110 4172
33.855721 110 4172
34.751828 110 4172
34.775744 110 4172
34.864098 110 4172
35.739689 110 4172
35.871824 110 4172
36.747779 110 4172
36.833313 414 4172
36.833378 334 4172
36.835707 110 4172
37.447658 110 4172
37.755729 110 4172
37.843705 110 4172
38.759698 110 4172
38.847851 110 4172
39.767730 110 4172
39.855955 110 4172
40.160117 110 4172
40.775752 110 4172
40.863709 110 4172
41.382562 1198 4172
41.382576 1198 4172
41.382609 1198 4172
41.382638 1198 4172
41.382665 1198 4172
41.382691 1198 4172
41.382720 1198 4172
41.382752 1198 4172
41.382781 1198 4172
41.382809 1198 4172
41.382839 1198 4172
41.382867 894 4172
41.387608 1198 4172
41.387640 1198 4172
41.387669 1198 4172
41.387700 1198 4172
41.387728 1198 4172
41.387757 1198 4172
41.387791 1198 4172
41.395693 1198 4172
41.395735 1198 4172
41.395768 1198 4172
41.395811 1198 4172
41.400137 1198 4172
41.400173 926 4172
41.400203 1198 4172
41.400231 1198 4172
41.400259 1198 4172
41.411784 1198 4172
41.411813 1198 4172
41.411845 1198 4172
41.419619 1198 4172
41.419661 1198 4172
41.419706 1198 4172
41.427757 1198 4172
41.427812 974 4172
41.427853 1198 4172
41.435579 1198 4172
41.435616 1198 4172
41.444031 1198 4172
41.444078 1198 4172
41.444115 1198 4172
41.451712 1198 4172
41.451763 1198 4172
41.451809 1198 4172
41.459743 1198 4172
41.459802 926 4172
41.459848 1198 4172
41.467660 1198 4172
41.467713 1198 4172
41.467756 1198 4172
41.475707 1198 4172
41.475754 1198 4172
41.479629 60 60000
41.483613 1198 4172
41.483667 1198 4172
41.483715 1198 4172
41.487614 1198 4172
41.487653 1198 4172
41.487692 1070 4172
41.499632 1198 4172
41.499640 1198 4172
41.499719 1198 4172
41.507621 1198 4172
41.507647 1198 4172
41.515712 1198 4172
41.515770 1198 4172
41.523683 1198 4172
41.523736 1198 4172
41.523775 270 4172
41.523814 1198 4172
41.531634 1198 4172
41.531685 1198 4172
41.531729 1198 4172
41.539681 1198 4172
41.539722 1198 4172
41.547578 1198 4172
41.547617 1198 4172
41.547656 1198 4172
41.555715 1198 4172
41.555784 270 4172
41.555821 1198 4172
41.555863 1198 4172
41.563691 1198 4172
41.563735 1198 4172
41.563793 1198 4172
41.571676 1198 4172
41.571701 1198 4172
41.575597 1198 4172
41.575657 1198 4172
41.575707 1198 4172
41.587710 1198 4172
41.587759 558 4172
41.587801 1198 4172
41.595817 1198 4172
41.603724 1198 4172
41.603770 1198 4172
41.603784 1198 4172
41.611671 1198 4172
41.611706 1198 4172
41.611749 1198 4172
41.620586 1198 4172
41.620589 1198 4172
41.627644 526 4172
41.627679 1198 4172
41.627721 1198 4172
41.627757 1198 4172
41.635742 1198 4172
41.635798 1198 4172
41.635835 1198 4172
41.643651 1198 4172
41.651770 1198 4172
41.659706 1198 4172
41.664312 1198 4172
41.675688 1198 4172
41.683587 1198 4172
41.683633 1198 4172
41.691582 1198 4172
41.700301 878 4172
41.707672 1198 4172
41.715635 1198 4172
41.715684 1198 4172
41.723615 1198 4172
41.731684 1198 4172
41.739702 1198 4172
41.747647 110 4172
41.747713 110 4172
41.747739 1198 4172
41.751575 1198 4172
41.763669 1198 4172
41.763689 1198 4172
41.771642 1198 4172
41.779781 414 4172
41.793674 1198 4172
41.796577 1198 4172
41.806115 1198 4172
41.811703 1198 4172
41.811734 1198 4172
41.819692 1198 4172
41.827698 1198 4172
41.839986 1198 4172
41.840023 110 4172
41.851911 814 4172
41.851957 1198 4172
41.874341 1198 4172
41.877160 1198 4172
41.879246 1198 4172
41.879661 1198 4172
41.883622 1198 4172
41.897291 1198 4172
41.900191 1198 4172
41.900236 654 4172
41.916654 1198 4172
41.916740 1198 4172
41.923852 1198 4172
41.923885 1198 4172
41.931627 1198 4172
41.941516 1198 4172
41.942020 1198 4172
41.947755 1198 4172
41.956096 1198 4172
41.972683 174 4172
41.973053 110 4172
41.973087 1198 4172
41.980398 1198 4172
41.980490 1198 4172
41.980551 1198 4172
41.986076 1198 4172
41.998789 1198 4172
42.014373 1198 4172
42.028833 1198 4172
42.032848 110 4172
42.032895 1198 4172
42.033025 1198 4172
42.033064 1198 4172
42.033156 910 4172
42.033191 1198 4172
42.043659 1198 4172
42.052438 1198 4172
42.052516 1198 4172
42.060077 1198 4172
42.070180 1198 4172
42.076268 302 4172
42.076305 798 4172
42.076338 126 4172
42.084391 1198 4172
42.084429 1198 4172
42.091820 1198 4172
42.105247 1102 4172
42.107624 1198 4172
42.107648 1198 4172
42.115653 142 4172
42.115677 1198 4172
42.122738 1198 4172
42.131726 1198 4172
42.141415 542 4172
42.141507 1198 4172
42.147692 1198 4172
42.147715 1198 4172
42.165422 670 4172
42.165468 1198 4172
42.169829 1198 4172
42.185096 1198 4172
42.187671 1198 4172
42.200727 1198 4172
42.200972 926 4172
42.204345 1198 4172
42.216310 1198 4172
42.216348 1198 4172
42.219660 1198 4172
42.227749 1198 4172
42.235599 686 4172
42.235641 1198 4172
42.243707 1198 4172
42.251701 1198 4172
42.259652 1198 4172
42.259669 782 4172
42.267615 1198 4172
42.275723 1198 4172
42.275762 1198 4172
42.283611 110 4172
42.283641 1198 4172
42.291669 1038 4172
42.299630 1198 4172
42.299653 1198 4172
42.307569 1198 4172
42.324248 1198 4172
42.328109 60 60000
42.331627 1198 4172
42.331646 1198 4172
42.331681 606 4172
42.339112 1198 4172
42.347661 1198 4172
42.347686 1198 4172
42.373864 1198 4172
42.382096 1198 4172
42.388873 302 4172
42.390587 1198 4172
42.390628 1198 4172
42.390660 1198 4172
42.390692 1198 4172
42.397864 1198 4172
42.403762 334 4172
42.403856 1198 4172
42.411698 1198 4172
42.411721 1198 4172
42.419641 1198 4172
42.424200 1198 4172
42.435817 1102 4172
42.443535 1198 4172
42.443593 1198 4172
42.454135 1198 4172
42.459726 1198 4172
42.469585 302 4172
42.469662 1198 4172
42.475656 1198 4172
42.475667 1198 4172
42.483707 974 4172
42.491804 1198 4172
42.499939 1198 4172
42.499969 590 4172
42.507575 1198 4172
42.507614 1198 4172
42.514066 830 4172
42.523706 862 4172
42.523727 174 4172
42.523758 174 4172
42.531633 174 4172
42.531682 174 4172
42.531715 174 4172
42.531745 174 4172
42.531791 174 4172
42.531821 1198 4172
42.539610 830 4172
42.539654 110 4172
42.547636 1198 4172
42.547676 1198 4172
42.555587 1102 4172
42.563680 1198 4172
42.568813 174 4172
42.568837 174 4172
42.568869 174 4172
42.568900 174 4172
42.568929 174 4172
42.568960 174 4172
42.575853 1198 4172
42.575920 1198 4172
42.583629 1198 4172
42.592042 1198 4172
42.599587 1198 4172
42.610344 1198 4172
42.615597 366 4172
42.615628 302 4172
42.615666 1198 4172
42.624023 398 4172
42.624051 238 4172
42.624086 1198 4172
42.631611 462 4172
42.631658 1182 4172
42.643602 1038 4172
42.687876 1198 4172
42.725077 126 4172
42.731645 494 4172
42.762456 110 4172
42.775642 1198 4172
42.775713 574 4172
42.811695 286 4172
42.819621 110 4172
42.833310 1198 4172
42.833377 446 4172
42.863792 110 4172
42.947758 110 4172
43.035587 606 4172
43.079550 110 4172
43.383747 110 4172
43.647808 110 4172
43.735635 110 4172
43.867612 110 4172
43.911645 110 4172
44.175907 110 4172
44.435685 110 4172
44.699635 110 4172
44.743642 110 4172
44.875530 110 4172
44.963978 110 4172
45.227865 110 4172
45.747677 110 4172
45.835632 110 4172
46.751702 110 4172
46.839561 110 4172
47.755659 110 4172
47.843859 110 4172
47.887667 110 4172
48.759613 110 4172
48.847600 110 4172
49.763653 110 4172
49.851499 110 4172
50.591531 110 4172
50.767627 110 4172
50.855546 110 4172
51.775477 110 4172
51.863585 110 4172
52.775501 110 4172
52.864500 110 4172
52.939817 366 4172
52.939854 174 4172
52.939883 190 4172
52.944095 190 4172
52.944127 190 4172
52.944160 190 4172
52.948401 190 4172
52.948434 1198 4172
52.948465 846 4172
52.948494 1198 4172
52.948522 1118 4172
52.951460 1198 4172
52.951491 174 4172
52.951520 190 4172
52.951548 190 4172
52.956422 190 4172
52.956465 1198 4172
52.956500 174 4172
52.956533 174 4172
52.963531 1198 4172
52.963578 1198 4172
52.963615 1198 4172
52.975530 1198 4172
52.975609 734 4172
52.975625 1198 4172
52.983570 1198 4172
52.983624 1198 4172
52.991442 1198 4172
52.995488 1198 4172
53.007446 1198 4172
53.007500 1198 4172
53.039450 174 4172
53.100477 1198 4172
53.100525 766 4172
53.108021 1198 4172
53.108082 1198 4172
53.108130 526 4172
53.116374 1182 4172
53.126456 1166 4172
53.127465 1198 4172
53.127521 462 4172
53.132363 1198 4172
53.142498 1198 4172
53.142561 398 4172
53.171628 1198 4172
53.171680 302 4172
53.215523 110 4172
53.259491 1198 4172
53.519681 110 4172
53.735951 110 4172
53.779504 110 4172
53.867562 110 4172
54.039561 110 4172
54.339530 110 4172
54.559546 110 4172
54.771602 110 4172
54.859479 110 4172
55.735455 110 4172
55.867541 110 4172
56.739402 110 4172
56.871645 110 4172
57.215569 110 4172
57.867606 110 4172
58.743492 110 4172
58.875411 110 4172
59.747989 110 4172
59.835575 110 4172
59.923632 110 4172
60.755489 110 4172
60.843484 110 4172
61.755522 110 4172
61.843344 110 4172
62.475522 1198 4172
62.475603 1198 4172
62.475606 1198 4172
62.475623 1198 4172
62.475657 1198 4172
62.475713 1198 4172
62.475747 1198 4172
62.486811 1198 4172
62.486851 1198 4172
62.491480 1198 4172
62.499518 286 4172
62.499544 1198 4172
62.499574 1198 4172
62.507378 1198 4172
62.507409 1198 4172
62.515383 1198 4172
62.523479 1198 4172
62.531421 1198 4172
62.536098 1198 4172
62.536132 1198 4172
62.547573 1198 4172
62.555406 1198 4172
62.563479 958 4172
62.563516 110 4172
62.563569 1198 4172
62.571460 1198 4172
62.579390 1198 4172
62.579445 60 60000
62.587395 1198 4172
62.587454 1198 4172
62.595393 1198 4172
62.603423 1198 4172
62.612998 1198 4172
62.619630 1198 4172
62.619688 318 4172
62.625272 1198 4172
62.625323 1198 4172
62.635603 1198 4172
62.643553 1198 4172
62.651505 1198 4172
62.651542 1198 4172
62.659449 1198 4172
62.667470 1198 4172
62.667501 1198 4172
62.675403 622 4172
62.683405 1198 4172
62.683443 1198 4172
62.691479 1198 4172
62.699422 1198 4172
62.699455 1198 4172
62.707428 1198 4172
62.711353 1198 4172
62.723435 1198 4172
62.723473 1198 4172
62.731468 1198 4172
62.739411 894 4172
62.739471 1198 4172
62.747433 1198 4172
62.755450 1198 4172
62.755497 1198 4172
62.763475 110 4172
62.763523 1198 4172
62.771427 1198 4172
62.779399 1198 4172
62.779457 1198 4172
62.787384 1198 4172
62.795431 574 4172
62.795471 1198 4172
62.799400 1198 4172
62.799437 1198 4172
62.811463 1198 4172
62.819410 1198 4172
62.819447 1198 4172
62.827419 110 4172
62.827471 1198 4172
62.835522 1198 4172
62.843375 766 4172
62.843404 1198 4172
62.852339 110 4172
62.862976 1198 4172
62.865653 1198 4172
62.865710 1198 4172
62.867396 1198 4172
62.867430 1198 4172
62.875481 1198 4172
62.887920 1198 4172
62.887952 1198 4172
62.891468 1198 4172
62.900321 670 4172
62.900453 1198 4172
62.907433 1198 4172
62.915506 1198 4172
62.915536 1198 4172
62.923480 1198 4172
62.943112 1198 4172
62.948256 1198 4172
62.948357 1198 4172
62.951770 1198 4172
62.951819 1198 4172
62.951857 1198 4172
62.951887 510 4172
62.967919 1198 4172
62.968138 1198 4172
62.971413 1198 4172
62.987921 1198 4172
62.987974 942 4172
62.996960 1198 4172
62.996999 1198 4172
62.997027 1198 4172
63.003990 1198 4172
63.015192 350 4172
63.015216 1198 4172
63.015255 1198 4172
63.019717 1198 4172
63.027422 1198 4172
63.027466 1198 4172
63.044740 334 4172
63.045252 1198 4172
63.057260 1198 4172
63.058159 1198 4172
63.061303 1198 4172
63.061376 1054 4172
63.067419 1198 4172
63.067450 1198 4172
63.075933 1198 4172
63.086846 942 4172
63.091905 1198 4172
63.092048 1198 4172
63.101032 1198 4172
63.102681 110 4172
63.102925 1198 4172
63.111153 1150 4172
63.118991 1198 4172
63.122754 1198 4172
63.129403 126 4172
63.132090 1198 4172
63.132520 1198 4172
63.132561 1198 4172
63.139433 1198 4172
63.147541 286 4172
63.147590 414 4172
63.147625 1198 4172
63.156343 1198 4172
63.156401 942 4172
63.164233 1198 4172
63.164266 990 4172
63.171959 1198 4172
63.172002 1198 4172
63.179220 782 4172
63.187444 1198 4172
63.187490 1198 4172
63.195423 1198 4172
63.195467 910 4172
63.203517 1198 4172
63.211404 1198 4172
63.211443 1198 4172
63.219446 1198 4172
63.219480 654 4172
63.227390 1198 4172
63.227425 1198 4172
63.237430 1198 4172
63.242922 622 4172
63.242962 1198 4172
63.253823 1198 4172
63.253861 1198 4172
63.259443 606 4172
63.259493 1198 4172
63.268750 1198 4172
63.275423 1198 4172
63.275449 478 4172
63.275487 1198 4172
63.286157 1198 4172
63.291465 1198 4172
63.291482 1198 4172
63.304737 1198 4172
63.308098 366 4172
63.308225 1198 4172
63.308255 1198 4172
63.317970 1198 4172
63.323461 1006 4172
63.323502 1198 4172
63.333043 1198 4172
63.339422 1198 4172
63.339457 974 4172
63.347746 1198 4172
63.348429 1198 4172
63.348773 60 60000
63.355827 1198 4172
63.363561 1198 4172
63.363655 110 4172
63.363692 606 4172
63.371470 1198 4172
63.371702 1198 4172
63.378011 1198 4172
63.387397 622 4172
63.387435 1198 4172
63.395684 1198 4172
63.395792 1102 4172
63.403535 1198 4172
63.412335 302 4172
63.412378 1198 4172
63.419423 1198 4172
63.419457 1086 4172
63.427583 446 4172
63.427643 174 4172
63.427673 174 4172
63.427699 174 4172
63.437684 1198 4172
63.437763 174 4172
63.437794 174 4172
63.437830 1198 4172
63.445842 1198 4172
63.451422 430 4172
63.451471 1198 4172
63.462931 1198 4172
63.463238 286 4172
63.463282 1198 4172
63.464703 1198 4172
63.515647 878 4172
63.515758 1198 4172
63.515772 1198 4172
63.515804 1006 4172
63.515834 1198 4172
63.515865 1198 4172
63.515894 766 4172
63.515925 1198 4172
63.515954 1198 4172
63.521177 270 4172
63.521216 1198 4172
63.521253 558 4172
63.521286 174 4172
63.521319 174 4172
63.521346 174 4172
63.527774 1198 4172
63.529422 1198 4172
63.538653 254 4172
63.538740 1198 4172
63.561594 222 4172
63.561663 494 4172
63.594425 830 4172
63.603374 1054 4172
63.625654 110 4172
63.648923 798 4172
63.691453 494 4172
63.724820 1198 4172
63.724905 1198 4172
63.724927 366 4172
63.724958 302 4172
63.724991 334 4172
63.725028 238 4172
63.733478 670 4172
63.735330 110 4172
63.777561 1198 4172
63.777669 1198 4172
63.777683 1198 4172
63.777712 1198 4172
63.777736 846 4172
63.779351 1198 4172
63.779476 1198 4172
63.783351 1198 4172
63.783388 1198 4172
63.783424 734 4172
63.783457 1198 4172
63.783488 1198 4172
63.783519 846 4172
63.792380 1198 4172
63.792458 1198 4172
63.799437 574 4172
63.799481 766 4172
63.799509 1198 4172
63.807679 1198 4172
63.807760 174 4172
63.807948 1198 4172
63.815430 1198 4172
63.824243 750 4172
63.824302 286 4172
63.824334 142 4172
63.833436 126 4172
63.860838 110 4172
63.867449 126 4172
63.893516 110 4172
63.911468 126 4172
63.933565 126 4172
63.955494 110 4172
63.999499 126 4172
64.043431 110 4172
64.131378 126 4172
64.136272 110 4172
64.148044 1118 4172
64.156225 654 4172
64.156275 110 4172
64.168292 382 4172
64.175589 446 4172
64.188318 894 4172
64.200191 1038 4172
64.212243 814 4172
64.219295 414 4172
64.236291 318 4172
64.244131 974 4172
64.256256 398 4172
64.263379 526 4172
64.276483 510 4172
64.288397 1198 4172
64.288501 126 4172
64.296346 1198 4172
64.296391 254 4172
64.307400 1070 4172
64.316007 510 4172
64.324125 478 4172
64.332122 1198 4172
64.332169 126 4172
64.344364 766 4172
64.351804 798 4172
64.364586 1198 4172
64.364720 798 4172
64.376417 1198 4172
64.376556 1070 4172
64.384351 1198 4172
64.384406 590 4172
64.392006 782 4172
64.395398 654 4172
64.416381 1198 4172
64.416470 478 4172
64.428265 1118 4172
64.428320 110 4172
64.428359 110 4172
64.428398 110 4172
64.436591 1198 4172
64.436641 238 4172
64.439388 1198 4172
64.439432 1198 4172
64.439468 574 4172
64.460535 1198 4172
64.460580 1198 4172
64.460619 894 4172
64.468417 1198 4172
64.468466 1198 4172
64.468505 414 4172
64.480038 1198 4172
64.480176 318 4172
64.483422 830 4172
64.500450 1198 4172
64.500510 766 4172
64.512824 1198 4172
64.512962 1198 4172
64.524845 1198 4172
64.524938 1198 4172
64.524939 654 4172
64.527485 1198 4172
64.527531 1198 4172
64.527571 1198 4172
64.527612 942 4172
64.532713 126 4172
64.532760 1198 4172
64.544610 1198 4172
64.544677 1198 4172
64.544705 1198 4172
64.544741 414 4172
64.552037 1198 4172
64.552072 1198 4172
64.552110 302 4172
64.571531 1198 4172
64.571657 190 4172
64.703821 110 4172
64.703924 110 4172
64.703969 110 4172
64.747462 110 4172
64.835407 110 4172
64.967748 110 4172
64.967817 110 4172
65.231666 110 4172
65.231796 110 4172
65.231839 110 4172
65.495345 110 4172
65.747405 110 4172
65.759770 110 4172
65.847491 110 4172
66.023539 110 4172
66.287804 110 4172
66.547458 110 4172
66.767611 110 4172
66.811531 110 4172
66.855460 110 4172
67.771490 110 4172
67.859738 110 4172
68.735372 110 4172
68.863483 110 4172
69.471606 110 4172
69.735361 110 4172
69.867386 110 4172
70.743349 110 4172
70.875451 110 4172
71.743353 110 4172
71.871484 110 4172
72.223571 110 4172
72.751361 110 4172
72.839388 110 4172
73.755332 110 4172
73.843842 110 4172
74.759776 110 4172
74.847362 110 4172
74.891409 110 4172
75.767367 110 4172
75.855699 110 4172
76.735285 110 4172
76.867428 110 4172
77.527408 110 4172
77.747348 110 4172
77.835309 110 4172
78.759478 110 4172
78.847404 110 4172
79.767674 110 4172
79.855408 110 4172
80.251407 110 4172
80.735281 110 4172
81.743237 110 4172
81.875277 110 4172
82.755389 110 4172
82.843319 110 4172
82.931388 110 4172
83.599162 60 60000
83.607111 270 4172
83.607164 254 4172
83.607198 270 4172
83.607222 318 4172
83.611377 222 4172
83.611411 222 4172
83.611438 302 4172
83.611463 318 4172
83.611486 222 4172
83.611510 222 4172
83.616424 270 4172
83.616469 334 4172
83.616503 238 4172
83.616533 270 4172
83.616560 334 4172
83.651421 1198 4172
83.651501 1198 4172
83.651545 702 4172
83.651587 238 4172
83.739295 110 4172
83.767831 142 4172
83.779789 142 4172
83.783207 142 4172
83.797301 366 4172
83.827454 1198 4172
83.827552 1198 4172
83.827669 1198 4172
83.827717 1198 4172
83.827760 462 4172
83.871291 110 4172
83.959628 110 4172
83.967534 142 4172
83.975625 158 4172
83.988223 158 4172
83.988333 110 4172
83.995683 158 4172
84.004952 1198 4172
84.005045 1198 4172
84.005074 1198 4172
84.005105 174 4172
84.011635 1086 4172
84.011663 1166 4172
84.011696 1118 4172
84.011728 926 4172
84.011763 862 4172
84.011791 1198 4172
84.011820 1198 4172
84.011851 1198 4172
84.011880 1006 4172
84.033889 1198 4172
84.033894 926 4172
84.047481 366 4172
84.078268 1198 4172
84.078271 1198 4172
84.078354 1198 4172
84.078367 1198 4172
84.078395 1198 4172
84.078426 1198 4172
84.078452 606 4172
84.088539 1198 4172
84.089499 1198 4172
84.090362 1198 4172
84.090405 1198 4172
84.090576 1198 4172
84.090673 1198 4172
84.091221 494 4172
84.091255 1198 4172
84.091287 1198 4172
84.103344 1198 4172
84.103355 1198 4172
84.112534 1198 4172
84.124219 414 4172
84.124222 1198 4172
84.127350 1198 4172
84.127378 1198 4172
84.135710 1198 4172
84.135754 1198 4172
84.143492 1198 4172
84.157514 1198 4172
84.162853 782 4172
84.174168 1198 4172
84.177014 1198 4172
84.186388 1198 4172
84.186878 126 4172
84.187321 1198 4172
84.187711 1198 4172
84.188103 1198 4172
84.188229 558 4172
84.191703 1198 4172
84.199779 1198 4172
84.199800 1198 4172
84.207643 1198 4172
84.215283 1198 4172
84.215327 270 4172
84.215351 1198 4172
84.228696 1198 4172
84.231345 1198 4172
84.231392 1198 4172
84.239203 1198 4172
84.239244 350 4172
84.247224 110 4172
84.247260 1198 4172
84.247289 1198 4172
84.252746 1198 4172
84.268103 1198 4172
84.268132 1054 4172
84.271279 1198 4172
84.271324 1198 4172
84.282491 1198 4172
84.287238 1198 4172
84.287258 1198 4172
84.298314 1198 4172
84.303697 750 4172
84.303719 1198 4172
84.312295 1198 4172
84.312387 1198 4172
84.319775 1198 4172
84.327399 1198 4172
84.327437 558 4172
84.348229 1198 4172
84.348543 1198 4172
84.351246 1198 4172
84.351286 1198 4172
84.351317 1198 4172
84.364485 302 4172
84.364568 1198 4172
84.367619 1198 4172
84.367660 1198 4172
84.377177 1198 4172
84.377982 1198 4172
84.383229 1198 4172
84.396292 110 4172
84.397305 1198 4172
84.397331 1198 4172
84.406229 1198 4172
84.409799 1198 4172
84.433832 1198 4172
84.439491 1198 4172
84.439532 190 4172
84.439573 1198 4172
84.439602 1198 4172
84.439632 1198 4172
84.439659 1198 4172
84.447239 1198 4172
84.455203 222 4172
84.455251 1198 4172
84.455283 1198 4172
84.464009 1198 4172
84.464142 60 60000
84.471326 1198 4172
84.471363 1198 4172
84.479250 1198 4172
84.479365 302 4172
84.489045 1198 4172
84.489087 1198 4172
84.495216 1198 4172
84.505658 1198 4172
84.505784 1198 4172
84.507179 798 4172
84.507219 222 4172
84.507249 110 4172
84.507277 174 4172
84.507304 174 4172
84.515234 174 4172
84.515272 1198 4172
84.523309 334 4172
84.523340 1198 4172
84.531224 1198 4172
84.539266 1198 4172
84.539341 1198 4172
84.547249 1022 4172
84.555260 1198 4172
84.555343 1198 4172
84.563350 1038 4172
84.563384 1198 4172
84.571226 990 4172
84.578759 1198 4172
84.578805 1022 4172
84.587214 1198 4172
84.587245 1198 4172
84.607033 1198 4172
84.607967 1198 4172
84.611304 1198 4172
84.619250 270 4172
84.619323 1198 4172
84.619350 1198 4172
84.628201 1198 4172
84.635345 1070 4172
84.636008 574 4172
84.636046 1198 4172
84.646946 1198 4172
84.653417 1198 4172
84.653461 286 4172
84.661634 1198 4172
84.662052 1198 4172
84.664964 718 4172
84.667185 174 4172
84.667221 174 4172
84.667253 1198 4172
84.676646 1198 4172
84.679679 238 4172
84.713433 446 4172
84.713555 158 4172
84.713584 222 4172
84.733713 1198 4172
84.733799 1198 4172
84.733832 366 4172
84.733865 302 4172
84.733919 766 4172
84.779234 1038 4172
84.792371 110 4172
84.799118 206 4172
84.833794 190 4172
84.843266 110 4172
84.868471 1198 4172
84.868548 830 4172
84.872186 318 4172
84.872219 174 4172
84.872253 1198 4172
84.872286 638 4172
84.881621 1198 4172
84.881719 1198 4172
84.881759 1198 4172
84.881797 174 4172
84.887296 1198 4172
84.887335 1198 4172
84.887364 1198 4172
84.887395 302 4172
84.899399 1198 4172
84.899403 1198 4172
84.899498 1198 4172
84.899501 350 4172
84.910434 1198 4172
84.910505 1198 4172
84.910507 1198 4172
84.910537 398 4172
84.922546 1198 4172
84.922599 1198 4172
84.922640 1198 4172
84.932318 1198 4172
84.932355 1198 4172
84.932389 1198 4172
84.935412 1118 4172
84.935464 110 4172
84.943242 1198 4172
84.943280 1198 4172
84.951328 1198 4172
84.959417 478 4172
84.959496 1198 4172
84.967370 590 4172
84.967399 1198 4172
84.975230 1198 4172
84.975277 1198 4172
84.983215 1118 4172
84.983267 1198 4172
84.991282 1198 4172
84.999279 1198 4172
84.999329 254 4172
85.007129 174 4172
85.007201 174 4172
85.007252 1198 4172
85.007290 1198 4172
85.015196 910 4172
85.015236 1198 4172
85.019902 1198 4172
85.031320 1198 4172
85.031330 302 4172
85.047456 126 4172
85.047590 110 4172
85.063365 110 4172
85.151374 110 4172
85.171867 126 4172
85.183657 126 4172
85.191636 126 4172
85.195193 206 4172
85.207630 206 4172
85.219810 126 4172
85.229838 238 4172
85.239253 1198 4172
85.239292 1198 4172
85.239332 1198 4172
85.239370 622 4172
85.251720 1086 4172
85.259612 126 4172
85.259666 1198 4172
85.271659 222 4172
85.283631 126 4172
85.292224 750 4172
85.300267 750 4172
85.308313 974 4172
85.320533 1198 4172
85.320616 558 4172
85.327218 1198 4172
85.327272 878 4172
85.327318 110 4172
85.327364 110 4172
85.327402 110 4172
85.344139 1198 4172
85.344192 478 4172
85.351976 1198 4172
85.352030 286 4172
85.365586 1118 4172
85.371243 1198 4172
85.371291 126 4172
85.383875 206 4172
85.396210 798 4172
85.408080 574 4172
85.415129 670 4172
85.424317 1198 4172
85.424374 158 4172
85.432406 1198 4172
85.432457 238 4172
85.444585 1198 4172
85.444687 558 4172
85.452540 1198 4172
85.452590 1198 4172
85.452630 446 4172
85.459507 1198 4172
85.459546 1198 4172
85.459581 974 4172
85.476513 1198 4172
85.476663 1198 4172
85.476692 590 4172
85.483979 1198 4172
85.484021 382 4172
85.497589 958 4172
85.503259 1198 4172
85.503298 414 4172
85.516195 798 4172
85.528350 846 4172
85.528404 1198 4172
85.540523 1086 4172
85.547183 1198 4172
85.547254 1198 4172
85.547288 350 4172
85.560605 1198 4172
85.560646 1198 4172
85.560686 574 4172
85.572814 1198 4172
85.572871 1198 4172
85.572915 974 4172
85.580852 1198 4172
85.580894 1198 4172
85.580932 1198 4172
85.580964 1198 4172
85.581001 126 4172
85.591301 1198 4172
85.591354 1198 4172
85.591389 1198 4172
85.591427 1198 4172
85.591464 110 4172
85.591504 110 4172
85.591537 110 4172
85.591571 414 4172
85.600543 1198 4172
85.600594 1198 4172
85.600632 1198 4172
85.600669 750 4172
85.608060 1198 4172
85.608108 1198 4172
85.608150 1198 4172
85.608188 894 4172
85.621675 1198 4172
85.621775 110 4172
85.627844 1198 4172
85.627891 1182 4172
85.635370 1102 4172
85.652562 1198 4172
85.652601 510 4172
85.664689 1198 4172
85.664742 1086 4172
85.672776 1198 4172
85.672830 1198 4172
85.672872 1198 4172
85.672911 1038 4172
85.679219 1198 4172
85.679268 1198 4172
85.679308 1198 4172
85.679344 1198 4172
85.684926 366 4172
85.691354 1198 4172
85.691405 1198 4172
85.699428 1198 4172
85.707236 1198 4172
85.707284 942 4172
85.715357 1198 4172
85.723217 1198 4172
85.731360 1198 4172
85.731412 1198 4172
85.739261 1198 4172
85.747333 462 4172
85.747438 110 4172
85.747488 1198 4172
85.755216 1198 4172
85.755276 1198 4172
85.763265 1198 4172
85.763321 1198 4172
85.767194 1198 4172
85.779363 1198 4172
85.779407 510 4172
85.779454 1198 4172
85.787176 1198 4172
85.795400 1198 4172
85.795460 1198 4172
85.803237 1198 4172
85.803292 590 4172
85.811439 1198 4172
85.811482 1198 4172
85.819220 1198 4172
85.827318 1198 4172
85.827433 1198 4172
85.835287 766 4172
85.835335 1198 4172
85.843364 462 4172
85.843413 414 4172
85.843470 110 4172
85.843517 1198 4172
85.848503 174 4172
85.855188 1198 4172
85.855256 1198 4172
85.860770 782 4172
85.860826 110 4172
85.860869 110 4172
85.860927 110 4172
85.867239 1198 4172
85.867317 1198 4172
85.875438 1198 4172
85.899248 494 4172
85.943290 110 4172
86.075252 110 4172
86.163597 110 4172
86.163696 110 4172
86.163804 110 4172
86.423346 110 4172
86.423478 110 4172
86.423512 110 4172
86.687348 110 4172
86.687532 110 4172
86.687589 110 4172
86.775272 110 4172
86.863238 110 4172
86.951340 110 4172
87.215180 110 4172
87.479298 110 4172
87.733910 110 4172
87.743166 110 4172
87.875509 110 4172
88.007411 110 4172
88.271305 110 4172
88.755382 110 4172
88.843331 110 4172
89.767264 110 4172
90.771400 110 4172
90.859292 110 4172
90.947235 110 4172
91.735168 110 4172
91.867277 110 4172
92.739142 110 4172
92.871283 110 4172
93.703196 110 4172
93.747172 110 4172
93.835171 110 4172
94.755184 110 4172
94.843176 110 4172
95.767117 110 4172
95.855125 110 4172
96.335217 110 4172
96.775151 110 4172
96.863079 110 4172
96.907134 430 4172
96.907237 286 4172
97.035149 174 4172
97.735084 110 4172
97.867161 110 4172
98.747166 110 4172
98.835159 110 4172
99.055213 110 4172
99.755148 110 4172
99.843107 110 4172
100.767088 110 4172
100.855092 110 4172
101.691178 110 4172
101.735035 110 4172
101.867081 110 4172
102.747012 110 4172
102.875028 110 4172
103.755057 110 4172
103.843093 110 4172
104.415089 110 4172
104.707643 270 4172
104.707718 254 4172
104.707761 270 4172
104.707804 318 4172
104.707840 222 4172
104.711097 222 4172
104.711140 222 4172
104.711177 302 4172
104.711223 222 4172
104.711256 222 4172
104.711297 238 4172
104.723163 270 4172
104.723224 334 4172
104.723263 238 4172
104.723296 270 4172
104.723341 382 4172
104.723375 494 4172
104.727085 60 60000
104.766988 110 4172
104.852536 110 4172
104.855057 158 4172
104.871479 174 4172
104.879440 174 4172
104.891473 174 4172
104.895199 174 4172
104.898946 190 4172
105.073566 158 4172
105.076421 174 4172
105.079840 174 4172
105.109276 142 4172
105.109360 158 4172
105.118163 1198 4172
105.118213 1198 4172
105.118239 1198 4172
105.118288 1198 4172
105.118367 1198 4172
105.118442 1198 4172
105.118543 462 4172
105.126218 1198 4172
105.126251 1198 4172
105.126292 1198 4172
105.126328 1198 4172
105.126364 1198 4172
105.126397 1198 4172
105.126431 302 4172
105.135356 1198 4172
105.135443 1198 4172
105.135468 1198 4172
105.135500 1198 4172
105.143824 1198 4172
105.143851 1198 4172
105.152416 190 4172
105.153238 1198 4172
105.159397 1198 4172
105.159437 1198 4172
105.168615 1198 4172
105.169294 1198 4172
105.183605 1198 4172
105.191450 702 4172
105.191860 126 4172
105.191899 1198 4172
105.191929 1198 4172
105.191961 1198 4172
105.199784 1198 4172
105.199804 1198 4172
105.211966 1198 4172
105.218403 1182 4172
105.222106 1198 4172
105.223742 1198 4172
105.227622 1198 4172
105.227680 1198 4172
105.241394 1198 4172
105.242531 590 4172
105.243221 1198 4172
105.248974 1198 4172
105.255134 1198 4172
105.255170 1198 4172
105.263004 1198 4172
105.263039 446 4172
105.271287 1198 4172
105.271534 1198 4172
105.278996 1198 4172
105.279046 1198 4172
105.287054 1198 4172
105.295008 254 4172
105.295049 1198 4172
105.295084 1198 4172
105.307691 1198 4172
105.315041 1198 4172
105.315123 1198 4172
105.319097 1198 4172
105.319127 1198 4172
105.323708 414 4172
105.323741 1198 4172
105.339438 1198 4172
105.343033 1198 4172
105.352259 1134 4172
105.359032 1198 4172
105.359068 1198 4172
105.373657 1198 4172
105.373687 1198 4172
105.375029 1198 4172
105.375140 1198 4172
105.393414 1198 4172
105.407279 1198 4172
105.420317 110 4172
105.420681 1198 4172
105.420710 1198 4172
105.420748 1198 4172
105.420792 1198 4172
105.420833 1198 4172
105.423117 814 4172
105.423354 1198 4172
105.435219 1198 4172
105.435256 1198 4172
105.442768 1198 4172
105.446132 1198 4172
105.448254 1198 4172
105.472651 110 4172
105.477938 1102 4172
105.478956 1198 4172
105.478996 1198 4172
105.479027 1198 4172
105.479056 1198 4172
105.479082 1198 4172
105.479111 1198 4172
105.487024 1198 4172
105.487066 1198 4172
105.494958 1198 4172
105.502939 1198 4172
105.502975 1198 4172
105.511026 206 4172
105.511064 1198 4172
105.519653 1198 4172
105.519685 1198 4172
105.527155 1198 4172
105.527187 1198 4172
105.531888 60 60000
105.535013 686 4172
105.535049 430 4172
105.535083 174 4172
105.543005 174 4172
105.543031 718 4172
105.543090 1198 4172
105.551728 1198 4172
105.551809 1198 4172
105.559340 878 4172
105.559379 1198 4172
105.565706 1198 4172
105.565744 1198 4172
105.575013 942 4172
105.575049 1198 4172
105.583497 1198 4172
105.583531 1198 4172
105.591706 1198 4172
105.591788 462 4172
105.598994 1198 4172
105.599029 1198 4172
105.607013 1198 4172
105.607052 1198 4172
105.615389 1070 4172
105.615435 1198 4172
105.623512 1198 4172
105.631717 1198 4172
105.631845 1198 4172
105.639030 1198 4172
105.639057 1198 4172
105.647009 1198 4172
105.647044 1198 4172
105.651287 1198 4172
105.651326 958 4172
105.665868 1198 4172
105.665972 1198 4172
105.671002 1198 4172
105.671032 1198 4172
105.679003 1102 4172
105.687938 1198 4172
105.688019 1198 4172
105.694929 1198 4172
105.694961 1198 4172
105.703900 718 4172
105.705388 1198 4172
105.711015 1198 4172
105.711058 1198 4172
105.719006 1198 4172
105.719037 494 4172
105.719071 110 4172
105.727028 1198 4172
105.727066 1198 4172
105.735798 1198 4172
105.735845 894 4172
105.739398 110 4172
105.739442 1198 4172
105.739475 1198 4172
105.751028 734 4172
105.751102 174 4172
105.751133 1198 4172
105.759069 1198 4172
105.759101 798 4172
105.785801 510 4172
105.786031 254 4172
105.786126 1198 4172
105.786189 574 4172
105.809009 238 4172
105.809039 174 4172
105.809090 718 4172
105.809124 1198 4172
105.809155 1198 4172
105.809184 1198 4172
105.809216 846 4172
105.817341 1198 4172
105.817368 1198 4172
105.817397 1198 4172
105.817426 894 4172
105.825405 1198 4172
105.825442 1198 4172
105.825484 1198 4172
105.825517 1198 4172
105.825546 462 4172
105.834681 1198 4172
105.834708 1198 4172
105.834786 1198 4172
105.848601 110 4172
105.848728 1022 4172
105.848758 1198 4172
105.854972 1198 4172
105.855013 1198 4172
105.864975 1198 4172
105.865046 1198 4172
105.870950 1198 4172
105.870986 1198 4172
105.875928 1198 4172
105.875974 1198 4172
105.886998 1198 4172
105.887081 942 4172
105.895035 1198 4172
105.895073 1198 4172
105.902980 1198 4172
105.903010 1198 4172
105.911000 1102 4172
105.911035 1198 4172
105.918980 1198 4172
105.927028 1198 4172
105.927074 1198 4172
105.934985 686 4172
105.935034 1198 4172
105.935063 1198 4172
105.942998 110 4172
105.943045 1198 4172
105.943080 1198 4172
105.951130 478 4172
105.951176 1198 4172
105.959155 1198 4172
105.959211 1198 4172
105.963035 894 4172
105.963082 1198 4172
105.975139 1198 4172
105.975156 686 4172
105.983059 110 4172
105.983100 174 4172
105.983137 1198 4172
105.983172 1198 4172
105.987915 830 4172
105.995051 1198 4172
105.995099 1198 4172
106.003302 1198 4172
106.003350 1198 4172
106.006986 462 4172
106.007035 1198 4172
106.007081 1198 4172
106.019317 302 4172
106.019357 302 4172
106.027040 702 4172
106.027091 1198 4172
106.035546 1198 4172
106.035597 1198 4172
106.042993 1198 4172
106.043039 110 4172
106.043073 1198 4172
106.051146 1198 4172
106.059161 1198 4172
106.059195 1198 4172
106.067293 1198 4172
106.067342 1198 4172
106.075031 1198 4172
106.075083 1198 4172
106.083389 126 4172
106.083520 1198 4172
106.091079 1198 4172
106.095763 1198 4172
106.107066 1198 4172
106.107152 1198 4172
106.115229 1086 4172
106.115269 1198 4172
106.123011 1198 4172
106.123064 1198 4172
106.131253 1198 4172
106.131297 1198 4172
106.139060 1198 4172
106.139118 1198 4172
106.147193 1198 4172
106.147241 110 4172
106.147276 766 4172
106.155119 1198 4172
106.155180 1198 4172
106.163221 1198 4172
106.163279 1198 4172
106.171073 1198 4172
106.171104 1198 4172
106.179473 446 4172
106.179517 1198 4172
106.179556 1198 4172
106.183065 1198 4172
106.183173 1198 4172
106.195298 414 4172
106.195338 1198 4172
106.203057 1198 4172
106.211299 1198 4172
106.211351 1198 4172
106.219035 1198 4172
106.219079 1198 4172
106.227194 1198 4172
106.227264 334 4172
106.235015 1198 4172
106.235064 1198 4172
106.243160 1198 4172
106.243217 1198 4172
106.251028 1198 4172
106.251132 110 4172
106.251175 110 4172
106.251219 1118 4172
106.259341 1198 4172
106.259393 1198 4172
106.267036 1198 4172
106.267092 1198 4172
106.271019 1198 4172
106.271069 1198 4172
106.283040 1198 4172
106.283133 782 4172
106.291213 1198 4172
106.291259 1198 4172
106.299070 1198 4172
106.299122 1198 4172
106.307219 1198 4172
106.307361 1150 4172
106.315029 1198 4172
106.315077 1198 4172
106.323347 1198 4172
106.323396 1198 4172
106.331062 478 4172
106.331108 238 4172
106.331147 1198 4172
106.331189 1038 4172
106.339467 318 4172
106.339516 894 4172
106.339554 1198 4172
106.347022 1198 4172
106.347126 1198 4172
106.355431 110 4172
106.355480 894 4172
106.355514 1198 4172
106.359137 1198 4172
106.359179 1198 4172
106.371608 1070 4172
106.371696 1198 4172
106.379070 1198 4172
106.379178 1198 4172
106.387359 1198 4172
106.387413 574 4172
106.387447 1198 4172
106.395022 1198 4172
106.395072 1198 4172
106.403269 1198 4172
106.403322 1054 4172
106.411043 1198 4172
106.411083 1198 4172
106.419377 1198 4172
106.419418 1198 4172
106.427086 1198 4172
106.427140 190 4172
106.427185 1198 4172
106.435233 1198 4172
106.435276 1198 4172
106.443101 1198 4172
106.443151 814 4172
106.443195 1198 4172
106.446964 1198 4172
106.447006 1198 4172
106.459104 1198 4172
106.459281 1198 4172
106.467277 1198 4172
106.475045 1198 4172
106.475077 1198 4172
106.483255 1070 4172
106.483318 1198 4172
106.491094 1198 4172
106.491140 1198 4172
106.499326 1198 4172
106.499355 1198 4172
106.507083 670 4172
106.507141 1198 4172
106.507182 1198 4172
106.515218 1198 4172
106.515274 974 4172
106.523033 110 4172
106.523073 1198 4172
106.523129 1198 4172
106.531077 846 4172
106.531120 174 4172
106.531165 1198 4172
106.534993 1198 4172
106.535031 926 4172
106.547452 1198 4172
106.547524 1198 4172
106.555176 1198 4172
106.555280 1198 4172
106.563216 1198 4172
106.563255 1198 4172
106.571071 590 4172
106.579540 846 4172
106.587612 1198 4172
106.587656 558 4172
106.595692 1198 4172
106.595736 1198 4172
106.595781 446 4172
106.595820 830 4172
106.607635 1198 4172
106.607677 1198 4172
106.607717 398 4172
106.607768 1198 4172
106.619585 1198 4172
106.619635 1198 4172
106.619676 462 4172
106.622971 1198 4172
106.623019 1118 4172
106.643820 158 4172
106.651400 1198 4172
106.651456 1198 4172
106.651505 526 4172
106.663448 606 4172
106.666991 110 4172
106.683814 1198 4172
106.683852 1198 4172
106.683889 686 4172
106.695714 1198 4172
106.695806 1198 4172
106.695845 478 4172
106.708235 1198 4172
106.708314 1198 4172
106.708355 910 4172
106.708394 1198 4172
106.710969 1198 4172
106.711011 574 4172
106.728198 1198 4172
106.728285 734 4172
106.734047 1198 4172
106.734098 638 4172
106.740176 110 4172
106.752118 1198 4172
106.752198 686 4172
106.755155 1198 4172
106.755204 462 4172
106.771986 1198 4172
106.772135 270 4172
106.779791 1022 4172
106.779840 110 4172
106.779881 110 4172
106.779918 110 4172
106.791858 718 4172
106.798975 1118 4172
106.815367 958 4172
106.823440 318 4172
106.834116 878 4172
106.835970 110 4172
106.843004 1166 4172
106.856030 1198 4172
106.856077 110 4172
106.868304 1198 4172
106.868348 334 4172
106.876245 1198 4172
106.876287 1198 4172
106.876325 398 4172
106.884373 1198 4172
106.884418 558 4172
106.886968 1198 4172
106.887009 1198 4172
106.904225 1198 4172
106.904273 1198 4172
106.904321 510 4172
106.916234 1198 4172
106.916295 1198 4172
106.916364 158 4172
106.916427 1198 4172
106.924001 1198 4172
106.924072 1038 4172
106.924107 446 4172
106.931361 1198 4172
106.931407 654 4172
106.943875 1038 4172
106.943943 110 4172
106.953259 974 4172
106.964144 1198 4172
106.964190 206 4172
106.972076 1198 4172
106.972124 782 4172
106.974971 1198 4172
106.975012 926 4172
106.992562 1198 4172
106.992598 1198 4172
106.992636 174 4172
107.000492 1198 4172
107.000534 1198 4172
107.000572 1198 4172
107.000608 414 4172
107.012566 1198 4172
107.012659 1198 4172
107.012702 1198 4172
107.012740 542 4172
107.018967 1198 4172
107.019010 1198 4172
107.019053 1198 4172
107.019091 350 4172
107.032361 1198 4172
107.032409 1198 4172
107.032447 1198 4172
107.032491 734 4172
107.044466 1198 4172
107.044560 1198 4172
107.044602 1198 4172
107.044644 158 4172
107.044681 110 4172
107.052190 1198 4172
107.052240 1198 4172
107.052280 1006 4172
107.052318 110 4172
107.052356 110 4172
107.052394 110 4172
107.059881 1198 4172
107.059927 1198 4172
107.059965 430 4172
107.062915 1198 4172
107.062953 430 4172
107.085022 1198 4172
107.085134 126 4172
107.092236 1198 4172
107.092267 430 4172
107.104242 1198 4172
107.104346 1198 4172
107.104348 494 4172
107.107152 1198 4172
107.107233 1198 4172
107.107250 718 4172
107.124688 1198 4172
107.124749 1198 4172
107.124791 1198 4172
107.132680 1198 4172
107.132720 1198 4172
107.132764 1198 4172
107.132800 1198 4172
107.132842 766 4172
107.135141 1198 4172
107.135182 1198 4172
107.135217 1198 4172
107.135255 1198 4172
107.135299 1006 4172
107.135329 110 4172
107.144659 190 4172
107.150992 1198 4172
107.151030 1198 4172
107.151081 1198 4172
107.151124 1198 4172
107.151163 654 4172
107.164613 1198 4172
107.164705 1198 4172
107.164707 1198 4172
107.164740 1198 4172
107.164776 1054 4172
107.172523 1198 4172
107.172568 1198 4172
107.172607 1198 4172
107.172642 1198 4172
107.172677 462 4172
107.180325 1198 4172
107.180379 1198 4172
107.180420 1198 4172
107.180458 1070 4172
107.191994 1198 4172
107.192082 1198 4172
107.192118 1198 4172
107.192154 206 4172
107.194980 1198 4172
107.195032 894 4172
107.213523 1198 4172
107.220378 1198 4172
107.220442 1198 4172
107.220484 174 4172
107.232348 1198 4172
107.232438 1198 4172
107.232441 1198 4172
107.232493 478 4172
107.238993 1198 4172
107.239039 1198 4172
107.239076 1198 4172
107.239113 654 4172
107.239149 110 4172
107.239183 462 4172
107.283400 1198 4172
107.283529 1198 4172
107.283531 1198 4172
107.283564 1198 4172
107.283599 318 4172
107.327162 110 4172
107.327217 110 4172
107.327316 110 4172
107.371095 110 4172
107.459441 110 4172
107.591287 110 4172
107.591369 110 4172
107.591415 110 4172
107.767210 110 4172
107.899180 110 4172
107.899184 110 4172
107.899266 110 4172
108.119081 110 4172
108.119133 110 4172
108.119171 110 4172
108.423089 110 4172
108.687147 110 4172
108.863160 110 4172
108.951181 110 4172
109.215070 110 4172
109.479056 110 4172
109.734181 110 4172
109.742985 110 4172
109.875302 110 4172
110.007154 110 4172
110.755232 110 4172
110.843018 110 4172
111.763032 110 4172
111.851090 110 4172
112.767067 110 4172
112.855011 110 4172
113.734924 110 4172
114.834976 110 4172
115.359144 110 4172
115.755008 110 4172
115.842917 110 4172
116.763074 110 4172
116.851002 110 4172
117.771002 110 4172
117.859091 110 4172
118.030883 110 4172
118.862945 110 4172
119.742944 110 4172
119.875013 110 4172
120.734312 110 4172
120.754872 110 4172
121.766860 110 4172
122.734791 110 4172
122.867184 110 4172
123.394730 110 4172
123.746964 110 4172
123.834725 110 4172
124.759034 110 4172
124.846943 110 4172
125.607938 174 4172
125.607965 174 4172
125.607995 958 4172
125.613225 1198 4172
125.613257 1198 4172
125.613296 942 4172
125.613329 1198 4172
125.613357 1198 4172
125.613384 1022 4172
125.628734 1198 4172
125.628755 1198 4172
125.628784 1198 4172
125.628808 1198 4172
125.628833 734 4172
125.630773 1198 4172
125.630803 1198 4172
125.630828 1198 4172
125.630855 1198 4172
125.630879 1198 4172
125.630904 1198 4172
125.630929 126 4172
125.630963 1198 4172
125.630987 1198 4172
125.631011 1198 4172
125.638892 1198 4172
125.638923 1198 4172
125.646817 1198 4172
125.646858 270 4172
125.646895 1198 4172
125.654949 1198 4172
125.654978 1198 4172
125.664675 1198 4172
125.664711 926 4172
125.664732 1198 4172
125.670856 1198 4172
125.670904 1198 4172
125.674709 1198 4172
125.674736 1198 4172
125.686897 158 4172
125.686927 1198 4172
125.686960 1198 4172
125.694865 1198 4172
125.694909 1198 4172
125.705577 1038 4172
125.705589 1198 4172
125.705685 1198 4172
125.710866 1198 4172
125.710916 1198 4172
125.718924 1198 4172
125.718971 1198 4172
125.726896 1198 4172
125.726950 1198 4172
125.734854 222 4172
125.734892 174 4172
125.734923 174 4172
125.734955 1198 4172
125.734984 174 4172
125.742846 1198 4172
125.742895 1198 4172
125.742932 1198 4172
125.750880 702 4172
125.750919 1198 4172
125.756334 1038 4172
125.764448 1198 4172
125.764482 1198 4172
125.764554 1198 4172
125.770848 478 4172
125.770890 1198 4172
125.770927 1198 4172
125.779353 1118 4172
125.779393 1198 4172
125.786841 60 60000
125.787009 1198 4172
125.787084 254 4172
125.787127 1198 4172
125.795149 1198 4172
125.795193 1006 4172
125.802811 110 4172
125.802844 1198 4172
125.802878 1198 4172
125.806670 1198 4172
125.806709 894 4172
125.806743 1198 4172
125.818847 1198 4172
125.818869 1198 4172
125.818898 1198 4172
125.828723 1198 4172
125.834790 1198 4172
125.834823 1102 4172
125.834859 1198 4172
125.842872 110 4172
125.842907 1198 4172
125.842941 1198 4172
125.850972 1198 4172
125.851013 1198 4172
125.858998 1198 4172
125.859040 1198 4172
125.866835 270 4172
125.866889 1198 4172
125.866932 1198 4172
125.874964 1198 4172
125.874995 1198 4172
125.882847 1198 4172
125.882885 1198 4172
125.882923 1198 4172
125.890924 318 4172
125.890958 1198 4172
125.890993 1198 4172
125.894751 1198 4172
125.894788 1198 4172
125.906900 1198 4172
125.906934 1198 4172
125.914830 1198 4172
125.914884 750 4172
125.914938 1198 4172
125.923546 1198 4172
125.923557 1198 4172
125.930840 1198 4172
125.930905 1198 4172
125.938948 1198 4172
125.946871 1006 4172
125.946917 110 4172
125.946950 1198 4172
125.946981 1198 4172
125.954878 1198 4172
125.954923 1198 4172
125.962864 1198 4172
125.962903 1198 4172
125.971337 510 4172
125.971427 1198 4172
125.971453 1198 4172
125.978884 1198 4172
125.978988 1198 4172
125.982886 1198 4172
125.982931 1198 4172
125.994913 1198 4172
125.994958 702 4172
125.994996 1198 4172
126.003873 1198 4172
126.003987 1198 4172
126.010787 1198 4172
126.010856 1198 4172
126.018913 1198 4172
126.018963 190 4172
126.018996 1198 4172
126.028768 1198 4172
126.028822 1198 4172
126.028866 1198 4172
126.034843 1198 4172
126.042860 1198 4172
126.042894 1198 4172
126.050924 638 4172
126.050996 1198 4172
126.051066 1198 4172
126.058858 1198 4172
126.058891 1198 4172
126.067071 1198 4172
126.067122 110 4172
126.067150 1198 4172
126.070739 1198 4172
126.070770 1198 4172
126.070819 174 4172
126.084743 1198 4172
126.084885 1198 4172
126.090835 1198 4172
126.090866 1198 4172
126.090911 1198 4172
126.099560 1198 4172
126.099593 1198 4172
126.106794 318 4172
126.106832 1198 4172
126.106867 1198 4172
126.114892 1198 4172
126.114924 1198 4172
126.122815 1198 4172
126.122849 1198 4172
126.131296 1198 4172
126.131322 1198 4172
126.138823 1198 4172
126.138874 1198 4172
126.138928 1198 4172
126.146857 1198 4172
126.146896 1198 4172
126.154790 846 4172
126.154819 1198 4172
126.165860 190 4172
126.165900 1198 4172
126.165927 1198 4172
126.171145 1198 4172
126.171209 1198 4172
126.171306 1198 4172
126.190002 798 4172
126.192195 1198 4172
126.192244 1198 4172
126.194877 1198 4172
126.196409 1198 4172
126.196445 1198 4172
126.196488 1198 4172
126.202820 1198 4172
126.202852 414 4172
126.210952 1198 4172
126.210989 1198 4172
126.211021 1198 4172
126.219412 1198 4172
126.219431 1198 4172
126.239635 1198 4172
126.239692 1006 4172
126.246807 494 4172
126.246952 1198 4172
126.246983 1198 4172
126.247011 1198 4172
126.247037 302 4172
126.247065 1086 4172
126.251576 1198 4172
126.251607 126 4172
126.251638 862 4172
126.251664 910 4172
126.255297 814 4172
126.255343 1198 4172
126.268992 1198 4172
126.269111 1198 4172
126.269141 462 4172
126.277503 1198 4172
126.277549 878 4172
126.283203 1198 4172
126.283542 1198 4172
126.283585 1198 4172
126.283748 1198 4172
126.301884 1198 4172
126.303593 1198 4172
126.321508 1118 4172
126.321893 1198 4172
126.321918 1198 4172
126.322885 1198 4172
126.322913 1198 4172
126.322942 1198 4172
126.322968 206 4172
126.322999 1198 4172
126.323023 110 4172
126.323050 958 4172
126.331025 1198 4172
126.331089 1198 4172
126.340229 1198 4172
126.348010 1198 4172
126.356284 1198 4172
126.364430 1198 4172
126.364522 1070 4172
126.367198 1198 4172
126.368369 1198 4172
126.368418 1198 4172
126.369200 1198 4172
126.369565 1198 4172
126.377299 1198 4172
126.379695 1198 4172
126.379736 270 4172
126.379836 1198 4172
126.383731 126 4172
126.383773 1198 4172
126.383810 1198 4172
126.394848 1198 4172
126.394878 1198 4172
126.394918 1198 4172
126.405019 1198 4172
126.405080 286 4172
126.405126 1198 4172
126.413023 1198 4172
126.413120 1198 4172
126.419097 1198 4172
126.419176 1198 4172
126.430523 1150 4172
126.430553 1198 4172
126.435307 1198 4172
126.435340 1198 4172
126.435377 1198 4172
126.443972 1198 4172
126.450025 894 4172
126.450074 1198 4172
126.451974 1198 4172
126.462395 1198 4172
126.462445 1198 4172
126.468531 1198 4172
126.468564 1150 4172
126.468594 1198 4172
126.478244 1198 4172
126.478282 1198 4172
126.482159 1198 4172
126.482201 1198 4172
126.490857 1198 4172
126.490910 1198 4172
126.499029 1022 4172
126.499076 1198 4172
126.499108 1198 4172
126.506889 1198 4172
126.506920 1198 4172
126.515463 1198 4172
126.515515 1198 4172
126.524469 1198 4172
126.524513 1198 4172
126.533553 1198 4172
126.533653 1198 4172
126.538833 1198 4172
126.538876 1198 4172
126.546882 1198 4172
126.546921 430 4172
126.546953 1198 4172
126.554794 1198 4172
126.562844 718 4172
126.562880 1198 4172
126.562914 1198 4172
126.571349 1198 4172
126.571385 718 4172
126.571767 1198 4172
126.576197 1198 4172
126.576364 1198 4172
126.587401 110 4172
126.587506 1198 4172
126.587547 1198 4172
126.609723 1198 4172
126.609900 1198 4172
126.611863 462 4172
126.611933 1198 4172
126.623166 1198 4172
126.623309 1198 4172
126.623322 1198 4172
126.623353 1198 4172
126.623398 1198 4172
126.638879 654 4172
126.638994 1198 4172
126.639028 1198 4172
126.657890 1198 4172
126.657953 1198 4172
126.657989 1198 4172
126.658030 1198 4172
126.658051 862 4172
126.658893 1198 4172
126.658931 1198 4172
126.658961 1198 4172
126.658990 1198 4172
126.670862 1086 4172
126.670899 238 4172
126.670927 270 4172
126.670953 1198 4172
126.674865 1198 4172
126.674908 1198 4172
126.682872 670 4172
126.682906 1198 4172
126.682940 1198 4172
126.687253 60 60000
126.691774 1198 4172
126.691810 1198 4172
126.702805 974 4172
126.702842 1198 4172
126.702878 1198 4172
126.710967 1198 4172
126.716910 1182 4172
126.716997 1198 4172
126.723074 1198 4172
126.723111 1198 4172
126.736089 1198 4172
126.736128 1198 4172
126.736162 158 4172
126.736196 1198 4172
126.739858 1198 4172
126.739938 1198 4172
126.746411 1198 4172
126.746905 1198 4172
126.751292 1198 4172
126.751332 110 4172
126.751362 478 4172
126.751391 1198 4172
126.762857 1198 4172
126.762945 1198 4172
126.771787 1198 4172
126.771877 1198 4172
126.778777 286 4172
126.778816 1198 4172
126.778848 1198 4172
126.790951 1198 4172
126.790984 1198 4172
126.795257 1198 4172
126.795335 174 4172
126.795373 1198 4172
126.795411 1198 4172
126.802796 1198 4172
126.802831 1198 4172
126.812871 1102 4172
126.813727 1198 4172
126.818841 1198 4172
126.818883 1198 4172
126.818917 1198 4172
126.826977 830 4172
126.827013 1198 4172
126.834970 1198 4172
126.835013 1198 4172
126.841035 1198 4172
126.841080 718 4172
126.841116 110 4172
126.841148 1198 4172
126.850914 1198 4172
126.850996 1198 4172
126.860487 1198 4172
126.860525 110 4172
126.860559 638 4172
126.860595 1198 4172
126.867169 1198 4172
126.870246 1198 4172
126.875927 1198 4172
126.875962 510 4172
126.876770 1198 4172
126.885956 1198 4172
126.887221 1198 4172
126.887269 1198 4172
126.890815 510 4172
126.890856 1198 4172
126.898820 1198 4172
126.898859 1198 4172
126.907497 1198 4172
126.907581 750 4172
126.915361 1198 4172
126.916395 1198 4172
126.916440 1198 4172
126.923516 1198 4172
126.927324 1198 4172
126.927402 1198 4172
126.931692 318 4172
126.932417 606 4172
126.938928 222 4172
126.938968 1198 4172
126.939003 1198 4172
126.957019 1198 4172
126.957186 110 4172
126.957225 1198 4172
126.957395 1198 4172
126.966043 366 4172
126.967383 1198 4172
126.967435 1198 4172
126.967530 1198 4172
126.967570 1198 4172
126.967622 1198 4172
126.970889 1198 4172
126.975028 1198 4172
126.986952 1198 4172
126.990777 1198 4172
126.990846 1198 4172
126.995285 1198 4172
127.003679 1198 4172
127.013309 1198 4172
127.028314 1038 4172
127.028682 1198 4172
127.028828 1198 4172
127.028993 1198 4172
127.034785 542 4172
127.034838 1198 4172
127.034900 1198 4172
127.034960 1198 4172
127.035026 1198 4172
127.035064 1198 4172
127.057300 1198 4172
127.057639 558 4172
127.057675 1198 4172
127.062543 1198 4172
127.063888 1198 4172
127.063940 1198 4172
127.071637 1198 4172
127.071812 1198 4172
127.075231 1198 4172
127.075503 782 4172
127.085817 1198 4172
127.085922 1198 4172
127.105421 1198 4172
127.106200 1198 4172
127.106246 1198 4172
127.119074 1198 4172
127.119877 1198 4172
127.119924 1198 4172
127.119966 334 4172
127.120058 1198 4172
127.120094 1198 4172
127.122987 1198 4172
127.123050 1198 4172
127.125912 1198 4172
127.126050 1198 4172
127.134054 1198 4172
127.134098 110 4172
127.134225 1198 4172
127.139684 1198 4172
127.141810 1198 4172
127.152377 1198 4172
127.152484 1198 4172
127.152521 1198 4172
127.155543 1198 4172
127.165923 1198 4172
127.166022 1198 4172
127.179586 1198 4172
127.179681 1198 4172
127.179717 1198 4172
127.179757 1198 4172
127.186857 1198 4172
127.187866 1198 4172
127.187915 894 4172
127.188067 1198 4172
127.196131 1198 4172
127.196172 1198 4172
127.196208 1198 4172
127.203000 1198 4172
127.203042 1198 4172
127.213350 910 4172
127.213374 1198 4172
127.213401 1198 4172
127.219024 1198 4172
127.219106 1198 4172
127.227042 1198 4172
127.236082 686 4172
127.236131 1198 4172
127.236162 1198 4172
127.242782 1198 4172
127.242830 1198 4172
127.253337 1198 4172
127.253389 1070 4172
127.253422 1198 4172
127.258808 1198 4172
127.258861 1198 4172
127.266881 1198 4172
127.266928 1198 4172
127.270774 1198 4172
127.270815 1070 4172
127.270848 1198 4172
127.283237 1198 4172
127.283408 1198 4172
127.290904 1198 4172
127.290949 1198 4172
127.299792 1198 4172
127.299918 798 4172
127.299920 1198 4172
127.306780 1198 4172
127.306826 1198 4172
127.314879 1198 4172
127.314927 1198 4172
127.322836 1038 4172
127.322890 1198 4172
127.322934 1198 4172
127.331463 222 4172
127.331507 1198 4172
127.331546 1198 4172
127.338849 1198 4172
127.338886 1198 4172
127.347157 1198 4172
127.347275 894 4172
127.347277 1198 4172
127.354808 1198 4172
127.354855 1198 4172
127.358910 1198 4172
127.358958 1198 4172
127.358996 1198 4172
127.370863 1198 4172
127.370873 1166 4172
127.379022 1198 4172
127.379078 1198 4172
127.386783 1198 4172
127.386820 1198 4172
127.395271 110 4172
127.395364 1198 4172
127.395402 1198 4172
127.395441 1198 4172
127.402895 1198 4172
127.402945 798 4172
127.411006 1198 4172
127.411070 1198 4172
127.411111 1198 4172
127.418806 1198 4172
127.418860 1198 4172
127.427059 1198 4172
127.427199 1198 4172
127.434840 1198 4172
127.434883 1198 4172
127.434930 526 4172
127.442878 1198 4172
127.446776 1198 4172
127.446920 1198 4172
127.459011 1198 4172
127.459018 1198 4172
127.466815 1198 4172
127.466962 1198 4172
127.474989 670 4172
127.475035 1198 4172
127.475071 1198 4172
127.482826 1198 4172
127.482871 1198 4172
127.491185 1198 4172
127.491247 1198 4172
127.491286 1198 4172
127.498897 1198 4172
127.499039 1198 4172
127.507107 1198 4172
127.507147 1102 4172
127.514838 1198 4172
127.514881 1198 4172
127.514920 1198 4172
127.523147 1198 4172
127.523195 1198 4172
127.530840 1198 4172
127.530902 1198 4172
127.534798 1198 4172
127.534840 846 4172
127.534879 1198 4172
127.546848 1198 4172
127.546907 1198 4172
127.555222 1198 4172
127.555325 1198 4172
127.555378 1198 4172
127.562852 1198 4172
127.562893 718 4172
127.562931 1198 4172
127.571169 1198 4172
127.571207 1198 4172
127.578788 1198 4172
127.578839 1198 4172
127.586976 1198 4172
127.587053 1198 4172
127.587090 238 4172
127.594822 1198 4172
127.594866 1198 4172
127.594904 1198 4172
127.603050 1198 4172
127.603110 1198 4172
127.610825 1198 4172
127.610932 1198 4172
127.610974 318 4172
127.619084 1198 4172
127.619138 1198 4172
127.619176 1198 4172
127.622669 1198 4172
127.622710 1198 4172
127.634971 1198 4172
127.635024 1166 4172
127.642744 1198 4172
127.642790 1198 4172
127.642827 1198 4172
127.651053 1198 4172
127.651106 110 4172
127.651144 1198 4172
127.658927 1198 4172
127.658973 238 4172
127.659014 1198 4172
127.666966 1198 4172
127.667029 1198 4172
127.667067 1198 4172
127.674868 1198 4172
127.675017 1198 4172
127.682997 206 4172
127.683046 1198 4172
127.683087 1198 4172
127.690888 1198 4172
127.690932 1198 4172
127.690971 1198 4172
127.699185 1198 4172
127.699240 1150 4172
127.706818 1198 4172
127.706865 1198 4172
127.706904 1198 4172
127.710896 254 4172
127.710943 1198 4172
127.710982 1198 4172
127.734356 478 4172
127.734418 478 4172
127.754881 110 4172
127.842877 110 4172
127.863494 126 4172
127.875396 126 4172
127.886824 126 4172
127.895406 126 4172
127.907270 126 4172
127.915356 126 4172
127.915433 110 4172
127.927331 126 4172
127.930728 126 4172
127.939356 110 4172
127.947216 126 4172
127.959309 126 4172
127.971376 126 4172
127.974744 126 4172
127.995301 126 4172
128.003950 126 4172
128.013260 1198 4172
128.013311 1198 4172
128.013355 1198 4172
128.013402 1198 4172
128.013440 1198 4172
128.013477 1198 4172
128.013519 1198 4172
128.013554 958 4172
128.019039 1198 4172
128.019084 510 4172
128.034250 1198 4172
128.034303 1198 4172
128.034345 110 4172
128.036554 110 4172
128.044659 1198 4172
128.044713 1198 4172
128.044754 1198 4172
128.044791 590 4172
128.052771 1198 4172
128.052810 1198 4172
128.052855 1198 4172
128.052892 1086 4172
128.060707 1198 4172
128.060748 1198 4172
128.060794 1198 4172
128.060833 1198 4172
128.060870 734 4172
128.062654 1198 4172
128.062695 1198 4172
128.062731 1198 4172
128.062767 1198 4172
128.062803 590 4172
128.084763 1198 4172
128.084861 1198 4172
128.084863 1198 4172
128.084895 1198 4172
128.084931 126 4172
128.092598 1198 4172
128.092640 1198 4172
128.092686 1198 4172
128.092731 1102 4172
128.104646 1198 4172
128.104701 1198 4172
128.104739 558 4172
128.106775 1198 4172
128.106821 1198 4172
128.106859 1198 4172
128.106895 190 4172
128.116643 1198 4172
128.124496 1198 4172
128.124540 366 4172
128.134247 1198 4172
128.134297 1198 4172
128.134340 1198 4172
128.134377 206 4172
128.136331 110 4172
128.144474 1198 4172
128.144527 1198 4172
128.144571 622 4172
128.144609 1198 4172
128.144648 1198 4172
128.150727 1198 4172
128.150769 1198 4172
128.150811 606 4172
128.168087 1198 4172
128.168176 1198 4172
128.168217 1198 4172
128.168256 382 4172
128.181356 1198 4172
128.181444 1198 4172
128.181446 574 4172
128.192462 1198 4172
128.192564 846 4172
128.192610 110 4172
128.192655 110 4172
128.194951 1198 4172
128.195008 1198 4172
128.195054 1198 4172
128.195092 574 4172
128.213093 1198 4172
128.213217 1198 4172
128.213225 1198 4172
128.213263 1198 4172
128.213301 1198 4172
128.213337 814 4172
128.221129 1198 4172
128.221180 1198 4172
128.221217 1198 4172
128.221254 1198 4172
128.221292 1198 4172
128.221330 1198 4172
128.221366 350 4172
128.226928 1198 4172
128.226987 1198 4172
128.227027 1198 4172
128.227065 1198 4172
128.234776 1198 4172
128.234831 1198 4172
128.238802 1198 4172
128.238852 110 4172
128.238893 1198 4172
128.250862 1198 4172
128.250933 1198 4172
128.250975 1198 4172
128.259012 1198 4172
128.259078 1198 4172
128.266848 974 4172
128.266961 1198 4172
128.267006 1198 4172
128.275080 1198 4172
128.275124 1198 4172
128.275161 1198 4172
128.282843 1198 4172
128.282885 494 4172
128.282925 1198 4172
128.291520 1198 4172
128.291575 1198 4172
128.298844 1198 4172
128.298894 1198 4172
128.298933 1198 4172
128.307024 318 4172
128.307074 1198 4172
128.307128 1198 4172
128.314798 1198 4172
128.314846 1198 4172
128.323106 1198 4172
128.323201 702 4172
128.323242 1198 4172
128.326790 1198 4172
128.326869 1198 4172
128.326923 1198 4172
128.339102 1198 4172
128.339153 206 4172
128.339190 1198 4172
128.346805 1198 4172
128.355011 110 4172
128.355083 1198 4172
128.355149 558 4172
128.362784 1198 4172
128.362837 1198 4172
128.362884 1198 4172
128.371219 1198 4172
128.371280 1198 4172
128.378814 1198 4172
128.378875 286 4172
128.378922 1198 4172
128.386921 1198 4172
128.386967 1198 4172
128.387011 1198 4172
128.394815 1198 4172
128.394869 334 4172
128.394910 1198 4172
128.403065 1198 4172
128.403112 1198 4172
128.403157 1198 4172
128.410817 462 4172
128.410879 1198 4172
128.410918 1198 4172
128.414757 1198 4172
128.426822 1198 4172
128.426875 430 4172
128.426928 1198 4172
128.434839 1198 4172
128.434897 1070 4172
128.434939 1198 4172
128.442708 1198 4172
128.442768 638 4172
128.442812 110 4172
128.442855 1198 4172
128.451072 1198 4172
128.451119 1198 4172
128.458846 1198 4172
128.458911 110 4172
128.458960 110 4172
128.459002 110 4172
128.459043 1198 4172
128.459083 1198 4172
128.466928 990 4172
128.466985 1198 4172
128.474775 1198 4172
128.474817 1198 4172
128.474863 1198 4172
128.482960 1198 4172
128.490890 1198 4172
128.490941 1198 4172
128.490988 1102 4172
128.498859 1198 4172
128.498914 1198 4172
128.498956 1198 4172
128.502788 1198 4172
128.502836 1198 4172
128.515022 1198 4172
128.515088 1198 4172
128.515133 1198 4172
128.522763 1198 4172
128.522812 1198 4172
128.530930 638 4172
128.530978 1198 4172
128.531017 1198 4172
128.538817 1198 4172
128.538856 1198 4172
128.538897 1198 4172
128.546884 1198 4172
128.546931 1198 4172
128.554832 1198 4172
128.554884 110 4172
128.554928 1198 4172
128.554968 1198 4172
128.563072 430 4172
128.563119 1198 4172
128.563165 1198 4172
128.570781 1198 4172
128.570821 1198 4172
128.579155 1198 4172
128.579218 1198 4172
128.579258 1198 4172
128.586813 1198 4172
128.586857 1198 4172
128.586901 1198 4172
128.590834 286 4172
128.590885 1198 4172
128.590932 1198 4172
128.602835 1198 4172
128.602950 1198 4172
128.611165 1198 4172
128.611221 1198 4172
128.611260 1198 4172
128.618843 1198 4172
128.618897 1198 4172
128.626871 830 4172
128.626912 1198 4172
128.626961 1198 4172
128.634702 1198 4172
128.634755 1198 4172
128.642926 1198 4172
128.642967 1198 4172
128.650741 1198 4172
128.650799 110 4172
128.650843 1198 4172
128.650891 958 4172
128.658965 1198 4172
128.659015 1198 4172
128.659061 1198 4172
128.666817 1198 4172
128.666869 1198 4172
128.674957 1198 4172
128.675004 1198 4172
128.675049 1198 4172
128.678743 1198 4172
128.678788 1198 4172
128.691116 318 4172
128.691121 1198 4172
128.691204 1198 4172
128.691206 1198 4172
128.698848 1198 4172
128.698909 1198 4172
128.706916 1198 4172
128.706966 1198 4172
128.707004 1198 4172
128.714789 782 4172
128.714853 1198 4172
128.714906 1198 4172
128.722951 110 4172
128.722998 110 4172
128.723045 110 4172
128.723084 1198 4172
128.723127 1198 4172
128.730824 1198 4172
128.730886 1198 4172
128.730925 1198 4172
128.738872 1198 4172
128.738919 1198 4172
128.746817 110 4172
128.746867 1198 4172
128.746909 1198 4172
128.746954 1198 4172
128.755029 1198 4172
128.755083 1198 4172
128.762778 1198 4172
128.762832 1198 4172
128.762875 1198 4172
128.766750 206 4172
128.766790 862 4172
128.766832 1198 4172
128.766878 1198 4172
128.778828 1198 4172
128.786962 1198 4172
128.787018 1198 4172
128.787076 1198 4172
128.794801 254 4172
128.794859 1198 4172
128.794902 1198 4172
128.802973 1198 4172
128.803019 1198 4172
128.803059 1198 4172
128.810768 1198 4172
128.810834 1198 4172
128.810885 1198 4172
128.819231 334 4172
128.819277 1198 4172
128.819309 1198 4172
128.826739 1198 4172
128.826799 1198 4172
128.826848 1198 4172
128.834877 1198 4172
128.834939 1198 4172
128.842856 1198 4172
128.842892 494 4172
128.842928 110 4172
128.842963 1198 4172
128.854785 1198 4172
128.854834 590 4172
128.942785 110 4172
129.030852 110 4172
129.030915 110 4172
129.030949 110 4172
129.074998 110 4172
129.291006 110 4172
129.291144 110 4172
129.291146 110 4172
129.550906 110 4172
129.550931 110 4172
129.551027 110 4172
129.770970 110 4172
129.814927 110 4172
129.859199 110 4172
130.078770 110 4172
130.342746 110 4172
130.606865 110 4172
130.738914 110 4172
130.870930 110 4172
130.914995 110 4172
131.178954 110 4172
131.443152 110 4172
131.706764 110 4172
131.750876 110 4172
131.838789 110 4172
131.971038 110 4172
132.750851 110 4172
132.838722 110 4172
133.758816 110 4172
134.638775 110 4172
134.770852 110 4172
134.858898 110 4172
135.738735 110 4172
135.870653 110 4172
136.746744 110 4172
136.834596 110 4172
137.358804 110 4172
137.754739 110 4172
137.842591 110 4172
138.758685 110 4172
138.846735 110 4172
139.762959 110 4172
139.850789 110 4172
140.070803 110 4172
140.770789 110 4172
141.766571 110 4172
141.854688 110 4172
142.682684 110 4172
142.770747 110 4172
142.858602 110 4172
143.738550 110 4172
143.870734 110 4172
144.746643 110 4172
144.878701 110 4172
145.402642 110 4172
145.754705 110 4172
145.842613 110 4172
146.774595 110 4172
146.862596 110 4172
146.903870 942 4172
146.903910 1198 4172
146.903936 1198 4172
146.903961 1198 4172
146.906491 1198 4172
146.906526 1198 4172
146.906552 1198 4172
146.906577 1198 4172
146.906607 1198 4172
146.906633 1198 4172
146.906658 1198 4172
146.906687 1198 4172
146.906718 302 4172
146.906748 1198 4172
146.906777 1198 4172
146.906806 1198 4172
146.906835 1198 4172
146.906864 1102 4172
146.914615 1198 4172
146.914657 1198 4172
146.914694 1086 4172
146.914731 1198 4172
146.922717 1198 4172
146.922752 1198 4172
146.922794 1198 4172
146.922826 782 4172
146.930756 1198 4172
146.930809 1198 4172
146.930853 1198 4172
146.930889 1198 4172
146.938628 1198 4172
146.938666 446 4172
146.938698 1198 4172
146.946718 1198 4172
146.946755 1198 4172
146.950568 1198 4172
146.950612 1198 4172
146.962672 1198 4172
146.962707 1198 4172
146.962762 1198 4172
146.970640 1198 4172
146.970669 1198 4172
146.970702 1198 4172
146.980846 1198 4172
146.981010 1198 4172
146.986629 702 4172
146.986666 1198 4172
146.986698 1198 4172
146.998476 318 4172
146.998521 1198 4172
146.998550 1198 4172
146.998576 1198 4172
146.998615 126 4172
147.002571 1198 4172
147.002617 1198 4172
147.013878 318 4172
147.013914 1198 4172
147.013945 1198 4172
147.013976 1198 4172
147.018579 1198 4172
147.018612 1198 4172
147.018644 1198 4172
147.030466 1198 4172
147.030543 1198 4172
147.030598 318 4172
147.034584 1198 4172
147.034634 1198 4172
147.034699 1198 4172
147.042630 1198 4172
147.050598 718 4172
147.050639 1198 4172
147.059257 1198 4172
147.066664 1198 4172
147.066707 1054 4172
147.074590 1198 4172
147.074631 1198 4172
147.082580 1198 4172
147.086541 1198 4172
147.086592 1198 4172
147.098673 574 4172
147.109375 1198 4172
147.109387 1198 4172
147.114654 1198 4172
147.114677 926 4172
147.122850 654 4172
147.122884 558 4172
147.124900 270 4172
147.130665 254 4172
147.130719 270 4172
147.130762 318 4172
147.130797 1198 4172
147.138613 1198 4172
147.138706 766 4172
147.138746 1198 4172
147.146579 1198 4172
147.154769 1086 4172
147.154863 1198 4172
147.162676 1198 4172
147.162731 1198 4172
147.170687 238 4172
147.170770 1198 4172
147.175044 1198 4172
147.175094 1198 4172
147.186653 542 4172
147.186711 1198 4172
147.194618 1198 4172
147.194688 1198 4172
147.203680 494 4172
147.204630 1198 4172
147.210633 1198 4172
147.210666 878 4172
147.218653 1198 4172
147.218688 1198 4172
147.226597 1022 4172
147.226645 1198 4172
147.235434 1198 4172
147.242580 766 4172
147.242618 334 4172
147.242650 238 4172
147.242678 270 4172
147.242710 1198 4172
147.253744 1198 4172
147.258644 1198 4172
147.258677 1198 4172
147.262480 110 4172
147.262511 1198 4172
147.262546 1198 4172
147.274616 1198 4172
147.282571 366 4172
147.282691 1198 4172
147.282709 1198 4172
147.290568 1198 4172
147.290621 1198 4172
147.300436 1102 4172
147.306516 126 4172
147.306561 798 4172
147.306596 1198 4172
147.306627 1198 4172
147.314628 1198 4172
147.322534 1198 4172
147.322659 110 4172
147.322674 1198 4172
147.331071 1198 4172
147.338512 1198 4172
147.338552 1198 4172
147.346554 1198 4172
147.346590 1198 4172
147.362992 206 4172
147.363022 1198 4172
147.363052 1198 4172
147.370524 1198 4172
147.370561 1198 4172
147.378571 1198 4172
147.386521 1198 4172
147.386559 1198 4172
147.395101 1198 4172
147.395142 1198 4172
147.402541 1198 4172
147.410654 494 4172
147.410698 1198 4172
147.410729 1198 4172
147.419442 1198 4172
147.431629 1198 4172
147.431673 1198 4172
147.434628 1198 4172
147.434687 1198 4172
147.452501 1198 4172
147.452541 1198 4172
147.456650 1198 4172
147.459354 1198 4172
147.465697 1198 4172
147.466530 782 4172
147.466567 1198 4172
147.481351 1198 4172
147.481376 1198 4172
147.482552 1198 4172
147.496034 1198 4172
147.496039 1198 4172
147.498548 1198 4172
147.498567 1198 4172
147.513072 398 4172
147.513157 1198 4172
147.514515 1198 4172
147.514558 1198 4172
147.522588 1198 4172
147.522651 1198 4172
147.530566 1198 4172
147.539322 110 4172
147.539498 1166 4172
147.540594 1198 4172
147.546514 1198 4172
147.546551 1198 4172
147.554706 1198 4172
147.559251 1198 4172
147.562522 1198 4172
147.570152 1198 4172
147.570206 1102 4172
147.578651 1198 4172
147.578654 1198 4172
147.593156 1198 4172
147.594567 1198 4172
147.594656 1198 4172
147.609729 1198 4172
147.609811 1198 4172
147.610516 1198 4172
147.610552 1198 4172
147.621480 1198 4172
147.628970 350 4172
147.629002 686 4172
147.629036 1198 4172
147.634689 398 4172
147.634728 1198 4172
147.634757 1198 4172
147.642615 1198 4172
147.653843 1198 4172
147.653867 910 4172
147.653955 1198 4172
147.654518 1198 4172
147.669897 1198 4172
147.669918 1198 4172
147.675187 1198 4172
147.675219 1198 4172
147.682599 1070 4172
147.682640 1198 4172
147.690793 1198 4172
147.690831 1198 4172
147.700439 1198 4172
147.706891 1198 4172
147.707352 1198 4172
147.714756 1198 4172
147.714797 1198 4172
147.722662 190 4172
147.722708 1198 4172
147.722750 1198 4172
147.730781 1198 4172
147.738684 1198 4172
147.738736 1198 4172
147.742620 1198 4172
147.742666 110 4172
147.742702 1198 4172
147.754642 1198 4172
147.754701 1198 4172
147.762678 1198 4172
147.770575 1198 4172
147.770615 894 4172
147.770651 1198 4172
147.778700 1198 4172
147.786617 1198 4172
147.786661 1198 4172
147.794664 1198 4172
147.794729 1198 4172
147.802636 1198 4172
147.802689 110 4172
147.802733 1198 4172
147.810727 1198 4172
147.810771 814 4172
147.818583 1198 4172
147.818631 1198 4172
147.827122 1198 4172
147.827168 1198 4172
147.830575 1198 4172
147.830617 1198 4172
147.842666 1198 4172
147.842708 1198 4172
147.850611 1198 4172
147.850657 110 4172
147.858771 1198 4172
147.866618 1198 4172
147.866664 1198 4172
147.874906 1198 4172
147.875133 1198 4172
147.882620 1198 4172
147.882674 1198 4172
147.890611 1198 4172
147.890663 1198 4172
147.898630 798 4172
147.898679 1198 4172
147.906636 1182 4172
147.914625 1198 4172
147.914662 1198 4172
147.918595 702 4172
147.918641 1198 4172
147.931165 1198 4172
147.931200 254 4172
147.931243 366 4172
147.931286 1070 4172
147.938587 1198 4172
147.938637 1198 4172
147.946652 1198 4172
147.946692 1198 4172
147.954652 1198 4172
147.954734 1198 4172
147.962606 270 4172
147.962653 1198 4172
147.970664 1198 4172
147.970717 158 4172
147.978627 110 4172
147.978675 1198 4172
147.978717 334 4172
147.978756 1198 4172
147.986564 222 4172
147.986611 1198 4172
147.986652 558 4172
147.994678 1198 4172
147.994726 1198 4172
148.002645 718 4172
148.002695 1198 4172
148.002737 1198 4172
148.006591 1198 4172
148.006632 1198 4172
148.018737 1198 4172
148.018815 1198 4172
148.026735 302 4172
148.026778 190 4172
148.026816 158 4172
148.026885 382 4172
148.026931 1198 4172
148.050682 254 4172
148.050707 398 4172
148.094756 110 4172
148.138645 142 4172
148.182718 382 4172
148.314558 494 4172
148.314637 270 4172
148.330455 110 4172
148.358571 126 4172
148.394558 1198 4172
148.394607 126 4172
148.402548 126 4172
148.446792 350 4172
148.446927 334 4172
148.446935 830 4172
148.465122 926 4172
148.490620 1198 4172
148.490665 1198 4172
148.490698 686 4172
148.534609 126 4172
148.534610 766 4172
148.564103 1198 4172
148.570652 1198 4172
148.570702 1198 4172
148.570741 174 4172
148.570781 1198 4172
148.570818 1198 4172
148.570858 1198 4172
148.570896 206 4172
148.570937 1198 4172
148.570980 1198 4172
148.571017 1198 4172
148.571052 1198 4172
148.571088 1198 4172
148.571123 1198 4172
148.578562 1198 4172
148.578601 366 4172
148.578640 1198 4172
148.595556 718 4172
148.622608 1198 4172
148.622687 334 4172
148.622736 110 4172
148.666619 1166 4172
148.710630 574 4172
148.734621 782 4172
148.754649 110 4172
148.798610 734 4172
148.842561 110 4172
148.886464 110 4172
148.930515 1198 4172
148.930594 654 4172
148.946983 110 4172
148.947031 142 4172
148.954797 158 4172
148.963570 158 4172
148.974500 542 4172
148.974543 1198 4172
148.974578 222 4172
