0.042864 110 4172
0.080032 1198 4172
0.080055 1198 4172
0.080056 1198 4172
0.080081 350 4172
0.080211 622 4172
0.095128 862 4172
0.214887 110 4172
0.496149 110 4172
0.595770 1070 4172
0.595911 670 4172
0.596103 670 4172
0.596355 1006 4172
0.596573 1086 4172
0.596743 782 4172
0.596950 974 4172
0.597366 1198 4172
0.597384 1198 4172
0.597400 430 4172
0.597501 158 4172
0.597775 158 4172
0.598039 158 4172
0.643073 1198 4172
0.643090 1198 4172
0.643104 1198 4172
0.643118 1198 4172
0.643135 1198 4172
0.643150 974 4172
0.644165 1198 4172
0.644178 1198 4172
0.644191 1198 4172
0.644204 1198 4172
0.644220 1198 4172
0.644234 1198 4172
0.644248 1198 4172
0.644262 1198 4172
0.644277 1198 4172
0.644290 1198 4172
0.644305 1198 4172
0.644318 1198 4172
0.644331 1198 4172
0.644378 1198 4172
0.644400 1198 4172
0.644415 1198 4172
0.644431 1198 4172
0.644445 1198 4172
0.644459 1198 4172
0.644472 1198 4172
0.644489 302 4172
0.644947 1198 4172
0.644959 1198 4172
0.644973 1198 4172
0.644987 1198 4172
0.645002 1198 4172
0.645016 1198 4172
0.645030 1198 4172
0.645043 1198 4172
0.645059 1198 4172
0.645073 1198 4172
0.645086 1198 4172
0.645100 1198 4172
0.645115 382 4172
0.645851 1198 4172
0.645864 1198 4172
0.645878 1198 4172
0.645891 1198 4172
0.645907 1198 4172
0.645921 1198 4172
0.645934 1198 4172
0.645948 1198 4172
0.645963 1198 4172
0.645977 1198 4172
0.645990 1198 4172
0.646003 1198 4172
0.646018 1198 4172
0.646032 1198 4172
0.646045 1198 4172
0.646059 174 4172
0.647124 1198 4172
0.647138 1198 4172
0.647152 1198 4172
0.647165 1198 4172
0.647181 1198 4172
0.647194 1198 4172
0.647208 1198 4172
0.647222 1198 4172
0.647238 1198 4172
0.647251 1198 4172
0.647264 1198 4172
0.647277 1198 4172
0.647292 1198 4172
0.647306 1198 4172
0.647316 1198 4172
0.647353 1198 4172
0.647378 1198 4172
0.647392 1198 4172
0.647405 1198 4172
0.647419 1198 4172
0.647434 1198 4172
0.647448 1198 4172
0.647461 1198 4172
0.647475 1198 4172
0.647491 1198 4172
0.647504 254 4172
0.648387 1198 4172
0.648400 1198 4172
0.648413 1198 4172
0.648427 1198 4172
0.648442 1198 4172
0.648455 1198 4172
0.648469 1198 4172
0.648483 1198 4172
0.648499 1198 4172
0.648512 1198 4172
0.648525 1198 4172
0.648538 1198 4172
0.648554 1198 4172
0.648566 1198 4172
0.648594 1198 4172
0.648607 1198 4172
0.648623 1198 4172
0.648636 1198 4172
0.648650 1198 4172
0.648663 1198 4172
0.648678 1198 4172
0.648692 1198 4172
0.648705 1198 4172
0.648719 1198 4172
0.648735 910 4172
0.649100 1198 4172
0.649113 1198 4172
0.649127 1198 4172
0.649141 254 4172
0.649710 1198 4172
0.649722 1198 4172
0.649738 1198 4172
0.649749 1198 4172
0.649766 1198 4172
0.649779 174 4172
0.649951 414 4172
0.650252 1198 4172
0.650262 718 4172
0.705556 1198 4172
0.705583 1198 4172
0.705585 1198 4172
0.705613 1198 4172
0.705638 286 4172
0.706572 1198 4172
0.706584 1198 4172
0.706599 1198 4172
0.706612 1198 4172
0.706628 1198 4172
0.706642 1198 4172
0.706656 1198 4172
0.706669 1198 4172
0.706685 1198 4172
0.706698 1198 4172
0.706713 1198 4172
0.706726 1198 4172
0.706742 1198 4172
0.706764 1198 4172
0.706784 1198 4172
0.706784 1198 4172
0.706810 1198 4172
0.706829 1198 4172
0.706843 382 4172
0.707285 1198 4172
0.707299 1198 4172
0.707312 1198 4172
0.707326 1198 4172
0.707341 1198 4172
0.707355 1198 4172
0.707369 1198 4172
0.707383 1198 4172
0.707399 1198 4172
0.707412 1198 4172
0.707427 846 4172
0.708118 1198 4172
0.708130 1198 4172
0.708142 1198 4172
0.708155 1198 4172
0.708170 1198 4172
0.708185 1198 4172
0.708198 1198 4172
0.708211 1198 4172
0.708226 1198 4172
0.708239 1198 4172
0.708252 1198 4172
0.708265 1198 4172
0.708280 1198 4172
0.708293 1198 4172
0.708306 334 4172
0.709362 1198 4172
0.709374 1198 4172
0.709386 1198 4172
0.709399 1198 4172
0.709414 1198 4172
0.709427 1198 4172
0.709441 1198 4172
0.709454 1198 4172
0.709469 1198 4172
0.709481 1198 4172
0.709494 1198 4172
0.709507 1198 4172
0.709522 1198 4172
0.709555 1198 4172
0.709568 1198 4172
0.709581 1198 4172
0.709610 1198 4172
0.709624 1198 4172
0.709637 1198 4172
0.709650 1198 4172
0.709665 1198 4172
0.709678 1198 4172
0.709691 1198 4172
0.709705 1198 4172
0.709720 462 4172
0.710494 1198 4172
0.710505 1198 4172
0.710519 1198 4172
0.710531 1198 4172
0.710545 1198 4172
0.710558 1198 4172
0.710572 1198 4172
0.710585 1198 4172
0.710600 1198 4172
0.710612 1198 4172
0.710629 1198 4172
0.710644 1198 4172
0.710655 1198 4172
0.710669 1198 4172
0.710681 1198 4172
0.710694 1198 4172
0.710709 1198 4172
0.710722 1198 4172
0.710735 1198 4172
0.710749 1054 4172
0.711102 1198 4172
0.711115 1198 4172
0.711128 1198 4172
0.711141 206 4172
0.711698 1198 4172
0.711712 1198 4172
0.711725 1198 4172
0.711740 878 4172
0.711827 142 4172
0.711996 462 4172
0.761896 110 4172
0.782065 158 4172
0.782391 174 4172
0.782705 190 4172
0.783039 190 4172
0.783265 190 4172
0.783946 1198 4172
0.783959 1198 4172
0.783972 1198 4172
0.783985 1198 4172
0.784001 814 4172
0.784239 174 4172
0.784453 158 4172
0.942758 110 4172
1.027501 110 4172
1.042750 110 4172
1.293084 110 4172
1.574364 110 4172
