0.043264 110 4172
0.048472 958 4172
0.048556 190 4172
0.157783 1198 4172
0.157987 1198 4172
0.157989 718 4172
0.157990 1134 4172
0.308736 110 4172
0.447308 110 4172
0.547261 110 4172
0.574803 110 4172
0.628570 1198 4172
0.628592 1198 4172
0.628595 1198 4172
0.628620 1198 4172
0.628648 366 4172
0.629481 1198 4172
0.629499 1198 4172
0.629513 1198 4172
0.629529 1198 4172
0.629545 1198 4172
0.629559 1198 4172
0.629574 1198 4172
0.629587 1198 4172
0.629604 1198 4172
0.629618 1198 4172
0.629635 1198 4172
0.629646 1198 4172
0.629663 1198 4172
0.629677 1198 4172
0.629691 1198 4172
0.629706 1198 4172
0.629721 1198 4172
0.629735 1198 4172
0.629750 718 4172
0.630213 1198 4172
0.630230 1198 4172
0.630246 1198 4172
0.630261 1198 4172
0.630278 1198 4172
0.630292 1198 4172
0.630307 1198 4172
0.630322 1198 4172
0.630338 1198 4172
0.630352 1198 4172
0.630367 1198 4172
0.630383 1198 4172
0.630398 1198 4172
0.630411 1198 4172
0.630427 1054 4172
0.631952 1198 4172
0.631969 1198 4172
0.631985 1198 4172
0.631999 1198 4172
0.632017 1198 4172
0.632031 1198 4172
0.632045 1198 4172
0.632059 1198 4172
0.632075 1198 4172
0.632090 1198 4172
0.632104 1198 4172
0.632125 1198 4172
0.632137 1198 4172
0.632148 1198 4172
0.632163 1198 4172
0.632178 1022 4172
0.633003 1198 4172
0.633024 1198 4172
0.633040 1198 4172
0.633055 1198 4172
0.633072 1198 4172
0.633087 1198 4172
0.633101 1198 4172
0.633116 1198 4172
0.633132 1198 4172
0.633147 1198 4172
0.633160 1198 4172
0.633174 1198 4172
0.633191 1198 4172
0.633205 1198 4172
0.633218 1198 4172
0.633233 1198 4172
0.633249 478 4172
0.634224 1198 4172
0.634245 1198 4172
0.634261 1198 4172
0.634276 1198 4172
0.634293 1198 4172
0.634307 1198 4172
0.634322 1198 4172
0.634337 1198 4172
0.634352 1198 4172
0.634366 1198 4172
0.634380 1198 4172
0.634395 1198 4172
0.634411 1198 4172
0.634426 1198 4172
0.634440 1198 4172
0.634454 1198 4172
0.634470 1198 4172
0.634484 1198 4172
0.634498 1198 4172
0.634512 1198 4172
0.634528 1198 4172
0.634542 1198 4172
0.634556 1198 4172
0.634570 1198 4172
0.634586 1198 4172
0.634599 1198 4172
0.634613 1198 4172
0.634628 1198 4172
0.634644 782 4172
0.634882 1198 4172
0.634898 1198 4172
0.634912 1198 4172
0.634926 1198 4172
0.634942 1198 4172
0.634956 1198 4172
0.634970 1198 4172
0.634984 1198 4172
0.635001 270 4172
0.635760 1198 4172
0.635772 1198 4172
0.635786 1198 4172
0.635800 1198 4172
0.635816 1198 4172
0.635830 1198 4172
0.635845 1198 4172
0.635858 1198 4172
0.635874 1198 4172
0.635889 1198 4172
0.635902 1198 4172
0.635916 238 4172
0.635933 158 4172
0.635946 158 4172
0.636037 158 4172
0.636192 158 4172
0.636249 158 4172
0.636565 1198 4172
0.636581 574 4172
0.674467 1198 4172
0.674487 1198 4172
0.674489 654 4172
0.675274 1198 4172
0.675285 1198 4172
0.675300 1198 4172
0.675316 1198 4172
0.675332 1198 4172
0.675347 1198 4172
0.675362 1198 4172
0.675377 1198 4172
0.675401 1198 4172
0.675415 1198 4172
0.675430 1198 4172
0.675445 1198 4172
0.675461 1198 4172
0.675475 1198 4172
0.675489 1198 4172
0.675504 526 4172
0.675950 1198 4172
0.675963 1198 4172
0.675977 1198 4172
0.675992 1198 4172
0.676010 1198 4172
0.676023 1198 4172
0.676038 1198 4172
0.676052 1198 4172
0.676069 1198 4172
0.676083 1198 4172
0.676098 1198 4172
0.676126 1198 4172
0.676127 1198 4172
0.676146 1198 4172
0.676158 318 4172
0.676617 1198 4172
0.676628 1198 4172
0.676644 1198 4172
0.676657 1198 4172
0.676675 1198 4172
0.676688 1198 4172
0.676703 1198 4172
0.676717 1198 4172
0.676733 1198 4172
0.676748 1198 4172
0.676762 1198 4172
0.676777 1198 4172
0.676794 1198 4172
0.676809 1198 4172
0.676824 926 4172
0.677520 1198 4172
0.677531 1198 4172
0.677546 1198 4172
0.677560 1198 4172
0.677577 1198 4172
0.677591 1198 4172
0.677606 1198 4172
0.677620 1198 4172
0.677638 1198 4172
0.677653 1198 4172
0.677666 1198 4172
0.677681 1198 4172
0.677697 1198 4172
0.677711 1198 4172
0.677725 1198 4172
0.677740 1198 4172
0.677757 174 4172
0.678705 1198 4172
0.678715 1198 4172
0.678729 1198 4172
0.678743 1198 4172
0.678760 1198 4172
0.678774 1198 4172
0.678789 1198 4172
0.678802 1198 4172
0.678819 1198 4172
0.678833 1198 4172
0.678847 1198 4172
0.678861 1198 4172
0.678878 1198 4172
0.678892 1198 4172
0.678906 1198 4172
0.678920 1198 4172
0.678939 1198 4172
0.678951 1198 4172
0.678965 1198 4172
0.678979 1198 4172
0.678996 1198 4172
0.679010 1198 4172
0.679025 1198 4172
0.679039 1198 4172
0.679056 1198 4172
0.679071 1198 4172
0.679085 1198 4172
0.679101 1054 4172
0.679269 1198 4172
0.679282 1198 4172
0.679298 1198 4172
0.679311 1198 4172
0.679329 1198 4172
0.679343 1198 4172
0.679360 1198 4172
0.679374 1198 4172
0.679389 238 4172
0.680039 1198 4172
0.680051 1198 4172
0.680066 1198 4172
0.680081 1198 4172
0.680098 1198 4172
0.680122 1198 4172
0.680127 1198 4172
0.680141 1198 4172
0.680159 302 4172
0.680173 142 4172
0.680274 542 4172
0.735569 1198 4172
0.735579 814 4172
0.736370 1198 4172
0.736389 1198 4172
0.736405 1198 4172
0.736423 1198 4172
0.736440 1198 4172
0.736454 1198 4172
0.736468 1198 4172
0.736482 1198 4172
0.736500 1198 4172
0.736514 1198 4172
0.736529 1198 4172
0.736542 1198 4172
0.736560 430 4172
0.737021 1198 4172
0.737032 1198 4172
0.737047 1198 4172
0.737065 1198 4172
0.737078 1198 4172
0.737092 1198 4172
0.737107 1198 4172
0.737122 1198 4172
0.737139 1198 4172
0.737152 1198 4172
0.737167 1198 4172
0.737181 1198 4172
0.737199 974 4172
0.737692 1198 4172
0.737703 1198 4172
0.737718 1198 4172
0.737732 1198 4172
0.737749 1198 4172
0.737764 1198 4172
0.737778 1198 4172
0.737793 1198 4172
0.737809 1198 4172
0.737824 1198 4172
0.737838 1198 4172
0.737853 1118 4172
0.738578 1198 4172
0.738589 1198 4172
0.738602 1198 4172
0.738617 1198 4172
0.738633 1198 4172
0.738647 1198 4172
0.738662 1198 4172
0.738676 1198 4172
0.738693 1198 4172
0.738707 1198 4172
0.738720 1198 4172
0.738734 1198 4172
0.738750 1198 4172
0.738765 1086 4172
0.739770 1198 4172
0.739779 1198 4172
0.739795 1198 4172
0.739809 1198 4172
0.739826 1198 4172
0.739841 1198 4172
0.739855 1198 4172
0.739869 1198 4172
0.739886 1198 4172
0.739900 1198 4172
0.739914 1198 4172
0.739928 1198 4172
0.739944 1198 4172
0.739959 1198 4172
0.739973 1198 4172
0.739987 1198 4172
0.740003 1198 4172
0.740018 1198 4172
0.740032 1198 4172
0.740046 1198 4172
0.740062 1198 4172
0.740077 1198 4172
0.740092 1166 4172
0.740322 1198 4172
0.740334 1198 4172
0.740349 1198 4172
0.740364 1198 4172
0.740379 1198 4172
0.740394 1198 4172
0.740408 1198 4172
0.740424 158 4172
0.740967 1198 4172
0.740977 1198 4172
0.740991 1198 4172
0.741006 1198 4172
0.741031 1198 4172
0.741045 1198 4172
0.741059 1038 4172
0.783271 1198 4172
0.784043 1198 4172
0.784053 1198 4172
0.784060 1198 4172
0.784070 1198 4172
0.784081 1198 4172
0.784091 1198 4172
0.784100 1198 4172
0.784118 1198 4172
0.784130 1198 4172
0.784131 1198 4172
0.784142 126 4172
0.784739 1198 4172
0.784748 1198 4172
0.784758 1198 4172
0.784768 1198 4172
0.784780 1198 4172
0.784790 1198 4172
0.784799 1198 4172
0.784809 1198 4172
0.784820 1198 4172
0.784831 1134 4172
0.785482 1198 4172
0.785491 1198 4172
0.785500 1198 4172
0.785510 1198 4172
0.785521 1198 4172
0.785531 1198 4172
0.785541 1198 4172
0.785551 1198 4172
0.785562 958 4172
0.786387 1198 4172
0.786395 1198 4172
0.786405 1198 4172
0.786416 1198 4172
0.786434 1198 4172
0.786444 1198 4172
0.786453 1198 4172
0.786463 1198 4172
0.786474 1198 4172
0.786484 1198 4172
0.786494 1198 4172
0.786503 414 4172
0.787604 1198 4172
0.787611 1198 4172
0.787621 1198 4172
0.787631 1198 4172
0.787642 1198 4172
0.787651 1198 4172
0.787660 1198 4172
0.787669 1198 4172
0.787680 1198 4172
0.787690 1198 4172
0.787700 1198 4172
0.787709 1198 4172
0.787723 1198 4172
0.787733 1198 4172
0.787742 1198 4172
0.787752 1198 4172
0.787768 1198 4172
0.787779 894 4172
0.788245 1198 4172
0.788253 1198 4172
0.788263 1198 4172
0.788273 1198 4172
0.788284 1198 4172
0.788293 1198 4172
0.788303 542 4172
0.788857 1198 4172
0.788866 1198 4172
0.788876 1198 4172
0.788894 1198 4172
0.788908 1198 4172
0.788918 1086 4172
0.815220 158 4172
0.815447 174 4172
0.815709 174 4172
0.815848 190 4172
0.816024 190 4172
0.816590 1198 4172
0.816605 1198 4172
0.816620 1198 4172
0.816634 1198 4172
0.816651 190 4172
0.816967 1006 4172
0.817207 734 4172
0.839996 110 4172
1.121743 110 4172
1.314512 510 4172
1.314667 638 4172
1.402552 110 4172
1.447230 110 4172
1.547352 110 4172
1.549279 558 4172
1.549600 686 4172
1.550786 686 4172
1.551360 750 4172
1.551719 1198 4172
1.551732 942 4172
1.551953 510 4172
1.552274 1198 4172
1.552282 1198 4172
1.552294 126 4172
1.668143 110 4172
1.752231 206 4172
1.752717 1198 4172
1.752731 846 4172
1.752869 494 4172
1.753174 446 4172
1.753678 1198 4172
1.753690 1198 4172
1.753706 1198 4172
1.753720 1134 4172
1.753823 222 4172
1.933846 110 4172
1.969936 1102 4172
1.970159 766 4172
1.970446 750 4172
1.970759 1198 4172
1.970777 526 4172
1.971050 1198 4172
1.971066 526 4172
1.971133 446 4172
1.971626 1198 4172
1.971642 1198 4172
1.971658 1198 4172
1.971672 1198 4172
1.971688 1198 4172
1.971704 958 4172
1.971723 430 4172
1.971922 846 4172
1.987965 1198 4172
1.987968 1198 4172
1.987969 1198 4172
1.987974 1198 4172
1.987989 1198 4172
1.987999 1198 4172
1.988007 1198 4172
1.988018 1198 4172
1.988028 1198 4172
1.988040 1198 4172
1.988049 622 4172
1.988842 1198 4172
1.988852 1198 4172
1.988861 1198 4172
1.988870 1198 4172
1.988880 1198 4172
1.988890 1198 4172
1.988900 1198 4172
1.988909 1198 4172
1.988921 1198 4172
1.988930 1198 4172
1.988939 1198 4172
1.988949 1198 4172
1.988960 1198 4172
1.988970 1198 4172
1.988979 1198 4172
1.988990 1198 4172
1.989001 1198 4172
1.989011 510 4172
1.990596 1198 4172
1.990607 1198 4172
1.990617 1198 4172
1.990626 1198 4172
1.990638 1198 4172
1.990648 1198 4172
1.990658 1198 4172
1.990667 1198 4172
1.990678 1198 4172
1.990688 1198 4172
1.990698 1198 4172
1.990707 1198 4172
1.990718 1198 4172
1.990728 1198 4172
1.990737 1198 4172
1.990747 974 4172
1.992704 1198 4172
1.992714 1198 4172
1.992724 1198 4172
1.992734 1198 4172
1.992746 1198 4172
1.992756 1198 4172
1.992766 1198 4172
1.992775 1198 4172
1.992787 1198 4172
1.992797 1198 4172
1.992806 1198 4172
1.992818 1198 4172
1.992827 1198 4172
1.992837 1198 4172
1.992846 1198 4172
1.992857 1198 4172
1.992869 1198 4172
1.992878 1198 4172
1.992887 1198 4172
1.992897 1198 4172
1.992909 1198 4172
1.992919 1198 4172
1.992928 1198 4172
1.992938 1198 4172
1.992949 1198 4172
1.992959 1198 4172
1.992969 1198 4172
1.992979 1054 4172
1.994345 1198 4172
1.994356 1198 4172
1.994364 1198 4172
1.994374 1198 4172
1.994386 1198 4172
1.994396 1198 4172
1.994406 1198 4172
1.994416 1198 4172
1.994429 1198 4172
1.994438 1198 4172
1.994447 1198 4172
1.994457 1198 4172
1.994469 1198 4172
1.994478 1198 4172
1.994488 1198 4172
1.994497 1198 4172
1.994510 1198 4172
1.994520 1198 4172
1.994529 1198 4172
1.994539 1198 4172
1.994550 1198 4172
1.994560 1198 4172
1.994569 1198 4172
1.994579 1198 4172
1.994590 1198 4172
1.994600 1198 4172
1.994610 1198 4172
1.994620 1198 4172
1.994631 1198 4172
1.994640 1198 4172
1.994650 1198 4172
1.994660 1198 4172
1.994672 1198 4172
1.994682 1198 4172
1.994691 1198 4172
1.994700 1198 4172
1.994712 1198 4172
1.994725 1198 4172
1.994734 1198 4172
1.994744 462 4172
1.995616 1198 4172
1.995622 1198 4172
1.995632 1198 4172
1.995641 1198 4172
1.995652 1198 4172
1.995662 1198 4172
1.995672 1198 4172
1.995682 1198 4172
1.995692 1198 4172
1.995702 1198 4172
1.995711 1198 4172
1.995721 1198 4172
1.995733 1198 4172
1.995742 1198 4172
1.995752 1198 4172
1.995761 1198 4172
1.995773 1198 4172
1.995783 1198 4172
1.995792 1198 4172
1.995802 1198 4172
1.995813 1198 4172
1.995822 1198 4172
1.995832 1198 4172
1.995841 1198 4172
1.995853 1198 4172
1.995862 1198 4172
1.995872 1198 4172
1.995881 1198 4172
1.995892 1198 4172
1.995902 1198 4172
1.995916 1198 4172
1.995924 1198 4172
1.995933 1198 4172
1.995943 1198 4172
1.995952 1198 4172
1.995962 462 4172
1.996658 1198 4172
1.996684 1198 4172
1.996701 1198 4172
1.996717 1198 4172
1.996734 1198 4172
1.996749 1198 4172
1.996764 1198 4172
1.996779 1198 4172
1.996795 1198 4172
1.996810 1198 4172
1.996825 1198 4172
1.996840 1198 4172
1.996857 1198 4172
1.996872 1198 4172
1.996887 1198 4172
1.996901 1198 4172
1.996918 1198 4172
1.996932 1198 4172
1.996947 462 4172
1.996981 1198 4172
1.996998 1038 4172
1.997090 414 4172
1.997260 814 4172
2.032476 414 4172
2.032584 782 4172
2.049737 1198 4172
2.049754 1198 4172
2.049768 1198 4172
2.049785 1198 4172
2.049803 1198 4172
2.049817 1198 4172
2.049831 1198 4172
2.049846 1198 4172
2.049863 1198 4172
2.049878 1198 4172
2.049895 1198 4172
2.049910 1198 4172
2.049926 1198 4172
2.049941 1198 4172
2.049957 510 4172
2.050676 1198 4172
2.050695 1198 4172
2.050709 1198 4172
2.050723 1198 4172
2.050740 1198 4172
2.050756 1198 4172
2.050770 1198 4172
2.050784 1198 4172
2.050801 1198 4172
2.050815 1198 4172
2.050832 1198 4172
2.050845 1198 4172
2.050861 1198 4172
2.050876 1198 4172
2.050890 1198 4172
2.050904 1198 4172
2.050921 1198 4172
2.050935 1198 4172
2.050950 1198 4172
2.050965 1198 4172
2.050981 1198 4172
2.050998 1198 4172
2.051011 1198 4172
2.051028 1198 4172
2.051041 1198 4172
2.051056 1198 4172
2.051070 878 4172
2.051873 1198 4172
2.051886 1198 4172
2.051901 1198 4172
2.051915 1198 4172
2.051932 1198 4172
2.051947 1198 4172
2.051961 1198 4172
2.051975 1198 4172
2.051992 1198 4172
2.052006 1198 4172
2.052021 1198 4172
2.052035 1198 4172
2.052052 1198 4172
2.052067 1198 4172
2.052081 1198 4172
2.052096 1198 4172
2.052112 1198 4172
2.052127 1198 4172
2.052141 1198 4172
2.052155 1198 4172
2.052171 1198 4172
2.052186 1198 4172
2.052200 1198 4172
2.052215 1198 4172
2.052233 1198 4172
2.052248 1198 4172
2.052262 1198 4172
2.052277 1198 4172
2.052293 1198 4172
2.052308 1198 4172
2.052321 1198 4172
2.052335 1198 4172
2.052352 1198 4172
2.052366 1198 4172
2.052381 1198 4172
2.052395 1198 4172
2.052411 1198 4172
2.052427 990 4172
2.052839 1198 4172
2.052856 1198 4172
2.052871 1198 4172
2.052885 1198 4172
2.052902 1198 4172
2.052916 1198 4172
2.052930 1198 4172
2.052945 1198 4172
2.052961 1198 4172
2.052976 1198 4172
2.052991 1198 4172
2.053005 1198 4172
2.053022 1198 4172
2.053036 1198 4172
2.053051 1198 4172
2.053065 1198 4172
2.053081 1198 4172
2.053096 1198 4172
2.053110 1198 4172
2.053125 1198 4172
2.053141 1198 4172
2.053155 1198 4172
2.053170 1198 4172
2.053184 1198 4172
2.053200 1198 4172
2.053215 1198 4172
2.053229 1198 4172
2.053243 1198 4172
2.053260 1198 4172
2.053274 1198 4172
2.053288 1198 4172
2.053303 270 4172
2.053590 1198 4172
2.053606 1198 4172
2.053621 1198 4172
2.053636 1198 4172
2.053653 1198 4172
2.053667 1198 4172
2.053681 1198 4172
2.053695 1198 4172
2.053712 1198 4172
2.053726 1198 4172
2.053741 1198 4172
2.053755 1198 4172
2.053772 1198 4172
2.053787 1198 4172
2.053802 158 4172
2.053820 350 4172
2.053997 654 4172
2.096526 1198 4172
2.096551 1198 4172
2.096552 1198 4172
2.096581 1198 4172
2.096606 1198 4172
2.096622 1198 4172
2.096637 1198 4172
2.096651 1198 4172
2.096670 494 4172
2.097309 1198 4172
2.097342 1198 4172
2.097358 1198 4172
2.097373 1198 4172
2.097390 1198 4172
2.097405 1198 4172
2.097422 1198 4172
2.097435 1198 4172
2.097452 1198 4172
2.097485 1198 4172
2.097500 1198 4172
2.097514 1198 4172
2.097532 430 4172
2.098151 1198 4172
2.098170 1198 4172
2.098186 1198 4172
2.098202 1198 4172
2.098218 1198 4172
2.098232 1198 4172
2.098247 1198 4172
2.098261 1198 4172
2.098278 1198 4172
2.098293 1198 4172
2.098307 1198 4172
2.098322 1198 4172
2.098339 270 4172
2.099182 1198 4172
2.099201 1198 4172
2.099218 1198 4172
2.099233 1198 4172
2.099251 1198 4172
2.099265 1198 4172
2.099280 1198 4172
2.099296 1198 4172
2.099313 1198 4172
2.099331 1198 4172
2.099343 1198 4172
2.099358 1198 4172
2.099374 1198 4172
2.099389 1198 4172
2.099405 1198 4172
2.099420 1198 4172
2.099436 1198 4172
2.099450 1198 4172
2.099465 1198 4172
2.099479 1198 4172
2.099497 1198 4172
2.099511 1198 4172
2.099525 1198 4172
2.099540 1086 4172
2.100371 1198 4172
2.100392 1198 4172
2.100408 1198 4172
2.100425 1198 4172
2.100442 1198 4172
2.100458 1198 4172
2.100472 1198 4172
2.100488 1198 4172
2.100504 1198 4172
2.100519 1198 4172
2.100533 1198 4172
2.100548 1198 4172
2.100565 1198 4172
2.100580 1198 4172
2.100594 1198 4172
2.100609 1198 4172
2.100625 1198 4172
2.100641 1198 4172
2.100655 1198 4172
2.100669 1198 4172
2.100685 1198 4172
2.100699 1198 4172
2.100715 1198 4172
2.100729 1198 4172
2.100746 1198 4172
2.100760 1198 4172
2.100774 1198 4172
2.100789 1198 4172
2.100805 1198 4172
2.100820 1198 4172
2.100834 1198 4172
2.100849 1150 4172
2.101408 1198 4172
2.101431 1198 4172
2.101448 1198 4172
2.101463 1198 4172
2.101480 1198 4172
2.101495 1198 4172
2.101510 1198 4172
2.101524 1198 4172
2.101541 1198 4172
2.101559 1198 4172
2.101574 1198 4172
2.101589 1198 4172
2.101606 1198 4172
2.101620 1198 4172
2.101634 1198 4172
2.101649 1198 4172
2.101665 1198 4172
2.101680 1198 4172
2.101694 1198 4172
2.101708 1198 4172
2.101725 1198 4172
2.101739 1198 4172
2.101754 1198 4172
2.101768 1198 4172
2.101785 1198 4172
2.101799 1198 4172
2.101813 1198 4172
2.101828 318 4172
2.102165 1198 4172
2.102184 1198 4172
2.102200 1198 4172
2.102215 1198 4172
2.102232 1198 4172
2.102247 1198 4172
2.102261 1198 4172
2.102276 1198 4172
2.102293 1198 4172
2.102307 1198 4172
2.102321 1198 4172
2.102338 958 4172
2.102354 286 4172
2.102459 494 4172
2.126563 1198 4172
2.126567 1198 4172
2.126567 1198 4172
2.126568 1198 4172
2.126569 1198 4172
2.126581 430 4172
2.127359 1198 4172
2.127375 1198 4172
2.127386 1198 4172
2.127396 1198 4172
2.127408 1198 4172
2.127421 1198 4172
2.127430 1198 4172
2.127440 1198 4172
2.127451 1198 4172
2.127461 1198 4172
2.127470 622 4172
2.128212 1198 4172
2.128224 1198 4172
2.128234 1198 4172
2.128244 1198 4172
2.128256 1198 4172
2.128266 1198 4172
2.128275 1198 4172
2.128285 1198 4172
2.128298 1198 4172
2.128307 1198 4172
2.128317 286 4172
2.129250 1198 4172
2.129261 1198 4172
2.129272 1198 4172
2.129282 1198 4172
2.129294 1198 4172
2.129303 1198 4172
2.129314 1198 4172
2.129323 1198 4172
2.129335 1198 4172
2.129345 1198 4172
2.129355 1198 4172
2.129365 1198 4172
2.129376 1198 4172
2.129386 1198 4172
2.129396 1198 4172
2.129405 1198 4172
2.129421 1198 4172
2.129430 1198 4172
2.129440 926 4172
2.130524 1198 4172
2.130538 1198 4172
2.130560 1198 4172
2.130569 1198 4172
2.130570 1198 4172
2.130587 1198 4172
2.130598 1198 4172
2.130608 1198 4172
2.130619 1198 4172
2.130629 1198 4172
2.130640 1198 4172
2.130649 1198 4172
2.130661 1198 4172
2.130671 1198 4172
2.130680 1198 4172
2.130695 1198 4172
2.130703 1198 4172
2.130716 1198 4172
2.130722 1198 4172
2.130731 1198 4172
2.130742 1198 4172
2.130752 1198 4172
2.130762 1198 4172
2.130771 1198 4172
2.130782 1198 4172
2.130793 766 4172
2.131654 1198 4172
2.131667 1198 4172
2.131677 1198 4172
2.131687 1198 4172
2.131698 1198 4172
2.131708 1198 4172
2.131717 1198 4172
2.131727 1198 4172
2.131739 1198 4172
2.131749 1198 4172
2.131759 1198 4172
2.131768 1198 4172
2.131779 1198 4172
2.131789 1198 4172
2.131798 1198 4172
2.131809 1198 4172
2.131820 1198 4172
2.131829 1198 4172
2.131839 1198 4172
2.131848 1198 4172
2.131860 1198 4172
2.131870 1198 4172
2.131879 430 4172
2.132514 1198 4172
2.132524 1198 4172
2.132534 1198 4172
2.132544 1198 4172
2.132560 1198 4172
2.132569 1198 4172
2.132580 1198 4172
2.132589 1198 4172
2.132602 1198 4172
2.132612 1198 4172
2.132622 638 4172
2.174193 174 4172
2.174433 158 4172
2.174727 158 4172
2.175068 158 4172
2.175404 158 4172
2.175678 158 4172
2.175827 158 4172
2.175872 142 4172
2.176054 462 4172
2.199294 110 4172
2.447243 110 4172
2.464964 110 4172
2.547352 110 4172
2.730789 110 4172
3.012024 110 4172
3.293349 110 4172
3.447393 110 4172
3.547498 110 4172
3.574593 110 4172
3.855913 110 4172
4.137007 110 4172
4.418436 110 4172
4.447350 110 4172
4.547665 110 4172
4.699414 110 4172
4.980886 110 4172
5.262046 110 4172
5.447455 110 4172
5.527660 110 4172
5.547484 110 4172
5.793302 110 4172
6.447400 110 4172
6.547569 110 4172
7.251898 382 4172
7.251900 318 4172
7.447499 110 4172
7.547612 110 4172
8.447317 110 4172
8.547615 110 4172
8.574690 110 4172
9.447491 110 4172
9.547646 110 4172
10.447510 110 4172
10.547565 110 4172
11.355735 110 4172
11.447546 110 4172
11.547636 110 4172
12.447520 110 4172
12.547499 110 4172
13.447546 110 4172
13.547651 110 4172
14.137014 110 4172
14.447568 110 4172
14.547654 110 4172
15.447523 110 4172
15.547767 110 4172
16.447503 110 4172
16.547795 110 4172
16.918297 110 4172
17.447602 110 4172
17.547697 110 4172
18.447544 110 4172
18.547852 110 4172
19.447628 110 4172
19.547656 110 4172
19.699487 110 4172
20.447674 110 4172
20.527673 60 60000
20.547552 110 4172
20.731395 126 4172
20.801629 1198 4172
20.801647 1198 4172
20.801649 1198 4172
20.801676 1198 4172
20.801702 1198 4172
20.801719 1198 4172
20.801734 1198 4172
20.801753 1198 4172
20.801778 1198 4172
20.801790 318 4172
20.802405 1198 4172
20.802422 1198 4172
20.802437 1198 4172
20.802455 1198 4172
20.802471 958 4172
20.803457 1198 4172
20.803473 1198 4172
20.803490 1198 4172
20.803505 1022 4172
20.804776 1198 4172
20.804790 1198 4172
20.804805 1198 4172
20.804820 1198 4172
20.804837 1198 4172
20.804853 542 4172
20.806338 1198 4172
20.806354 1198 4172
20.806369 1198 4172
20.806384 1198 4172
20.806401 1198 4172
20.806417 1198 4172
20.806432 1198 4172
20.806447 1198 4172
20.806466 750 4172
20.807814 1198 4172
20.807830 1198 4172
20.807845 1198 4172
20.807861 1198 4172
20.807877 1198 4172
20.807892 1198 4172
20.807908 1198 4172
20.807921 1198 4172
20.807938 1198 4172
20.807954 382 4172
20.810084 1198 4172
20.810109 1198 4172
20.810140 1198 4172
20.810142 1198 4172
20.810149 1198 4172
20.810162 1198 4172
20.810183 1198 4172
20.810184 1198 4172
20.810194 1006 4172
20.810818 1198 4172
20.810824 1198 4172
20.810824 1198 4172
20.810876 1198 4172
20.810877 1198 4172
20.810878 1198 4172
20.810888 1198 4172
20.810903 1198 4172
20.810909 1038 4172
20.812535 1198 4172
20.812542 1198 4172
20.812565 1198 4172
20.812566 1198 4172
20.812617 1198 4172
20.812627 1198 4172
20.812637 1198 4172
20.812646 1198 4172
20.812657 1198 4172
20.812667 1198 4172
20.812676 1198 4172
20.812688 1198 4172
20.812698 1198 4172
20.812708 782 4172
20.814270 1198 4172
20.814281 1198 4172
20.814290 1198 4172
20.814300 1198 4172
20.814313 1198 4172
20.814323 1198 4172
20.814333 1198 4172
20.814342 1198 4172
20.814353 1198 4172
20.814363 1198 4172
20.814373 1198 4172
20.814383 1198 4172
20.814395 1086 4172
20.815564 1198 4172
20.815570 1198 4172
20.815579 1198 4172
20.815589 1198 4172
20.815601 1198 4172
20.815611 1198 4172
20.815620 1198 4172
20.815629 1198 4172
20.815641 414 4172
20.816830 1198 4172
20.816839 1198 4172
20.816849 1198 4172
20.816859 1198 4172
20.816870 1198 4172
20.816880 1198 4172
20.816890 670 4172
20.817848 1198 4172
20.817857 1198 4172
20.817867 622 4172
20.819133 1198 4172
20.819140 1198 4172
20.819151 1198 4172
20.819162 1198 4172
20.819174 1198 4172
20.819183 1198 4172
20.819193 1198 4172
20.819203 1198 4172
20.819214 1198 4172
20.819226 1150 4172
20.819859 1198 4172
20.819868 1198 4172
20.819879 606 4172
20.820937 1198 4172
20.820943 1198 4172
20.820954 1198 4172
20.820963 1198 4172
20.820976 702 4172
20.821265 1198 4172
20.821277 206 4172
20.971556 254 4172
20.971935 190 4172
20.972298 190 4172
20.972675 190 4172
20.973048 190 4172
20.973419 190 4172
20.973808 190 4172
20.974180 190 4172
20.974552 190 4172
20.974921 190 4172
20.975292 190 4172
20.975670 190 4172
20.976039 190 4172
20.976415 190 4172
20.976786 190 4172
20.977489 1198 4172
20.977501 1198 4172
20.977510 1198 4172
20.977520 1198 4172
20.977532 558 4172
20.977710 606 4172
21.058773 110 4172
21.129223 174 4172
21.129678 174 4172
21.130099 222 4172
21.130505 222 4172
21.130890 222 4172
21.131294 222 4172
21.131685 222 4172
21.132072 222 4172
21.132468 222 4172
21.132848 222 4172
21.133232 222 4172
21.133620 222 4172
21.134036 222 4172
21.134525 1198 4172
21.134534 110 4172
21.134920 174 4172
21.135661 1198 4172
21.135675 1198 4172
21.135690 1198 4172
21.135691 1198 4172
21.135711 1198 4172
21.135728 1166 4172
21.137383 60 60000
21.171982 206 4172
21.324503 110 4172
21.425690 1198 4172
21.425770 1198 4172
21.425771 366 4172
21.425772 302 4172
21.425911 238 4172
21.447500 110 4172
21.502738 206 4172
21.502890 206 4172
21.516997 190 4172
21.547526 110 4172
21.606036 110 4172
21.647736 110 4172
21.887325 110 4172
22.168645 110 4172
22.447714 110 4172
22.447720 110 4172
22.547918 110 4172
22.699505 110 4172
22.980846 110 4172
23.261925 110 4172
23.447705 110 4172
23.527845 110 4172
23.547794 110 4172
24.447693 110 4172
24.547795 110 4172
25.447745 110 4172
25.547769 110 4172
26.293311 110 4172
26.447704 110 4172
26.547694 110 4172
27.447700 110 4172
27.547693 110 4172
28.447752 110 4172
28.547913 110 4172
29.074578 110 4172
29.447762 110 4172
29.547932 110 4172
30.447765 110 4172
30.547865 110 4172
31.447932 110 4172
31.547868 110 4172
31.855679 110 4172
32.447812 110 4172
32.547974 110 4172
33.447769 110 4172
33.547985 110 4172
34.447778 110 4172
34.547855 110 4172
34.637076 110 4172
35.447779 110 4172
35.547886 110 4172
36.447816 110 4172
36.547941 110 4172
37.418468 110 4172
37.447804 110 4172
37.547903 110 4172
38.447831 110 4172
38.547956 110 4172
39.447820 110 4172
39.547926 110 4172
40.199532 110 4172
40.447781 110 4172
40.547898 110 4172
41.252021 1198 4172
41.252270 1198 4172
41.252270 686 4172
41.252271 1198 4172
41.252301 238 4172
41.293613 126 4172
41.403593 60 60000
41.425740 1198 4172
41.425743 1198 4172
41.425763 1198 4172
41.425785 1198 4172
41.425815 1198 4172
41.425836 1198 4172
41.425856 1198 4172
41.425895 510 4172
41.426527 1198 4172
41.426543 1198 4172
41.426566 1198 4172
41.426587 1198 4172
41.426610 958 4172
41.427208 1198 4172
41.427228 1198 4172
41.427249 1198 4172
41.427271 1054 4172
41.427949 1198 4172
41.427951 1198 4172
41.427972 1198 4172
41.427994 1198 4172
41.428017 1198 4172
41.428038 718 4172
41.429015 1198 4172
41.429035 1198 4172
41.429057 1198 4172
41.429078 1198 4172
41.429108 1198 4172
41.429128 1198 4172
41.429148 1198 4172
41.429169 1198 4172
41.429191 1198 4172
41.429212 1198 4172
41.429233 1198 4172
41.430127 1198 4172
41.430148 1198 4172
41.430170 1198 4172
41.430191 1198 4172
41.430214 1198 4172
41.430234 1198 4172
41.430254 1198 4172
41.430275 1198 4172
41.430297 1198 4172
41.430317 1198 4172
41.430338 462 4172
41.431178 1198 4172
41.431201 1198 4172
41.431224 1198 4172
41.431243 1198 4172
41.431266 1198 4172
41.431286 1198 4172
41.431307 1198 4172
41.431326 1198 4172
41.431348 1198 4172
41.431369 974 4172
41.432194 1198 4172
41.432215 1198 4172
41.432236 1198 4172
41.432257 1198 4172
41.432286 1198 4172
41.432307 1198 4172
41.432326 1198 4172
41.432346 1198 4172
41.432369 1198 4172
41.432390 846 4172
41.433514 1198 4172
41.433535 1198 4172
41.433606 1198 4172
41.433627 1198 4172
41.433650 1198 4172
41.433670 1198 4172
41.433692 1198 4172
41.433712 1198 4172
41.433758 1198 4172
41.433776 1198 4172
41.433796 1198 4172
41.433816 1198 4172
41.433837 1198 4172
41.433856 1198 4172
41.433876 1118 4172
41.435076 1198 4172
41.435088 1198 4172
41.435089 1198 4172
41.435115 1198 4172
41.435115 1198 4172
41.435125 1198 4172
41.435133 1198 4172
41.435143 1198 4172
41.435154 1198 4172
41.435165 1198 4172
41.435175 1198 4172
41.435190 1198 4172
41.435201 1198 4172
41.435211 1198 4172
41.435221 254 4172
41.436331 1198 4172
41.436344 1198 4172
41.436346 1198 4172
41.436348 1198 4172
41.436367 1198 4172
41.436368 1198 4172
41.436385 1198 4172
41.436386 1198 4172
41.436394 1198 4172
41.436410 1086 4172
41.437432 1198 4172
41.437441 1198 4172
41.437441 1198 4172
41.437462 1198 4172
41.437462 1198 4172
41.437479 1198 4172
41.437480 1198 4172
41.437499 1198 4172
41.437499 1198 4172
41.437509 318 4172
41.438071 1198 4172
41.438077 1198 4172
41.438095 782 4172
41.439290 1198 4172
41.439298 1198 4172
41.439310 1198 4172
41.439319 1198 4172
41.439331 1198 4172
41.439341 1198 4172
41.439350 1198 4172
41.439360 1198 4172
41.439372 1198 4172
41.439382 1198 4172
41.439392 142 4172
41.439719 1198 4172
41.439736 1198 4172
41.439737 510 4172
41.440808 1198 4172
41.440822 1198 4172
41.440823 1198 4172
41.440843 1198 4172
41.440844 1198 4172
41.440852 1198 4172
41.440867 1198 4172
41.440876 1198 4172
41.440887 1198 4172
41.440897 126 4172
41.441130 926 4172
41.447843 110 4172
41.548006 110 4172
41.798880 1198 4172
41.798882 1198 4172
41.798897 1198 4172
41.798920 782 4172
41.798941 782 4172
41.799010 974 4172
41.799076 830 4172
41.799137 830 4172
41.799207 1150 4172
41.799399 1182 4172
41.799684 1198 4172
41.799707 718 4172
41.799834 478 4172
41.824477 110 4172
41.840430 126 4172
41.847345 1198 4172
41.847364 1198 4172
41.847366 1198 4172
41.847391 1198 4172
41.847391 1198 4172
41.847400 270 4172
41.848172 1198 4172
41.848195 1198 4172
41.848196 1198 4172
41.848206 1198 4172
41.848206 814 4172
41.848845 1198 4172
41.848858 1198 4172
41.848872 1198 4172
41.848882 926 4172
41.849544 1198 4172
41.849557 1198 4172
41.849565 1198 4172
41.849576 1198 4172
41.849587 1198 4172
41.849598 606 4172
41.850512 1198 4172
41.850522 1198 4172
41.850523 1198 4172
41.850532 1198 4172
41.850545 1198 4172
41.850554 1198 4172
41.850564 1198 4172
41.850576 1198 4172
41.850587 286 4172
41.851684 1198 4172
41.851699 1198 4172
41.851709 1198 4172
41.851720 1198 4172
41.851732 1198 4172
41.851743 1198 4172
41.851753 1198 4172
41.851763 1198 4172
41.851775 1198 4172
41.851786 782 4172
41.852787 1198 4172
41.852789 1198 4172
41.852798 1198 4172
41.852807 1198 4172
41.852822 1198 4172
41.852830 1198 4172
41.852842 1198 4172
41.852850 1198 4172
41.852862 1198 4172
41.852873 126 4172
41.853825 1198 4172
41.853826 1198 4172
41.853837 1198 4172
41.853847 1198 4172
41.853860 1198 4172
41.853870 1198 4172
41.853881 1198 4172
41.853891 1198 4172
41.853902 1198 4172
41.853912 126 4172
41.855155 1198 4172
41.855156 1198 4172
41.855166 1198 4172
41.855177 1198 4172
41.855189 1198 4172
41.855199 1198 4172
41.855210 1198 4172
41.855219 1198 4172
41.855231 1198 4172
41.855242 1198 4172
41.855252 1198 4172
41.855262 1198 4172
41.855273 1198 4172
41.855284 1198 4172
41.855295 190 4172
41.858384 1198 4172
41.858386 1198 4172
41.858402 1198 4172
41.858416 1198 4172
41.858433 1198 4172
41.858448 1198 4172
41.858465 1198 4172
41.858478 1198 4172
41.858495 1198 4172
41.858510 1198 4172
41.858527 1198 4172
41.858542 1198 4172
41.858559 1198 4172
41.858575 494 4172
41.858591 1198 4172
41.858605 1198 4172
41.858621 1198 4172
41.858636 1198 4172
41.858729 1198 4172
41.858748 1198 4172
41.858766 1198 4172
41.858781 1198 4172
41.858797 1198 4172
41.858812 1198 4172
41.858828 1198 4172
41.858843 1198 4172
41.858857 1198 4172
41.858872 1198 4172
41.858888 1198 4172
41.858903 382 4172
41.859303 1198 4172
41.859321 1198 4172
41.859338 750 4172
41.860499 1198 4172
41.860502 1198 4172
41.860521 1198 4172
41.860538 1198 4172
41.860556 1198 4172
41.860571 1198 4172
41.860585 1198 4172
41.860600 1198 4172
41.860616 1198 4172
41.860632 1070 4172
41.861085 1198 4172
41.861104 1198 4172
41.861121 478 4172
41.861729 1198 4172
41.861747 1198 4172
41.861765 334 4172
41.861924 1102 4172
41.894199 1198 4172
41.894203 1198 4172
41.894203 1198 4172
41.894212 1198 4172
41.894229 1198 4172
41.894239 1198 4172
41.894251 1198 4172
41.894261 1198 4172
41.894272 1198 4172
41.894283 510 4172
41.895057 1198 4172
41.895067 1198 4172
41.895078 1198 4172
41.895089 1198 4172
41.895101 814 4172
41.895760 1198 4172
41.895766 1198 4172
41.895776 1198 4172
41.895787 910 4172
41.896466 1198 4172
41.896475 1198 4172
41.896483 1198 4172
41.896493 1198 4172
41.896506 1198 4172
41.896516 862 4172
41.897422 1198 4172
41.897430 1198 4172
41.897441 1198 4172
41.897452 1198 4172
41.897464 1198 4172
41.897473 1198 4172
41.897483 1198 4172
41.897492 1198 4172
41.897503 1198 4172
41.897514 430 4172
41.898458 1198 4172
41.898469 1198 4172
41.898479 1198 4172
41.898489 1198 4172
41.898501 1198 4172
41.898511 1198 4172
41.898521 1198 4172
41.898531 1198 4172
41.898543 1198 4172
41.898552 1198 4172
41.898562 1198 4172
41.898574 126 4172
41.899544 1198 4172
41.899553 1198 4172
41.899562 1198 4172
41.899572 1198 4172
41.899584 1198 4172
41.899594 1198 4172
41.899603 1198 4172
41.899613 1198 4172
41.899625 1134 4172
41.900571 1198 4172
41.900578 1198 4172
41.900588 1198 4172
41.900598 1198 4172
41.900610 1198 4172
41.900619 1198 4172
41.900628 1198 4172
41.900639 1198 4172
41.900649 1198 4172
41.900659 622 4172
41.901873 1198 4172
41.901878 1198 4172
41.901890 1198 4172
41.901901 1198 4172
41.901914 1198 4172
41.901923 1198 4172
41.901933 1198 4172
41.901943 1198 4172
41.901954 1198 4172
41.901964 1198 4172
41.901973 1198 4172
41.901983 1198 4172
41.901994 1198 4172
41.902004 1198 4172
41.902014 1198 4172
41.902025 494 4172
41.905311 1198 4172
41.905323 1198 4172
41.905340 1198 4172
41.905356 1198 4172
41.905374 1198 4172
41.905389 1198 4172
41.905404 1198 4172
41.905418 1198 4172
41.905435 1198 4172
41.905450 1198 4172
41.905468 1198 4172
41.905480 1198 4172
41.905497 1198 4172
41.905514 1198 4172
41.905536 1150 4172
41.905550 1198 4172
41.905567 1198 4172
41.905581 1198 4172
41.905596 1198 4172
41.905610 1198 4172
41.905628 1198 4172
41.905643 1198 4172
41.905657 1198 4172
41.905671 1198 4172
41.905687 1038 4172
41.905702 1198 4172
41.905716 1198 4172
41.905730 1198 4172
41.905747 1198 4172
41.905761 1198 4172
41.905775 1198 4172
41.905791 1198 4172
41.905808 110 4172
41.905910 1198 4172
41.905930 1198 4172
41.905945 702 4172
41.907004 1198 4172
41.907024 1198 4172
41.907041 1198 4172
41.907055 1198 4172
41.907073 1198 4172
41.907088 1198 4172
41.907102 1198 4172
41.907116 1198 4172
41.907132 1198 4172
41.907147 1198 4172
41.907161 1198 4172
41.907176 1198 4172
41.907192 366 4172
41.907607 1198 4172
41.907625 1198 4172
41.907641 558 4172
41.908420 1198 4172
41.908437 1198 4172
41.908453 1198 4172
41.908468 1198 4172
41.908485 254 4172
41.908719 1198 4172
41.908739 238 4172
41.941055 1198 4172
41.941058 1198 4172
41.941059 1198 4172
41.941060 1198 4172
41.941082 1198 4172
41.941094 1198 4172
41.941103 1198 4172
41.941114 1198 4172
41.941126 1038 4172
41.941847 1198 4172
41.941859 1198 4172
41.941870 1198 4172
41.941880 1198 4172
41.941892 942 4172
41.942547 1198 4172
41.942555 1198 4172
41.942565 1198 4172
41.942575 942 4172
41.943257 1198 4172
41.943266 1198 4172
41.943276 1198 4172
41.943287 1198 4172
41.943299 1198 4172
41.943310 702 4172
41.944146 1198 4172
41.944154 1198 4172
41.944164 1198 4172
41.944173 1198 4172
41.944185 1198 4172
41.944196 1198 4172
41.944205 1198 4172
41.944216 1198 4172
41.944228 606 4172
41.945183 1198 4172
41.945191 1198 4172
41.945202 1198 4172
41.945212 1198 4172
41.945223 1198 4172
41.945233 1198 4172
41.945242 1198 4172
41.945253 1198 4172
41.945263 1198 4172
41.945273 1198 4172
41.945283 734 4172
41.946237 1198 4172
41.946245 1198 4172
41.946256 1198 4172
41.946265 1198 4172
41.946278 1198 4172
41.946287 1198 4172
41.946296 1198 4172
41.946306 1198 4172
41.946318 894 4172
41.947208 1198 4172
41.947219 1198 4172
41.947230 1198 4172
41.947239 1198 4172
41.947251 1198 4172
41.947261 1198 4172
41.947270 1198 4172
41.947280 1198 4172
41.947292 1198 4172
41.947302 910 4172
41.948452 1198 4172
41.948463 1198 4172
41.948473 1198 4172
41.948484 1198 4172
41.948496 1198 4172
41.948506 1198 4172
41.948515 1198 4172
41.948526 1198 4172
41.948537 1198 4172
41.948547 1198 4172
41.948556 1198 4172
41.948565 1198 4172
41.948588 1198 4172
41.948589 1198 4172
41.948596 350 4172
41.950963 1198 4172
41.950987 1198 4172
41.951004 1198 4172
41.951019 1198 4172
41.951037 1198 4172
41.951052 1198 4172
41.951067 1198 4172
41.951081 1198 4172
41.951098 1198 4172
41.951114 1198 4172
41.951127 1198 4172
41.951142 1198 4172
41.951158 1198 4172
41.951175 846 4172
41.951190 1198 4172
41.951204 1198 4172
41.951221 1198 4172
41.951236 1198 4172
41.951251 1198 4172
41.951265 1198 4172
41.951282 1198 4172
41.951296 1198 4172
41.951310 1198 4172
41.951324 350 4172
41.951851 1198 4172
41.951871 1198 4172
41.951887 1198 4172
41.951901 1198 4172
41.951918 1198 4172
41.951934 1198 4172
41.951949 590 4172
41.953643 1198 4172
41.953664 1198 4172
41.953683 814 4172
41.954721 1198 4172
41.954745 1198 4172
41.954762 1198 4172
41.954777 1198 4172
41.954795 1198 4172
41.954810 1198 4172
41.954826 1198 4172
41.954841 1198 4172
41.954859 1198 4172
41.954874 1198 4172
41.954889 1198 4172
41.954904 974 4172
41.955357 1198 4172
41.955376 1198 4172
41.955392 734 4172
41.956246 1198 4172
41.956265 1198 4172
41.956281 1198 4172
41.956297 1198 4172
41.956315 222 4172
41.956377 574 4172
41.963715 1198 4172
41.963739 1198 4172
41.963756 1198 4172
41.963772 1198 4172
41.963791 1198 4172
41.963806 1198 4172
41.963822 1198 4172
41.963838 142 4172
41.964676 1198 4172
41.964697 1198 4172
41.964715 1198 4172
41.964731 1198 4172
41.964751 718 4172
41.976751 1198 4172
41.976759 1198 4172
41.976760 1198 4172
41.976779 638 4172
41.976791 1198 4172
41.976801 1198 4172
41.976811 1198 4172
41.976820 1198 4172
41.976833 1118 4172
41.976843 1198 4172
41.976853 1198 4172
41.976862 1198 4172
41.976874 1198 4172
41.976884 1198 4172
41.976895 1198 4172
41.976903 990 4172
41.976918 1198 4172
41.976928 1198 4172
41.976934 1198 4172
41.976944 1198 4172
41.976956 1198 4172
41.976965 1198 4172
41.976974 1198 4172
41.976985 1198 4172
41.976996 766 4172
41.977006 1198 4172
41.977015 1198 4172
41.977025 1198 4172
41.977036 1198 4172
41.977046 1198 4172
41.977056 1198 4172
41.977065 1198 4172
41.977077 990 4172
41.977087 1198 4172
41.977096 1198 4172
41.977106 1198 4172
41.977117 1198 4172
41.977126 1198 4172
41.977136 1198 4172
41.977145 1198 4172
41.977156 1198 4172
41.977166 830 4172
41.977176 1198 4172
41.977193 1198 4172
41.977195 1198 4172
41.977210 1198 4172
41.977218 1198 4172
41.977226 1198 4172
41.977237 1198 4172
41.977247 1198 4172
41.977257 1198 4172
41.977266 1198 4172
41.977278 1198 4172
41.977287 1198 4172
41.977296 510 4172
41.977306 1198 4172
41.977317 1198 4172
41.977327 1198 4172
41.977336 1198 4172
41.977346 1198 4172
41.977358 1198 4172
41.977367 1198 4172
41.977377 1198 4172
41.977386 1198 4172
41.977398 1198 4172
41.977407 1198 4172
41.977416 318 4172
41.977426 1198 4172
41.977438 1198 4172
41.977447 1198 4172
41.977456 1198 4172
41.977465 1198 4172
41.977477 1198 4172
41.977486 1198 4172
41.977496 1198 4172
41.977505 174 4172
41.977516 1198 4172
41.977526 1198 4172
41.977536 1198 4172
41.977545 1198 4172
41.977556 1198 4172
41.977566 638 4172
41.977576 1198 4172
41.977585 1198 4172
41.977597 894 4172
41.977607 1198 4172
41.977616 1198 4172
41.977626 1198 4172
41.977637 1198 4172
41.977647 1198 4172
41.977656 1198 4172
41.977665 1198 4172
41.977676 1198 4172
41.977685 1198 4172
41.977695 1198 4172
41.977704 334 4172
41.977716 1198 4172
41.977725 1198 4172
41.977735 878 4172
41.977744 1198 4172
41.977755 1198 4172
41.977765 1198 4172
41.977775 606 4172
41.977784 574 4172
42.018198 1198 4172
42.018201 1198 4172
42.018202 1198 4172
42.018207 1198 4172
42.018220 1198 4172
42.018229 1198 4172
42.018239 334 4172
42.018967 1198 4172
42.018979 1198 4172
42.018989 1198 4172
42.019001 1198 4172
42.019012 414 4172
42.019618 1198 4172
42.019629 1198 4172
42.019639 1198 4172
42.019649 270 4172
42.020295 1198 4172
42.020304 1198 4172
42.020314 1198 4172
42.020324 1198 4172
42.020336 622 4172
42.021117 1198 4172
42.021127 1198 4172
42.021138 1198 4172
42.021147 1198 4172
42.021159 1198 4172
42.021170 798 4172
42.022042 1198 4172
42.022052 1198 4172
42.022062 1198 4172
42.022072 1198 4172
42.022083 1198 4172
42.022093 1198 4172
42.022103 1198 4172
42.022112 190 4172
42.023048 1198 4172
42.023059 1198 4172
42.023070 1198 4172
42.023081 1198 4172
42.023093 1198 4172
42.023102 1198 4172
42.023112 1198 4172
42.023122 366 4172
42.023972 1198 4172
42.023983 1198 4172
42.023993 1198 4172
42.024003 1198 4172
42.024016 1198 4172
42.024025 1198 4172
42.024035 1198 4172
42.024045 766 4172
42.025210 1198 4172
42.025214 1198 4172
42.025225 1198 4172
42.025235 1198 4172
42.025247 1198 4172
42.025257 1198 4172
42.025267 1198 4172
42.025276 1198 4172
42.025287 1198 4172
42.025297 1198 4172
42.025307 1198 4172
42.025318 126 4172
42.026406 1198 4172
42.026417 1198 4172
42.026430 1198 4172
42.026439 1198 4172
42.026452 1198 4172
42.026461 1198 4172
42.026471 1198 4172
42.026480 1198 4172
42.026492 1198 4172
42.026502 606 4172
42.027385 1198 4172
42.027393 1198 4172
42.027404 1198 4172
42.027414 1198 4172
42.027426 1198 4172
42.027436 1198 4172
42.027444 1198 4172
42.027455 286 4172
42.028195 1198 4172
42.028201 1198 4172
42.028211 1198 4172
42.028221 1198 4172
42.028234 1118 4172
42.028776 1198 4172
42.028785 1198 4172
42.028796 830 4172
42.029764 1198 4172
42.029773 1198 4172
42.029783 1198 4172
42.029793 1198 4172
42.029804 1198 4172
42.029815 1198 4172
42.029824 1198 4172
42.029834 1198 4172
42.029846 366 4172
42.030443 1198 4172
42.030451 1198 4172
42.030462 782 4172
42.031245 1198 4172
42.031253 1198 4172
42.031264 606 4172
42.062364 430 4172
42.062445 510 4172
42.062447 1198 4172
42.062448 1198 4172
42.062448 814 4172
42.062450 1198 4172
42.062451 1198 4172
42.062455 1198 4172
42.062469 878 4172
42.062478 1198 4172
42.062488 1198 4172
42.062498 1198 4172
42.062509 1198 4172
42.062519 1198 4172
42.062531 494 4172
42.062541 1198 4172
42.062553 1198 4172
42.062561 1198 4172
42.062571 1198 4172
42.062580 1198 4172
42.062591 574 4172
42.062601 1198 4172
42.062611 1198 4172
42.062620 1198 4172
42.062635 1198 4172
42.062646 1198 4172
42.062655 414 4172
42.062666 1198 4172
42.062677 1198 4172
42.062687 1198 4172
42.062696 1198 4172
42.062706 1198 4172
42.062718 974 4172
42.062728 1198 4172
42.062737 1198 4172
42.062746 1198 4172
42.062757 1198 4172
42.062767 1198 4172
42.062777 1198 4172
42.062787 958 4172
42.062798 1198 4172
42.062808 1198 4172
42.062818 1198 4172
42.062827 1198 4172
42.062839 1198 4172
42.062848 1198 4172
42.062858 1198 4172
42.062868 270 4172
42.062880 1198 4172
42.062890 1198 4172
42.062899 1198 4172
42.062909 1198 4172
42.062920 1198 4172
42.062930 686 4172
42.062940 1198 4172
42.062950 1198 4172
42.062961 1198 4172
42.062972 1086 4172
42.062982 1198 4172
42.062991 1198 4172
42.063002 286 4172
42.063011 1198 4172
42.063021 1198 4172
42.063031 1198 4172
42.063042 1198 4172
42.063051 1198 4172
42.063061 1198 4172
42.063070 1198 4172
42.063081 318 4172
42.065654 1198 4172
42.065671 942 4172
42.065687 1198 4172
42.065702 1198 4172
42.065721 1198 4172
42.065739 1198 4172
42.065750 1198 4172
42.065765 1198 4172
42.065782 1198 4172
42.065798 286 4172
42.080066 190 4172
42.080314 222 4172
42.080647 222 4172
42.080996 222 4172
42.081322 222 4172
42.081670 222 4172
42.082049 222 4172
42.082351 222 4172
42.082693 222 4172
42.083002 222 4172
42.083307 222 4172
42.083593 222 4172
42.083924 222 4172
42.084336 238 4172
42.084665 222 4172
42.105618 110 4172
42.132311 286 4172
42.132329 190 4172
42.132331 190 4172
42.132333 190 4172
42.132749 190 4172
42.133133 190 4172
42.133518 190 4172
42.133905 190 4172
42.134299 190 4172
42.134694 190 4172
42.135078 190 4172
42.135454 190 4172
42.135847 190 4172
42.136238 190 4172
42.136632 190 4172
42.137344 1198 4172
42.137370 1198 4172
42.137386 1198 4172
42.137402 1198 4172
42.137422 1198 4172
42.137438 1022 4172
42.162349 222 4172
42.162365 190 4172
42.162367 1198 4172
42.162368 1006 4172
42.162388 1198 4172
42.162389 1198 4172
42.162396 1198 4172
42.162409 1198 4172
42.162420 1198 4172
42.162430 1198 4172
42.162440 1198 4172
42.162451 1198 4172
42.162461 1198 4172
42.162471 1198 4172
42.162480 1198 4172
42.162491 750 4172
42.162503 1198 4172
42.162511 1198 4172
42.162521 1198 4172
42.162531 1198 4172
42.162543 1198 4172
42.162552 1198 4172
42.162562 1198 4172
42.162571 1198 4172
42.162582 1198 4172
42.162592 1198 4172
42.162601 1198 4172
42.162612 1102 4172
42.163296 1198 4172
42.163307 1198 4172
42.163318 1198 4172
42.163327 1198 4172
42.163338 1198 4172
42.163348 1198 4172
42.163357 1198 4172
42.163367 1198 4172
42.163378 1198 4172
42.163387 1198 4172
42.163396 1198 4172
42.163406 1198 4172
42.163417 1198 4172
42.163427 1198 4172
42.163436 526 4172
42.164433 1198 4172
42.164443 1198 4172
42.164452 1198 4172
42.164462 1198 4172
42.164473 1198 4172
42.164483 1198 4172
42.164493 1198 4172
42.164503 1198 4172
42.164514 1198 4172
42.164524 1198 4172
42.164534 1198 4172
42.164544 1198 4172
42.164555 1198 4172
42.164564 1198 4172
42.164575 830 4172
42.165548 1198 4172
42.165552 1198 4172
42.165563 1198 4172
42.165572 1198 4172
42.165585 1198 4172
42.165595 1198 4172
42.165605 1198 4172
42.165614 1198 4172
42.165626 1198 4172
42.165636 1198 4172
42.165645 1198 4172
42.165655 1198 4172
42.165666 1198 4172
42.165676 1198 4172
42.165687 542 4172
42.166614 1198 4172
42.166622 1198 4172
42.166632 1198 4172
42.166642 1198 4172
42.166654 1198 4172
42.166663 1198 4172
42.166673 1198 4172
42.166683 1198 4172
42.166693 1198 4172
42.166703 1198 4172
42.166712 1198 4172
42.166722 1198 4172
42.166735 1166 4172
42.167729 1198 4172
42.167730 1198 4172
42.167739 1198 4172
42.167749 1198 4172
42.167762 1198 4172
42.167771 1198 4172
42.167780 1198 4172
42.167790 1198 4172
42.167803 1198 4172
42.167812 1198 4172
42.167822 1198 4172
42.167832 1198 4172
42.167843 1198 4172
42.167853 1198 4172
42.167863 734 4172
42.168941 1198 4172
42.168963 1198 4172
42.168978 1198 4172
42.168993 1198 4172
42.169030 1198 4172
42.169046 1198 4172
42.169060 1198 4172
42.169075 1198 4172
42.169092 1198 4172
42.169107 1198 4172
42.169121 1198 4172
42.169137 1198 4172
42.169153 1198 4172
42.169167 1198 4172
42.169183 126 4172
42.170092 1198 4172
42.170113 1198 4172
42.170129 1198 4172
42.170146 1198 4172
42.170165 1198 4172
42.170180 1198 4172
42.170194 1198 4172
42.170209 1198 4172
42.170226 1198 4172
42.170241 1198 4172
42.170255 1198 4172
42.170270 1198 4172
42.170286 1198 4172
42.170302 686 4172
42.171107 1198 4172
42.171128 1198 4172
42.171144 1198 4172
42.171160 1198 4172
42.171177 1198 4172
42.171192 1198 4172
42.171208 1198 4172
42.171222 1198 4172
42.171240 1198 4172
42.171253 1198 4172
42.171269 1198 4172
42.171285 526 4172
42.171950 1198 4172
42.171966 1198 4172
42.171982 1198 4172
42.171996 1198 4172
42.172015 1198 4172
42.172029 1198 4172
42.172043 1198 4172
42.172057 318 4172
42.172340 190 4172
42.173004 1198 4172
42.173021 1198 4172
42.173039 1198 4172
42.173055 1198 4172
42.173075 1198 4172
42.173090 1198 4172
42.173106 398 4172
42.174124 60 60000
42.202323 222 4172
42.203171 558 4172
42.204043 1198 4172
42.204051 1198 4172
42.204061 958 4172
42.205277 1198 4172
42.205284 1198 4172
42.205296 1198 4172
42.205326 1198 4172
42.205327 1198 4172
42.205327 1198 4172
42.205337 1198 4172
42.205345 1198 4172
42.205357 1198 4172
42.205366 1198 4172
42.205375 1198 4172
42.205386 1198 4172
42.205396 1198 4172
42.205406 1198 4172
42.205416 1198 4172
42.205427 1198 4172
42.205437 1198 4172
42.205446 414 4172
42.206602 1198 4172
42.206603 1198 4172
42.206611 1198 4172
42.206622 1198 4172
42.206634 1198 4172
42.206644 1198 4172
42.206654 1198 4172
42.206664 1198 4172
42.206677 1198 4172
42.206687 1198 4172
42.206696 1198 4172
42.206706 1198 4172
42.206717 1198 4172
42.206727 1198 4172
42.206737 1198 4172
42.206746 1198 4172
42.206759 1198 4172
42.206768 1198 4172
42.206777 286 4172
42.207954 1198 4172
42.207959 1198 4172
42.207969 1198 4172
42.207980 1198 4172
42.207991 1198 4172
42.208001 1198 4172
42.208010 1198 4172
42.208021 1198 4172
42.208033 1198 4172
42.208042 1198 4172
42.208051 1198 4172
42.208061 1198 4172
42.208072 1198 4172
42.208082 1198 4172
42.208092 1198 4172
42.208102 1198 4172
42.208114 1198 4172
42.208124 1198 4172
42.208132 1198 4172
42.208141 1198 4172
42.208153 1198 4172
42.208163 670 4172
42.209330 1198 4172
42.209339 1198 4172
42.209349 1198 4172
42.209359 1198 4172
42.209371 1198 4172
42.209381 1198 4172
42.209390 1198 4172
42.209399 1198 4172
42.209411 1198 4172
42.209420 1198 4172
42.209430 1198 4172
42.209439 1198 4172
42.209451 1198 4172
42.209461 1198 4172
42.209470 1198 4172
42.209480 1198 4172
42.209492 1198 4172
42.209500 1198 4172
42.209510 1198 4172
42.209519 1198 4172
42.209532 1198 4172
42.209541 622 4172
42.210657 1198 4172
42.210668 1198 4172
42.210678 1198 4172
42.210687 1198 4172
42.210699 1198 4172
42.210708 1198 4172
42.210718 1198 4172
42.210728 1198 4172
42.210739 1198 4172
42.210749 1198 4172
42.210758 1198 4172
42.210768 1198 4172
42.210779 1198 4172
42.210788 1198 4172
42.210798 1198 4172
42.210809 1198 4172
42.210819 1198 4172
42.210828 1198 4172
42.210838 1198 4172
42.210847 1198 4172
42.210858 1198 4172
42.210868 830 4172
42.211982 1198 4172
42.211992 1198 4172
42.212002 1198 4172
42.212011 1198 4172
42.212023 1198 4172
42.212033 1198 4172
42.212042 1198 4172
42.212052 1198 4172
42.212063 1198 4172
42.212073 1198 4172
42.212082 1198 4172
42.212092 1198 4172
42.212102 1198 4172
42.212128 1198 4172
42.212128 1198 4172
42.212129 1198 4172
42.212143 1198 4172
42.212153 1198 4172
42.212161 1198 4172
42.212171 1198 4172
42.212183 1086 4172
42.213309 1198 4172
42.213383 1198 4172
42.213396 1198 4172
42.213407 1198 4172
42.213420 1198 4172
42.213430 1198 4172
42.213439 1198 4172
42.213449 1198 4172
42.213460 1198 4172
42.213470 1198 4172
42.213479 1198 4172
42.213489 1198 4172
42.213500 1198 4172
42.213509 1198 4172
42.213518 1198 4172
42.213529 1198 4172
42.213540 1198 4172
42.213549 1198 4172
42.213559 1198 4172
42.213569 1198 4172
42.213580 1198 4172
42.213590 1198 4172
42.213598 1198 4172
42.213608 382 4172
42.214796 1198 4172
42.214809 1198 4172
42.214858 1198 4172
42.214868 1198 4172
42.214879 1198 4172
42.214890 1198 4172
42.214904 1198 4172
42.214913 1198 4172
42.214925 1198 4172
42.214934 1198 4172
42.214944 1198 4172
42.214954 1198 4172
42.214965 1198 4172
42.214974 1198 4172
42.214983 1198 4172
42.214993 1198 4172
42.215004 1198 4172
42.215013 1198 4172
42.215023 1198 4172
42.215032 1198 4172
42.215043 1198 4172
42.215053 910 4172
42.216284 1198 4172
42.216294 1198 4172
42.216305 1198 4172
42.216315 1198 4172
42.216326 1198 4172
42.216335 1198 4172
42.216345 1198 4172
42.216355 1198 4172
42.216366 1198 4172
42.216376 1198 4172
42.216385 1198 4172
42.216395 1198 4172
42.216405 1198 4172
42.216414 1198 4172
42.216424 1198 4172
42.216434 1198 4172
42.216448 1198 4172
42.216454 1198 4172
42.216464 1198 4172
42.216473 1198 4172
42.216486 350 4172
42.218814 1198 4172
42.218823 1198 4172
42.218832 1198 4172
42.218842 1198 4172
42.218854 1198 4172
42.218864 1198 4172
42.218873 1198 4172
42.218882 1198 4172
42.218893 1198 4172
42.218902 1198 4172
42.218912 1198 4172
42.218921 1198 4172
42.218932 1198 4172
42.218942 1198 4172
42.218952 1198 4172
42.218961 1198 4172
42.218973 798 4172
42.219986 1198 4172
42.219998 1198 4172
42.220009 1198 4172
42.220019 1198 4172
42.220031 1198 4172
42.220041 1198 4172
42.220050 1198 4172
42.220059 1198 4172
42.220071 1198 4172
42.220080 1198 4172
42.220090 1198 4172
42.220101 686 4172
42.220885 526 4172
42.221915 1198 4172
42.221927 1198 4172
42.221937 1198 4172
42.221947 1198 4172
42.221959 1198 4172
42.221969 1198 4172
42.221979 1198 4172
42.221989 238 4172
42.224359 222 4172
42.224689 190 4172
42.224986 1182 4172
42.225603 1198 4172
42.225621 1198 4172
42.225637 1198 4172
42.225653 1198 4172
42.225672 1198 4172
42.225687 1198 4172
42.225702 1198 4172
42.225717 1198 4172
42.225735 1198 4172
42.225750 382 4172
42.226193 1198 4172
42.226213 1198 4172
42.226230 1198 4172
42.226244 1198 4172
42.226262 1198 4172
42.226275 1198 4172
42.226290 1198 4172
42.226304 1198 4172
42.226321 1198 4172
42.226336 334 4172
42.226915 1198 4172
42.226937 1198 4172
42.226954 1198 4172
42.226969 1198 4172
42.226986 1198 4172
42.227002 1198 4172
42.227017 1198 4172
42.227032 1198 4172
42.227049 1198 4172
42.227064 1198 4172
42.227079 1198 4172
42.227096 1198 4172
42.227112 1198 4172
42.227127 1102 4172
42.227434 1198 4172
42.227455 1198 4172
42.227470 1198 4172
42.227485 1198 4172
42.227503 1198 4172
42.227517 1198 4172
42.227533 1182 4172
42.227975 1198 4172
42.227996 1198 4172
42.228011 1198 4172
42.228026 1198 4172
42.228043 1198 4172
42.228057 1198 4172
42.228071 1198 4172
42.228087 1198 4172
42.228108 286 4172
42.228628 1198 4172
42.228651 1198 4172
42.228664 1198 4172
42.228682 1198 4172
42.228697 1198 4172
42.228713 1198 4172
42.228726 1198 4172
42.228742 1198 4172
42.228757 1198 4172
42.228775 1198 4172
42.228789 1198 4172
42.228805 1198 4172
42.228821 974 4172
42.229426 1198 4172
42.229444 1198 4172
42.229460 1198 4172
42.229475 1198 4172
42.229492 1198 4172
42.229507 1198 4172
42.229521 1198 4172
42.229536 1198 4172
42.229553 1198 4172
42.229568 1198 4172
42.229583 1198 4172
42.229597 1198 4172
42.229614 1198 4172
42.229630 1198 4172
42.229643 1198 4172
42.229658 1198 4172
42.229675 1166 4172
42.230236 1198 4172
42.230256 1198 4172
42.230273 1198 4172
42.230288 1198 4172
42.230305 1198 4172
42.230320 1198 4172
42.230334 1198 4172
42.230349 1198 4172
42.230365 1198 4172
42.230380 1198 4172
42.230396 1198 4172
42.230410 1198 4172
42.230462 1198 4172
42.230477 1198 4172
42.230492 1198 4172
42.230507 686 4172
42.231051 1198 4172
42.231070 1198 4172
42.231087 1198 4172
42.231102 1198 4172
42.231125 1198 4172
42.231157 1198 4172
42.231173 1198 4172
42.231187 1198 4172
42.231204 1198 4172
42.231219 1198 4172
42.231233 1198 4172
42.231247 1198 4172
42.231264 1198 4172
42.231278 174 4172
42.231796 1198 4172
42.231820 1198 4172
42.231836 1198 4172
42.231851 1198 4172
42.231870 1198 4172
42.231886 1198 4172
42.231902 1198 4172
42.231916 1198 4172
42.231933 1198 4172
42.231947 398 4172
42.232412 1198 4172
42.232432 1198 4172
42.232447 1198 4172
42.232462 1198 4172
42.232479 1198 4172
42.232494 1198 4172
42.232508 1198 4172
42.232523 590 4172
42.232685 190 4172
42.232974 190 4172
42.387070 110 4172
42.447781 110 4172
42.486711 270 4172
42.487123 174 4172
42.487620 1198 4172
42.487630 1198 4172
42.487641 398 4172
42.488741 1198 4172
42.488752 1198 4172
42.488761 1198 4172
42.488771 1198 4172
42.488783 1198 4172
42.488792 1198 4172
42.488802 1198 4172
42.488811 1198 4172
42.488823 1198 4172
42.488833 1198 4172
42.488842 1198 4172
42.488852 1198 4172
42.488863 1198 4172
42.488873 1198 4172
42.488882 1198 4172
42.488892 1198 4172
42.488904 1198 4172
42.488913 1198 4172
42.488922 1198 4172
42.488932 1198 4172
42.488943 1086 4172
42.489937 1198 4172
42.489948 1198 4172
42.489958 1198 4172
42.489969 1198 4172
42.489980 1198 4172
42.489991 1198 4172
42.490000 1198 4172
42.490009 1198 4172
42.490020 1198 4172
42.490030 1198 4172
42.490039 1198 4172
42.490049 1198 4172
42.490061 1198 4172
42.490070 1198 4172
42.490079 1198 4172
42.490090 1198 4172
42.490101 1198 4172
42.490110 1198 4172
42.490119 1198 4172
42.490129 1198 4172
42.490140 382 4172
42.491217 1198 4172
42.491228 1198 4172
42.491237 1198 4172
42.491248 1198 4172
42.491259 1198 4172
42.491269 1198 4172
42.491279 1198 4172
42.491289 1198 4172
42.491300 1198 4172
42.491310 1198 4172
42.491320 1198 4172
42.491329 1198 4172
42.491340 1198 4172
42.491351 1198 4172
42.491359 1198 4172
42.491369 1198 4172
42.491381 1198 4172
42.491390 1198 4172
42.491400 1198 4172
42.491409 1198 4172
42.491420 1198 4172
42.491430 1198 4172
42.491439 1198 4172
42.491448 1198 4172
42.491460 254 4172
42.492557 1198 4172
42.492568 1198 4172
42.492579 1198 4172
42.492589 1198 4172
42.492600 1198 4172
42.492610 1198 4172
42.492621 1198 4172
42.492629 1198 4172
42.492641 1198 4172
42.492650 1198 4172
42.492659 1198 4172
42.492669 1198 4172
42.492681 1198 4172
42.492690 1198 4172
42.492699 1198 4172
42.492709 1198 4172
42.492720 1198 4172
42.492729 1198 4172
42.492739 1198 4172
42.492749 1198 4172
42.492760 1198 4172
42.492769 1198 4172
42.492778 1198 4172
42.492788 1198 4172
42.492800 606 4172
42.493830 1198 4172
42.493840 1198 4172
42.493850 1198 4172
42.493860 1198 4172
42.493872 1198 4172
42.493882 1198 4172
42.493892 1198 4172
42.493901 1198 4172
42.493912 1198 4172
42.493922 1198 4172
42.493931 1198 4172
42.493941 1198 4172
42.493952 1198 4172
42.493961 1198 4172
42.493970 1198 4172
42.493982 1198 4172
42.493992 1198 4172
42.494001 1198 4172
42.494010 1198 4172
42.494020 1198 4172
42.494031 1198 4172
42.494041 1198 4172
42.494050 1198 4172
42.494060 878 4172
42.495031 1198 4172
42.495037 1198 4172
42.495048 1198 4172
42.495058 1198 4172
42.495070 1198 4172
42.495080 1198 4172
42.495089 1198 4172
42.495099 1198 4172
42.495110 1198 4172
42.495120 1198 4172
42.495129 1198 4172
42.495138 1198 4172
42.495150 1198 4172
42.495160 1198 4172
42.495169 1198 4172
42.495178 1198 4172
42.495190 1198 4172
42.495199 1198 4172
42.495208 1198 4172
42.495217 1198 4172
42.495229 1198 4172
42.499286 1198 4172
42.499295 1198 4172
42.499303 1198 4172
42.499313 1198 4172
42.499329 1198 4172
42.499340 1198 4172
42.499353 1198 4172
42.499363 1198 4172
42.499373 1198 4172
42.499383 1198 4172
42.499393 1198 4172
42.499402 1198 4172
42.499413 1198 4172
42.499423 1198 4172
42.499432 1198 4172
42.499443 1198 4172
42.499456 1198 4172
42.499464 1198 4172
42.499473 1198 4172
42.499482 1198 4172
42.499494 1198 4172
42.499503 1198 4172
42.499513 1198 4172
42.499523 1198 4172
42.499535 206 4172
42.499545 1198 4172
42.499554 1198 4172
42.499564 1198 4172
42.499575 1198 4172
42.499585 1198 4172
42.499595 1198 4172
42.499604 1198 4172
42.499616 1198 4172
42.499625 1198 4172
42.499634 1198 4172
42.499644 1198 4172
42.499655 1198 4172
42.499665 1198 4172
42.499674 1198 4172
42.499683 1198 4172
42.499695 1198 4172
42.499705 1198 4172
42.499714 1198 4172
42.499724 1198 4172
42.499737 1198 4172
42.499745 1198 4172
42.499754 1198 4172
42.499765 1198 4172
42.499775 526 4172
42.499785 1198 4172
42.499794 1198 4172
42.499804 1198 4172
42.499815 1198 4172
42.499825 1198 4172
42.499834 1198 4172
42.499843 1198 4172
42.499855 1198 4172
42.499864 1198 4172
42.499874 1198 4172
42.499883 1198 4172
42.499894 1198 4172
42.499903 1198 4172
42.499913 1198 4172
42.499922 1198 4172
42.499933 1198 4172
42.499942 1198 4172
42.499952 1198 4172
42.499961 1198 4172
42.499972 1198 4172
42.499982 1198 4172
42.499991 1198 4172
42.500001 1198 4172
42.500012 686 4172
42.500815 1198 4172
42.500839 1198 4172
42.500857 1198 4172
42.500874 1198 4172
42.500894 1198 4172
42.500910 1198 4172
42.500926 1198 4172
42.500942 1198 4172
42.500961 1198 4172
42.500974 1198 4172
42.500991 1198 4172
42.501006 1198 4172
42.501024 1198 4172
42.501039 1198 4172
42.501055 1198 4172
42.501070 1198 4172
42.501088 1198 4172
42.501104 1198 4172
42.501122 1134 4172
42.501745 1198 4172
42.501760 1198 4172
42.501776 1198 4172
42.501792 1198 4172
42.501811 1198 4172
42.501826 1198 4172
42.501842 1198 4172
42.501858 1198 4172
42.501876 1198 4172
42.501891 1198 4172
42.501908 1198 4172
42.501921 1198 4172
42.501938 1198 4172
42.501954 286 4172
42.502140 174 4172
42.502995 1198 4172
42.503013 1198 4172
42.503027 1198 4172
42.503043 1198 4172
42.503061 1198 4172
42.503077 1198 4172
42.503092 1198 4172
42.503108 510 4172
42.505254 1198 4172
42.505273 1198 4172
42.505291 1198 4172
42.505307 1198 4172
42.505329 1198 4172
42.505345 1198 4172
42.505361 1198 4172
42.505377 1198 4172
42.505397 1198 4172
42.505415 1198 4172
42.505428 1198 4172
42.505444 1182 4172
42.520378 1198 4172
42.520380 1198 4172
42.520385 334 4172
42.520464 302 4172
42.520627 238 4172
42.547735 110 4172
42.563035 238 4172
42.647972 110 4172
42.668442 110 4172
42.673805 1198 4172
42.673807 1198 4172
42.673824 974 4172
42.674882 1198 4172
42.674892 1198 4172
42.674904 1198 4172
42.674919 1198 4172
42.674931 1198 4172
42.674942 1198 4172
42.674956 1198 4172
42.674972 1198 4172
42.674987 1198 4172
42.674998 1198 4172
42.675009 1198 4172
42.675021 1198 4172
42.675034 1198 4172
42.675045 1198 4172
42.675058 1198 4172
42.675069 1198 4172
42.675082 1198 4172
42.675094 1198 4172
42.675106 622 4172
42.676121 1198 4172
42.676133 1198 4172
42.676144 1198 4172
42.676156 1198 4172
42.676169 1198 4172
42.676183 1198 4172
42.676193 1198 4172
42.676204 1198 4172
42.676218 1198 4172
42.676229 1198 4172
42.676240 1198 4172
42.676252 1198 4172
42.676267 1198 4172
42.676279 1198 4172
42.676290 1198 4172
42.676301 1198 4172
42.676314 1198 4172
42.676325 1198 4172
42.676337 1198 4172
42.676348 142 4172
42.677384 1198 4172
42.677395 1198 4172
42.677406 1198 4172
42.677418 1198 4172
42.677432 1198 4172
42.677443 1198 4172
42.677454 1198 4172
42.677466 1198 4172
42.677479 1198 4172
42.677491 1198 4172
42.677502 1198 4172
42.677513 1198 4172
42.677528 1198 4172
42.677540 1198 4172
42.677552 1198 4172
42.677563 1198 4172
42.677577 1198 4172
42.677588 1198 4172
42.677599 1198 4172
42.677610 1198 4172
42.677625 1198 4172
42.677636 206 4172
42.678770 1198 4172
42.678777 1198 4172
42.678789 1198 4172
42.678800 1198 4172
42.678814 1198 4172
42.678826 1198 4172
42.678837 1198 4172
42.678848 1198 4172
42.678862 1198 4172
42.678873 1198 4172
42.678885 1198 4172
42.678896 1198 4172
42.678909 1198 4172
42.678921 1198 4172
42.678932 1198 4172
42.678943 1198 4172
42.678956 1198 4172
42.678968 1198 4172
42.678979 1198 4172
42.678990 1198 4172
42.679004 1198 4172
42.679015 1198 4172
42.679026 1198 4172
42.679038 190 4172
42.680057 1198 4172
42.680069 1198 4172
42.680080 1198 4172
42.680093 1198 4172
42.680106 1198 4172
42.680118 1198 4172
42.680129 1198 4172
42.680140 1198 4172
42.680154 1198 4172
42.680165 1198 4172
42.680176 1198 4172
42.680188 1198 4172
42.680202 1198 4172
42.680213 1198 4172
42.680224 1198 4172
42.680237 1198 4172
42.680250 1198 4172
42.680261 1198 4172
42.680272 1198 4172
42.680283 1198 4172
42.680297 1198 4172
42.680308 1198 4172
42.680319 238 4172
42.681223 1198 4172
42.681235 1198 4172
42.681247 1198 4172
42.681258 1198 4172
42.681272 1198 4172
42.681283 1198 4172
42.681294 1198 4172
42.681306 1198 4172
42.681319 1198 4172
42.681330 1198 4172
42.681342 1198 4172
42.681353 1198 4172
42.681367 1198 4172
42.681379 1198 4172
42.681390 1198 4172
42.681403 1198 4172
42.681414 1198 4172
42.681426 1198 4172
42.681436 1198 4172
42.681449 606 4172
42.682465 1198 4172
42.682476 1198 4172
42.682488 1198 4172
42.682499 1198 4172
42.682512 1198 4172
42.682524 1198 4172
42.682537 1198 4172
42.682548 1198 4172
42.682561 1198 4172
42.682573 1198 4172
42.682584 1198 4172
42.682596 1198 4172
42.682609 1198 4172
42.682621 1198 4172
42.682632 1198 4172
42.682643 1198 4172
42.682656 1198 4172
42.682668 1198 4172
42.682679 1198 4172
42.682690 1198 4172
42.682704 1198 4172
42.682716 798 4172
42.683848 1198 4172
42.683860 1198 4172
42.683873 1198 4172
42.683883 1198 4172
42.683897 1198 4172
42.683908 1198 4172
42.683920 1198 4172
42.683931 1198 4172
42.683943 1198 4172
42.683955 1198 4172
42.683966 1198 4172
42.683977 1198 4172
42.683991 1198 4172
42.684003 1198 4172
42.684014 1198 4172
42.684025 1198 4172
42.684038 1198 4172
42.684050 1198 4172
42.684060 1198 4172
42.684072 1198 4172
42.684085 1198 4172
42.684098 974 4172
42.685906 1198 4172
42.685993 1198 4172
42.686008 1198 4172
42.686019 1198 4172
42.686035 1198 4172
42.686047 1198 4172
42.686058 1198 4172
42.686071 1198 4172
42.686085 1198 4172
42.686096 1198 4172
42.686106 1198 4172
42.686118 1198 4172
42.686132 1198 4172
42.686143 1198 4172
42.686154 1198 4172
42.686165 1198 4172
42.686178 1198 4172
42.686191 1198 4172
42.686201 1198 4172
42.686212 1198 4172
42.686227 446 4172
42.687196 1198 4172
42.687208 1198 4172
42.687219 1198 4172
42.687231 1198 4172
42.687244 1198 4172
42.687256 1198 4172
42.687267 1198 4172
42.687278 1198 4172
42.687292 1198 4172
42.687303 1198 4172
42.687314 1198 4172
42.687325 1198 4172
42.687339 1198 4172
42.687351 1198 4172
42.687361 1198 4172
42.687373 1198 4172
42.687386 1198 4172
42.687398 1038 4172
42.688142 1198 4172
42.688153 1198 4172
42.688176 1198 4172
42.688186 1198 4172
42.688199 1198 4172
42.688209 1198 4172
42.688218 1198 4172
42.688229 1198 4172
42.688242 1198 4172
42.688252 1198 4172
42.688262 1198 4172
42.688273 1182 4172
42.934083 110 4172
43.215104 110 4172
43.447976 110 4172
43.496550 110 4172
43.547922 110 4172
43.762177 110 4172
44.043382 110 4172
44.324478 110 4172
44.447913 110 4172
44.547840 110 4172
44.605930 110 4172
44.886996 110 4172
45.168448 110 4172
45.447785 110 4172
45.447809 110 4172
45.547987 110 4172
45.699496 110 4172
45.980961 110 4172
46.262083 110 4172
46.447999 110 4172
46.527779 110 4172
46.547879 110 4172
46.793514 110 4172
47.447884 110 4172
47.547858 110 4172
48.447904 110 4172
48.547998 110 4172
49.447970 110 4172
49.547942 110 4172
49.574494 110 4172
50.447911 110 4172
50.548101 110 4172
51.447876 110 4172
51.548137 110 4172
52.355938 110 4172
52.447955 110 4172
52.548087 110 4172
53.447974 110 4172
53.547995 110 4172
54.448041 110 4172
54.547990 110 4172
55.137169 110 4172
55.447994 110 4172
55.548043 110 4172
56.448039 110 4172
56.548151 110 4172
57.448064 110 4172
57.548351 110 4172
57.918299 110 4172
58.448335 110 4172
58.548302 110 4172
59.448113 110 4172
59.548065 110 4172
60.448147 110 4172
60.548313 110 4172
60.699561 110 4172
61.448080 110 4172
61.548126 110 4172
62.253311 654 4172
62.253659 1198 4172
62.253672 142 4172
62.293805 126 4172
62.448130 110 4172
62.459348 222 4172
62.460831 334 4172
62.462907 318 4172
62.464713 270 4172
62.466281 238 4172
62.467873 1198 4172
62.467886 1198 4172
62.467896 670 4172
62.469273 1198 4172
62.469284 558 4172
62.470539 494 4172
62.471803 1198 4172
62.471810 574 4172
62.473017 238 4172
62.474140 238 4172
62.475354 238 4172
62.476767 238 4172
62.477198 286 4172
62.477366 190 4172
62.478485 1198 4172
62.478494 1198 4172
62.478503 1198 4172
62.478513 1198 4172
62.478524 1198 4172
62.478535 1198 4172
62.478545 1198 4172
62.478556 1198 4172
62.478570 1198 4172
62.478579 126 4172
62.478878 1038 4172
62.548121 110 4172
62.595627 174 4172
62.595874 270 4172
62.596127 462 4172
62.596280 158 4172
62.596432 158 4172
62.596577 158 4172
62.596816 158 4172
62.597046 158 4172
62.597208 478 4172
62.597436 782 4172
62.621572 110 4172
62.644063 1198 4172
62.644066 1198 4172
62.644067 1198 4172
62.644273 1102 4172
62.644681 1198 4172
62.644703 1198 4172
62.644720 1198 4172
62.644736 1198 4172
62.644756 1198 4172
62.644771 1198 4172
62.644788 1198 4172
62.644803 1198 4172
62.644820 1198 4172
62.644836 1198 4172
62.644855 1198 4172
62.644873 558 4172
62.645342 1198 4172
62.645361 1198 4172
62.645376 1198 4172
62.645393 1198 4172
62.645410 1198 4172
62.645426 1198 4172
62.645441 1198 4172
62.645457 1198 4172
62.645475 1198 4172
62.645490 1198 4172
62.645509 190 4172
62.646087 1198 4172
62.646103 1198 4172
62.646118 1198 4172
62.646133 1198 4172
62.646151 1198 4172
62.646167 1198 4172
62.646183 1198 4172
62.646199 1198 4172
62.646216 1198 4172
62.646232 1198 4172
62.646247 1198 4172
62.646267 1198 4172
62.646285 1198 4172
62.646301 734 4172
62.646765 1198 4172
62.646783 1198 4172
62.646798 1198 4172
62.646814 1198 4172
62.646832 1198 4172
62.646848 1198 4172
62.646864 1198 4172
62.646879 1198 4172
62.646896 1198 4172
62.646912 1198 4172
62.646928 974 4172
62.647424 1198 4172
62.647441 1198 4172
62.647458 1198 4172
62.647473 1198 4172
62.647491 1198 4172
62.647510 1198 4172
62.647524 1086 4172
62.647938 1198 4172
62.647956 1198 4172
62.647972 1198 4172
62.647987 1198 4172
62.648005 1198 4172
62.648021 1198 4172
62.648037 1198 4172
62.648052 734 4172
62.648147 110 4172
62.648629 1198 4172
62.648647 1198 4172
62.648662 1198 4172
62.648677 1198 4172
62.648693 1198 4172
62.648709 1198 4172
62.648724 766 4172
62.648815 798 4172
62.649112 1198 4172
62.649129 334 4172
62.736226 1198 4172
62.736231 1198 4172
62.736232 1198 4172
62.736253 1198 4172
62.736254 1198 4172
62.736262 318 4172
62.736921 1198 4172
62.736933 1198 4172
62.736943 1198 4172
62.736952 1198 4172
62.736966 1198 4172
62.736975 1198 4172
62.736985 1198 4172
62.736994 1198 4172
62.737006 1198 4172
62.737016 1198 4172
62.737025 1198 4172
62.737035 1198 4172
62.737048 718 4172
62.737679 1198 4172
62.737691 1198 4172
62.737700 1198 4172
62.737710 1198 4172
62.737722 1198 4172
62.737731 1198 4172
62.737741 1198 4172
62.737751 1198 4172
62.737763 1198 4172
62.737773 1198 4172
62.737782 1198 4172
62.737792 1198 4172
62.737804 1198 4172
62.737813 1198 4172
62.737823 1198 4172
62.737833 878 4172
62.738502 1198 4172
62.738510 1198 4172
62.738520 1198 4172
62.738532 1198 4172
62.738543 1198 4172
62.738552 1198 4172
62.738561 1198 4172
62.738571 1198 4172
62.738583 1198 4172
62.738594 1198 4172
62.738603 1198 4172
62.738613 1198 4172
62.738625 1198 4172
62.738634 1198 4172
62.738644 1198 4172
62.738654 1198 4172
62.738665 1198 4172
62.738676 782 4172
62.739173 1198 4172
62.739184 1198 4172
62.739193 1198 4172
62.739203 1198 4172
62.739215 1198 4172
62.739225 1198 4172
62.739235 1198 4172
62.739244 1198 4172
62.739257 1198 4172
62.739266 1198 4172
62.739275 1198 4172
62.739285 238 4172
62.739687 1198 4172
62.739698 1198 4172
62.739708 1198 4172
62.739718 1198 4172
62.739729 1198 4172
62.739739 1198 4172
62.739748 1198 4172
62.739759 670 4172
62.740239 1198 4172
62.740249 1198 4172
62.740258 1198 4172
62.740269 1198 4172
62.740281 1198 4172
62.740290 1198 4172
62.740300 1198 4172
62.740309 1198 4172
62.740321 1118 4172
62.740967 1198 4172
62.740978 1198 4172
62.740989 1198 4172
62.740998 1198 4172
62.741009 1198 4172
62.741019 1198 4172
62.741029 1198 4172
62.741038 1198 4172
62.741050 334 4172
62.741177 622 4172
62.741364 1006 4172
62.747979 110 4172
62.798655 1198 4172
62.798660 1198 4172
62.798661 1198 4172
62.798662 1198 4172
62.798684 1198 4172
62.798694 1150 4172
62.799310 1198 4172
62.799320 1198 4172
62.799329 1198 4172
62.799338 1198 4172
62.799350 1198 4172
62.799360 1198 4172
62.799369 1198 4172
62.799380 1198 4172
62.799389 1198 4172
62.799399 1198 4172
62.799408 1198 4172
62.799417 1198 4172
62.799429 846 4172
62.800150 1198 4172
62.800162 1198 4172
62.800166 1198 4172
62.800177 1198 4172
62.800188 1198 4172
62.800198 1198 4172
62.800208 1198 4172
62.800217 1198 4172
62.800228 1198 4172
62.800238 1198 4172
62.800248 1198 4172
62.800267 1198 4172
62.800269 1198 4172
62.800280 1198 4172
62.800289 1198 4172
62.800299 766 4172
62.801029 1198 4172
62.801040 1198 4172
62.801050 1198 4172
62.801060 1198 4172
62.801072 1198 4172
62.801082 1198 4172
62.801091 1198 4172
62.801101 1198 4172
62.801112 1198 4172
62.801121 1198 4172
62.801131 1198 4172
62.801140 1198 4172
62.801152 1198 4172
62.801162 1198 4172
62.801171 1198 4172
62.801181 1198 4172
62.801192 1198 4172
62.801202 1198 4172
62.801212 990 4172
62.801839 1198 4172
62.801849 1198 4172
62.801859 1198 4172
62.801869 1198 4172
62.801880 1198 4172
62.801890 1198 4172
62.801900 1198 4172
62.801910 1198 4172
62.801921 1198 4172
62.801930 1198 4172
62.801940 1198 4172
62.801950 1198 4172
62.801961 1198 4172
62.801972 814 4172
62.802573 1198 4172
62.802584 1198 4172
62.802594 1198 4172
62.802604 1198 4172
62.802615 1198 4172
62.802624 1198 4172
62.802634 1198 4172
62.802644 1198 4172
62.802655 1198 4172
62.802665 974 4172
62.803223 1198 4172
62.803233 1198 4172
62.803243 1198 4172
62.803255 1198 4172
62.803267 1198 4172
62.803276 1198 4172
62.803285 1198 4172
62.803293 1198 4172
62.803304 1198 4172
62.803314 1198 4172
62.803324 510 4172
62.804007 1198 4172
62.804017 1198 4172
62.804026 1198 4172
62.804037 1198 4172
62.804048 1198 4172
62.804058 1198 4172
62.804067 1198 4172
62.804077 1198 4172
62.804089 1118 4172
62.804217 446 4172
62.804342 750 4172
62.846406 1198 4172
62.846481 1198 4172
62.846483 1198 4172
62.846483 1198 4172
62.846484 1198 4172
62.846947 1006 4172
62.846948 1198 4172
62.846967 1198 4172
62.846992 1198 4172
62.847007 1198 4172
62.847024 1198 4172
62.847046 1198 4172
62.847066 1198 4172
62.847082 1198 4172
62.847118 1198 4172
62.847137 1198 4172
62.847153 1022 4172
62.847634 1198 4172
62.847654 1198 4172
62.847670 1198 4172
62.847685 1198 4172
62.847701 1198 4172
62.847717 1198 4172
62.847731 1198 4172
62.847746 1198 4172
62.847763 1198 4172
62.847777 1198 4172
62.847792 1198 4172
62.847808 1198 4172
62.847828 1198 4172
62.847842 1198 4172
62.847857 1166 4172
62.848159 110 4172
62.848373 1198 4172
62.848391 1198 4172
62.848406 1198 4172
62.848421 1198 4172
62.848438 1198 4172
62.848453 1198 4172
62.848468 1198 4172
62.848482 1198 4172
62.848499 1198 4172
62.848514 1198 4172
62.848530 1198 4172
62.848546 1198 4172
62.848563 1198 4172
62.848579 1198 4172
62.848595 1198 4172
62.848610 1198 4172
62.848628 766 4172
62.848986 1198 4172
62.849003 1198 4172
62.849018 1198 4172
62.849033 1198 4172
62.849050 1198 4172
62.849065 1198 4172
62.849079 1198 4172
62.849094 1198 4172
62.849110 1198 4172
62.849125 1198 4172
62.849139 1198 4172
62.849159 510 4172
62.849462 1198 4172
62.849481 1198 4172
62.849497 1198 4172
62.849512 1198 4172
62.849529 1198 4172
62.849544 1198 4172
62.849560 782 4172
62.850053 1198 4172
62.850067 1198 4172
62.850078 1198 4172
62.850088 1198 4172
62.850100 1198 4172
62.850109 1198 4172
62.850119 1198 4172
62.850129 1198 4172
62.850141 1198 4172
62.850734 1198 4172
62.850744 1198 4172
62.850753 1198 4172
62.850762 1198 4172
62.850777 1198 4172
62.850787 1198 4172
62.850796 1198 4172
62.850805 1198 4172
62.850819 142 4172
62.902510 110 4172
62.907863 158 4172
62.908141 1198 4172
62.908415 270 4172
62.908416 1198 4172
62.908424 622 4172
62.908777 1198 4172
62.908786 1198 4172
62.908795 766 4172
62.909022 558 4172
62.909324 542 4172
62.909634 1198 4172
62.909645 302 4172
62.909909 1198 4172
62.909920 126 4172
62.922311 270 4172
62.948002 110 4172
62.959864 318 4172
62.985617 1198 4172
62.985624 238 4172
62.985661 942 4172
62.985789 734 4172
62.985864 334 4172
62.985897 142 4172
62.985942 142 4172
62.986038 766 4172
62.986207 878 4172
63.035567 1198 4172
63.035597 1198 4172
63.035597 1198 4172
63.035598 1198 4172
63.035599 1198 4172
63.035599 1198 4172
63.035609 1198 4172
63.035689 1198 4172
63.035690 1198 4172
63.035691 1198 4172
63.035691 206 4172
63.035692 1198 4172
63.035705 1198 4172
63.035715 1198 4172
63.035725 1182 4172
63.035736 1198 4172
63.035747 1198 4172
63.035756 1198 4172
63.035766 1198 4172
63.035775 1198 4172
63.035787 798 4172
63.037731 1198 4172
63.037742 1198 4172
63.037751 1198 4172
63.037761 1198 4172
63.037772 1198 4172
63.037782 1198 4172
63.037792 1198 4172
63.037801 1198 4172
63.037813 1198 4172
63.037823 1198 4172
63.037834 1198 4172
63.037844 910 4172
63.038966 1198 4172
63.038974 1198 4172
63.038984 1198 4172
63.038995 1198 4172
63.039005 1198 4172
63.039015 1198 4172
63.039024 1198 4172
63.039034 1198 4172
63.039045 1198 4172
63.039055 1198 4172
63.039064 1198 4172
63.039074 1198 4172
63.039085 1198 4172
63.039094 1198 4172
63.039104 1198 4172
63.039113 1198 4172
63.039125 1198 4172
63.039135 1198 4172
63.039144 1198 4172
63.039154 382 4172
63.040262 1198 4172
63.040263 1198 4172
63.040269 1198 4172
63.040277 1198 4172
63.040289 1198 4172
63.040299 1198 4172
63.040308 1198 4172
63.040317 1198 4172
63.040329 1198 4172
63.040338 1198 4172
63.040348 1198 4172
63.040357 1198 4172
63.040368 1198 4172
63.040378 1198 4172
63.040388 1198 4172
63.040397 1198 4172
63.040408 1198 4172
63.040418 1198 4172
63.040427 1198 4172
63.040437 1198 4172
63.040448 1198 4172
63.040457 1198 4172
63.040467 942 4172
63.041765 1198 4172
63.041774 1198 4172
63.041784 1198 4172
63.041793 1198 4172
63.041805 1198 4172
63.041814 1198 4172
63.041824 1198 4172
63.041833 1198 4172
63.041845 1198 4172
63.041854 1198 4172
63.041863 1198 4172
63.041873 1198 4172
63.041884 1198 4172
63.041894 1198 4172
63.041903 1198 4172
63.041913 1198 4172
63.041924 1198 4172
63.041933 1198 4172
63.041943 1198 4172
63.041952 1198 4172
63.041964 1198 4172
63.041973 1198 4172
63.041983 1198 4172
63.041992 1198 4172
63.042003 1198 4172
63.042013 1198 4172
63.042023 1134 4172
63.042586 1198 4172
63.042597 1198 4172
63.042610 1198 4172
63.042617 1198 4172
63.042629 1198 4172
63.042638 1198 4172
63.042648 1198 4172
63.042657 1198 4172
63.042669 1198 4172
63.042678 1198 4172
63.042687 1198 4172
63.042697 1198 4172
63.042708 1198 4172
63.042718 110 4172
63.043361 1198 4172
63.043383 1198 4172
63.043399 1198 4172
63.043414 1198 4172
63.043431 1198 4172
63.043446 1198 4172
63.043460 1198 4172
63.043475 1198 4172
63.043493 974 4172
63.044630 1198 4172
63.044651 1198 4172
63.044667 1198 4172
63.044682 1198 4172
63.044699 1198 4172
63.044714 1198 4172
63.044729 1198 4172
63.044743 1198 4172
63.044760 1198 4172
63.044775 510 4172
63.045434 1198 4172
63.045454 1198 4172
63.045470 1198 4172
63.045485 1198 4172
63.045504 1198 4172
63.045519 1198 4172
63.045533 1198 4172
63.045548 1198 4172
63.045565 478 4172
63.045618 750 4172
63.045841 1198 4172
63.045859 222 4172
63.048024 110 4172
63.080410 1198 4172
63.080482 1198 4172
63.080482 1198 4172
63.080483 1198 4172
63.080483 1198 4172
63.080515 1198 4172
63.080515 1198 4172
63.080530 1198 4172
63.080555 1198 4172
63.080579 1198 4172
63.080597 382 4172
63.080795 1198 4172
63.080814 1198 4172
63.080828 1198 4172
63.080844 910 4172
63.081303 1198 4172
63.081322 1198 4172
63.081337 1198 4172
63.081352 1198 4172
63.081369 1198 4172
63.081384 558 4172
63.082220 1198 4172
63.082241 1198 4172
63.082256 1198 4172
63.082271 1198 4172
63.082288 1198 4172
63.082304 1198 4172
63.082318 1198 4172
63.082333 1198 4172
63.082349 1198 4172
63.082364 1198 4172
63.082378 1198 4172
63.082395 366 4172
63.083377 1198 4172
63.083397 1198 4172
63.083412 1198 4172
63.083427 1198 4172
63.083444 1198 4172
63.083460 1198 4172
63.083474 1198 4172
63.083488 1198 4172
63.083505 1198 4172
63.083519 1198 4172
63.083534 1198 4172
63.083552 1198 4172
63.083569 1198 4172
63.083586 1198 4172
63.083604 1198 4172
63.083620 1198 4172
63.083637 1198 4172
63.083652 1198 4172
63.083666 1198 4172
63.083681 222 4172
63.084500 1198 4172
63.084518 1198 4172
63.084533 1198 4172
63.084548 1198 4172
63.084565 1198 4172
63.084580 1198 4172
63.084596 1198 4172
63.084610 1198 4172
63.084627 1198 4172
63.084642 1198 4172
63.084661 1198 4172
63.084677 1198 4172
63.084694 1198 4172
63.084709 1198 4172
63.084724 1198 4172
63.084738 1198 4172
63.084755 1198 4172
63.084769 1198 4172
63.084783 1198 4172
63.084800 1118 4172
63.085895 1198 4172
63.085903 1198 4172
63.085920 1198 4172
63.085939 1198 4172
63.085953 1198 4172
63.085967 1198 4172
63.085982 1198 4172
63.085997 1198 4172
63.086015 1198 4172
63.086028 1198 4172
63.086043 1198 4172
63.086058 1198 4172
63.086077 1198 4172
63.086093 1198 4172
63.086107 1198 4172
63.086121 1198 4172
63.086138 1198 4172
63.086152 1198 4172
63.086167 1198 4172
63.086181 1198 4172
63.086198 1198 4172
63.086213 1198 4172
63.086228 1198 4172
63.086245 1198 4172
63.086262 1198 4172
63.086276 398 4172
63.086587 1198 4172
63.086606 1198 4172
63.086622 1198 4172
63.086637 1198 4172
63.086654 1198 4172
63.086668 1198 4172
63.086683 1198 4172
63.086698 1198 4172
63.086715 1198 4172
63.086729 1198 4172
63.086743 1198 4172
63.086762 782 4172
63.087250 1198 4172
63.087268 1198 4172
63.087284 1198 4172
63.087299 1198 4172
63.087316 1198 4172
63.087330 1198 4172
63.087345 1198 4172
63.087360 1198 4172
63.087376 654 4172
63.087785 1198 4172
63.087805 1198 4172
63.087821 1198 4172
63.087836 1198 4172
63.087853 1198 4172
63.087867 1198 4172
63.087882 1198 4172
63.087896 1198 4172
63.087914 958 4172
63.088425 1198 4172
63.088441 1198 4172
63.088457 1198 4172
63.088471 1198 4172
63.088488 1198 4172
63.088503 1198 4172
63.088517 1198 4172
63.088532 430 4172
63.088591 798 4172
63.088884 1198 4172
63.088901 510 4172
63.128703 1198 4172
63.128717 1198 4172
63.128735 1198 4172
63.128750 1198 4172
63.128768 1198 4172
63.128784 1198 4172
63.128799 1198 4172
63.128815 1198 4172
63.128831 1198 4172
63.128846 1198 4172
63.128867 1198 4172
63.128879 462 4172
63.129134 1198 4172
63.129151 1198 4172
63.129166 1198 4172
63.129182 1198 4172
63.129199 398 4172
63.129670 1198 4172
63.129679 1198 4172
63.129694 1198 4172
63.129710 1198 4172
63.129727 1198 4172
63.129742 926 4172
63.130600 1198 4172
63.130620 1198 4172
63.130635 1198 4172
63.130650 1198 4172
63.130667 1198 4172
63.130682 1198 4172
63.130697 1198 4172
63.130712 1198 4172
63.130729 1198 4172
63.130744 1198 4172
63.130760 510 4172
63.131757 1198 4172
63.131776 1198 4172
63.131791 1198 4172
63.131806 1198 4172
63.131823 1198 4172
63.131838 1198 4172
63.131853 1198 4172
63.131868 1198 4172
63.131884 1198 4172
63.131905 1198 4172
63.131914 1198 4172
63.131928 1198 4172
63.131945 1198 4172
63.131960 1198 4172
63.131974 1198 4172
63.131989 686 4172
63.132841 1198 4172
63.132860 1198 4172
63.132875 1198 4172
63.132890 1198 4172
63.132907 1198 4172
63.132921 1198 4172
63.132936 1198 4172
63.132951 1198 4172
63.132967 1198 4172
63.132982 1198 4172
63.132998 1198 4172
63.133011 1198 4172
63.133028 1198 4172
63.133043 1198 4172
63.133058 1198 4172
63.133073 1198 4172
63.133090 318 4172
63.134189 1198 4172
63.134208 1198 4172
63.134223 1198 4172
63.134238 1198 4172
63.134256 1198 4172
63.134270 1198 4172
63.134285 1198 4172
63.134300 1198 4172
63.134317 1198 4172
63.134332 1198 4172
63.134346 1198 4172
63.134363 1198 4172
63.134380 1198 4172
63.134395 1198 4172
63.134409 1198 4172
63.134424 1198 4172
63.134441 1198 4172
63.134456 1198 4172
63.134470 1198 4172
63.134485 1198 4172
63.134501 1198 4172
63.134517 1038 4172
63.135040 1198 4172
63.135059 1198 4172
63.135075 1198 4172
63.135090 1198 4172
63.135107 1198 4172
63.135122 1198 4172
63.135137 1198 4172
63.135151 1198 4172
63.135168 1198 4172
63.135183 1198 4172
63.135198 398 4172
63.135710 1198 4172
63.135727 1198 4172
63.135742 1198 4172
63.135757 1198 4172
63.135774 1198 4172
63.135789 1198 4172
63.135804 926 4172
63.136217 1198 4172
63.136234 1198 4172
63.136249 1198 4172
63.136264 1198 4172
63.136281 1198 4172
63.136296 1198 4172
63.136311 270 4172
63.136836 1198 4172
63.136848 1198 4172
63.136858 1198 4172
63.136868 238 4172
63.137031 750 4172
63.137367 1198 4172
63.137379 190 4172
63.147982 110 4172
63.168198 110 4172
63.205651 510 4172
63.206457 1198 4172
63.206489 1198 4172
63.206491 1198 4172
63.206505 1198 4172
63.206525 1198 4172
63.206537 1198 4172
63.206554 1198 4172
63.206570 1198 4172
63.206587 1198 4172
63.206604 1198 4172
63.206621 1198 4172
63.206635 606 4172
63.206939 1198 4172
63.206958 1198 4172
63.206973 1198 4172
63.206988 1198 4172
63.207006 174 4172
63.207488 1198 4172
63.207506 1198 4172
63.207522 1198 4172
63.207538 1198 4172
63.207555 1198 4172
63.207571 510 4172
63.208340 1198 4172
63.208359 1198 4172
63.208375 1198 4172
63.208390 1198 4172
63.208409 1198 4172
63.208425 1198 4172
63.208442 1086 4172
63.209348 1198 4172
63.209365 1198 4172
63.209381 1198 4172
63.209397 1198 4172
63.209414 1198 4172
63.209430 1198 4172
63.209445 1198 4172
63.209460 1198 4172
63.209478 382 4172
63.210097 1198 4172
63.210114 1198 4172
63.210130 1198 4172
63.210145 1198 4172
63.210162 1198 4172
63.210178 1198 4172
63.210193 1198 4172
63.210208 718 4172
63.211026 1198 4172
63.211043 1198 4172
63.211059 1198 4172
63.211075 1198 4172
63.211093 1198 4172
63.211108 1198 4172
63.211123 1198 4172
63.211138 1198 4172
63.211155 1198 4172
63.211171 1198 4172
63.211190 1198 4172
63.211209 1150 4172
63.211452 1198 4172
63.211470 1198 4172
63.211485 254 4172
63.211583 158 4172
63.211727 174 4172
63.212048 158 4172
63.212203 638 4172
63.212437 1166 4172
63.248036 110 4172
63.250833 590 4172
63.251112 1134 4172
63.284340 558 4172
63.285236 1198 4172
63.285239 1198 4172
63.285247 1198 4172
63.285262 1198 4172
63.285276 1198 4172
63.285288 1198 4172
63.285301 1198 4172
63.285313 1198 4172
63.285329 1086 4172
63.285841 1198 4172
63.285842 1198 4172
63.285854 254 4172
63.286453 1198 4172
63.286466 1198 4172
63.286478 494 4172
63.287169 1198 4172
63.287181 1198 4172
63.287194 1198 4172
63.287207 126 4172
63.288004 1198 4172
63.288005 1198 4172
63.288018 1198 4172
63.288030 830 4172
63.288727 1198 4172
63.288739 1198 4172
63.288752 1070 4172
63.289721 1198 4172
63.289733 1198 4172
63.289745 1198 4172
63.289757 1198 4172
63.289771 1198 4172
63.289783 1198 4172
63.289795 1198 4172
63.289807 1198 4172
63.289822 1198 4172
63.289834 990 4172
63.290166 1198 4172
63.290179 990 4172
63.290385 638 4172
63.290667 1198 4172
63.290668 158 4172
63.331453 1198 4172
63.331456 1198 4172
63.331456 1198 4172
63.331468 638 4172
63.332343 894 4172
63.333405 926 4172
63.334466 1198 4172
63.334478 158 4172
63.335545 1086 4172
63.336624 926 4172
63.337950 942 4172
63.338173 638 4172
63.338459 1198 4172
63.338472 158 4172
63.346058 606 4172
63.346267 1118 4172
63.348093 110 4172
63.408256 622 4172
63.408497 1086 4172
63.433888 110 4172
63.448208 110 4172
63.548081 110 4172
63.699385 110 4172
63.980755 110 4172
63.986049 526 4172
64.015939 206 4172
64.016189 1198 4172
64.016190 638 4172
64.112007 142 4172
64.112138 350 4172
64.237028 766 4172
64.237518 1198 4172
64.237520 1198 4172
64.237520 1198 4172
64.237521 1022 4172
64.237866 1198 4172
64.237886 1198 4172
64.237898 526 4172
64.238317 1198 4172
64.238331 1198 4172
64.238343 1166 4172
64.238853 1198 4172
64.238865 1198 4172
64.238877 1198 4172
64.238891 1134 4172
64.261886 110 4172
64.448090 110 4172
64.527412 110 4172
64.548039 110 4172
64.626698 654 4172
64.687562 318 4172
64.718725 334 4172
64.750124 462 4172
64.782646 1198 4172
64.782649 446 4172
64.808951 110 4172
