0.053901 1198 4172
0.053925 1198 4172
0.053976 254 4172
0.066937 1198 4172
0.066998 1198 4172
0.067046 734 4172
0.086897 110 4172
0.168884 110 4172
0.209892 110 4172
0.495881 110 4172
0.577878 830 4172
0.719787 1198 4172
0.719816 574 4172
0.719867 1198 4172
0.719891 1198 4172
0.719978 1198 4172
0.720005 1198 4172
0.720030 462 4172
0.720060 1198 4172
0.720086 590 4172
0.720112 1198 4172
0.720143 510 4172
0.720717 1198 4172
0.720748 1006 4172
0.720774 1198 4172
0.720800 974 4172
0.720825 1198 4172
0.720850 1198 4172
0.720875 1054 4172
0.736848 526 4172
0.736948 1198 4172
0.736970 1198 4172
0.737001 1198 4172
0.737041 766 4172
0.741835 110 4172
0.754301 1198 4172
0.754333 1198 4172
0.754360 1198 4172
0.754389 1198 4172
0.754414 1198 4172
0.754442 1198 4172
0.754483 1198 4172
0.754511 1198 4172
0.754536 270 4172
0.755546 1198 4172
0.755577 1198 4172
0.755603 1198 4172
0.755631 1198 4172
0.755660 1198 4172
0.755702 1198 4172
0.755728 1198 4172
0.755755 1198 4172
0.755779 1198 4172
0.755805 1198 4172
0.755832 1198 4172
0.755858 1198 4172
0.755885 1198 4172
0.755916 1198 4172
0.755940 1198 4172
0.755967 1198 4172
0.755991 734 4172
0.756028 1198 4172
0.756705 1198 4172
0.756735 1198 4172
0.756761 1198 4172
0.756789 1198 4172
0.756815 1198 4172
0.756841 1198 4172
0.756868 1198 4172
0.756898 1198 4172
0.756923 1198 4172
0.756956 1198 4172
0.756983 1198 4172
0.757009 1198 4172
0.757035 1198 4172
0.757058 1198 4172
0.757085 1198 4172
0.757108 1198 4172
0.757134 1198 4172
0.757159 1198 4172
0.757183 1198 4172
0.757208 1198 4172
0.757233 1198 4172
0.757259 1198 4172
0.757284 1198 4172
0.757308 1198 4172
0.757336 222 4172
0.757360 1198 4172
0.757709 1198 4172
0.757737 1198 4172
0.757762 1198 4172
0.757791 1198 4172
0.757815 1198 4172
0.757842 1198 4172
0.757866 1198 4172
0.757893 1198 4172
0.757920 1198 4172
0.757947 1198 4172
0.757970 1198 4172
0.757997 1198 4172
0.758023 1198 4172
0.758051 1198 4172
0.758074 1198 4172
0.758102 1198 4172
0.758126 1198 4172
0.758152 1198 4172
0.759003 1198 4172
0.759031 1198 4172
0.759060 1198 4172
0.759088 1086 4172
0.759118 1198 4172
0.759146 1198 4172
0.759171 1198 4172
0.759198 1198 4172
0.759224 1198 4172
0.759249 1198 4172
0.759275 1198 4172
0.759301 1198 4172
0.759324 1198 4172
0.759360 1198 4172
0.759387 1198 4172
0.759413 1198 4172
0.759437 1198 4172
0.759465 1198 4172
0.759487 1198 4172
0.759525 1198 4172
0.759550 1198 4172
0.759577 1198 4172
0.759603 1198 4172
0.759628 302 4172
0.759687 1198 4172
0.759714 1198 4172
0.759740 1198 4172
0.759767 1198 4172
0.759792 1198 4172
0.765070 1198 4172
0.765099 1198 4172
0.765131 1198 4172
0.765165 1198 4172
0.765196 1198 4172
0.765226 1198 4172
0.765277 1198 4172
0.765310 1198 4172
0.765341 1198 4172
0.765374 1198 4172
0.765403 1198 4172
0.765435 1198 4172
0.765464 1198 4172
0.765496 1198 4172
0.765526 1198 4172
0.765563 1198 4172
0.765594 1198 4172
0.765627 1198 4172
0.765658 1198 4172
0.765690 1198 4172
0.765734 1198 4172
0.770877 1198 4172
0.770928 1198 4172
0.770970 1198 4172
0.771012 1198 4172
0.771059 1198 4172
0.771099 910 4172
0.771142 1198 4172
0.771178 1198 4172
0.771213 1198 4172
0.771258 1198 4172
0.771293 1198 4172
0.771329 1198 4172
0.771363 1198 4172
0.771398 1198 4172
0.771440 766 4172
0.771476 1198 4172
0.771511 1198 4172
0.771546 1198 4172
0.771581 1198 4172
0.771622 1198 4172
0.771658 1198 4172
0.771700 1198 4172
0.771738 1198 4172
0.771774 1198 4172
0.771806 1198 4172
0.771841 1198 4172
0.771890 382 4172
0.783583 350 4172
0.783613 1198 4172
0.783641 462 4172
0.788815 1198 4172
0.788844 1198 4172
0.788875 1198 4172
0.788903 1198 4172
0.788928 1198 4172
0.788951 1198 4172
0.788977 1198 4172
0.789005 1198 4172
0.789028 1070 4172
0.790138 1198 4172
0.790168 1198 4172
0.790196 1198 4172
0.790223 1198 4172
0.790249 1198 4172
0.790274 1198 4172
0.790301 1198 4172
0.790326 1198 4172
0.790351 1198 4172
0.790375 1198 4172
0.790401 1198 4172
0.790425 1198 4172
0.790451 1198 4172
0.790475 670 4172
0.791268 1198 4172
0.791298 1198 4172
0.791324 1198 4172
0.791352 1198 4172
0.791377 1198 4172
0.791404 1198 4172
0.791430 1198 4172
0.791456 1198 4172
0.791482 1198 4172
0.791506 1198 4172
0.791532 1198 4172
0.791557 1198 4172
0.791583 1198 4172
0.791607 1198 4172
0.791633 1198 4172
0.791657 1198 4172
0.791704 1198 4172
0.791732 1198 4172
0.791759 1198 4172
0.791782 1198 4172
0.791809 1198 4172
0.791834 1198 4172
0.791860 1198 4172
0.791886 1198 4172
0.791910 1198 4172
0.791938 1198 4172
0.791970 126 4172
0.792007 1198 4172
0.797952 1198 4172
0.797984 1198 4172
0.798015 1198 4172
0.798042 1198 4172
0.798071 1198 4172
0.798191 1198 4172
0.798192 1198 4172
0.798193 1198 4172
0.798204 1198 4172
0.798249 1198 4172
0.798263 1198 4172
0.798297 1198 4172
0.798324 1198 4172
0.798351 1198 4172
0.798379 1198 4172
0.798406 1198 4172
0.798433 1198 4172
0.798465 1198 4172
0.798492 1198 4172
0.798518 1198 4172
0.798545 1198 4172
0.798572 622 4172
0.798601 1198 4172
0.798633 1198 4172
0.798661 1198 4172
0.798692 1198 4172
0.798716 1198 4172
0.798741 1198 4172
0.798783 1198 4172
0.803792 1198 4172
0.803826 1198 4172
0.803856 1198 4172
0.803883 1198 4172
0.803912 1198 4172
0.803940 1198 4172
0.803981 1198 4172
0.804007 1198 4172
0.804038 1198 4172
0.804068 1198 4172
0.804098 1198 4172
0.804129 1038 4172
0.804168 1198 4172
0.809890 1198 4172
0.809945 1198 4172
0.809996 1198 4172
0.810048 1198 4172
0.810096 1198 4172
0.810135 1198 4172
0.810170 1198 4172
0.810206 1198 4172
0.810253 1198 4172
0.810290 1198 4172
0.810327 1198 4172
0.810363 1198 4172
0.810398 1198 4172
0.816004 1198 4172
0.816039 1198 4172
0.816075 1198 4172
0.816104 1198 4172
0.816134 1198 4172
0.816170 1198 4172
0.816200 1198 4172
0.816228 1198 4172
0.816257 1198 4172
0.816285 1198 4172
0.816320 1198 4172
0.816349 1198 4172
0.816379 366 4172
0.816409 1198 4172
0.821950 1198 4172
0.821976 1198 4172
0.822007 1198 4172
0.822035 1198 4172
0.822067 1198 4172
0.822094 1198 4172
0.822119 670 4172
0.822147 1198 4172
0.822175 1198 4172
0.822201 1198 4172
0.822229 1198 4172
0.822251 1198 4172
0.822278 1198 4172
0.822305 1198 4172
0.823701 1198 4172
0.823731 1198 4172
0.823757 654 4172
0.823782 478 4172
0.823806 1198 4172
0.823833 222 4172
0.823860 1198 4172
0.823884 1198 4172
0.823910 1198 4172
0.823934 1198 4172
0.823963 1198 4172
0.823993 1198 4172
0.824017 1198 4172
0.824041 1198 4172
0.824070 286 4172
0.824094 1198 4172
0.833944 1198 4172
0.834001 1198 4172
0.834059 1198 4172
0.834102 1198 4172
0.834160 1198 4172
0.834196 1198 4172
0.834233 1198 4172
0.834275 1198 4172
0.834312 1198 4172
0.834351 590 4172
0.834389 1198 4172
0.834425 1198 4172
0.834459 1198 4172
0.834499 1198 4172
0.839791 1198 4172
0.839865 1198 4172
0.839916 1198 4172
0.839969 1198 4172
0.840005 1198 4172
0.840043 1198 4172
0.840077 1198 4172
0.840113 1198 4172
0.840156 1198 4172
0.840192 1198 4172
0.840227 1198 4172
0.840263 1198 4172
0.840298 1198 4172
0.840340 1198 4172
0.846070 1198 4172
0.846100 1198 4172
0.846130 1198 4172
0.846160 1198 4172
0.846189 1198 4172
0.846218 1054 4172
0.846264 1198 4172
0.846296 1198 4172
0.846327 1198 4172
0.846357 1198 4172
0.846388 1198 4172
0.846433 1198 4172
0.846469 1198 4172
0.851963 1198 4172
0.852005 1198 4172
0.852041 1198 4172
0.852078 1198 4172
0.852112 1198 4172
0.852157 1198 4172
0.852193 1198 4172
0.852227 1198 4172
0.852260 1198 4172
0.852293 1198 4172
0.852334 1198 4172
0.852368 1198 4172
0.852402 1198 4172
0.852436 1070 4172
0.858000 1198 4172
0.858026 1198 4172
0.858059 1198 4172
0.858095 1198 4172
0.858129 1198 4172
0.858165 1198 4172
0.858198 1198 4172
0.858232 1198 4172
0.858266 1198 4172
0.858299 1198 4172
0.858336 1198 4172
0.858366 1198 4172
0.858400 1198 4172
0.858435 1198 4172
0.863959 1198 4172
0.863991 1198 4172
0.864052 1198 4172
0.864090 254 4172
0.864150 1198 4172
0.864205 1198 4172
0.864250 1198 4172
0.864294 1198 4172
0.864338 1198 4172
0.864381 1198 4172
0.864423 1198 4172
0.864464 1198 4172
0.864508 1198 4172
0.864553 1198 4172
0.864716 1198 4172
0.864761 1198 4172
0.864804 1198 4172
0.864846 1198 4172
0.864889 1198 4172
0.864932 1198 4172
0.864975 1198 4172
0.865017 1198 4172
0.865060 1198 4172
0.865101 1198 4172
0.865145 1198 4172
0.865192 1198 4172
0.869888 494 4172
0.869941 1198 4172
0.876155 1198 4172
0.876208 1198 4172
0.876259 1198 4172
0.876306 1198 4172
0.876353 1198 4172
0.876410 1086 4172
0.876539 1198 4172
0.876604 1198 4172
0.876647 1198 4172
0.876733 1198 4172
0.876775 1198 4172
0.877170 1198 4172
0.877382 110 4172
0.877498 686 4172
0.877543 1054 4172
0.877600 1198 4172
0.877737 1198 4172
0.877774 1198 4172
0.877812 1198 4172
0.877852 302 4172
0.877891 1198 4172
0.877935 1198 4172
0.877981 1198 4172
0.878019 1198 4172
0.882663 1198 4172
0.882720 1198 4172
0.882756 1198 4172
0.882791 270 4172
0.882826 1198 4172
0.882859 1198 4172
0.882907 1198 4172
0.887954 1198 4172
0.887989 1198 4172
0.888026 1198 4172
0.888061 1198 4172
0.888096 1198 4172
0.888130 1198 4172
0.888164 1198 4172
0.888200 1198 4172
0.888235 1198 4172
0.888269 1198 4172
0.888303 1198 4172
0.888336 1198 4172
0.888370 1198 4172
0.893946 1198 4172
0.893991 1198 4172
0.894045 382 4172
0.894099 1198 4172
0.894144 1198 4172
0.894188 1198 4172
0.894231 1198 4172
0.894273 1198 4172
0.894318 1198 4172
0.894362 1198 4172
0.894404 1198 4172
0.894447 1198 4172
0.894490 1198 4172
0.894532 1198 4172
0.899877 1198 4172
0.899925 1198 4172
0.899969 1198 4172
0.900013 1198 4172
0.900048 1118 4172
0.900111 1198 4172
0.900158 1198 4172
0.900202 1198 4172
0.900249 1198 4172
0.900293 1198 4172
0.900337 1198 4172
0.900381 1198 4172
0.900424 1198 4172
0.905853 1198 4172
0.905904 1198 4172
0.905954 1198 4172
0.906000 1198 4172
0.906051 1198 4172
0.906119 398 4172
0.906170 1198 4172
0.906216 1198 4172
0.906259 1198 4172
0.906304 1198 4172
0.906346 1198 4172
0.906389 1198 4172
0.906431 1198 4172
0.906475 1198 4172
0.906517 1198 4172
0.911944 1198 4172
0.911986 1198 4172
0.912035 1198 4172
0.912082 1198 4172
0.912145 1134 4172
0.912193 1198 4172
0.912242 1198 4172
0.912286 1198 4172
0.912333 1198 4172
0.912378 1198 4172
0.912421 1070 4172
0.912465 1198 4172
0.912507 1198 4172
0.917926 1102 4172
0.917965 318 4172
0.918015 398 4172
0.918049 1198 4172
0.918107 1198 4172
0.918154 142 4172
0.918199 1198 4172
0.918243 1198 4172
0.918287 1198 4172
0.918332 478 4172
0.918377 1198 4172
0.918419 1198 4172
0.918464 1198 4172
0.918509 1198 4172
0.918552 1198 4172
0.918595 1198 4172
0.918642 1198 4172
0.918710 1198 4172
0.924056 1198 4172
0.924106 1198 4172
0.924163 1198 4172
0.924208 1198 4172
0.924285 478 4172
0.924334 1198 4172
0.924373 1198 4172
0.924415 1198 4172
0.924458 1198 4172
0.924505 1198 4172
0.924551 1198 4172
0.924593 1198 4172
0.924635 1198 4172
0.924719 1198 4172
0.929893 814 4172
0.929941 1198 4172
0.929987 1198 4172
0.930033 1198 4172
0.930081 1198 4172
0.930114 1198 4172
0.930148 1198 4172
0.930183 1198 4172
0.930217 926 4172
0.930253 1198 4172
0.930287 1198 4172
0.930323 1198 4172
0.930358 1198 4172
0.946933 1198 4172
0.947049 1038 4172
0.947091 1198 4172
0.947124 1198 4172
0.947157 1198 4172
0.947191 1198 4172
0.947225 382 4172
0.947258 1198 4172
0.947295 174 4172
0.947330 254 4172
0.947365 526 4172
0.987922 206 4172
1.028899 238 4172
1.028935 110 4172
1.069753 110 4172
1.192801 110 4172
1.315918 110 4172
1.552666 110 4172
1.561829 190 4172
1.765893 190 4172
1.806811 110 4172
2.093868 110 4172
2.093982 110 4172
2.175861 110 4172
2.338834 110 4172
2.623872 110 4172
2.910882 110 4172
2.992864 142 4172
3.074820 110 4172
3.156789 110 4172
3.185574 110 4172
3.197812 142 4172
3.402836 110 4172
3.689842 110 4172
3.935717 110 4172
4.058815 142 4172
4.099913 110 4172
4.181749 110 4172
4.200959 142 4172
4.222824 110 4172
4.467825 110 4172
4.819731 142 4172
4.836842 190 4172
5.040873 142 4172
5.040961 142 4172
5.081795 110 4172
5.204824 110 4172
5.655817 142 4172
5.655887 142 4172
5.818721 142 4172
5.818766 142 4172
6.105843 110 4172
6.187796 110 4172
6.636799 142 4172
6.636863 142 4172
6.841717 142 4172
6.841782 142 4172
7.086823 110 4172
7.167128 110 4172
7.168761 110 4172
7.453817 142 4172
7.453835 142 4172
7.658824 142 4172
7.658847 142 4172
8.067108 142 4172
8.067132 142 4172
8.067745 110 4172
8.190827 110 4172
8.272759 142 4172
8.272775 142 4172
8.680750 142 4172
8.680790 142 4172
8.884858 142 4172
8.884947 142 4172
9.089736 110 4172
9.171804 110 4172
9.498809 142 4172
9.498836 142 4172
9.702813 142 4172
9.702864 142 4172
9.825772 110 4172
10.070738 110 4172
10.111817 142 4172
10.193781 110 4172
10.318265 142 4172
10.686891 142 4172
10.686925 142 4172
10.885752 142 4172
10.891797 142 4172
11.095785 110 4172
11.177826 110 4172
11.546813 142 4172
11.546849 142 4172
11.751800 142 4172
11.751889 142 4172
12.078732 110 4172
12.119703 142 4172
12.119719 142 4172
12.200791 110 4172
12.323706 142 4172
12.323723 142 4172
12.486782 110 4172
12.936762 142 4172
12.936851 142 4172
13.100754 110 4172
13.167266 142 4172
13.167366 142 4172
13.182666 110 4172
13.591748 142 4172
13.591833 142 4172
13.755727 142 4172
13.755809 142 4172
14.083759 110 4172
14.165748 142 4172
14.206754 110 4172
14.370713 142 4172
14.820716 142 4172
14.820758 142 4172
14.984749 142 4172
14.984797 142 4172
15.107657 110 4172
15.148664 110 4172
15.189717 110 4172
15.599743 142 4172
15.599745 142 4172
15.763749 142 4172
15.763817 142 4172
16.091752 110 4172
16.173708 110 4172
16.623749 142 4172
16.623762 142 4172
16.787768 142 4172
16.787845 142 4172
17.073698 110 4172
17.196747 110 4172
17.646729 142 4172
17.646811 142 4172
17.810722 110 4172
17.851799 142 4172
17.851839 142 4172
18.097615 110 4172
18.179606 110 4172
18.630732 142 4172
18.630797 142 4172
18.835719 142 4172
18.835826 142 4172
19.081702 110 4172
19.204708 110 4172
19.655692 142 4172
19.655763 142 4172
19.860713 142 4172
19.860718 142 4172
20.106691 110 4172
20.188611 110 4172
20.452527 110 4172
20.474644 142 4172
20.556737 60 60000
20.638559 142 4172
20.687411 174 4172
20.687571 158 4172
20.687604 206 4172
20.687639 350 4172
20.687673 350 4172
20.687723 1022 4172
20.736734 1198 4172
20.736787 334 4172
20.736827 1198 4172
20.736863 734 4172
20.758381 1198 4172
20.758437 1198 4172
20.758473 1198 4172
20.758511 1198 4172
20.758544 1198 4172
20.758573 1198 4172
20.758604 1198 4172
20.758633 1198 4172
20.758665 1198 4172
20.758696 1198 4172
20.758731 1198 4172
20.758760 414 4172
20.758802 1198 4172
20.760510 1198 4172
20.760559 1198 4172
20.760591 1198 4172
20.760623 1198 4172
20.760654 1198 4172
20.760685 1198 4172
20.760718 1198 4172
20.760749 1198 4172
20.760780 1198 4172
20.760809 1198 4172
20.760839 1198 4172
20.760868 1198 4172
20.760898 830 4172
20.761749 1198 4172
20.761790 1198 4172
20.761831 1198 4172
20.761866 1198 4172
20.761897 1198 4172
20.761929 1198 4172
20.761959 1198 4172
20.761994 1198 4172
20.762023 1198 4172
20.762051 1198 4172
20.762094 1198 4172
20.762113 1198 4172
20.762142 1198 4172
20.762171 1198 4172
20.762202 1198 4172
20.762232 1198 4172
20.762265 1198 4172
20.762294 1198 4172
20.762323 1150 4172
20.771562 1198 4172
20.771625 1198 4172
20.771658 1198 4172
20.771691 1198 4172
20.771729 1198 4172
20.771761 1198 4172
20.771793 1198 4172
20.771825 1198 4172
20.771857 574 4172
20.778963 1198 4172
20.779023 1198 4172
20.779065 1198 4172
20.779101 1198 4172
20.779134 1198 4172
20.779180 1198 4172
20.779210 1198 4172
20.779248 1198 4172
20.779283 1198 4172
20.779313 1198 4172
20.779341 1198 4172
20.779409 1198 4172
20.779440 1198 4172
20.779471 1198 4172
20.782699 1198 4172
20.782745 1198 4172
20.782778 1198 4172
20.782819 1198 4172
20.782853 1198 4172
20.782884 1054 4172
20.782919 1198 4172
20.782950 1198 4172
20.782980 1198 4172
20.783016 1198 4172
20.783050 1198 4172
20.783081 1198 4172
20.783252 1198 4172
20.783286 1198 4172
20.783318 1198 4172
20.783348 1198 4172
20.783379 1198 4172
20.783412 1198 4172
20.783442 1198 4172
20.783473 1198 4172
20.783509 1006 4172
20.783540 1198 4172
20.783571 1198 4172
20.783603 1198 4172
20.783636 1198 4172
20.783667 1198 4172
20.783697 1198 4172
20.783731 1198 4172
20.783760 1198 4172
20.783794 1198 4172
20.783825 1198 4172
20.783854 1198 4172
20.783884 1198 4172
20.783916 1198 4172
20.783946 446 4172
20.783978 1198 4172
20.784012 1198 4172
20.784046 1198 4172
20.784079 1198 4172
20.784108 1198 4172
20.784141 1198 4172
20.784171 1198 4172
20.784211 1198 4172
20.784241 1198 4172
20.784274 1198 4172
20.784303 1198 4172
20.784335 1198 4172
20.784365 1198 4172
20.784395 702 4172
20.784428 1198 4172
20.784458 1198 4172
20.784491 1198 4172
20.784520 1198 4172
20.784551 1198 4172
20.784583 1198 4172
20.784616 1198 4172
20.784648 1198 4172
20.784680 1198 4172
20.784710 1198 4172
20.784740 1198 4172
20.784770 222 4172
20.784802 1198 4172
20.784831 1198 4172
20.784861 1198 4172
20.784893 1198 4172
20.784923 1198 4172
20.784953 1198 4172
20.784987 1198 4172
20.785021 1198 4172
20.785056 1198 4172
20.785086 1198 4172
20.785119 1198 4172
20.785149 1198 4172
20.785181 1198 4172
20.785211 1198 4172
20.785242 1198 4172
20.785274 1198 4172
20.785305 590 4172
20.785351 1198 4172
20.785668 1198 4172
20.786492 1198 4172
20.786554 1198 4172
20.786594 1198 4172
20.786630 1198 4172
20.786669 1198 4172
20.786702 1198 4172
20.786735 1198 4172
20.786768 1198 4172
20.786801 254 4172
20.786837 1198 4172
20.786870 1198 4172
20.786902 1198 4172
20.786934 1198 4172
20.786969 1198 4172
20.787004 1198 4172
20.787039 1198 4172
20.787072 1198 4172
20.787103 1198 4172
20.787149 1198 4172
20.809230 1198 4172
20.809424 1198 4172
20.809453 446 4172
20.809543 1198 4172
20.809588 1198 4172
20.809625 1198 4172
20.809658 1198 4172
20.809692 1198 4172
20.809728 1198 4172
20.809762 1198 4172
20.809794 862 4172
20.809824 1198 4172
20.809858 1198 4172
20.809889 1198 4172
20.809919 1198 4172
20.809950 1198 4172
20.809986 1198 4172
20.810013 1198 4172
20.810047 1198 4172
20.810093 1198 4172
20.810111 1198 4172
20.810143 1198 4172
20.810174 1198 4172
20.810205 190 4172
20.810237 1198 4172
20.810268 1198 4172
20.810299 1198 4172
20.810334 1198 4172
20.810364 1198 4172
20.810396 1198 4172
20.810427 1198 4172
20.810459 1198 4172
20.810493 1198 4172
20.810524 1198 4172
20.810555 1038 4172
20.810587 1198 4172
20.810618 1198 4172
20.810648 1198 4172
20.810681 1198 4172
20.810713 622 4172
20.810765 1198 4172
20.830410 1198 4172
20.830432 1198 4172
20.830480 1198 4172
20.830693 1198 4172
20.830729 1198 4172
20.830760 1198 4172
20.830792 1198 4172
20.830824 1198 4172
20.830855 1198 4172
20.830883 1198 4172
20.830914 1198 4172
20.830945 1198 4172
20.830976 126 4172
20.831009 1198 4172
20.831048 1198 4172
20.831078 1198 4172
20.831108 1198 4172
20.831138 1198 4172
20.831170 1198 4172
20.831201 1198 4172
20.831233 1198 4172
20.831263 1198 4172
20.831292 1198 4172
20.831323 1198 4172
20.831352 1198 4172
20.831384 910 4172
20.831416 1198 4172
20.831446 1198 4172
20.831481 1198 4172
20.834461 1198 4172
20.834502 1198 4172
20.834552 1198 4172
20.834588 1198 4172
20.834620 1198 4172
20.834650 1198 4172
20.834680 1198 4172
20.834710 1198 4172
20.834751 1198 4172
20.834787 1198 4172
20.834817 1198 4172
20.834846 1198 4172
20.834877 1198 4172
20.834906 1198 4172
20.834935 478 4172
20.834971 1198 4172
20.835003 1198 4172
20.835038 1198 4172
20.835068 1198 4172
20.835098 1198 4172
20.835134 1198 4172
20.835183 1198 4172
20.835554 1198 4172
20.835596 798 4172
20.835629 1198 4172
20.835661 1198 4172
20.835692 1198 4172
20.835731 1198 4172
20.835770 1198 4172
20.835811 1198 4172
20.835843 1198 4172
20.835873 1198 4172
20.835910 1198 4172
20.835940 1198 4172
20.835985 1198 4172
20.836030 1198 4172
20.836059 1198 4172
20.836089 1198 4172
20.836122 1198 4172
20.836152 1198 4172
20.836182 1198 4172
20.836215 1198 4172
20.836298 1198 4172
20.836337 990 4172
20.836384 1198 4172
20.836681 1198 4172
20.836728 1198 4172
20.836880 1198 4172
20.837019 1198 4172
20.837060 1198 4172
20.837093 1198 4172
20.837127 1198 4172
20.837161 1198 4172
20.837225 1198 4172
20.837256 1198 4172
20.837300 1198 4172
20.837339 1198 4172
20.837374 1198 4172
20.837402 542 4172
20.837436 1198 4172
20.837466 1198 4172
20.837537 1198 4172
20.837567 1198 4172
20.837598 1198 4172
20.837632 1198 4172
20.837661 1198 4172
20.837697 1198 4172
20.837726 1198 4172
20.837756 1198 4172
20.837787 1198 4172
20.837835 1198 4172
20.842669 1198 4172
20.842698 302 4172
20.842734 1198 4172
20.842765 1198 4172
20.842791 1198 4172
20.842823 1198 4172
20.842890 1198 4172
20.842920 1198 4172
20.842953 1198 4172
20.842985 1198 4172
20.843033 1198 4172
20.843064 1198 4172
20.843095 1198 4172
20.843123 1198 4172
20.843158 1198 4172
20.843188 654 4172
20.843220 1198 4172
20.843248 1198 4172
20.843277 1198 4172
20.843307 1198 4172
20.860731 1198 4172
20.861075 1198 4172
20.861109 1198 4172
20.861139 1198 4172
20.861168 1198 4172
20.861203 1198 4172
20.861231 1198 4172
20.861260 398 4172
20.861290 1198 4172
20.861318 1198 4172
20.861344 1198 4172
20.861369 1198 4172
20.861398 1198 4172
20.861426 1198 4172
20.861490 1198 4172
20.861518 1198 4172
20.861545 1198 4172
20.861574 1198 4172
20.861602 1198 4172
20.863745 1198 4172
20.863746 1198 4172
20.863787 1198 4172
20.863812 1198 4172
20.863847 1198 4172
20.863882 414 4172
20.863918 1198 4172
20.863953 1198 4172
20.864003 1198 4172
20.864038 1198 4172
20.864072 1198 4172
20.864117 1198 4172
20.864253 1198 4172
20.864294 1198 4172
20.864328 1198 4172
20.864376 1198 4172
20.864410 222 4172
20.864444 1198 4172
20.864489 1198 4172
20.864519 1198 4172
20.864547 1198 4172
20.864583 1198 4172
20.864613 1198 4172
20.864641 1198 4172
20.864668 1198 4172
20.864697 1198 4172
20.864725 1198 4172
20.864870 1198 4172
20.864932 1198 4172
20.864986 574 4172
20.865021 1198 4172
20.865048 1198 4172
20.865077 1198 4172
20.865123 1198 4172
20.870854 1198 4172
20.870891 1198 4172
20.871263 1198 4172
20.871356 1198 4172
20.871611 302 4172
20.871709 1198 4172
20.871829 1198 4172
20.872217 1198 4172
20.872318 1198 4172
20.872376 1198 4172
20.872409 1198 4172
20.872459 1198 4172
20.872524 1198 4172
20.876370 1198 4172
20.876409 1198 4172
20.876441 1198 4172
20.876472 1198 4172
20.878348 126 4172
20.878388 1198 4172
20.878446 1198 4172
20.878484 1198 4172
20.878535 1198 4172
20.878564 1198 4172
20.878591 1198 4172
20.878619 1198 4172
20.878646 1198 4172
20.879810 1198 4172
20.880650 1198 4172
20.882903 718 4172
20.883463 1198 4172
20.887438 1198 4172
20.887479 1198 4172
20.887689 1198 4172
20.887719 1198 4172
20.887747 846 4172
20.887777 766 4172
20.887805 1198 4172
20.887832 1198 4172
20.887995 1198 4172
20.888114 1198 4172
20.888418 1198 4172
20.889365 1198 4172
20.890720 1198 4172
20.892371 1198 4172
20.893345 1198 4172
20.893924 782 4172
20.895388 1198 4172
20.895450 1198 4172
20.895504 1198 4172
20.899777 1198 4172
20.900053 1198 4172
20.900088 1198 4172
20.900122 1198 4172
20.900154 238 4172
20.900370 1198 4172
20.900484 1198 4172
20.901687 1198 4172
20.901724 1198 4172
20.901761 1198 4172
20.901802 1198 4172
20.901853 1198 4172
20.901899 1198 4172
20.901933 1198 4172
20.901964 1198 4172
20.901996 1198 4172
20.902030 1198 4172
20.902062 366 4172
20.902096 1198 4172
20.902128 1198 4172
20.902158 1198 4172
20.902192 1198 4172
20.902222 1198 4172
20.902254 1198 4172
20.902286 1198 4172
20.902318 718 4172
20.902350 1198 4172
20.902382 1198 4172
20.902414 1198 4172
20.902446 1198 4172
20.902481 1198 4172
20.902514 1198 4172
20.902545 1198 4172
20.902577 1198 4172
20.902609 1198 4172
20.902655 1198 4172
20.933952 1198 4172
20.940999 1198 4172
20.941808 1198 4172
20.941940 1198 4172
20.941974 1198 4172
20.942021 1198 4172
20.942050 574 4172
20.942104 1198 4172
20.942110 1198 4172
20.942147 1198 4172
20.942173 1198 4172
20.942202 1198 4172
20.942231 1198 4172
20.942278 1198 4172
20.942499 1198 4172
20.942533 1198 4172
20.942568 1198 4172
20.942600 1198 4172
20.942631 1198 4172
20.942661 1198 4172
20.942690 462 4172
20.942723 1198 4172
20.942752 1198 4172
20.942803 1198 4172
20.942852 1198 4172
20.942899 1198 4172
20.942950 1198 4172
20.942983 1198 4172
20.943015 1198 4172
20.943047 1198 4172
20.943079 1198 4172
20.943109 1198 4172
20.943141 1150 4172
20.943169 1198 4172
20.943197 1198 4172
20.943230 1198 4172
20.943259 1198 4172
20.943287 1198 4172
20.943315 1198 4172
20.943342 1198 4172
20.943371 1198 4172
20.943406 1198 4172
20.943582 1198 4172
20.943614 1198 4172
20.943655 1198 4172
20.947780 1198 4172
20.947807 222 4172
20.947845 1198 4172
20.947879 1198 4172
20.947928 1198 4172
20.947962 1198 4172
20.948003 1198 4172
20.948034 1198 4172
20.948066 1198 4172
20.948099 1198 4172
20.948133 1198 4172
20.948165 1198 4172
20.948196 510 4172
20.948230 1198 4172
20.948267 1198 4172
20.948318 1198 4172
20.948351 1198 4172
20.948395 1198 4172
20.948427 1198 4172
20.948478 1198 4172
20.948561 1198 4172
20.948595 1198 4172
20.948625 1198 4172
20.948653 1198 4172
20.948681 1198 4172
20.948709 1198 4172
20.948738 1198 4172
20.948763 878 4172
20.948793 1198 4172
20.948821 1198 4172
20.948848 1198 4172
20.948876 1198 4172
20.948904 1198 4172
20.948931 1198 4172
20.948958 1198 4172
20.948985 1198 4172
20.949012 1198 4172
20.949039 222 4172
20.949066 1198 4172
20.949094 1198 4172
20.949121 1198 4172
20.949151 1198 4172
20.949178 1198 4172
20.949207 1198 4172
20.949235 1198 4172
20.949263 1198 4172
20.949294 1198 4172
20.949320 1198 4172
20.949347 478 4172
20.949378 1198 4172
20.949405 1198 4172
20.949432 1198 4172
20.949461 1198 4172
20.949528 1198 4172
20.949575 1198 4172
20.949612 1198 4172
20.949645 222 4172
20.949680 1198 4172
20.949734 1198 4172
20.949767 1198 4172
20.949802 1198 4172
20.949835 1198 4172
20.949868 1198 4172
20.949900 1198 4172
20.949932 1198 4172
20.949967 1198 4172
20.950002 1198 4172
20.950047 1198 4172
20.953745 206 4172
20.953789 1198 4172
20.953828 1198 4172
20.953866 1198 4172
20.953901 1198 4172
20.953937 1198 4172
20.953987 1198 4172
20.954022 1198 4172
20.954054 1198 4172
20.954084 1198 4172
20.954113 1198 4172
20.954142 1198 4172
20.954171 302 4172
20.954203 1198 4172
20.954231 1198 4172
20.959887 1198 4172
20.959922 1198 4172
20.959959 1198 4172
20.960013 1198 4172
20.960082 1182 4172
20.960131 1198 4172
20.960163 1198 4172
20.960196 1198 4172
20.960228 494 4172
20.960262 1198 4172
20.960294 1198 4172
20.960326 174 4172
20.960378 1198 4172
20.960424 1198 4172
20.960456 1198 4172
20.960534 1198 4172
20.968305 1198 4172
20.973101 238 4172
20.974235 1198 4172
20.974271 1198 4172
20.974303 1198 4172
20.985634 1150 4172
20.986428 1198 4172
20.986508 1198 4172
20.986539 1198 4172
20.986570 1198 4172
20.986600 1198 4172
20.986633 1198 4172
20.986666 1198 4172
20.986713 1198 4172
20.991791 958 4172
20.992300 1198 4172
20.992755 1198 4172
20.993185 1198 4172
20.993599 1198 4172
20.994017 1198 4172
20.994409 1198 4172
20.994804 1198 4172
20.995186 1198 4172
20.995296 782 4172
20.995387 1198 4172
20.995424 1198 4172
20.995452 1198 4172
20.995789 1198 4172
20.995820 1198 4172
20.995852 1198 4172
20.995922 1198 4172
20.996035 286 4172
20.996067 110 4172
20.996096 1198 4172
20.996124 1198 4172
20.996153 1198 4172
20.996182 1198 4172
20.996210 1198 4172
20.996242 1198 4172
20.996411 1198 4172
20.996461 462 4172
20.996551 1198 4172
20.996652 1198 4172
20.996694 1198 4172
20.997606 1198 4172
20.997646 1198 4172
20.997678 1198 4172
20.997712 1198 4172
20.997745 510 4172
20.997796 1198 4172
20.997865 1198 4172
20.997896 1198 4172
20.997925 1198 4172
20.997954 1198 4172
20.997990 1198 4172
20.998016 1198 4172
20.998045 1198 4172
20.998074 350 4172
20.998104 1198 4172
20.998133 1198 4172
20.998184 1198 4172
20.998212 1198 4172
20.998240 1198 4172
20.998268 1198 4172
20.998297 206 4172
20.998325 1198 4172
20.998357 1198 4172
20.998385 1198 4172
20.998413 1198 4172
20.998442 1198 4172
20.998486 718 4172
20.999444 1198 4172
20.999490 1198 4172
20.999695 1198 4172
21.001623 1054 4172
21.001660 1198 4172
21.001692 1198 4172
21.001721 1198 4172
21.001753 1198 4172
21.001781 1198 4172
21.001809 942 4172
21.001839 1198 4172
21.001868 1198 4172
21.001897 1198 4172
21.001927 1198 4172
21.001956 1198 4172
21.001984 350 4172
21.002021 1198 4172
21.002050 1198 4172
21.002090 1198 4172
21.002106 1198 4172
21.002138 1198 4172
21.002173 1198 4172
21.002201 1198 4172
21.002232 1198 4172
21.002262 974 4172
21.002294 494 4172
21.002342 254 4172
21.002374 190 4172
21.002409 190 4172
21.002439 190 4172
21.002468 190 4172
21.002503 190 4172
21.002530 190 4172
21.002559 190 4172
21.002590 190 4172
21.002620 190 4172
21.002650 190 4172
21.002678 190 4172
21.002707 190 4172
21.002736 190 4172
21.002768 190 4172
21.002798 1198 4172
21.002827 1198 4172
21.002855 1198 4172
21.002884 1198 4172
21.002913 1198 4172
21.026217 350 4172
21.026741 254 4172
21.026779 190 4172
21.026807 190 4172
21.026834 190 4172
21.026861 190 4172
21.026888 190 4172
21.026914 190 4172
21.026942 190 4172
21.026967 190 4172
21.026993 190 4172
21.027020 190 4172
21.027047 190 4172
21.027074 190 4172
21.027101 190 4172
21.027127 190 4172
21.029441 1198 4172
21.029479 1198 4172
21.029529 1198 4172
21.029564 1198 4172
21.029637 1198 4172
21.029679 1198 4172
21.029720 126 4172
21.029767 1198 4172
21.041111 1198 4172
21.041154 1198 4172
21.041185 1198 4172
21.041216 1198 4172
21.041262 1198 4172
21.041311 1198 4172
21.041345 1198 4172
21.041442 1198 4172
21.041531 1198 4172
21.041558 1198 4172
21.041590 1198 4172
21.041619 686 4172
21.082764 110 4172
21.126990 222 4172
21.127372 190 4172
21.127410 190 4172
21.127476 190 4172
21.127537 190 4172
21.127570 190 4172
21.127600 190 4172
21.127632 190 4172
21.127663 190 4172
21.127694 190 4172
21.127772 190 4172
21.127808 190 4172
21.127840 190 4172
21.127867 190 4172
21.127898 190 4172
21.127930 1198 4172
21.127963 1198 4172
21.128013 1198 4172
21.128025 1198 4172
21.128056 478 4172
21.128102 222 4172
21.138238 190 4172
21.138278 190 4172
21.138315 190 4172
21.138351 190 4172
21.138385 190 4172
21.138420 190 4172
21.138456 190 4172
21.138537 190 4172
21.138571 190 4172
21.138605 190 4172
21.138639 190 4172
21.138673 190 4172
21.138706 190 4172
21.138752 190 4172
21.159061 1198 4172
21.159087 1198 4172
21.159117 1198 4172
21.159145 1198 4172
21.159174 1198 4172
21.159205 350 4172
21.176914 222 4172
21.177406 190 4172
21.177468 190 4172
21.177526 190 4172
21.194341 190 4172
21.195298 190 4172
21.195338 190 4172
21.195456 190 4172
21.198269 190 4172
21.198611 190 4172
21.198695 190 4172
21.198784 190 4172
21.198841 190 4172
21.198930 190 4172
21.199016 190 4172
21.199049 1198 4172
21.199098 1198 4172
21.199252 1198 4172
21.199450 1198 4172
21.199548 1198 4172
21.199603 766 4172
21.200526 110 4172
21.200631 254 4172
21.202262 190 4172
21.202314 190 4172
21.202345 190 4172
21.202372 190 4172
21.202399 190 4172
21.202425 190 4172
21.202457 190 4172
21.202512 190 4172
21.202562 190 4172
21.202589 190 4172
21.202617 190 4172
21.202642 190 4172
21.202668 190 4172
21.202694 190 4172
21.202742 1198 4172
21.202770 1198 4172
21.202877 1198 4172
21.202905 1198 4172
21.202973 1198 4172
21.203002 1198 4172
21.203039 558 4172
21.221195 174 4172
21.221481 174 4172
21.221566 174 4172
21.221719 174 4172
21.221844 174 4172
21.221907 174 4172
21.222019 174 4172
21.222091 174 4172
21.222118 174 4172
21.222143 174 4172
21.222168 174 4172
21.222208 174 4172
21.222511 174 4172
21.222561 174 4172
21.222597 174 4172
21.239661 1198 4172
21.239700 1198 4172
21.239733 1198 4172
21.239764 1198 4172
21.239793 1198 4172
21.239825 1198 4172
21.239855 622 4172
21.263083 110 4172
21.324924 110 4172
21.412050 110 4172
21.538861 110 4172
21.594555 174 4172
21.594707 174 4172
21.594724 174 4172
21.594792 174 4172
21.594826 174 4172
21.594856 174 4172
21.594882 174 4172
21.594918 174 4172
21.594946 174 4172
21.594973 174 4172
21.595004 174 4172
21.595025 174 4172
21.595054 174 4172
21.595077 174 4172
21.595102 174 4172
21.595129 1198 4172
21.595158 1198 4172
21.595187 1198 4172
21.595220 1198 4172
21.619149 1198 4172
21.619235 1198 4172
21.619264 1198 4172
21.619294 1198 4172
21.619328 1198 4172
21.619362 1198 4172
21.619389 1198 4172
21.619417 1198 4172
21.619444 1198 4172
21.619490 1198 4172
21.619516 1198 4172
21.619544 1198 4172
21.619570 1198 4172
21.619596 1198 4172
21.619626 1198 4172
21.619652 558 4172
21.619694 1198 4172
21.635584 1198 4172
21.635653 270 4172
21.635688 302 4172
21.635719 238 4172
21.799687 110 4172
22.045678 110 4172
22.086643 110 4172
22.168621 110 4172
22.331930 110 4172
22.618671 110 4172
22.700633 702 4172
22.700696 318 4172
22.724915 1198 4172
22.724939 1198 4172
22.724963 254 4172
22.724992 318 4172
22.725628 174 4172
22.725659 174 4172
22.726751 174 4172
22.726771 174 4172
22.726798 174 4172
22.727499 174 4172
22.727526 174 4172
22.728613 174 4172
22.728640 174 4172
22.728668 174 4172
22.730204 174 4172
22.730230 174 4172
22.730258 174 4172
22.732558 1198 4172
22.732592 1198 4172
22.732622 1198 4172
22.732652 1198 4172
22.732685 1198 4172
22.732720 1198 4172
22.732750 1198 4172
22.732779 174 4172
22.741603 1198 4172
22.741646 1198 4172
22.741691 1198 4172
22.741730 1198 4172
22.741765 1198 4172
22.741800 1198 4172
22.741835 1198 4172
22.741870 1198 4172
22.741905 1198 4172
22.741947 1198 4172
22.741982 1198 4172
22.742017 1198 4172
22.742053 558 4172
22.863785 110 4172
23.067863 110 4172
23.108715 110 4172
23.190659 110 4172
23.395662 110 4172
23.641689 110 4172
23.929889 110 4172
24.093630 110 4172
24.167446 110 4172
24.175599 110 4172
24.461641 110 4172
24.706681 110 4172
24.992649 110 4172
25.074507 110 4172
25.197639 110 4172
25.238646 110 4172
26.099646 110 4172
26.181583 110 4172
27.082543 110 4172
27.204734 110 4172
27.897663 110 4172
28.102624 110 4172
28.184568 110 4172
29.085621 110 4172
29.208638 110 4172
30.068559 110 4172
30.191472 110 4172
30.560454 110 4172
31.093797 110 4172
31.177208 110 4172
31.313333 158 4172
31.390822 60 60000
31.396904 142 4172
31.397306 286 4172
31.514863 1198 4172
31.514900 1198 4172
31.514936 494 4172
31.514971 206 4172
31.515000 206 4172
31.515034 334 4172
31.515064 206 4172
31.555374 1198 4172
31.555412 1198 4172
31.555446 350 4172
31.555480 334 4172
31.555528 158 4172
31.555548 382 4172
31.555580 254 4172
31.555611 238 4172
31.557438 1198 4172
31.590959 1198 4172
31.590993 494 4172
31.591030 334 4172
31.591062 382 4172
31.591092 286 4172
31.591125 238 4172
31.598419 1198 4172
31.598470 1198 4172
31.598503 1198 4172
31.598538 1198 4172
31.598580 1198 4172
31.598606 1198 4172
31.598642 1198 4172
31.598674 1198 4172
31.598708 190 4172
31.598749 1198 4172
31.598779 1198 4172
31.598812 1198 4172
31.598845 366 4172
31.598880 254 4172
31.598913 382 4172
31.598946 158 4172
31.598979 462 4172
31.639533 1198 4172
31.639579 1198 4172
31.639615 1198 4172
31.639653 1198 4172
31.639687 1198 4172
31.639722 1198 4172
31.639756 1198 4172
31.639796 478 4172
31.639832 1198 4172
31.639866 286 4172
31.639907 254 4172
31.639941 398 4172
31.639975 462 4172
31.680504 1198 4172
31.680552 1198 4172
31.680587 1198 4172
31.680623 1198 4172
31.680671 1198 4172
31.680693 1198 4172
31.680727 1198 4172
31.680762 494 4172
31.680806 1150 4172
31.680843 254 4172
31.680876 398 4172
31.680910 446 4172
31.719529 1198 4172
31.719560 1198 4172
31.719595 1198 4172
31.719631 1198 4172
31.719664 1198 4172
31.719700 1198 4172
31.719736 1198 4172
31.719773 158 4172
31.719808 846 4172
31.719851 238 4172
31.719877 382 4172
31.719911 446 4172
31.720399 1198 4172
31.720436 1198 4172
31.720472 270 4172
31.720507 174 4172
31.720541 206 4172
31.720579 238 4172
31.721518 142 4172
31.885563 110 4172
32.088578 110 4172
32.167493 110 4172
32.170423 110 4172
32.457549 110 4172
32.703512 110 4172
32.949531 110 4172
33.072495 110 4172
33.195775 110 4172
33.236625 110 4172
33.483640 110 4172
34.096529 110 4172
34.178431 110 4172
35.079577 110 4172
35.202406 110 4172
36.103556 110 4172
36.167694 110 4172
36.185523 110 4172
37.086557 110 4172
37.168519 110 4172
38.068524 110 4172
38.191474 110 4172
38.847518 110 4172
39.092387 110 4172
39.174360 110 4172
40.074357 110 4172
40.196394 110 4172
41.098486 110 4172
41.180346 110 4172
41.508407 110 4172
42.081468 110 4172
42.204363 110 4172
43.106400 110 4172
43.188331 110 4172
44.089326 110 4172
44.167669 110 4172
44.171429 110 4172
45.073380 110 4172
45.196326 110 4172
46.095505 110 4172
46.177421 110 4172
46.832408 110 4172
47.078332 110 4172
47.201408 110 4172
48.101457 110 4172
48.183411 110 4172
49.084402 110 4172
49.207297 110 4172
49.452330 110 4172
50.106415 110 4172
50.188325 110 4172
51.090357 110 4172
51.172375 110 4172
51.390352 60 60000
51.600378 158 4172
51.726360 60 60000
51.921268 1198 4172
51.921293 1198 4172
51.921323 1198 4172
51.921354 1198 4172
51.921384 1198 4172
51.921412 1198 4172
51.921441 1198 4172
51.921468 1198 4172
51.921497 494 4172
51.921524 1198 4172
51.921553 1198 4172
51.921620 1198 4172
51.921649 574 4172
51.921680 446 4172
51.922281 302 4172
51.922334 318 4172
51.922371 494 4172
51.940341 446 4172
51.981317 1198 4172
51.981366 1198 4172
51.981406 1198 4172
51.981442 1198 4172
51.981482 1198 4172
51.981520 1198 4172
51.981554 1198 4172
51.981591 1198 4172
51.981624 1198 4172
51.981668 414 4172
51.981771 1198 4172
51.981826 1198 4172
51.981859 462 4172
51.981895 462 4172
51.981993 238 4172
51.982036 254 4172
51.982071 478 4172
51.982108 446 4172
52.019332 1198 4172
52.019371 1198 4172
52.019404 1198 4172
52.019435 1198 4172
52.019506 1198 4172
52.019534 1198 4172
52.019562 1198 4172
52.019590 1198 4172
52.019661 894 4172
52.019692 910 4172
52.019719 478 4172
52.019785 302 4172
52.019815 318 4172
52.019843 574 4172
52.019870 446 4172
52.022240 1198 4172
52.022280 1198 4172
52.022311 1198 4172
52.022343 1198 4172
52.022374 1198 4172
52.022408 1198 4172
52.022440 1198 4172
52.022469 142 4172
52.022500 830 4172
52.022536 478 4172
52.022569 286 4172
52.022598 302 4172
52.022629 558 4172
52.022660 430 4172
52.063292 1198 4172
52.063338 1198 4172
52.063375 1198 4172
52.063413 1198 4172
52.063447 1198 4172
52.063483 1198 4172
52.063517 798 4172
52.063553 622 4172
52.063588 478 4172
52.063623 286 4172
52.063656 318 4172
52.063689 558 4172
52.063723 366 4172
52.086411 110 4172
52.104337 1198 4172
52.104395 1198 4172
52.104440 270 4172
52.104478 174 4172
52.104518 206 4172
52.104552 206 4172
52.104588 222 4172
52.104621 238 4172
52.104661 142 4172
52.145438 110 4172
52.186365 110 4172
52.268301 110 4172
52.432370 110 4172
52.678347 110 4172
52.965367 110 4172
53.088288 110 4172
53.170304 110 4172
53.211559 110 4172
53.498434 110 4172
53.744336 110 4172
54.031404 110 4172
54.072318 110 4172
54.195364 110 4172
55.096359 110 4172
55.178360 110 4172
56.078280 110 4172
56.201383 110 4172
56.652338 110 4172
57.102353 110 4172
57.184351 110 4172
58.082349 110 4172
58.205538 110 4172
59.105322 110 4172
59.187267 110 4172
59.351283 110 4172
60.086274 110 4172
60.168186 110 4172
61.070282 110 4172
61.193185 110 4172
62.011277 110 4172
62.093283 110 4172
62.175236 110 4172
63.074240 110 4172
63.197278 110 4172
64.099293 110 4172
64.181170 110 4172
64.631220 110 4172
65.081222 110 4172
65.204283 110 4172
66.104223 110 4172
66.186187 110 4172
67.086212 110 4172
67.168106 110 4172
67.332284 110 4172
68.069180 110 4172
68.192179 110 4172
69.092215 110 4172
69.174059 110 4172
69.993086 110 4172
70.075156 110 4172
70.198180 110 4172
71.099215 110 4172
71.181186 110 4172
72.072117 110 4172
72.168076 158 4172
72.171757 110 4172
72.363410 1198 4172
72.363502 1198 4172
72.363544 1198 4172
72.363598 1198 4172
72.363636 1198 4172
72.363673 1198 4172
72.363709 1198 4172
72.363744 1198 4172
72.363788 1198 4172
72.363836 238 4172
72.363869 1198 4172
72.363901 254 4172
72.363933 206 4172
72.363980 206 4172
72.364026 206 4172
72.364057 238 4172
72.364090 462 4172
72.486151 1198 4172
72.486246 1198 4172
72.486318 286 4172
72.486367 174 4172
72.486449 158 4172
72.487119 174 4172
72.487158 174 4172
72.487200 174 4172
72.487238 158 4172
72.692197 110 4172
72.938101 110 4172
73.102218 110 4172
73.184158 110 4172
73.225190 110 4172
74.085162 110 4172
74.208179 110 4172
75.109171 110 4172
75.191137 110 4172
75.887142 110 4172
76.090236 110 4172
76.172110 110 4172
77.073084 110 4172
77.196057 110 4172
78.096105 110 4172
78.177120 110 4172
78.505135 110 4172
79.077076 110 4172
79.200072 110 4172
80.098055 110 4172
80.180098 110 4172
81.079093 110 4172
81.185139 110 4172
81.201123 110 4172
81.805149 60 60000
82.068121 158 4172
82.090076 110 4172
82.141216 60 60000
82.182383 110 4172
82.263977 1198 4172
82.264018 1198 4172
82.264052 1198 4172
82.264082 1198 4172
82.264109 862 4172
82.264141 1198 4172
82.264173 1198 4172
82.264200 1198 4172
82.264228 1198 4172
82.264255 590 4172
82.264282 270 4172
82.264309 270 4172
82.264335 270 4172
82.264362 270 4172
82.264387 270 4172
82.264415 606 4172
82.264443 1086 4172
82.264472 1198 4172
82.264499 190 4172
82.305105 1198 4172
82.305119 1198 4172
82.305181 1198 4172
82.305229 1198 4172
82.305279 1022 4172
82.305319 1198 4172
82.305358 1198 4172
82.305394 1198 4172
82.305428 926 4172
82.305463 622 4172
82.305498 206 4172
82.305531 206 4172
82.305565 206 4172
82.305618 206 4172
82.305663 702 4172
82.305700 254 4172
82.305736 414 4172
82.346119 1198 4172
82.346123 1198 4172
82.346208 1198 4172
82.346213 1198 4172
82.346251 1198 4172
82.346288 1198 4172
82.346324 1006 4172
82.346362 1198 4172
82.346402 1198 4172
82.346437 1198 4172
82.346471 766 4172
82.346507 734 4172
82.346542 318 4172
82.346576 318 4172
82.346611 318 4172
82.346650 318 4172
82.346686 862 4172
82.346721 158 4172
82.346756 414 4172
82.387004 1198 4172
82.387078 1198 4172
82.387158 1198 4172
82.387204 1198 4172
82.387390 1198 4172
82.387426 1198 4172
82.387462 1198 4172
82.387492 1198 4172
82.387564 606 4172
82.387600 1198 4172
82.387629 1198 4172
82.387661 1198 4172
82.387689 318 4172
82.387722 798 4172
82.387754 350 4172
82.387822 350 4172
82.387855 350 4172
82.387894 350 4172
82.387924 878 4172
82.387954 142 4172
82.387983 446 4172
82.388913 1198 4172
82.388953 1198 4172
82.388983 1198 4172
82.389012 1198 4172
82.389040 1198 4172
82.389069 1198 4172
82.389099 1198 4172
82.389130 526 4172
82.389159 1198 4172
82.389186 286 4172
82.389217 814 4172
82.389253 382 4172
82.389280 382 4172
82.389308 382 4172
82.389338 382 4172
82.389367 782 4172
82.422626 462 4172
82.429040 1198 4172
82.429074 1198 4172
82.429119 1198 4172
82.429153 1198 4172
82.429190 1198 4172
82.429224 1198 4172
82.429259 1198 4172
82.429294 270 4172
82.429329 910 4172
82.429370 750 4172
82.429408 318 4172
82.429446 318 4172
82.429480 318 4172
82.429515 318 4172
82.429549 686 4172
82.429585 462 4172
82.470090 1198 4172
82.470143 1198 4172
82.470188 1198 4172
82.470238 1198 4172
82.470260 1198 4172
82.470296 1198 4172
82.470332 1198 4172
82.470367 238 4172
82.470405 862 4172
82.470441 750 4172
82.470476 318 4172
82.470511 318 4172
82.470546 318 4172
82.470581 318 4172
82.470617 686 4172
82.470653 446 4172
82.511062 110 4172
82.520936 1198 4172
82.521017 1198 4172
82.521019 254 4172
82.521047 318 4172
82.521121 238 4172
82.552106 206 4172
82.552109 206 4172
82.552221 206 4172
82.552223 206 4172
82.552248 238 4172
82.552284 238 4172
82.675144 542 4172
82.675147 318 4172
82.798149 110 4172
83.068120 110 4172
83.084080 110 4172
83.207074 110 4172
83.330012 110 4172
83.617077 110 4172
83.903076 110 4172
84.108112 110 4172
84.149110 110 4172
84.190029 110 4172
84.435069 110 4172
84.681073 110 4172
85.089077 110 4172
85.171007 110 4172
86.071993 110 4172
86.195037 110 4172
87.096083 110 4172
87.178072 110 4172
87.342043 110 4172
88.078037 110 4172
88.201043 110 4172
89.101989 110 4172
89.183988 110 4172
90.002911 110 4172
90.084990 110 4172
90.208022 110 4172
91.068953 110 4172
91.192005 110 4172
92.091957 110 4172
92.173986 110 4172
92.666000 110 4172
93.073957 110 4172
93.196946 110 4172
94.097926 110 4172
94.180039 110 4172
95.081930 110 4172
95.204965 110 4172
95.327946 110 4172
96.104895 110 4172
96.186925 110 4172
97.086993 110 4172
97.168915 110 4172
97.987788 110 4172
98.069873 110 4172
98.192894 110 4172
99.093914 110 4172
99.175894 110 4172
100.076862 110 4172
100.199892 110 4172
100.649947 110 4172
101.100974 110 4172
101.182915 110 4172
102.082891 110 4172
102.206132 110 4172
102.544002 158 4172
102.733310 1198 4172
102.733335 1198 4172
102.733367 1198 4172
102.733395 1198 4172
102.733424 174 4172
102.733466 334 4172
102.733498 238 4172
102.733522 206 4172
102.733549 206 4172
102.733578 206 4172
102.733604 206 4172
102.733638 238 4172
102.733669 238 4172
102.851894 1198 4172
102.851909 1198 4172
102.851947 222 4172
102.852002 174 4172
102.852032 158 4172
102.855867 174 4172
102.855906 174 4172
102.855945 174 4172
102.855977 174 4172
102.856013 174 4172
102.856043 142 4172
103.059806 110 4172
103.100968 110 4172
103.182955 110 4172
104.083878 110 4172
104.206882 110 4172
105.105839 110 4172
105.187818 110 4172
105.720861 110 4172
106.088790 110 4172
106.171167 110 4172
107.072790 110 4172
107.195857 110 4172
108.096824 110 4172
108.178747 110 4172
108.340773 110 4172
109.075802 110 4172
109.198731 110 4172
110.098847 110 4172
110.180721 110 4172
110.998743 110 4172
111.080697 110 4172
111.202772 110 4172
112.101697 110 4172
112.183758 110 4172
112.219838 60 60000
112.545979 158 4172
112.579522 60 60000
112.621771 1198 4172
112.621802 1198 4172
112.621899 1198 4172
112.621966 1198 4172
112.621996 206 4172
112.622061 222 4172
112.622093 750 4172
112.622125 254 4172
112.622156 254 4172
112.622183 254 4172
112.622212 254 4172
112.622240 254 4172
112.622271 254 4172
112.657432 254 4172
112.657486 590 4172
112.657521 206 4172
112.717702 1198 4172
112.717720 1198 4172
112.717749 1198 4172
112.717775 1198 4172
112.717803 1198 4172
112.717829 1198 4172
112.717891 1198 4172
112.717917 1182 4172
112.717946 1198 4172
112.717973 1198 4172
112.717999 1198 4172
112.718025 382 4172
112.718053 830 4172
112.718079 222 4172
112.718106 222 4172
112.718661 222 4172
112.718689 222 4172
112.718716 222 4172
112.718774 222 4172
112.738716 750 4172
112.738747 158 4172
112.738776 462 4172
112.756788 1198 4172
112.756816 1198 4172
112.756847 1198 4172
112.756876 1198 4172
112.756903 1198 4172
112.756930 1198 4172
112.756959 1198 4172
112.756985 1054 4172
112.757013 1198 4172
112.757039 1198 4172
112.757066 494 4172
112.758041 174 4172
112.758083 174 4172
112.758129 814 4172
112.758875 382 4172
112.758899 382 4172
112.759670 382 4172
112.759699 382 4172
112.760906 382 4172
112.760933 382 4172
112.760962 814 4172
112.761668 174 4172
112.761696 174 4172
112.765567 174 4172
112.765703 1198 4172
112.765768 1198 4172
112.765801 1198 4172
112.765831 1198 4172
112.765868 1198 4172
112.765895 1198 4172
112.765924 1198 4172
112.765969 574 4172
112.779707 1198 4172
112.779728 1198 4172
112.779813 1198 4172
112.779851 1198 4172
112.779867 1198 4172
112.779896 1198 4172
112.779925 1198 4172
112.779953 1198 4172
112.779980 1198 4172
112.780007 1198 4172
112.780041 1198 4172
112.780068 1198 4172
112.780095 558 4172
112.783770 1198 4172
112.783791 1198 4172
112.783823 1198 4172
112.783849 1198 4172
112.783877 1198 4172
112.783909 1198 4172
112.783974 1198 4172
112.784002 510 4172
112.784031 1198 4172
112.784057 238 4172
112.784773 686 4172
112.784801 350 4172
112.784828 350 4172
112.784855 350 4172
112.784881 350 4172
112.820641 350 4172
112.820692 350 4172
112.820729 798 4172
112.820762 446 4172
112.855605 110 4172
112.855669 1198 4172
112.856723 1198 4172
112.856759 238 4172
112.856791 318 4172
112.856826 174 4172
112.857949 174 4172
112.857983 238 4172
112.858014 222 4172
112.860007 222 4172
112.860026 222 4172
112.860610 222 4172
112.860640 222 4172
112.860669 222 4172
112.860695 222 4172
112.861602 174 4172
112.861629 174 4172
112.861658 174 4172
112.864437 1198 4172
112.864475 1198 4172
112.864508 1198 4172
112.864547 1198 4172
112.864596 1198 4172
112.864626 1198 4172
112.864655 750 4172
112.864703 1198 4172
112.902776 1198 4172
112.902870 1198 4172
112.902919 1198 4172
112.902968 1198 4172
112.903008 1198 4172
112.903046 1198 4172
112.903084 1198 4172
112.903123 1198 4172
112.903160 1198 4172
112.903197 1198 4172
112.903234 1198 4172
112.903277 606 4172
112.957883 1198 4172
112.957946 1198 4172
112.957979 238 4172
112.958774 318 4172
112.958794 174 4172
112.959765 174 4172
112.959800 238 4172
112.960717 222 4172
112.960752 222 4172
112.961659 222 4172
112.961698 222 4172
112.962604 222 4172
112.962633 222 4172
112.963966 222 4172
112.964001 174 4172
112.964035 174 4172
112.964963 174 4172
112.967724 1198 4172
112.967770 1198 4172
112.967817 1198 4172
112.967865 1198 4172
112.967910 1198 4172
112.967949 1198 4172
112.967988 750 4172
112.984836 1198 4172
112.984921 1198 4172
112.984962 1198 4172
112.985002 1198 4172
112.985042 1198 4172
112.985079 1198 4172
112.985118 1198 4172
112.985155 1198 4172
112.985194 1198 4172
112.985231 1198 4172
112.985271 1198 4172
112.985309 1198 4172
112.985347 606 4172
113.024843 1198 4172
113.024914 1198 4172
113.024950 238 4172
113.025605 318 4172
113.025644 174 4172
113.026747 174 4172
113.026781 238 4172
113.028385 222 4172
113.028434 222 4172
113.028803 222 4172
113.028845 222 4172
113.029770 222 4172
113.029815 222 4172
113.030708 222 4172
113.030750 174 4172
113.032206 174 4172
113.032253 174 4172
113.035289 1198 4172
113.035333 1198 4172
113.035370 1198 4172
113.035405 1198 4172
113.035440 1198 4172
113.035475 1198 4172
113.035508 750 4172
113.035664 1198 4172
113.035701 1198 4172
113.035735 1198 4172
113.035784 1198 4172
113.067029 1198 4172
113.067137 1198 4172
113.067169 1198 4172
113.067201 1198 4172
113.067234 1198 4172
113.067266 1198 4172
113.067297 1198 4172
113.067329 1198 4172
113.067361 606 4172
113.107689 110 4172
113.124229 110 4172
113.124664 1198 4172
113.124706 1198 4172
113.124743 238 4172
113.125666 318 4172
113.125707 174 4172
113.126677 174 4172
113.126718 238 4172
113.127649 222 4172
113.127694 222 4172
113.128673 222 4172
113.128713 222 4172
113.129928 222 4172
113.129965 222 4172
113.129999 222 4172
113.131301 174 4172
113.131333 174 4172
113.131656 174 4172
113.134013 1198 4172
113.134066 1198 4172
113.134106 1198 4172
113.134145 1198 4172
113.134191 1198 4172
113.134228 1198 4172
113.134260 750 4172
113.148707 1198 4172
113.148760 1198 4172
113.148793 1198 4172
113.148826 1198 4172
113.148858 1198 4172
113.148890 1198 4172
113.148923 1198 4172
113.148953 1198 4172
113.148985 1198 4172
113.149015 1198 4172
113.149050 1198 4172
113.149079 1198 4172
113.149110 606 4172
113.186004 110 4172
113.186896 1198 4172
113.186937 1198 4172
113.186972 238 4172
113.187009 318 4172
113.187894 174 4172
113.187929 174 4172
113.188850 238 4172
113.188883 222 4172
113.189611 222 4172
113.189645 222 4172
113.190738 222 4172
113.190772 222 4172
113.191648 222 4172
113.191683 222 4172
113.193521 174 4172
113.193556 174 4172
113.193592 174 4172
113.193648 1198 4172
113.196343 1198 4172
113.196395 1198 4172
113.196441 1198 4172
113.196500 1198 4172
113.196550 1198 4172
113.196601 750 4172
113.196660 1198 4172
113.230712 1198 4172
113.230804 1198 4172
113.230849 1198 4172
113.230891 1198 4172
113.230930 1198 4172
113.230969 1198 4172
113.231006 1198 4172
113.231044 1198 4172
113.231082 1198 4172
113.231120 1198 4172
113.231158 1198 4172
113.231196 606 4172
113.271663 110 4172
113.286675 1198 4172
113.286753 1198 4172
113.286796 238 4172
113.286837 318 4172
113.287766 174 4172
113.287808 174 4172
113.288659 238 4172
113.288702 222 4172
113.289698 222 4172
113.289740 222 4172
113.292104 222 4172
113.292128 222 4172
113.292164 222 4172
113.292831 222 4172
113.292866 174 4172
113.292899 174 4172
113.293758 174 4172
113.296481 1198 4172
113.296526 1198 4172
113.296596 1198 4172
113.296642 1198 4172
113.296681 1198 4172
113.296722 1198 4172
113.296760 750 4172
113.296814 1198 4172
113.312772 1198 4172
113.312861 1198 4172
113.312911 1198 4172
113.312952 1198 4172
113.312991 1198 4172
113.313028 1198 4172
113.313066 1198 4172
113.313104 1198 4172
113.313143 1198 4172
113.313180 1198 4172
113.313218 1198 4172
113.313260 606 4172
113.353701 1198 4172
113.353756 1198 4172
113.353789 238 4172
113.353825 318 4172
113.353862 174 4172
113.355275 174 4172
113.355766 238 4172
113.355811 222 4172
113.356741 222 4172
113.356785 222 4172
113.357772 222 4172
113.357817 222 4172
113.358724 222 4172
113.358763 222 4172
113.359659 174 4172
113.359700 174 4172
113.360603 174 4172
113.360669 1198 4172
113.360708 1198 4172
113.360744 1198 4172
113.360780 1198 4172
113.360814 1198 4172
113.363360 1198 4172
113.363430 750 4172
113.363595 1198 4172
113.363643 1198 4172
113.363689 1198 4172
113.363731 1198 4172
113.363768 1198 4172
113.363806 1198 4172
113.363846 1198 4172
113.363884 1198 4172
113.363933 1198 4172
113.368538 1198 4172
113.368584 1198 4172
113.368619 1198 4172
113.368652 606 4172
113.383939 110 4172
113.394740 110 4172
113.453781 1198 4172
113.453805 1198 4172
113.453841 238 4172
113.453873 318 4172
113.454746 174 4172
113.454781 174 4172
113.455691 238 4172
113.455727 222 4172
113.457264 222 4172
113.457319 222 4172
113.457723 222 4172
113.457764 222 4172
113.458667 222 4172
113.458706 222 4172
113.460453 174 4172
113.460497 174 4172
113.460539 174 4172
113.460646 1198 4172
113.463196 1198 4172
113.463257 1198 4172
113.463313 1198 4172
113.463375 1198 4172
113.463425 1198 4172
113.463467 750 4172
113.463594 1198 4172
113.463634 1198 4172
113.463673 1198 4172
113.463710 1198 4172
113.463749 1198 4172
113.463787 1198 4172
113.463824 1198 4172
113.463862 1198 4172
113.463898 1198 4172
113.468537 1198 4172
113.468599 1198 4172
113.468641 1198 4172
113.468681 606 4172
113.476646 110 4172
113.520772 1198 4172
113.520795 1198 4172
113.520835 238 4172
113.520866 318 4172
113.521704 174 4172
113.521739 174 4172
113.522661 238 4172
113.522697 222 4172
113.523590 222 4172
113.523627 222 4172
113.525031 222 4172
113.525066 222 4172
113.525099 222 4172
113.525946 222 4172
113.525980 174 4172
113.527390 174 4172
113.527425 174 4172
113.530003 1198 4172
113.530041 1198 4172
113.530081 1198 4172
113.530116 1198 4172
113.530162 1198 4172
113.530196 1198 4172
113.530229 750 4172
113.558683 1198 4172
113.558742 1198 4172
113.558787 1198 4172
113.558828 1198 4172
113.558867 1198 4172
113.558905 1198 4172
113.558943 1198 4172
113.558981 1198 4172
113.559018 1198 4172
113.559056 1198 4172
113.559094 1198 4172
113.559130 1198 4172
113.559168 606 4172
113.599662 110 4172
113.668623 110 4172
113.681653 110 4172
113.927693 110 4172
114.091776 110 4172
114.173738 110 4172
114.214767 110 4172
114.460677 110 4172
114.747708 110 4172
114.992706 110 4172
115.074651 110 4172
115.196699 110 4172
115.278698 110 4172
115.524668 110 4172
115.809719 110 4172
116.068600 110 4172
116.095615 110 4172
116.177752 110 4172
116.341654 110 4172
117.078596 110 4172
117.201766 110 4172
118.102645 110 4172
118.184632 110 4172
119.004634 110 4172
119.086722 110 4172
119.209711 110 4172
120.069733 110 4172
120.192593 110 4172
121.093581 110 4172
121.175703 110 4172
121.665703 110 4172
122.074634 110 4172
122.197710 110 4172
123.097664 110 4172
123.179688 110 4172
124.078525 110 4172
124.201534 110 4172
124.324529 110 4172
125.100604 110 4172
125.182558 110 4172
126.083643 110 4172
126.206562 110 4172
126.983647 110 4172
127.106640 110 4172
127.188595 110 4172
128.090555 110 4172
128.172494 110 4172
129.073573 110 4172
129.196553 110 4172
129.687576 110 4172
130.097668 110 4172
130.179582 110 4172
131.080652 110 4172
131.203557 110 4172
132.104594 110 4172
132.186558 110 4172
132.350552 110 4172
132.922350 158 4172
133.061601 1198 4172
133.061624 1198 4172
133.061656 1198 4172
133.061685 1198 4172
133.061715 174 4172
133.063839 366 4172
133.065974 174 4172
133.082040 174 4172
133.084522 110 4172
133.084547 254 4172
133.084575 238 4172
133.084601 238 4172
133.084628 238 4172
133.084658 238 4172
133.084683 238 4172
133.084709 238 4172
133.084735 238 4172
133.086994 174 4172
133.089153 174 4172
133.091108 174 4172
133.093347 366 4172
133.093420 1198 4172
133.100305 1198 4172
133.100366 1198 4172
133.100393 1198 4172
133.100431 1198 4172
133.100462 1198 4172
133.100491 1198 4172
133.100518 1198 4172
133.100544 1198 4172
133.100572 1198 4172
133.100599 1198 4172
133.100624 1198 4172
133.100654 558 4172
133.190397 110 4172
133.254131 1198 4172
133.254187 1198 4172
133.254217 1198 4172
133.254246 1198 4172
133.254317 1198 4172
133.254357 1198 4172
133.254403 1198 4172
133.254432 1198 4172
133.254459 1198 4172
133.254488 142 4172
133.254519 1150 4172
133.254547 222 4172
133.254576 206 4172
133.254603 206 4172
133.254631 206 4172
133.254663 206 4172
133.254691 206 4172
133.254718 206 4172
133.254752 206 4172
133.254777 446 4172
133.254816 1198 4172
133.255718 1198 4172
133.255755 1198 4172
133.255786 1198 4172
133.255816 1198 4172
133.255849 1198 4172
133.255880 1198 4172
133.255909 1198 4172
133.255939 814 4172
133.255970 846 4172
133.256003 222 4172
133.256034 206 4172
133.256064 206 4172
133.256095 206 4172
133.256679 206 4172
133.256712 206 4172
133.264532 206 4172
133.264601 206 4172
133.264643 446 4172
133.287147 110 4172
133.287474 206 4172
133.289328 174 4172
133.289358 158 4172
133.290340 158 4172
133.293685 158 4172
133.295231 158 4172
133.295270 158 4172
133.295302 158 4172
133.296350 158 4172
133.296433 158 4172
133.305432 142 4172
133.387524 110 4172
133.428647 110 4172
133.469541 110 4172
133.674832 110 4172
133.960689 110 4172
134.083584 110 4172
134.201635 110 4172
134.206429 110 4172
134.493580 110 4172
134.739556 110 4172
135.107602 110 4172
135.189546 110 4172
136.089478 110 4172
136.171506 110 4172
137.072495 110 4172
137.194729 110 4172
137.440563 110 4172
138.096519 110 4172
138.178559 110 4172
139.079403 110 4172
139.201500 110 4172
140.101536 110 4172
140.103452 110 4172
140.185510 110 4172
141.086390 110 4172
141.209502 110 4172
142.109476 110 4172
142.191443 110 4172
142.653580 60 60000
142.732508 302 4172
142.733261 318 4172
142.774625 110 4172
142.919089 158 4172
142.988117 60 60000
143.096585 110 4172
143.120326 1198 4172
143.120367 1198 4172
143.120399 1198 4172
143.120430 1198 4172
143.120462 750 4172
143.120491 1198 4172
143.120519 1198 4172
143.120547 1198 4172
143.120574 1198 4172
143.120602 622 4172
143.120631 1006 4172
143.120659 318 4172
143.120686 318 4172
143.120714 318 4172
143.120742 318 4172
143.120770 318 4172
143.120797 318 4172
143.120912 318 4172
143.120943 318 4172
143.120971 318 4172
143.120999 318 4172
143.121027 1198 4172
143.121058 158 4172
143.121086 1086 4172
143.121116 1198 4172
143.121141 190 4172
143.121182 1198 4172
143.121759 1198 4172
143.121787 1198 4172
143.121814 1198 4172
143.121841 1166 4172
143.121868 1198 4172
143.121896 1198 4172
143.121923 1198 4172
143.121948 1198 4172
143.121975 1198 4172
143.122001 142 4172
143.122787 158 4172
143.122824 1150 4172
143.123408 318 4172
143.124661 318 4172
143.124692 318 4172
143.125342 318 4172
143.126635 318 4172
143.126666 318 4172
143.127428 318 4172
143.128456 318 4172
143.128486 318 4172
143.129912 958 4172
143.137504 238 4172
143.144591 414 4172
143.164333 1198 4172
143.164366 1198 4172
143.164392 1198 4172
143.164419 1198 4172
143.164444 1198 4172
143.164471 1198 4172
143.164494 1198 4172
143.164523 1198 4172
143.164548 478 4172
143.164573 1198 4172
143.164600 1198 4172
143.164624 1198 4172
143.164648 574 4172
143.164673 654 4172
143.164698 302 4172
143.164724 302 4172
143.164749 302 4172
143.164774 302 4172
143.164799 302 4172
143.164827 302 4172
143.164850 302 4172
143.164875 302 4172
143.164900 302 4172
143.169482 302 4172
143.169536 142 4172
143.169584 462 4172
143.199061 110 4172
143.199351 1198 4172
143.199376 1198 4172
143.199402 1198 4172
143.199427 1198 4172
143.199452 1198 4172
143.199476 1198 4172
143.199505 1198 4172
143.199530 1198 4172
143.199554 462 4172
143.199616 1198 4172
143.199643 1198 4172
143.199669 478 4172
143.199694 206 4172
143.199718 334 4172
143.199747 334 4172
143.199770 334 4172
143.199794 334 4172
143.199819 334 4172
143.199843 334 4172
143.199872 334 4172
143.199896 334 4172
143.199919 334 4172
143.199943 334 4172
143.199967 766 4172
143.199993 462 4172
143.225370 1198 4172
143.225402 1198 4172
143.225433 1198 4172
143.225459 1198 4172
143.225484 1198 4172
143.225511 1198 4172
143.225546 1198 4172
143.225572 574 4172
143.225596 1198 4172
143.225621 270 4172
143.225658 638 4172
143.225680 350 4172
143.225706 350 4172
143.225730 350 4172
143.225755 350 4172
143.225780 350 4172
143.240514 350 4172
143.240612 350 4172
143.240646 350 4172
143.240681 350 4172
143.240716 350 4172
143.240752 894 4172
143.240789 462 4172
143.268916 1198 4172
143.268967 1198 4172
143.269005 1198 4172
143.269043 1198 4172
143.269085 1198 4172
143.269121 1198 4172
143.269157 1198 4172
143.269194 702 4172
143.269235 1134 4172
143.269271 782 4172
143.269315 382 4172
143.269350 382 4172
143.269387 382 4172
143.269429 382 4172
143.269460 382 4172
143.269495 382 4172
143.269539 382 4172
143.269579 382 4172
143.269619 382 4172
143.269654 382 4172
143.269690 1038 4172
143.269726 462 4172
143.287022 110 4172
143.287382 1198 4172
143.287414 1198 4172
143.287443 1198 4172
143.287474 1198 4172
143.287509 1198 4172
143.287537 1198 4172
143.287565 1198 4172
143.287640 222 4172
143.287681 814 4172
143.287716 910 4172
143.287747 398 4172
143.288337 398 4172
143.288381 398 4172
143.293621 398 4172
143.293657 398 4172
143.293687 398 4172
143.307330 398 4172
143.307382 398 4172
143.307412 398 4172
143.307487 398 4172
143.307522 1182 4172
143.307560 446 4172
143.319540 110 4172
143.320386 1198 4172
143.320426 1198 4172
143.320457 270 4172
143.320490 174 4172
143.320521 206 4172
143.320554 206 4172
143.320583 206 4172
143.320612 206 4172
143.320642 206 4172
143.320685 206 4172
143.320714 206 4172
143.320813 206 4172
143.320857 206 4172
143.320901 206 4172
143.328481 206 4172
143.328524 254 4172
143.328561 142 4172
143.369329 110 4172
143.392522 1198 4172
143.392552 1198 4172
143.392586 238 4172
143.393347 174 4172
143.393379 222 4172
143.394534 222 4172
143.394556 222 4172
143.394585 222 4172
143.395306 222 4172
143.395337 222 4172
143.396472 222 4172
143.396504 222 4172
143.396523 222 4172
143.397311 222 4172
143.397340 222 4172
143.400393 254 4172
143.402294 174 4172
143.404831 254 4172
143.410498 1198 4172
143.410517 1198 4172
143.410544 1198 4172
143.410570 1198 4172
143.410596 1198 4172
143.410624 1198 4172
143.410652 1198 4172
143.410678 1198 4172
143.410708 1198 4172
143.410735 1198 4172
143.410762 1198 4172
143.410788 1198 4172
143.410814 558 4172
143.456719 1198 4172
143.456735 1198 4172
143.456763 238 4172
143.456796 318 4172
143.457519 222 4172
143.457546 222 4172
143.458317 222 4172
143.458354 222 4172
143.459500 222 4172
143.459525 222 4172
143.459551 222 4172
143.460295 222 4172
143.460323 222 4172
143.464118 222 4172
143.464150 222 4172
143.464176 254 4172
143.465928 174 4172
143.468214 254 4172
143.468290 1198 4172
143.468333 1198 4172
143.468372 1198 4172
143.468398 1198 4172
143.509394 1198 4172
143.509477 1198 4172
143.509489 1198 4172
143.509517 1198 4172
143.509563 1198 4172
143.509590 1198 4172
143.509617 1198 4172
143.509642 1198 4172
143.509673 558 4172
143.509705 110 4172
143.522544 1198 4172
143.522547 1198 4172
143.522579 238 4172
143.522604 318 4172
143.523687 222 4172
143.523715 222 4172
143.523745 222 4172
143.524888 222 4172
143.524918 222 4172
143.525668 222 4172
143.525699 222 4172
143.525728 222 4172
143.526455 222 4172
143.526478 222 4172
143.529838 222 4172
143.529868 254 4172
143.532180 174 4172
143.534380 254 4172
143.550529 1198 4172
143.550533 1198 4172
143.550625 1198 4172
143.550627 1198 4172
143.550659 1198 4172
143.550695 1198 4172
143.550733 1198 4172
143.550772 1198 4172
143.550808 1198 4172
143.550844 1198 4172
143.550879 1198 4172
143.550914 1198 4172
143.550948 558 4172
143.568892 110 4172
143.591516 110 4172
143.623604 1198 4172
143.623608 1198 4172
143.623645 238 4172
143.624610 318 4172
143.624645 222 4172
143.625559 222 4172
143.625596 222 4172
143.627907 222 4172
143.627938 222 4172
143.628744 222 4172
143.628766 222 4172
143.628800 222 4172
143.628834 222 4172
143.629774 222 4172
143.629805 222 4172
143.632357 254 4172
143.635254 174 4172
143.637993 254 4172
143.668982 1198 4172
143.669040 1198 4172
143.669086 1198 4172
143.669122 1198 4172
143.669159 1198 4172
143.669194 1198 4172
143.669229 1198 4172
143.669263 1198 4172
143.669307 1198 4172
143.669344 1198 4172
143.669383 1198 4172
143.669415 1198 4172
143.669450 558 4172
143.673411 110 4172
143.691113 1198 4172
143.691210 1198 4172
143.691212 238 4172
143.691711 318 4172
143.691746 222 4172
143.692663 222 4172
143.692698 222 4172
143.693638 222 4172
143.693672 222 4172
143.694584 222 4172
143.694614 222 4172
143.695525 222 4172
143.695559 222 4172
143.696550 222 4172
143.696584 222 4172
143.699857 254 4172
143.701690 174 4172
143.704055 254 4172
143.714925 1198 4172
143.714929 1198 4172
143.714946 1198 4172
143.715016 1198 4172
143.715018 1198 4172
143.715041 1198 4172
143.715072 1198 4172
143.715102 1198 4172
143.715133 1198 4172
143.715314 1198 4172
143.715355 1198 4172
143.715381 1198 4172
143.715421 558 4172
143.790089 110 4172
143.790445 1198 4172
143.790476 1198 4172
143.790511 238 4172
143.791461 318 4172
143.791496 222 4172
143.792396 222 4172
143.792432 222 4172
143.793317 222 4172
143.793356 222 4172
143.794726 222 4172
143.794759 222 4172
143.794783 222 4172
143.795672 222 4172
143.795703 222 4172
143.797403 222 4172
143.797439 254 4172
143.801740 174 4172
143.804580 254 4172
143.837571 1198 4172
143.837574 1198 4172
143.837645 1198 4172
143.837647 1198 4172
143.837675 1198 4172
143.837713 1198 4172
143.837747 1198 4172
143.837782 1198 4172
143.837817 1198 4172
143.837851 1198 4172
143.837887 1198 4172
143.837923 1198 4172
143.837960 558 4172
143.838310 110 4172
143.857441 1198 4172
143.857477 1198 4172
143.857512 238 4172
143.858445 318 4172
143.858471 222 4172
143.859377 222 4172
143.859407 222 4172
143.860319 222 4172
143.860354 222 4172
143.861696 222 4172
143.861726 222 4172
143.861759 222 4172
143.862626 222 4172
143.862652 222 4172
143.863612 222 4172
143.863641 254 4172
143.864679 174 4172
143.867265 1198 4172
143.867299 1198 4172
143.867335 1198 4172
143.867368 1198 4172
143.867400 1198 4172
143.867439 1198 4172
143.867463 1198 4172
143.867494 174 4172
143.867539 1198 4172
143.868996 1198 4172
143.869032 1198 4172
143.869065 1198 4172
143.869097 1198 4172
143.869126 1198 4172
143.869155 1198 4172
143.869184 1198 4172
143.869212 1198 4172
143.869241 1198 4172
143.869278 1198 4172
143.869321 1198 4172
143.869355 558 4172
143.879472 110 4172
143.957855 1198 4172
143.957858 1198 4172
143.957887 238 4172
143.957954 318 4172
143.958734 222 4172
143.958760 222 4172
143.959641 222 4172
143.959675 222 4172
143.960570 222 4172
143.960603 222 4172
143.961296 222 4172
143.961331 222 4172
143.962910 222 4172
143.962938 222 4172
143.963535 222 4172
143.963568 254 4172
143.964663 174 4172
143.967383 1198 4172
143.967422 1198 4172
143.967459 1198 4172
143.967506 1198 4172
143.967549 1198 4172
143.967585 1198 4172
143.967620 1198 4172
143.967657 174 4172
143.969043 1198 4172
143.969076 1198 4172
143.969109 1198 4172
143.969140 1198 4172
143.969170 1198 4172
143.969200 1198 4172
143.969230 1198 4172
143.969267 1198 4172
143.969297 1198 4172
143.969327 1198 4172
143.969361 1198 4172
143.969389 1198 4172
143.969419 558 4172
144.002378 110 4172
144.084481 110 4172
144.125479 110 4172
144.125482 110 4172
144.125580 110 4172
144.207435 110 4172
144.371457 110 4172
144.658501 110 4172
144.904479 110 4172
145.109513 110 4172
145.191482 110 4172
145.191507 110 4172
145.437474 110 4172
145.724502 110 4172
145.969519 110 4172
146.092461 110 4172
146.174417 110 4172
146.256473 110 4172
146.502451 110 4172
147.075395 110 4172
147.198325 110 4172
148.100418 110 4172
148.182435 110 4172
149.060039 366 4172
149.061946 174 4172
149.063397 174 4172
149.064801 174 4172
149.066215 174 4172
149.067629 174 4172
149.068900 174 4172
149.070467 110 4172
149.070497 174 4172
149.071866 174 4172
149.073371 174 4172
149.074899 174 4172
149.076307 174 4172
149.077701 174 4172
149.079994 174 4172
149.081626 174 4172
149.083869 254 4172
149.084252 1198 4172
149.084291 1198 4172
149.084321 1198 4172
149.084350 1198 4172
149.084380 1198 4172
149.084415 1198 4172
149.084439 1198 4172
149.084468 1198 4172
149.084496 1198 4172
149.084525 1198 4172
149.084553 1198 4172
149.084584 1198 4172
149.084610 558 4172
149.166344 110 4172
149.207308 110 4172
149.289411 110 4172
149.453410 110 4172
149.699369 110 4172
150.109374 110 4172
150.191390 110 4172
151.093387 110 4172
151.175384 110 4172
152.077356 110 4172
152.200401 110 4172
152.405353 110 4172
153.102380 110 4172
153.184378 110 4172
154.086339 110 4172
154.209351 110 4172
155.069218 110 4172
155.069273 110 4172
155.192364 110 4172
156.094346 110 4172
156.176357 110 4172
157.078329 110 4172
157.201339 110 4172
157.734334 110 4172
158.103368 110 4172
158.185384 110 4172
159.087315 110 4172
159.169256 110 4172
160.071269 110 4172
160.194322 110 4172
160.440188 110 4172
161.096271 110 4172
161.178275 110 4172
162.080288 110 4172
162.203302 110 4172
163.067421 110 4172
163.111621 110 4172
163.201413 110 4172
163.308336 158 4172
163.588225 1198 4172
163.588252 1198 4172
163.588280 1198 4172
163.588308 1198 4172
163.588336 1198 4172
163.588363 1198 4172
163.588391 1198 4172
163.588423 814 4172
163.588492 1198 4172
163.588521 1198 4172
163.588550 1198 4172
163.588577 606 4172
163.589139 206 4172
163.589168 206 4172
163.590371 206 4172
163.590400 206 4172
163.591619 206 4172
163.591647 206 4172
163.592240 206 4172
163.593533 206 4172
163.593560 206 4172
163.596649 206 4172
163.605816 206 4172
163.614166 254 4172
163.614262 462 4172
163.622516 1198 4172
163.622544 1198 4172
163.622573 1198 4172
163.622602 1198 4172
163.622630 1198 4172
163.622662 1198 4172
163.622694 1198 4172
163.622721 1198 4172
163.622749 910 4172
163.622777 1198 4172
163.622804 1198 4172
163.622833 1054 4172
163.622862 206 4172
163.622890 206 4172
163.623242 206 4172
163.624471 206 4172
163.624503 206 4172
163.625121 206 4172
163.629399 206 4172
163.629439 206 4172
163.670730 206 4172
163.670824 206 4172
163.670868 206 4172
163.670899 254 4172
163.670930 430 4172
163.671088 1198 4172
163.671118 1198 4172
163.671148 1198 4172
163.671174 1198 4172
163.671201 1198 4172
163.671228 1198 4172
163.671256 1198 4172
163.671284 1198 4172
163.671310 1198 4172
163.671337 318 4172
163.671364 1198 4172
163.671392 878 4172
163.671420 206 4172
163.671444 206 4172
163.671471 206 4172
163.671497 206 4172
163.671523 206 4172
163.671549 206 4172
163.671575 206 4172
163.671602 206 4172
163.671628 206 4172
163.671654 206 4172
163.687535 206 4172
163.687652 254 4172
163.687655 462 4172
163.688279 1198 4172
163.688313 1198 4172
163.688343 1198 4172
163.688373 1198 4172
163.688402 1198 4172
163.688438 1198 4172
163.688465 1198 4172
163.688493 606 4172
163.688564 1102 4172
163.688596 206 4172
163.688623 206 4172
163.689107 206 4172
163.689136 206 4172
163.689163 206 4172
163.691557 206 4172
163.691595 206 4172
163.691622 206 4172
163.691648 206 4172
163.691674 206 4172
163.712316 206 4172
163.712349 238 4172
163.712412 462 4172
163.757998 1198 4172
163.758003 1198 4172
163.758057 270 4172
163.758103 318 4172
163.758156 158 4172
163.794306 174 4172
163.794319 174 4172
163.794373 174 4172
163.794414 174 4172
163.794451 174 4172
163.794487 174 4172
163.794522 174 4172
163.794557 174 4172
163.794595 174 4172
163.794631 174 4172
163.794668 174 4172
163.794701 158 4172
163.876290 110 4172
164.081189 110 4172
164.163335 110 4172
164.204322 110 4172
164.409301 110 4172
164.696281 110 4172
164.942276 110 4172
165.106267 110 4172
165.188262 110 4172
165.229305 110 4172
165.475275 110 4172
166.090478 110 4172
166.172272 110 4172
167.073208 110 4172
167.196254 110 4172
168.098258 110 4172
168.139262 110 4172
168.180242 110 4172
169.081183 110 4172
169.204132 110 4172
170.106223 110 4172
170.188190 110 4172
170.802281 110 4172
171.088112 110 4172
171.170153 110 4172
172.071141 110 4172
172.194153 110 4172
173.077722 110 4172
173.099284 126 4172
173.178712 110 4172
173.184076 126 4172
173.253098 158 4172
173.254194 1198 4172
173.254234 1198 4172
173.254261 1198 4172
173.254286 574 4172
173.254312 1198 4172
173.254337 1198 4172
173.254368 1198 4172
173.254394 1198 4172
173.254420 1198 4172
173.254467 1198 4172
173.254489 1198 4172
173.254514 1198 4172
173.254541 1198 4172
173.254567 270 4172
173.255297 1198 4172
173.255330 1198 4172
173.255357 1198 4172
173.255383 1198 4172
173.255409 1198 4172
173.255434 1198 4172
173.255461 1198 4172
173.255486 1198 4172
173.255512 1198 4172
173.255540 1198 4172
173.255566 1198 4172
173.255591 1198 4172
173.255616 1198 4172
173.255644 702 4172
173.255671 1198 4172
173.255771 1198 4172
173.255801 1198 4172
173.255828 1198 4172
173.255854 1198 4172
173.255881 1198 4172
173.255906 1198 4172
173.255932 1198 4172
173.255959 1198 4172
173.255991 1198 4172
173.256016 1198 4172
173.256042 1198 4172
173.256067 1198 4172
173.256093 1198 4172
173.256120 270 4172
173.256157 1198 4172
173.257029 1198 4172
173.257061 1198 4172
173.257087 1198 4172
173.257114 1198 4172
173.257140 1198 4172
173.257165 1198 4172
173.257192 1182 4172
173.257219 1198 4172
173.257246 1198 4172
173.257271 1198 4172
173.257297 1198 4172
173.257321 1198 4172
173.257346 206 4172
173.257374 1198 4172
173.257400 1198 4172
173.257425 1198 4172
173.257455 1198 4172
173.257512 1198 4172
173.257550 1198 4172
173.257584 1198 4172
173.257611 158 4172
173.257639 1198 4172
173.257665 1198 4172
173.257691 1198 4172
173.257716 1198 4172
173.257744 1198 4172
173.257769 1198 4172
173.257794 574 4172
173.266975 670 4172
173.267036 1198 4172
173.267069 430 4172
173.358463 1198 4172
173.359257 1198 4172
173.359311 1198 4172
173.359353 1198 4172
173.359396 1006 4172
173.359448 1198 4172
173.359493 1198 4172
173.359532 1198 4172
173.359571 1198 4172
173.359611 1198 4172
173.359836 1198 4172
173.359957 1198 4172
173.360089 1198 4172
173.360198 990 4172
173.360406 1198 4172
173.360441 1198 4172
173.360533 1198 4172
173.361010 1198 4172
173.361040 1198 4172
173.361074 1198 4172
173.361101 1198 4172
173.361126 1198 4172
173.361151 1198 4172
173.361179 1198 4172
173.361206 1198 4172
173.361231 126 4172
173.361256 1198 4172
173.361280 1198 4172
173.361305 1198 4172
173.361329 1198 4172
173.361355 1198 4172
173.361379 1198 4172
173.361426 1198 4172
173.362033 1198 4172
173.362106 1198 4172
173.362144 1198 4172
173.362167 1198 4172
173.362206 1198 4172
173.362267 526 4172
173.362298 1198 4172
173.362327 1198 4172
173.362357 1198 4172
173.362387 1198 4172
173.362419 1198 4172
173.362449 1198 4172
173.362493 1102 4172
173.362527 1198 4172
173.362560 1198 4172
173.362593 1198 4172
173.362627 1198 4172
173.362660 814 4172
173.362693 1198 4172
173.362734 1198 4172
173.362800 1198 4172
173.363022 1198 4172
173.363059 1198 4172
173.363093 1198 4172
173.363121 1198 4172
173.363151 142 4172
173.383998 1198 4172
173.384020 1198 4172
173.384058 1198 4172
173.384106 1198 4172
173.384139 1198 4172
173.384169 1198 4172
173.384199 590 4172
173.384228 142 4172
173.384258 1198 4172
173.384287 366 4172
173.384449 1198 4172
173.385015 1198 4172
173.385048 1198 4172
173.385080 1198 4172
173.385109 1102 4172
173.385138 1198 4172
173.385166 1198 4172
173.385194 1198 4172
173.385229 1198 4172
173.385252 1198 4172
173.385280 1198 4172
173.385308 1198 4172
173.385336 1198 4172
173.385364 254 4172
173.385545 1198 4172
173.385577 1198 4172
173.387855 1198 4172
173.387901 1198 4172
173.387934 1198 4172
173.387965 1198 4172
173.388031 1198 4172
173.388060 1198 4172
173.388088 1198 4172
173.388115 1198 4172
173.388141 1198 4172
173.388167 318 4172
173.388197 1198 4172
173.388229 1198 4172
173.388265 1198 4172
173.388289 1198 4172
173.388318 1198 4172
173.388347 1198 4172
173.388379 1198 4172
173.388409 1198 4172
173.388456 1198 4172
173.388478 1198 4172
173.388507 1198 4172
173.388538 1198 4172
173.388567 414 4172
173.388597 1198 4172
173.388626 1198 4172
173.388656 1198 4172
173.388685 1198 4172
173.388720 1198 4172
173.388750 1198 4172
173.388779 1198 4172
173.388808 158 4172
173.388851 1198 4172
173.388996 1198 4172
173.389029 1198 4172
173.389053 1198 4172
173.389092 830 4172
173.389117 1198 4172
173.389141 1198 4172
173.389170 1198 4172
173.389193 1198 4172
173.389217 1198 4172
173.389241 1198 4172
173.389264 1198 4172
173.389288 350 4172
173.389313 1198 4172
173.389339 1198 4172
173.389791 1198 4172
173.389826 1198 4172
173.389895 1198 4172
173.392025 1198 4172
173.392058 1198 4172
173.392089 158 4172
173.433052 1198 4172
173.433083 1198 4172
173.433114 1198 4172
173.433142 1198 4172
173.433170 1198 4172
173.433198 702 4172
173.433226 1198 4172
173.433254 1198 4172
173.433281 1198 4172
173.433311 1198 4172
173.433339 1198 4172
173.433366 1198 4172
173.433392 1198 4172
173.433419 1198 4172
173.433445 1198 4172
173.433472 254 4172
173.433499 1198 4172
173.433526 1198 4172
173.433552 1198 4172
173.433578 1198 4172
173.433604 1198 4172
173.433637 1198 4172
173.433659 1198 4172
173.433684 1198 4172
173.433710 1198 4172
173.433737 1198 4172
173.433764 1198 4172
173.433790 1198 4172
173.433817 110 4172
173.433844 1198 4172
173.433870 1198 4172
173.433897 1198 4172
173.433924 1198 4172
173.433950 1198 4172
173.433979 1198 4172
173.434026 1198 4172
173.434052 1198 4172
173.434077 1198 4172
173.434102 1198 4172
173.434146 1198 4172
173.434177 1198 4172
173.434205 1198 4172
173.434235 238 4172
173.434262 1198 4172
173.434287 1198 4172
173.434312 1198 4172
173.434337 1198 4172
173.434362 1198 4172
173.434389 1198 4172
173.434417 1198 4172
173.434447 718 4172
173.434477 1198 4172
173.434502 1198 4172
173.434535 1198 4172
173.434568 1198 4172
173.434601 1198 4172
173.434663 206 4172
173.434695 1198 4172
173.434725 1198 4172
173.434750 1198 4172
173.434780 1198 4172
173.434805 1198 4172
173.434829 1198 4172
173.434856 1198 4172
173.434879 606 4172
173.434903 1198 4172
173.434928 1198 4172
173.434952 1198 4172
173.434977 1198 4172
173.435005 1198 4172
173.435029 1198 4172
173.435054 1166 4172
173.452616 1198 4172
173.452633 1198 4172
173.452662 1198 4172
173.452687 990 4172
173.452714 110 4172
173.452740 1198 4172
173.452766 1198 4172
173.452791 1198 4172
173.452817 1198 4172
173.452844 206 4172
173.452994 1198 4172
173.454138 1198 4172
173.454170 1198 4172
173.454201 1198 4172
173.454230 1150 4172
173.454260 1198 4172
173.454289 1198 4172
173.454322 1198 4172
173.454351 1198 4172
173.454379 1198 4172
173.454407 1198 4172
173.454434 238 4172
173.454463 1198 4172
173.454492 1198 4172
173.454520 1198 4172
173.454548 574 4172
173.454576 1198 4172
173.454634 1198 4172
173.454681 686 4172
173.476137 1198 4172
173.476159 1198 4172
173.476191 1198 4172
173.476211 622 4172
173.476236 1198 4172
173.476261 1198 4172
173.476292 1198 4172
173.476318 1198 4172
173.476342 974 4172
173.517063 350 4172
173.558294 398 4172
173.559117 158 4172
173.559165 1198 4172
173.559194 1198 4172
173.559222 1102 4172
173.559252 766 4172
173.559294 894 4172
173.559317 766 4172
173.559344 766 4172
173.559371 766 4172
173.559400 766 4172
173.559427 1198 4172
173.559457 1198 4172
173.559486 910 4172
173.601770 1198 4172
173.601827 1198 4172
173.601861 862 4172
173.601885 1198 4172
173.601910 1198 4172
173.601944 1198 4172
173.601977 1198 4172
173.602004 942 4172
173.602029 1198 4172
173.602056 1198 4172
173.602101 1198 4172
173.602134 1198 4172
173.602159 1198 4172
173.602184 1198 4172
173.602209 1198 4172
173.602234 1198 4172
173.602261 590 4172
173.602288 1198 4172
173.602317 1198 4172
173.602361 1198 4172
173.602386 1198 4172
173.602411 1198 4172
173.602435 1198 4172
173.602463 1198 4172
173.602489 1198 4172
173.602513 1198 4172
173.602539 1198 4172
173.602579 1198 4172
173.602605 1198 4172
173.602630 302 4172
173.602660 1198 4172
173.602686 1198 4172
173.602729 1198 4172
173.602754 1198 4172
173.602779 1198 4172
173.602805 1198 4172
173.602830 1198 4172
173.602875 1198 4172
173.602901 1198 4172
173.602925 1198 4172
173.602949 1198 4172
173.602983 1198 4172
173.603048 174 4172
173.603083 1198 4172
173.603115 1198 4172
173.603146 1198 4172
173.603172 1198 4172
173.603199 1198 4172
173.603227 1198 4172
173.603252 1198 4172
173.603278 318 4172
173.603304 1198 4172
173.603332 1198 4172
173.603358 1198 4172
173.603385 1198 4172
173.603412 1198 4172
173.603440 1198 4172
173.603465 446 4172
173.603496 1198 4172
173.603524 1198 4172
173.603552 1198 4172
173.603580 1198 4172
173.603607 1198 4172
173.603635 1198 4172
173.603662 1134 4172
173.603690 1198 4172
173.603717 1198 4172
173.603743 1198 4172
173.603769 1198 4172
173.603797 1198 4172
173.603824 1198 4172
173.603852 574 4172
173.625034 1198 4172
173.625131 1198 4172
173.625152 1198 4172
173.625181 1198 4172
173.625209 974 4172
173.625239 1198 4172
173.625267 1198 4172
173.625293 670 4172
173.625320 1198 4172
173.625348 1198 4172
173.625374 1198 4172
173.625402 1198 4172
173.625435 1198 4172
173.625459 1198 4172
173.625485 334 4172
173.625511 1198 4172
173.625536 1198 4172
173.625561 1198 4172
173.625589 1198 4172
173.625617 1198 4172
173.625645 1198 4172
173.625673 1198 4172
173.625698 1198 4172
173.625726 718 4172
173.625753 1198 4172
173.625784 1198 4172
173.625811 1198 4172
173.625839 1198 4172
173.625865 1198 4172
173.625892 1198 4172
173.625918 1198 4172
173.625946 1086 4172
173.625978 1198 4172
173.632898 1198 4172
173.632993 1198 4172
173.633023 1198 4172
173.633050 1198 4172
173.633078 910 4172
173.633103 1198 4172
173.633129 1198 4172
173.633153 1198 4172
173.633178 1198 4172
173.633203 1198 4172
173.657626 1198 4172
173.657665 718 4172
173.657695 1198 4172
173.657725 1198 4172
173.657753 1198 4172
173.657781 1198 4172
173.657810 366 4172
173.657835 1198 4172
173.657863 1198 4172
173.657895 1198 4172
173.657916 1198 4172
173.657944 766 4172
173.657972 654 4172
173.660445 1198 4172
173.660497 766 4172
173.660541 1198 4172
173.662258 1198 4172
173.662278 1198 4172
173.662311 1198 4172
173.662355 1198 4172
173.662484 1198 4172
173.662513 926 4172
173.662539 1198 4172
173.662566 1198 4172
173.662607 318 4172
173.662633 1198 4172
173.662659 1198 4172
173.662685 1198 4172
173.662708 1198 4172
173.662738 974 4172
173.662759 1198 4172
173.662784 1198 4172
173.662811 1198 4172
173.662836 1198 4172
173.662860 1198 4172
173.662890 1198 4172
173.662916 910 4172
173.662941 1198 4172
173.662966 1198 4172
173.662995 1198 4172
173.663024 1198 4172
173.663048 1198 4172
173.663072 1198 4172
173.663096 222 4172
173.663121 1198 4172
173.663147 1198 4172
173.663172 1198 4172
173.663197 1198 4172
173.663222 1022 4172
173.663247 1198 4172
173.663273 1198 4172
173.663297 1198 4172
173.663321 1198 4172
173.663346 1198 4172
173.663369 862 4172
173.663395 1198 4172
173.663420 1198 4172
173.663447 1070 4172
173.663475 1198 4172
173.663499 1198 4172
173.663524 1198 4172
173.663547 574 4172
173.663572 590 4172
173.663596 1198 4172
173.663621 974 4172
173.686302 158 4172
173.686331 1198 4172
173.686391 1198 4172
173.686416 1198 4172
173.686450 1198 4172
173.686470 1198 4172
173.686497 1102 4172
173.690610 1198 4172
173.690680 1198 4172
173.696659 238 4172
173.696694 1198 4172
173.696725 1198 4172
173.696755 1198 4172
173.696783 1198 4172
173.696812 686 4172
173.696854 1198 4172
173.696985 1198 4172
173.697012 1198 4172
173.697040 1198 4172
173.697067 1198 4172
173.697092 958 4172
173.697120 1198 4172
173.697148 1198 4172
173.697174 1198 4172
173.697202 1198 4172
173.697229 1198 4172
173.697259 510 4172
173.697282 1198 4172
173.697308 1198 4172
173.697334 1198 4172
173.697364 1198 4172
173.706728 318 4172
173.706810 1198 4172
173.712575 1198 4172
173.712623 1198 4172
173.712650 1198 4172
173.712676 1198 4172
173.712708 670 4172
173.712730 1198 4172
173.712757 1198 4172
173.712783 750 4172
173.712811 1198 4172
173.712836 1198 4172
173.712861 846 4172
173.712887 942 4172
173.712913 1198 4172
173.712942 606 4172
173.723411 110 4172
173.733049 1198 4172
173.733084 1198 4172
173.733112 1198 4172
173.733137 1198 4172
173.733163 1198 4172
173.733188 350 4172
173.733215 1198 4172
173.733244 846 4172
173.733269 1198 4172
173.733295 1198 4172
173.733320 814 4172
173.733345 1198 4172
173.733370 1198 4172
173.733399 1198 4172
173.733423 350 4172
173.733452 1198 4172
173.733474 1198 4172
173.733500 1150 4172
173.733524 1198 4172
173.733555 1198 4172
173.733581 750 4172
173.733606 1198 4172
173.733631 1198 4172
173.733657 1182 4172
173.733682 1198 4172
173.733707 654 4172
173.733734 1198 4172
173.733758 366 4172
173.733783 574 4172
173.733808 1198 4172
173.733833 302 4172
173.775758 1198 4172
173.775794 1198 4172
173.775843 1198 4172
173.775868 1198 4172
173.775895 1198 4172
173.775922 270 4172
173.775955 1198 4172
173.775990 254 4172
173.776045 1198 4172
173.776074 190 4172
173.776109 1198 4172
173.776136 190 4172
173.776162 1198 4172
173.776187 190 4172
173.776213 1198 4172
173.776238 190 4172
173.776264 1198 4172
173.776290 1198 4172
173.776320 334 4172
173.776350 926 4172
173.776377 174 4172
173.776403 430 4172
173.776433 1102 4172
173.787876 1198 4172
173.787903 1198 4172
173.787934 1198 4172
173.787962 1198 4172
173.787995 1198 4172
173.788023 254 4172
173.788052 1198 4172
173.788079 126 4172
173.788107 1134 4172
173.788144 1134 4172
173.821433 1134 4172
173.821467 1134 4172
173.821493 1198 4172
173.821518 1198 4172
173.821545 1198 4172
173.821569 446 4172
173.821601 878 4172
173.821621 414 4172
173.821647 958 4172
173.831771 1198 4172
173.831811 1198 4172
173.831838 1198 4172
173.831865 1198 4172
173.831891 1166 4172
173.831921 1118 4172
173.831953 1102 4172
173.831985 1102 4172
173.832012 1102 4172
173.832038 1102 4172
173.832064 1198 4172
173.832089 1198 4172
173.832115 1198 4172
173.832142 1118 4172
173.832168 1182 4172
173.832193 350 4172
173.832221 974 4172
173.873100 1198 4172
173.873194 1198 4172
173.873221 798 4172
173.873268 990 4172
173.873310 990 4172
173.873338 990 4172
173.873365 990 4172
173.873392 990 4172
173.873424 1198 4172
173.873469 1198 4172
173.873497 1198 4172
173.873524 1198 4172
173.873551 126 4172
173.873579 942 4172
173.873606 430 4172
173.873639 1038 4172
173.914260 398 4172
173.914321 1006 4172
173.929814 174 4172
173.932284 174 4172
173.933020 174 4172
173.934467 1198 4172
173.934517 1198 4172
173.934527 1198 4172
173.934557 1006 4172
173.934583 1006 4172
173.935403 1006 4172
173.935432 1006 4172
173.936377 1006 4172
173.936407 1198 4172
173.936435 1198 4172
173.936473 1198 4172
173.936498 1198 4172
173.936527 142 4172
173.939681 974 4172
173.939712 174 4172
173.941929 174 4172
173.944053 174 4172
173.945806 174 4172
173.948378 542 4172
173.955157 1198 4172
173.955241 1198 4172
173.955287 1198 4172
173.955338 1198 4172
173.955374 1198 4172
173.955408 1198 4172
173.955440 1198 4172
173.955473 1198 4172
173.955505 1198 4172
173.955544 1198 4172
173.955569 1198 4172
173.955601 1198 4172
173.955633 1118 4172
173.986062 110 4172
173.986278 446 4172
173.996126 1054 4172
174.078169 110 4172
174.201188 110 4172
174.283068 110 4172
174.447103 382 4172
174.484461 302 4172
174.484522 1198 4172
174.488033 542 4172
174.529097 110 4172
174.570221 190 4172
174.654190 782 4172
174.654260 1198 4172
174.654308 1198 4172
174.654354 1198 4172
174.654397 846 4172
174.655051 1198 4172
174.655107 1198 4172
174.655150 542 4172
174.655192 1198 4172
174.655238 1198 4172
174.655275 894 4172
174.693205 1198 4172
174.693216 1198 4172
174.693301 1038 4172
174.734180 958 4172
174.816092 110 4172
