0.117898 1198 4172
0.117939 1198 4172
0.117987 1198 4172
0.118027 366 4172
0.118073 622 4172
0.205946 110 4172
0.469816 110 4172
0.601870 1198 4172
0.601931 1198 4172
0.601966 1054 4172
0.602000 1134 4172
0.602030 1102 4172
0.602060 1198 4172
0.602090 190 4172
0.602120 1198 4172
0.602148 142 4172
0.602180 1198 4172
0.602207 206 4172
0.602238 1198 4172
0.602276 382 4172
0.602307 1198 4172
0.602338 1198 4172
0.602372 270 4172
0.621916 1198 4172
0.621974 1198 4172
0.622006 1198 4172
0.622035 1198 4172
0.622070 1198 4172
0.622097 1198 4172
0.622127 1198 4172
0.622156 1198 4172
0.622186 558 4172
0.622220 1198 4172
0.622246 1198 4172
0.622274 1198 4172
0.622299 1198 4172
0.622327 1198 4172
0.622353 1198 4172
0.622380 1198 4172
0.622406 1198 4172
0.622432 1198 4172
0.622459 1198 4172
0.622485 1198 4172
0.622512 1198 4172
0.622537 1198 4172
0.622564 1198 4172
0.622591 1198 4172
0.622617 1198 4172
0.629837 1198 4172
0.629871 334 4172
0.629906 1198 4172
0.629938 1198 4172
0.629970 1198 4172
0.630005 1198 4172
0.630042 1198 4172
0.630072 1198 4172
0.630104 1198 4172
0.630141 1198 4172
0.630175 1198 4172
0.637972 1198 4172
0.638010 1198 4172
0.638044 1198 4172
0.638078 1198 4172
0.638109 1198 4172
0.638146 766 4172
0.638180 1198 4172
0.638213 1198 4172
0.638244 1198 4172
0.645841 1198 4172
0.645893 1198 4172
0.645942 1198 4172
0.645995 1198 4172
0.653895 1198 4172
0.653934 1198 4172
0.653970 1198 4172
0.654003 1198 4172
0.654035 1198 4172
0.661721 1198 4172
0.661764 1198 4172
0.661800 1198 4172
0.661833 1198 4172
0.661865 1198 4172
0.669971 1198 4172
0.670030 1198 4172
0.670073 1198 4172
0.670114 1198 4172
0.670154 1198 4172
0.678642 1198 4172
0.678691 1198 4172
0.678734 1198 4172
0.678777 1198 4172
0.685888 1198 4172
0.685933 1198 4172
0.685968 1198 4172
0.686003 1198 4172
0.686038 1198 4172
0.689800 1198 4172
0.689847 1198 4172
0.689892 1198 4172
0.689931 1198 4172
0.689974 1198 4172
0.701883 126 4172
0.701936 1198 4172
0.701980 1198 4172
0.702026 1198 4172
0.702064 1198 4172
0.709832 766 4172
0.709877 1198 4172
0.709921 1198 4172
0.709960 1198 4172
0.710003 1198 4172
0.717809 1198 4172
0.717843 1198 4172
0.717890 1198 4172
0.717929 1198 4172
0.717969 1198 4172
0.725871 1198 4172
0.725909 1198 4172
0.725942 1198 4172
0.725977 1198 4172
0.726010 1198 4172
0.733855 1198 4172
0.733891 1198 4172
0.733924 1198 4172
0.733954 1198 4172
0.733985 1198 4172
0.741777 1198 4172
0.741827 1198 4172
0.741868 1198 4172
0.741906 1198 4172
0.749789 1198 4172
0.749823 1198 4172
0.749855 1198 4172
0.749886 590 4172
0.749918 1198 4172
0.749948 1198 4172
0.757827 1198 4172
0.757867 1198 4172
0.757903 1198 4172
0.757939 1198 4172
0.765805 1198 4172
0.765831 1054 4172
0.765883 1198 4172
0.765918 1198 4172
0.765960 1198 4172
0.773882 1198 4172
0.773920 1198 4172
0.773955 1198 4172
0.773991 110 4172
0.774020 158 4172
0.774054 174 4172
0.774083 158 4172
0.774113 1198 4172
0.780131 1198 4172
0.780203 1038 4172
0.780241 158 4172
0.780282 158 4172
0.780314 158 4172
0.780347 158 4172
0.780377 1198 4172
0.780407 1198 4172
0.780443 1198 4172
0.780474 1198 4172
0.821825 1198 4172
0.821910 446 4172
0.821942 158 4172
0.821977 158 4172
0.822013 158 4172
0.822049 910 4172
0.822085 158 4172
0.910157 110 4172
0.997762 110 4172
1.261709 110 4172
1.389803 718 4172
1.389847 142 4172
1.433833 1198 4172
1.433918 1198 4172
1.433956 1198 4172
1.433998 1198 4172
1.521777 1198 4172
1.539664 110 4172
1.565853 142 4172
1.565940 1038 4172
1.609798 1198 4172
1.741715 1198 4172
1.741760 1198 4172
1.741800 414 4172
1.758429 1198 4172
1.758464 1198 4172
1.758500 1198 4172
1.758536 1198 4172
1.758588 382 4172
1.771708 1086 4172
1.785799 142 4172
1.829924 110 4172
1.917838 110 4172
2.005759 110 4172
2.093731 110 4172
2.313881 110 4172
2.401732 174 4172
2.401843 142 4172
2.621729 110 4172
2.797719 142 4172
2.867700 110 4172
2.876478 174 4172
2.876513 142 4172
2.885647 110 4172
3.017898 142 4172
3.017981 110 4172
3.105827 110 4172
3.149721 110 4172
3.193714 110 4172
3.413803 110 4172
3.677799 110 4172
3.897813 110 4172
3.985684 110 4172
4.421683 142 4172
4.421826 142 4172
4.637723 142 4172
4.637811 142 4172
4.901667 110 4172
4.989699 110 4172
5.429670 142 4172
5.429710 142 4172
5.645788 142 4172
5.645886 142 4172
5.909680 110 4172
5.997756 110 4172
6.393801 110 4172
6.481701 142 4172
6.657827 142 4172
6.877710 110 4172
7.009713 110 4172
7.265738 142 4172
7.441724 142 4172
7.877719 142 4172
7.877806 142 4172
7.877842 110 4172
8.005645 110 4172
8.093763 142 4172
8.093887 142 4172
8.485615 142 4172
8.485666 142 4172
8.697671 142 4172
8.697836 142 4172
8.913819 110 4172
8.997781 110 4172
9.041643 110 4172
9.517875 142 4172
9.518026 142 4172
9.689739 142 4172
9.689858 142 4172
9.909631 110 4172
9.997728 110 4172
10.301793 142 4172
10.301886 142 4172
10.517638 142 4172
10.517804 142 4172
10.907775 110 4172
10.909584 142 4172
10.909661 142 4172
10.997783 110 4172
11.125729 142 4172
11.125812 142 4172
11.517731 142 4172
11.517902 142 4172
11.707473 110 4172
11.733731 142 4172
11.733797 142 4172
11.909640 110 4172
11.997570 110 4172
12.341758 142 4172
12.341785 142 4172
12.557713 142 4172
12.557838 142 4172
12.906249 110 4172
12.949619 142 4172
12.949663 142 4172
12.993536 110 4172
13.165760 142 4172
13.165945 142 4172
13.553700 142 4172
13.553730 142 4172
13.765614 142 4172
13.765704 142 4172
13.897612 110 4172
13.985538 110 4172
14.357730 142 4172
14.357780 142 4172
14.377642 110 4172
14.597643 142 4172
14.597691 142 4172
14.901654 110 4172
14.989654 142 4172
14.989705 110 4172
15.205555 142 4172
15.593614 142 4172
15.681588 142 4172
15.813640 142 4172
15.813697 142 4172
15.901631 110 4172
15.989596 142 4172
15.989689 110 4172
16.381556 142 4172
16.381602 142 4172
16.641616 142 4172
16.641651 142 4172
16.905646 110 4172
16.993626 110 4172
17.037662 110 4172
17.429637 142 4172
17.429676 142 4172
17.645627 142 4172
17.645715 142 4172
17.905702 110 4172
17.994113 110 4172
18.425680 142 4172
18.425860 142 4172
18.645625 142 4172
18.645654 142 4172
18.909454 110 4172
18.997614 110 4172
19.473498 142 4172
19.473564 142 4172
19.649546 142 4172
19.649609 142 4172
19.733617 110 4172
19.909458 110 4172
19.997584 110 4172
20.469630 142 4172
20.469743 142 4172
20.565644 60 60000
20.645512 142 4172
20.645586 142 4172
20.737723 174 4172
20.737774 158 4172
20.737817 158 4172
20.737863 158 4172
20.737895 158 4172
20.737932 158 4172
20.737967 158 4172
20.738003 158 4172
20.742050 126 4172
20.787238 126 4172
20.820976 1198 4172
20.821026 1198 4172
20.821066 1198 4172
20.821103 1198 4172
20.821143 1198 4172
20.821179 1198 4172
20.821214 1198 4172
20.821248 1198 4172
20.821283 1198 4172
20.821320 1198 4172
20.821360 542 4172
20.821445 1198 4172
20.833631 1198 4172
20.833686 1198 4172
20.833729 1198 4172
20.833775 1198 4172
20.833809 1198 4172
20.833846 1198 4172
20.833882 1198 4172
20.833921 1198 4172
20.833962 1134 4172
20.833999 1198 4172
20.834035 1198 4172
20.834071 1198 4172
20.834107 1198 4172
20.834148 1198 4172
20.834183 1198 4172
20.834218 1198 4172
20.834256 1198 4172
20.834291 1198 4172
20.834330 1198 4172
20.834367 686 4172
20.841200 1198 4172
20.841256 1198 4172
20.841301 1198 4172
20.841352 1198 4172
20.841443 1198 4172
20.841486 1198 4172
20.841528 1198 4172
20.841567 1198 4172
20.841606 1198 4172
20.841644 1198 4172
20.841681 494 4172
20.841738 1198 4172
20.852350 1198 4172
20.852428 1198 4172
20.852467 1198 4172
20.852515 1198 4172
20.852542 1198 4172
20.852580 1198 4172
20.852615 1198 4172
20.852652 1198 4172
20.852688 1198 4172
20.852723 1198 4172
20.852760 942 4172
20.860442 1198 4172
20.860490 1198 4172
20.860532 1198 4172
20.860577 1198 4172
20.860612 1198 4172
20.860648 1198 4172
20.860687 1198 4172
20.865540 1198 4172
20.865595 1198 4172
20.865646 1198 4172
20.865699 1198 4172
20.887871 1198 4172
20.887925 1198 4172
20.887965 1198 4172
20.897205 1198 4172
20.901247 1198 4172
20.901329 1198 4172
20.901492 846 4172
20.901529 1198 4172
20.901562 1198 4172
20.901592 1198 4172
20.901623 110 4172
20.901663 1198 4172
20.901686 1198 4172
20.901735 1198 4172
20.908629 126 4172
20.908665 1198 4172
20.908704 1198 4172
20.908751 574 4172
20.908777 1198 4172
20.908811 1198 4172
20.908844 1198 4172
20.908877 1198 4172
20.908916 1198 4172
20.908951 1198 4172
20.914224 606 4172
20.914299 1198 4172
20.915977 1198 4172
20.916020 1198 4172
20.916059 1198 4172
20.929406 1198 4172
20.929577 398 4172
20.935746 1198 4172
20.936334 1198 4172
20.936758 1198 4172
20.937244 1198 4172
20.945269 1198 4172
20.946077 1198 4172
20.952359 1198 4172
20.952393 1198 4172
20.952431 1198 4172
20.952459 1198 4172
20.952488 1198 4172
20.952529 1198 4172
20.952638 526 4172
20.952670 1198 4172
20.952707 1198 4172
20.952736 1198 4172
20.952778 1198 4172
20.952812 1198 4172
20.952840 1198 4172
20.952882 1198 4172
20.952903 1198 4172
20.952931 1198 4172
20.952969 1198 4172
20.961647 1198 4172
20.961676 558 4172
20.961717 1198 4172
20.961753 1198 4172
20.961810 1198 4172
20.961839 1198 4172
20.971018 1198 4172
20.971238 1198 4172
20.971279 1198 4172
20.971312 1198 4172
20.971668 1198 4172
20.977827 990 4172
20.977869 1198 4172
20.977903 1198 4172
20.977933 1198 4172
20.977966 1198 4172
20.990552 1198 4172
20.991272 110 4172
20.991313 1198 4172
20.991352 1198 4172
20.993511 126 4172
20.993551 1198 4172
20.993588 1198 4172
20.993624 1198 4172
20.993659 1198 4172
20.993698 1198 4172
21.002357 1198 4172
21.002425 1198 4172
21.002456 1022 4172
21.002500 1198 4172
21.009551 1198 4172
21.009587 1198 4172
21.009734 1198 4172
21.027489 1198 4172
21.027544 1198 4172
21.027578 1198 4172
21.027607 1198 4172
21.031494 1198 4172
21.031530 366 4172
21.031562 1198 4172
21.031605 1198 4172
21.031660 1198 4172
21.031684 1198 4172
21.031711 1198 4172
21.031744 1198 4172
21.031771 718 4172
21.031798 270 4172
21.031909 206 4172
21.041983 1198 4172
21.042215 1198 4172
21.042285 206 4172
21.047940 110 4172
21.047975 1198 4172
21.048006 1198 4172
21.048035 206 4172
21.048148 206 4172
21.048180 206 4172
21.048205 206 4172
21.048233 206 4172
21.048261 238 4172
21.048355 206 4172
21.058272 206 4172
21.058884 206 4172
21.061498 206 4172
21.074209 206 4172
21.074252 206 4172
21.074291 206 4172
21.074380 1198 4172
21.074420 862 4172
21.074454 974 4172
21.078563 222 4172
21.078618 190 4172
21.078653 190 4172
21.078689 190 4172
21.078727 190 4172
21.078762 190 4172
21.090663 110 4172
21.090720 190 4172
21.090721 190 4172
21.090752 190 4172
21.093643 1198 4172
21.093674 190 4172
21.093701 190 4172
21.093733 190 4172
21.093763 190 4172
21.093793 190 4172
21.093824 190 4172
21.105061 1198 4172
21.106083 1198 4172
21.106147 1150 4172
21.106188 222 4172
21.106240 190 4172
21.106274 190 4172
21.122192 190 4172
21.122257 190 4172
21.122335 190 4172
21.122374 190 4172
21.122409 190 4172
21.122443 190 4172
21.122484 190 4172
21.122513 190 4172
21.122547 190 4172
21.127123 190 4172
21.127175 1198 4172
21.127483 1198 4172
21.127618 1198 4172
21.127668 878 4172
21.127885 238 4172
21.127917 222 4172
21.127945 190 4172
21.127972 190 4172
21.127999 190 4172
21.128026 190 4172
21.128058 190 4172
21.128086 190 4172
21.128113 190 4172
21.130412 190 4172
21.130443 190 4172
21.130477 190 4172
21.130507 190 4172
21.130553 190 4172
21.130573 190 4172
21.130622 190 4172
21.130662 190 4172
21.138462 1198 4172
21.138488 1198 4172
21.138526 1198 4172
21.138560 1198 4172
21.138626 126 4172
21.138757 190 4172
21.141474 222 4172
21.141505 190 4172
21.141542 190 4172
21.141578 190 4172
21.141612 190 4172
21.141649 190 4172
21.141683 190 4172
21.141719 190 4172
21.146253 190 4172
21.146282 190 4172
21.146313 190 4172
21.146343 190 4172
21.146372 190 4172
21.146414 190 4172
21.170506 1198 4172
21.170661 1198 4172
21.170690 1198 4172
21.170719 1198 4172
21.170747 414 4172
21.173900 222 4172
21.173946 190 4172
21.173982 190 4172
21.174018 190 4172
21.174052 190 4172
21.174091 190 4172
21.174127 190 4172
21.174159 190 4172
21.174192 190 4172
21.178137 190 4172
21.178181 190 4172
21.178210 190 4172
21.178239 190 4172
21.178267 270 4172
21.178297 190 4172
21.178323 110 4172
21.178358 190 4172
21.182211 1198 4172
21.182267 1198 4172
21.182311 1198 4172
21.182357 1198 4172
21.182386 302 4172
21.182421 190 4172
21.205592 222 4172
21.205660 174 4172
21.209681 174 4172
21.209717 174 4172
21.209755 174 4172
21.209790 174 4172
21.209825 174 4172
21.209863 174 4172
21.209897 174 4172
21.213472 174 4172
21.213499 174 4172
21.213532 174 4172
21.213563 174 4172
21.213596 174 4172
21.213627 174 4172
21.225632 1198 4172
21.225709 1198 4172
21.225743 1198 4172
21.225779 1198 4172
21.225804 430 4172
21.247449 60 60000
21.269796 126 4172
21.319020 110 4172
21.340291 174 4172
21.340359 110 4172
21.340397 110 4172
21.340435 110 4172
21.340471 174 4172
21.340504 174 4172
21.340536 174 4172
21.340572 174 4172
21.340606 174 4172
21.340640 174 4172
21.340672 174 4172
21.340704 174 4172
21.340737 174 4172
21.340772 174 4172
21.340805 174 4172
21.340837 174 4172
21.340869 174 4172
21.340902 1198 4172
21.340937 1198 4172
21.340970 1198 4172
21.341002 462 4172
21.341036 1198 4172
21.341069 1198 4172
21.341101 1198 4172
21.341138 1198 4172
21.341170 1198 4172
21.341207 1198 4172
21.341238 1198 4172
21.341270 1198 4172
21.341310 238 4172
21.341384 1198 4172
21.341419 1198 4172
21.345517 1198 4172
21.345554 1198 4172
21.345590 1198 4172
21.345622 1198 4172
21.345671 1198 4172
21.345702 638 4172
21.345738 1198 4172
21.345768 1198 4172
21.345798 1198 4172
21.345834 1198 4172
21.345861 1198 4172
21.345891 1198 4172
21.345921 1198 4172
21.345951 830 4172
21.345981 1198 4172
21.346012 1198 4172
21.346042 1198 4172
21.365921 174 4172
21.365967 1198 4172
21.366000 1038 4172
21.366032 1182 4172
21.409747 126 4172
21.409790 110 4172
21.500638 110 4172
21.541462 1198 4172
21.541506 1198 4172
21.581857 110 4172
21.581890 110 4172
21.581923 110 4172
21.581941 174 4172
21.581970 174 4172
21.582037 110 4172
21.582064 174 4172
21.585638 174 4172
21.585674 174 4172
21.585702 174 4172
21.585729 1198 4172
21.585760 1198 4172
21.585786 1198 4172
21.585813 542 4172
21.585839 1198 4172
21.585865 1198 4172
21.585889 1198 4172
21.585913 686 4172
21.585946 1198 4172
21.585976 894 4172
21.586180 174 4172
21.586244 174 4172
21.586290 174 4172
21.586315 174 4172
21.586340 174 4172
21.604736 1198 4172
21.604830 1198 4172
21.604857 1198 4172
21.604894 1198 4172
21.604925 798 4172
21.604958 1198 4172
21.604988 798 4172
21.605020 174 4172
21.605051 1198 4172
21.605083 1198 4172
21.605112 1198 4172
21.605145 1198 4172
21.605175 1198 4172
21.605204 1198 4172
21.605241 1198 4172
21.605272 238 4172
21.629454 1182 4172
21.671658 1198 4172
21.671682 254 4172
21.671715 302 4172
21.671745 1198 4172
21.671774 1198 4172
21.671805 1198 4172
21.671837 1198 4172
21.671864 110 4172
21.671892 238 4172
21.673852 1198 4172
21.673888 1198 4172
21.673925 1198 4172
21.673953 1150 4172
21.702896 1198 4172
21.717544 1198 4172
21.717653 1198 4172
21.717696 158 4172
21.741713 1198 4172
21.741743 1198 4172
21.741781 238 4172
21.745889 318 4172
21.745932 174 4172
21.745967 174 4172
21.746002 174 4172
21.746036 174 4172
21.746069 174 4172
21.749972 1198 4172
21.749995 1198 4172
21.750023 1198 4172
21.750051 542 4172
21.750082 1198 4172
21.750109 1198 4172
21.750137 1198 4172
21.750165 686 4172
21.750195 1198 4172
21.750220 894 4172
21.750247 174 4172
21.750273 174 4172
21.750300 174 4172
21.754710 174 4172
21.754750 174 4172
21.754787 1198 4172
21.754818 1198 4172
21.754848 1198 4172
21.754877 878 4172
21.761446 1198 4172
21.761489 1198 4172
21.761522 1198 4172
21.761551 1198 4172
21.761580 1198 4172
21.761616 1198 4172
21.761645 1198 4172
21.761674 238 4172
21.771128 1198 4172
21.803879 126 4172
21.805399 126 4172
21.825653 1198 4172
21.835822 110 4172
21.835915 110 4172
21.835943 110 4172
21.849686 126 4172
21.876763 126 4172
21.893561 110 4172
21.937507 126 4172
21.981574 110 4172
22.069564 1182 4172
22.086397 1198 4172
22.086527 1198 4172
22.086569 1198 4172
22.086611 1198 4172
22.086650 126 4172
22.086689 110 4172
22.094138 1198 4172
22.094169 1198 4172
22.094216 1198 4172
22.094256 1150 4172
22.106347 1198 4172
22.106386 158 4172
22.106429 110 4172
22.106484 110 4172
22.106511 110 4172
22.113543 1070 4172
22.122483 1198 4172
22.122572 798 4172
22.157464 302 4172
22.157552 1198 4172
22.176831 1198 4172
22.201741 110 4172
22.289563 110 4172
22.376780 110 4172
22.376843 110 4172
22.376885 110 4172
22.377707 110 4172
22.633992 110 4172
22.634048 110 4172
22.634189 110 4172
22.893667 110 4172
22.897511 110 4172
22.985705 110 4172
23.161788 110 4172
23.465726 110 4172
23.729580 110 4172
23.909496 110 4172
23.976759 110 4172
23.993876 110 4172
24.257564 110 4172
24.521925 110 4172
24.917438 110 4172
25.005411 110 4172
25.881777 110 4172
26.013593 110 4172
26.889731 110 4172
26.977447 110 4172
27.197506 110 4172
27.897532 110 4172
27.985418 110 4172
28.897456 110 4172
28.985438 110 4172
29.865588 110 4172
29.909352 110 4172
29.997458 110 4172
30.909334 110 4172
30.997439 110 4172
31.913435 110 4172
32.001547 110 4172
32.525544 110 4172
32.913411 110 4172
33.001842 110 4172
33.877381 110 4172
34.009476 110 4172
34.889347 110 4172
34.977296 110 4172
35.241514 110 4172
35.897376 110 4172
35.985385 110 4172
36.905348 110 4172
36.993410 110 4172
37.893429 110 4172
37.917396 110 4172
38.005382 110 4172
38.881297 110 4172
39.013381 110 4172
39.893430 110 4172
39.981287 110 4172
40.597360 110 4172
40.905411 110 4172
40.993356 110 4172
41.505306 60 60000
41.509432 270 4172
41.509510 254 4172
41.509547 270 4172
41.509584 318 4172
41.509625 238 4172
41.509657 318 4172
41.513292 670 4172
41.513330 318 4172
41.513365 238 4172
41.513399 302 4172
41.513433 254 4172
41.513469 270 4172
41.513498 334 4172
41.517139 286 4172
41.517185 334 4172
41.517224 558 4172
41.517260 734 4172
41.669712 398 4172
41.677736 142 4172
41.689810 174 4172
41.693142 158 4172
41.717446 270 4172
41.717520 254 4172
41.717549 270 4172
41.717577 318 4172
41.717607 238 4172
41.717636 302 4172
41.721690 318 4172
41.721727 238 4172
41.721757 238 4172
41.721786 302 4172
41.721813 254 4172
41.721840 270 4172
41.721868 174 4172
41.721894 334 4172
41.721919 286 4172
41.721946 334 4172
41.737821 318 4172
41.738222 1198 4172
41.738873 1198 4172
41.738952 1198 4172
41.739063 1198 4172
41.739106 1198 4172
41.739135 1198 4172
41.739164 1198 4172
41.739196 1086 4172
41.871645 126 4172
41.890550 126 4172
41.890634 110 4172
41.897839 126 4172
41.913066 110 4172
41.913205 1198 4172
41.924220 1198 4172
41.924302 1198 4172
41.924329 1198 4172
41.924356 1198 4172
41.924382 1198 4172
41.924407 1198 4172
41.924432 846 4172
41.930823 1198 4172
41.931049 1198 4172
41.931090 1198 4172
41.931126 1198 4172
41.931218 1198 4172
41.931393 1198 4172
41.931430 1198 4172
41.931461 1198 4172
41.931547 1198 4172
41.931621 1198 4172
41.931791 350 4172
41.941293 126 4172
41.941344 1198 4172
41.941375 1198 4172
41.941402 1198 4172
41.941435 1198 4172
41.941462 1198 4172
41.941488 1198 4172
41.941513 1198 4172
41.941537 1198 4172
41.941562 1198 4172
41.941586 1198 4172
41.941611 702 4172
41.947671 1198 4172
41.956253 1198 4172
41.956311 1198 4172
41.956346 1198 4172
41.956376 1198 4172
41.956404 1198 4172
41.956439 1198 4172
41.956469 1198 4172
41.956497 1198 4172
41.956523 1198 4172
41.956573 1198 4172
41.956608 1006 4172
41.957993 1198 4172
41.958045 1198 4172
41.958075 1198 4172
41.958102 1198 4172
41.969300 1198 4172
41.969334 1198 4172
41.969363 1198 4172
41.969395 1198 4172
41.980467 1198 4172
41.980504 494 4172
41.980535 1198 4172
41.980566 1198 4172
41.985707 126 4172
41.985746 110 4172
41.985781 1198 4172
41.985812 1198 4172
41.985842 1198 4172
41.985871 1198 4172
41.993514 1198 4172
41.993562 1198 4172
41.993602 270 4172
41.993645 1198 4172
42.002491 1198 4172
42.002599 1198 4172
42.002657 1198 4172
42.002982 1198 4172
42.010410 1198 4172
42.010538 1198 4172
42.010585 558 4172
42.016277 1198 4172
42.017436 1198 4172
42.024839 1198 4172
42.032249 1198 4172
42.033845 1198 4172
42.034222 1198 4172
42.034599 1198 4172
42.034962 1198 4172
42.035327 414 4172
42.035694 1198 4172
42.036058 1198 4172
42.036171 1198 4172
42.041750 1198 4172
42.041799 1198 4172
42.041834 1198 4172
42.050668 1198 4172
42.050910 1198 4172
42.050939 926 4172
42.050966 1198 4172
42.064118 1198 4172
42.064198 1198 4172
42.064226 1198 4172
42.064253 1198 4172
42.065328 1198 4172
42.065357 1198 4172
42.065384 1198 4172
42.065410 1198 4172
42.076489 1198 4172
42.076834 1198 4172
42.076933 1198 4172
42.078492 126 4172
42.081348 1198 4172
42.081383 1198 4172
42.081409 1198 4172
42.081434 1198 4172
42.089336 1198 4172
42.089364 110 4172
42.089391 1198 4172
42.089426 1198 4172
42.097351 1198 4172
42.097385 1198 4172
42.097411 1198 4172
42.105844 654 4172
42.105897 1198 4172
42.105928 1198 4172
42.105959 1198 4172
42.117912 1198 4172
42.118188 1198 4172
42.118283 1198 4172
42.118316 1198 4172
42.123809 1198 4172
42.123845 1198 4172
42.123873 1022 4172
42.123900 1198 4172
42.126652 1198 4172
42.126683 1198 4172
42.126710 1198 4172
42.144479 1198 4172
42.145902 1198 4172
42.145962 1198 4172
42.145992 1198 4172
42.146035 1198 4172
42.154261 1198 4172
42.154477 1198 4172
42.154562 1198 4172
42.154640 1198 4172
42.154671 1198 4172
42.161314 1198 4172
42.161359 1198 4172
42.161388 958 4172
42.161416 1198 4172
42.172657 510 4172
42.178758 1198 4172
42.179376 1198 4172
42.179690 110 4172
42.179730 1198 4172
42.179850 1198 4172
42.239670 1198 4172
42.241128 1198 4172
42.241165 110 4172
42.241667 1198 4172
42.241703 1198 4172
42.241959 1198 4172
42.241992 1198 4172
42.242038 1070 4172
42.245211 1198 4172
42.245251 1198 4172
42.245279 1198 4172
42.245304 1198 4172
42.245330 1198 4172
42.245354 222 4172
42.245382 334 4172
42.245408 190 4172
42.245432 190 4172
42.245457 190 4172
42.245483 190 4172
42.245507 190 4172
42.245530 190 4172
42.245555 1198 4172
42.245581 526 4172
42.245606 1198 4172
42.245633 846 4172
42.245658 1134 4172
42.245683 190 4172
42.245707 190 4172
42.245731 190 4172
42.245756 190 4172
42.245782 190 4172
42.245808 1198 4172
42.245834 1198 4172
42.245859 1198 4172
42.245885 1198 4172
42.245911 302 4172
42.245937 974 4172
42.245963 254 4172
42.245995 190 4172
42.246020 190 4172
42.246045 190 4172
42.246072 190 4172
42.246102 190 4172
42.246126 190 4172
42.246152 1198 4172
42.246175 686 4172
42.246200 1198 4172
42.246225 1070 4172
42.246251 1182 4172
42.246275 190 4172
42.246300 190 4172
42.273487 190 4172
42.273611 190 4172
42.273646 190 4172
42.292640 254 4172
42.292676 1198 4172
42.292705 60 60000
42.292705 1198 4172
42.292734 1198 4172
42.292760 1198 4172
42.292786 142 4172
42.292811 174 4172
42.292836 174 4172
42.292861 174 4172
42.292890 174 4172
42.292916 174 4172
42.292941 174 4172
42.292967 174 4172
42.293010 1198 4172
42.293043 798 4172
42.342406 1198 4172
42.342439 1198 4172
42.342469 126 4172
42.342502 1198 4172
42.342527 126 4172
42.342558 174 4172
42.342590 174 4172
42.342616 174 4172
42.342643 174 4172
42.342671 174 4172
42.342696 478 4172
42.342725 1038 4172
42.342756 158 4172
42.342783 158 4172
42.342810 158 4172
42.387176 110 4172
42.461690 110 4172
42.475151 126 4172
42.477196 1198 4172
42.477232 734 4172
42.485573 110 4172
42.498018 254 4172
42.517521 350 4172
42.605211 158 4172
42.651033 206 4172
42.651036 174 4172
42.651089 142 4172
42.737313 110 4172
42.737370 110 4172
42.737450 110 4172
42.846166 174 4172
42.846226 174 4172
42.846299 174 4172
42.850463 174 4172
42.850501 174 4172
42.850535 174 4172
42.854435 174 4172
42.854472 174 4172
42.854505 174 4172
42.857636 174 4172
42.861421 174 4172
42.861448 174 4172
42.861476 174 4172
42.869229 174 4172
42.869293 398 4172
42.869340 1198 4172
42.869399 1198 4172
42.869443 1198 4172
42.869478 1198 4172
42.869513 1198 4172
42.869546 1198 4172
42.869584 1198 4172
42.869621 1198 4172
42.869652 238 4172
42.913326 174 4172
42.913407 1182 4172
43.001478 110 4172
43.001648 110 4172
43.045279 1198 4172
43.045456 798 4172
43.089245 110 4172
43.177455 110 4172
43.265361 110 4172
43.529603 110 4172
43.837273 110 4172
43.881396 110 4172
44.013282 110 4172
44.101362 110 4172
44.361546 110 4172
44.625292 110 4172
44.876998 110 4172
44.977135 110 4172
45.153324 110 4172
45.901320 110 4172
45.989302 110 4172
46.909293 110 4172
46.997213 110 4172
47.833500 110 4172
47.877081 110 4172
48.009254 110 4172
48.881203 110 4172
49.013457 110 4172
49.889024 110 4172
50.021137 110 4172
50.545511 110 4172
50.893290 110 4172
50.981262 110 4172
51.901460 110 4172
51.989176 110 4172
52.909071 110 4172
52.997148 110 4172
53.217151 110 4172
53.917228 110 4172
54.005142 110 4172
54.225140 366 4172
54.225236 318 4172
54.349729 1198 4172
54.349808 1198 4172
54.349884 238 4172
54.349913 174 4172
54.349942 174 4172
54.349968 174 4172
54.353736 174 4172
54.353773 174 4172
54.353799 174 4172
54.356963 174 4172
54.356992 174 4172
54.357021 174 4172
54.357047 174 4172
54.361719 174 4172
54.361750 174 4172
54.361776 174 4172
54.365389 174 4172
54.365430 1198 4172
54.365462 1198 4172
54.365493 1198 4172
54.365531 1198 4172
54.365564 878 4172
54.401148 1198 4172
54.401219 1198 4172
54.401265 1198 4172
54.401306 1198 4172
54.401349 1198 4172
54.401386 1198 4172
54.401420 1198 4172
54.401455 238 4172
54.445180 1198 4172
54.507231 1070 4172
54.513864 1166 4172
54.513905 110 4172
54.523404 1198 4172
54.523491 302 4172
54.533158 1198 4172
54.533243 798 4172
54.793127 110 4172
54.881099 110 4172
55.013323 110 4172
55.057090 110 4172
55.317182 110 4172
55.581109 110 4172
55.889045 110 4172
56.021060 110 4172
56.901134 110 4172
56.989204 110 4172
57.913214 110 4172
58.001059 110 4172
58.261100 110 4172
58.921208 110 4172
59.009083 110 4172
59.889013 110 4172
60.021036 110 4172
60.893068 110 4172
60.937038 110 4172
60.980986 110 4172
61.905335 110 4172
61.993115 110 4172
62.389249 1198 4172
62.389297 1198 4172
62.389325 1198 4172
62.389350 1198 4172
62.389375 1198 4172
62.389400 1198 4172
62.389424 1198 4172
62.389467 1198 4172
62.389491 1198 4172
62.389523 1198 4172
62.389547 158 4172
62.404744 1198 4172
62.404784 1198 4172
62.404811 1198 4172
62.404835 1198 4172
62.404859 1198 4172
62.404881 1198 4172
62.404928 222 4172
62.404958 1198 4172
62.404992 1198 4172
62.405019 1198 4172
62.405044 1198 4172
62.405076 1198 4172
62.405109 878 4172
62.405152 1198 4172
62.410070 1198 4172
62.410098 1198 4172
62.410146 1198 4172
62.410282 1198 4172
62.410315 1198 4172
62.410340 1198 4172
62.410366 270 4172
62.410391 1198 4172
62.410416 1198 4172
62.410439 1198 4172
62.410466 1198 4172
62.410491 1198 4172
62.410516 1198 4172
62.410541 1198 4172
62.416982 1198 4172
62.417024 1198 4172
62.417054 302 4172
62.417083 1198 4172
62.425204 1198 4172
62.425239 1198 4172
62.425275 1198 4172
62.433086 1198 4172
62.433121 1198 4172
62.433146 1198 4172
62.433173 1198 4172
62.441092 1198 4172
62.441182 878 4172
62.441213 1198 4172
62.449009 1198 4172
62.449056 1198 4172
62.449095 1198 4172
62.460082 1198 4172
62.460169 1198 4172
62.460192 110 4172
62.460219 1198 4172
62.460245 1198 4172
62.464967 1198 4172
62.464999 1198 4172
62.465028 1198 4172
62.473152 1198 4172
62.473192 1198 4172
62.473226 1198 4172
62.473262 1198 4172
62.481049 830 4172
62.481089 1198 4172
62.481128 1198 4172
62.481159 1198 4172
62.489047 1198 4172
62.489093 1198 4172
62.489129 1198 4172
62.492915 1198 4172
62.492979 1198 4172
62.493015 1198 4172
62.505068 1198 4172
62.505155 1086 4172
62.505176 1198 4172
62.505207 1198 4172
62.512982 1198 4172
62.513015 1198 4172
62.513066 1198 4172
62.523192 1198 4172
62.523230 1198 4172
62.523255 1198 4172
62.523284 1198 4172
62.528985 1198 4172
62.529036 1198 4172
62.529074 190 4172
62.529111 1198 4172
62.537029 1198 4172
62.537103 1198 4172
62.540984 60 60000
62.544926 1198 4172
62.544963 1198 4172
62.544996 1198 4172
62.552929 1198 4172
62.552969 1054 4172
62.560958 1198 4172
62.560997 1198 4172
62.569009 1198 4172
62.569051 1198 4172
62.576990 1198 4172
62.577031 1198 4172
62.580971 1198 4172
62.581012 1198 4172
62.593074 1198 4172
62.593167 606 4172
62.601133 1198 4172
62.608995 1198 4172
62.609057 1198 4172
62.617086 1198 4172
62.617125 1198 4172
62.624962 542 4172
62.625007 1198 4172
62.625045 1198 4172
62.634519 1198 4172
62.634572 1198 4172
62.640939 1198 4172
62.640972 1182 4172
62.649000 1198 4172
62.649036 1198 4172
62.656978 1198 4172
62.657012 1198 4172
62.665139 1198 4172
62.665171 302 4172
62.665210 1198 4172
62.669046 1198 4172
62.669094 1198 4172
62.681578 1198 4172
62.681607 1198 4172
62.689018 1198 4172
62.689071 1198 4172
62.699088 974 4172
62.699122 814 4172
62.699157 1198 4172
62.713031 1198 4172
62.713125 1198 4172
62.720981 1198 4172
62.721057 1198 4172
62.731506 846 4172
62.731644 1198 4172
62.736940 1198 4172
62.736974 1198 4172
62.737003 1198 4172
62.745005 1198 4172
62.745029 1198 4172
62.752951 1198 4172
62.752986 1198 4172
62.756917 1198 4172
62.756968 1198 4172
62.769053 190 4172
62.769080 1198 4172
62.777055 1198 4172
62.777089 1198 4172
62.784940 1198 4172
62.784971 1198 4172
62.795015 1198 4172
62.795755 1198 4172
62.803998 1198 4172
62.804038 110 4172
62.804071 958 4172
62.810507 1198 4172
62.810542 1198 4172
62.816948 1198 4172
62.816983 1198 4172
62.825903 1198 4172
62.826015 1198 4172
62.833477 1198 4172
62.833521 1198 4172
62.844900 1198 4172
62.845018 318 4172
62.848968 1198 4172
62.861549 1198 4172
62.861928 1198 4172
62.864991 1198 4172
62.865022 1198 4172
62.874185 1198 4172
62.874223 1198 4172
62.882193 1198 4172
62.882949 1198 4172
62.898863 1198 4172
62.901013 430 4172
62.901039 110 4172
62.901080 1198 4172
62.901136 1198 4172
62.909331 1198 4172
62.914597 1198 4172
62.914826 1198 4172
62.931947 1198 4172
62.931990 1198 4172
62.940980 1198 4172
62.941026 1198 4172
62.941056 1022 4172
62.941085 1198 4172
62.945439 1198 4172
62.945475 1198 4172
62.953023 1198 4172
62.961078 1198 4172
62.961548 1198 4172
62.969671 1198 4172
62.969698 1198 4172
62.978181 1198 4172
62.980171 606 4172
62.980291 126 4172
62.983654 1198 4172
62.984986 1198 4172
62.993409 1198 4172
62.993446 1198 4172
63.001121 110 4172
63.001152 1198 4172
63.001180 1198 4172
63.008959 1198 4172
63.008993 1198 4172
63.018403 1198 4172
63.018457 878 4172
63.032163 1198 4172
63.034992 1198 4172
63.036416 1198 4172
63.045554 1198 4172
63.053429 1198 4172
63.054174 1198 4172
63.054763 1198 4172
63.055295 1198 4172
63.056956 1198 4172
63.056988 1198 4172
63.065687 110 4172
63.065743 1198 4172
63.065773 1198 4172
63.073245 446 4172
63.073297 1198 4172
63.086596 1198 4172
63.089019 1198 4172
63.089052 1198 4172
63.099555 1198 4172
63.099613 1198 4172
63.104978 1198 4172
63.105009 1198 4172
63.113802 1198 4172
63.114177 1198 4172
63.120971 1198 4172
63.121007 1006 4172
63.129003 1198 4172
63.129039 1198 4172
63.138170 1198 4172
63.138201 1198 4172
63.145951 1198 4172
63.146045 1198 4172
63.153036 1198 4172
63.161941 1198 4172
63.162079 1198 4172
63.169551 1198 4172
63.169587 1070 4172
63.177738 1198 4172
63.177777 1198 4172
63.185088 1198 4172
63.185124 1198 4172
63.194122 1198 4172
63.203700 1198 4172
63.204044 1198 4172
63.218149 1198 4172
63.218213 1198 4172
63.218247 350 4172
63.218276 1198 4172
63.223117 1198 4172
63.223164 1198 4172
63.223194 1198 4172
63.235515 1198 4172
63.241995 1198 4172
63.242038 1086 4172
63.242074 1198 4172
63.249940 1198 4172
63.249974 1198 4172
63.259047 1198 4172
63.259086 1198 4172
63.274050 1198 4172
63.274132 1198 4172
63.280223 1198 4172
63.280427 1198 4172
63.280467 1198 4172
63.280494 1198 4172
63.288988 1198 4172
63.289030 1198 4172
63.296967 1198 4172
63.297000 1198 4172
63.305096 270 4172
63.305131 1198 4172
63.314321 1198 4172
63.314546 1198 4172
63.324505 1054 4172
63.324541 110 4172
63.324570 318 4172
63.324599 174 4172
63.324632 174 4172
63.324662 174 4172
63.324684 174 4172
63.328882 190 4172
63.328916 1198 4172
63.328949 1038 4172
63.336918 1198 4172
63.336948 1198 4172
63.344962 142 4172
63.344994 1198 4172
63.345024 1198 4172
63.351814 382 4172
63.351848 1198 4172
63.351879 1198 4172
63.352660 60 60000
63.360928 414 4172
63.360963 1198 4172
63.368977 1198 4172
63.369030 302 4172
63.369060 1198 4172
63.376941 1198 4172
63.378318 142 4172
63.378346 1070 4172
63.384970 174 4172
63.385000 174 4172
63.385030 174 4172
63.385059 1198 4172
63.396557 1198 4172
63.396586 238 4172
63.396616 446 4172
63.396648 1166 4172
63.570609 494 4172
63.588943 1198 4172
63.589030 334 4172
63.603417 110 4172
63.612875 1198 4172
63.612923 1198 4172
63.612968 254 4172
63.613003 302 4172
63.613034 1198 4172
63.613075 606 4172
63.613108 238 4172
63.657198 1182 4172
63.702689 494 4172
63.734839 126 4172
63.744962 654 4172
63.789029 430 4172
63.833545 1198 4172
63.833643 558 4172
63.853038 1198 4172
63.853129 222 4172
63.871785 110 4172
63.876826 1198 4172
63.876870 1198 4172
63.876909 926 4172
63.921016 110 4172
64.046083 1198 4172
64.046183 1198 4172
64.046184 1198 4172
64.046204 206 4172
64.052919 1198 4172
64.052966 1198 4172
64.053005 478 4172
64.065420 1054 4172
64.077818 654 4172
64.089726 1102 4172
64.097807 606 4172
64.110009 1198 4172
64.110147 494 4172
64.122194 1198 4172
64.122249 590 4172
64.122288 110 4172
64.130199 1198 4172
64.130242 1198 4172
64.130280 686 4172
64.138164 1198 4172
64.138198 1198 4172
64.138237 894 4172
64.140920 1198 4172
64.140965 1198 4172
64.141002 446 4172
64.157507 414 4172
64.169921 1086 4172
64.177444 942 4172
64.185352 334 4172
64.197484 174 4172
64.205379 398 4172
64.205427 1198 4172
64.217415 254 4172
64.225379 302 4172
64.228940 350 4172
64.245487 334 4172
64.253749 798 4172
64.261774 1198 4172
64.272871 1198 4172
64.272909 430 4172
64.405017 110 4172
64.405103 110 4172
64.405137 110 4172
64.669096 110 4172
64.669181 110 4172
64.669324 110 4172
64.889124 110 4172
64.933139 110 4172
65.021021 110 4172
65.193306 110 4172
65.456877 110 4172
65.721171 110 4172
65.984850 110 4172
65.984937 110 4172
66.293013 110 4172
66.557219 110 4172
66.905444 110 4172
66.993003 110 4172
67.913148 110 4172
68.001007 110 4172
68.921023 110 4172
69.272914 110 4172
69.884758 110 4172
70.016883 110 4172
70.896907 110 4172
70.984778 110 4172
71.892947 110 4172
71.908805 110 4172
71.992938 110 4172
72.912946 110 4172
73.000954 110 4172
73.880805 110 4172
74.012914 110 4172
74.580829 110 4172
74.888914 110 4172
75.020820 110 4172
75.988829 110 4172
76.908786 110 4172
76.996813 110 4172
77.260911 110 4172
77.916863 110 4172
78.000812 110 4172
78.920886 110 4172
79.008881 110 4172
79.880676 110 4172
79.968791 110 4172
80.012794 110 4172
80.892819 110 4172
80.980754 110 4172
81.896727 110 4172
81.980729 110 4172
82.632840 110 4172
82.892748 110 4172
82.980730 110 4172
83.588545 1198 4172
83.588635 1198 4172
83.588669 1198 4172
83.588708 1198 4172
83.588747 1198 4172
83.588782 1198 4172
83.588818 974 4172
83.588872 1198 4172
83.596711 1198 4172
83.596753 1198 4172
83.596785 1198 4172
83.596815 1198 4172
83.596844 1198 4172
83.596882 1070 4172
83.608768 60 60000
83.613006 1198 4172
83.613047 1198 4172
83.613090 1198 4172
83.613125 1198 4172
83.613162 1198 4172
83.613198 702 4172
83.620692 1198 4172
83.620722 1198 4172
83.620761 1198 4172
83.628620 1198 4172
83.628654 1198 4172
83.636829 1198 4172
83.636868 1198 4172
83.640706 1070 4172
83.640962 1198 4172
83.652691 1198 4172
83.652729 1198 4172
83.660633 1198 4172
83.660679 1198 4172
83.668795 1198 4172
83.668839 846 4172
83.676763 1198 4172
83.684685 1198 4172
83.684730 1198 4172
83.692774 1198 4172
83.692817 1198 4172
83.700731 590 4172
83.700787 1198 4172
83.708689 1198 4172
83.708720 1198 4172
83.716688 1198 4172
83.716729 1198 4172
83.724723 1198 4172
83.724764 1198 4172
83.728633 1198 4172
83.728666 270 4172
83.728705 1198 4172
83.740727 1198 4172
83.748629 1198 4172
83.748682 1198 4172
83.756809 1198 4172
83.756846 1198 4172
83.764717 718 4172
83.764767 1198 4172
83.764808 1198 4172
83.772642 1198 4172
83.780661 1198 4172
83.788746 1198 4172
83.788806 1198 4172
83.796683 110 4172
83.796706 1198 4172
83.796736 1198 4172
83.804720 1198 4172
83.804775 1198 4172
83.812670 1198 4172
83.812708 1198 4172
83.816613 1198 4172
83.816643 1198 4172
83.828685 478 4172
83.828731 1198 4172
83.836701 1198 4172
83.836724 1198 4172
83.844705 1198 4172
83.844766 1198 4172
83.852683 1198 4172
83.852711 910 4172
83.860664 1198 4172
83.860705 1198 4172
83.868748 1198 4172
83.868818 1198 4172
83.876647 1198 4172
83.876681 1198 4172
83.884674 382 4172
83.884704 1198 4172
83.884736 1198 4172
83.893534 1198 4172
83.894501 1198 4172
83.900882 1198 4172
83.905065 110 4172
83.905108 1198 4172
83.905137 542 4172
83.905166 1198 4172
83.916762 1198 4172
83.916835 1198 4172
83.924690 1198 4172
83.924711 1198 4172
83.932706 1198 4172
83.932744 366 4172
83.940677 1198 4172
83.940720 1198 4172
83.948749 1198 4172
83.948797 1198 4172
83.958447 1198 4172
83.958486 1198 4172
83.971627 766 4172
83.971707 110 4172
83.971742 1198 4172
83.974603 1198 4172
83.977557 1198 4172
83.977884 414 4172
83.980666 542 4172
83.980696 1198 4172
83.988716 1198 4172
83.988763 1198 4172
84.001374 110 4172
84.001400 1198 4172
84.001430 1182 4172
84.004659 1198 4172
84.004691 1198 4172
84.015344 1198 4172
84.015389 1198 4172
84.017045 1198 4172
84.021664 1198 4172
84.034761 558 4172
84.035367 1198 4172
84.036687 1198 4172
84.037030 1198 4172
84.044954 1198 4172
84.045146 1198 4172
84.049319 1198 4172
84.049340 494 4172
84.060662 1198 4172
84.060690 1198 4172
84.069511 1198 4172
84.069555 1198 4172
84.077882 1198 4172
84.077934 1198 4172
84.087798 878 4172
84.087832 1198 4172
84.093204 1198 4172
84.093239 1198 4172
84.100718 1198 4172
84.100750 1198 4172
84.124189 702 4172
84.139063 1198 4172
84.141145 1198 4172
84.141570 1198 4172
84.141609 1198 4172
84.142013 1198 4172
84.142049 606 4172
84.142466 1198 4172
84.142500 1198 4172
84.142913 1198 4172
84.145434 1198 4172
84.145470 126 4172
84.157382 1198 4172
84.157410 1198 4172
84.164664 494 4172
84.164691 1198 4172
84.164719 1198 4172
84.172782 1198 4172
84.172808 1198 4172
84.181816 1166 4172
84.181847 1198 4172
84.191240 1198 4172
84.191285 1198 4172
84.196684 1198 4172
84.204795 1198 4172
84.204833 1198 4172
84.212672 1198 4172
84.212701 286 4172
84.212754 1198 4172
84.223907 1198 4172
84.224014 1198 4172
84.228688 1198 4172
84.228717 110 4172
84.228746 1198 4172
84.241751 1006 4172
84.241774 1198 4172
84.244646 1198 4172
84.244681 1198 4172
84.252727 1198 4172
84.252735 1198 4172
84.258335 1182 4172
84.258362 1198 4172
84.269718 1198 4172
84.269724 1198 4172
84.276675 1198 4172
84.284747 1198 4172
84.284777 1198 4172
84.292703 158 4172
84.292730 1198 4172
84.292763 1198 4172
84.300847 1198 4172
84.300874 1198 4172
84.304638 1198 4172
84.304671 1198 4172
84.316737 254 4172
84.316754 1198 4172
84.316789 1198 4172
84.324717 1198 4172
84.324746 1198 4172
84.344174 1198 4172
84.353649 1198 4172
84.356667 126 4172
84.356697 1198 4172
84.356728 1198 4172
84.356756 1198 4172
84.356786 1198 4172
84.356814 1198 4172
84.371428 1198 4172
84.371478 590 4172
84.371526 1198 4172
84.372636 1198 4172
84.380753 1198 4172
84.380781 526 4172
84.380813 494 4172
84.388859 238 4172
84.388892 190 4172
84.388923 190 4172
84.388953 1198 4172
84.388986 1198 4172
84.396668 1198 4172
84.396698 334 4172
84.404679 1198 4172
84.404700 1198 4172
84.412654 1198 4172
84.412681 430 4172
84.412714 1198 4172
84.415541 60 60000
84.424501 190 4172
84.424583 1198 4172
84.424622 1198 4172
84.424672 606 4172
84.451184 1198 4172
84.452991 1198 4172
84.460670 1198 4172
84.460686 606 4172
84.460717 1198 4172
84.460748 1198 4172
84.460776 1198 4172
84.460801 590 4172
84.460830 1198 4172
84.460857 1198 4172
84.468744 1198 4172
84.468777 734 4172
84.476763 1198 4172
84.476788 1198 4172
84.484662 1198 4172
84.484690 462 4172
84.492734 1198 4172
84.492774 1198 4172
84.500804 1166 4172
84.500868 110 4172
84.500965 1198 4172
84.509788 734 4172
84.509865 174 4172
84.509892 174 4172
84.509923 1198 4172
84.514624 1198 4172
84.514685 238 4172
84.514715 446 4172
84.529711 174 4172
84.529901 174 4172
84.529932 174 4172
84.529960 174 4172
84.529989 1198 4172
84.530013 1198 4172
84.532711 1198 4172
84.532770 398 4172
84.532806 1198 4172
84.541450 1198 4172
84.548670 1198 4172
84.548702 494 4172
84.548737 1198 4172
84.556963 1198 4172
84.557005 1198 4172
84.564990 686 4172
84.565126 1198 4172
84.572679 1198 4172
84.572715 1198 4172
84.580659 702 4172
84.580693 1198 4172
84.589464 1198 4172
84.589508 1198 4172
84.596669 670 4172
84.596735 1198 4172
84.600805 1198 4172
84.600834 1198 4172
84.612671 766 4172
84.612726 1198 4172
84.612745 1198 4172
84.620640 1198 4172
84.620685 510 4172
84.628699 1198 4172
84.628748 1198 4172
84.637596 1198 4172
84.637894 126 4172
84.639030 1198 4172
84.644699 766 4172
84.644722 174 4172
84.644750 174 4172
84.644775 1198 4172
84.652685 1198 4172
84.652707 238 4172
84.652737 1198 4172
84.661369 1198 4172
84.665283 526 4172
84.670656 1198 4172
84.670699 878 4172
84.693837 1198 4172
84.693947 382 4172
84.735552 1198 4172
84.735666 158 4172
84.736557 174 4172
84.736591 1198 4172
84.736623 510 4172
84.771127 110 4172
84.780692 398 4172
84.780731 174 4172
84.780763 1198 4172
84.780789 1198 4172
84.780815 302 4172
84.824957 1198 4172
84.824982 1198 4172
84.825009 302 4172
84.868647 926 4172
84.877244 654 4172
84.902129 110 4172
84.902221 238 4172
84.912669 430 4172
84.956629 1198 4172
84.956730 1198 4172
84.977287 894 4172
85.001185 110 4172
85.020652 1038 4172
85.035241 110 4172
85.044557 1118 4172
85.088709 110 4172
85.201812 110 4172
85.213731 1102 4172
85.220589 1070 4172
85.237476 974 4172
85.249301 798 4172
85.261415 462 4172
85.264532 1102 4172
85.281536 606 4172
85.293670 846 4172
85.293724 110 4172
85.305727 1198 4172
85.305820 238 4172
85.308649 1198 4172
85.308693 526 4172
85.329759 1198 4172
85.329864 702 4172
85.341804 1198 4172
85.341889 574 4172
85.352975 1198 4172
85.353070 638 4172
85.365501 1198 4172
85.365547 430 4172
85.377196 1166 4172
85.385379 766 4172
85.393165 942 4172
85.396629 382 4172
85.417860 1198 4172
85.417910 238 4172
85.429873 1198 4172
85.429929 1102 4172
85.440646 1198 4172
85.440753 1198 4172
85.440803 318 4172
85.453889 1198 4172
85.454046 414 4172
85.465963 1198 4172
85.466016 1198 4172
85.466056 398 4172
85.473726 1198 4172
85.473777 1198 4172
85.481792 1198 4172
85.481840 1198 4172
85.481878 206 4172
85.481911 1198 4172
85.484530 1198 4172
85.484576 766 4172
85.484617 462 4172
85.501537 1038 4172
85.513804 1198 4172
85.525854 1198 4172
85.525912 974 4172
85.528786 1198 4172
85.528841 1198 4172
85.528888 910 4172
85.546097 1198 4172
85.546145 1198 4172
85.546188 318 4172
85.558050 1198 4172
85.558111 1198 4172
85.558151 1198 4172
85.558191 446 4172
85.558229 110 4172
85.558268 110 4172
85.558306 110 4172
85.560735 1198 4172
85.560786 1198 4172
85.560821 1198 4172
85.560871 382 4172
85.566069 1198 4172
85.572628 1198 4172
85.572673 1198 4172
85.572718 1198 4172
85.572758 510 4172
85.585808 1198 4172
85.585888 1198 4172
85.585928 1166 4172
85.597450 1198 4172
85.597502 1198 4172
85.597541 446 4172
85.605519 1198 4172
85.605565 286 4172
85.616684 1198 4172
85.616734 430 4172
85.626077 1198 4172
85.626129 1198 4172
85.626171 510 4172
85.638187 1198 4172
85.638237 1198 4172
85.638280 1198 4172
85.638321 958 4172
85.650250 1198 4172
85.650300 1198 4172
85.650355 1198 4172
85.650396 1198 4172
85.650437 670 4172
85.660669 1198 4172
85.660714 1198 4172
85.660752 1198 4172
85.660790 1198 4172
85.660828 798 4172
85.674268 1198 4172
85.674319 1198 4172
85.674362 1198 4172
85.674402 1198 4172
85.674442 670 4172
85.686119 1198 4172
85.686171 1198 4172
85.686215 1198 4172
85.686254 1198 4172
85.686292 910 4172
85.692580 1198 4172
85.692632 1198 4172
85.692674 1198 4172
85.692713 1198 4172
85.697977 270 4172
85.704965 1198 4172
85.705008 1198 4172
85.705053 1198 4172
85.709472 366 4172
85.721975 1198 4172
85.722028 686 4172
85.748543 1198 4172
85.748595 1198 4172
85.748636 1198 4172
85.748675 526 4172
85.836650 110 4172
85.836750 110 4172
85.836830 110 4172
85.880805 110 4172
86.012663 110 4172
86.100819 110 4172
86.100894 110 4172
86.100954 110 4172
86.360926 110 4172
86.361026 110 4172
86.361111 110 4172
86.668810 110 4172
86.888672 110 4172
86.932688 110 4172
87.020557 110 4172
87.196562 110 4172
87.460721 110 4172
87.724598 110 4172
87.900724 110 4172
87.977462 110 4172
87.988513 110 4172
88.244716 110 4172
88.905070 110 4172
88.992620 110 4172
89.916772 110 4172
90.004660 110 4172
90.896684 110 4172
90.920583 110 4172
91.008560 110 4172
91.880682 110 4172
92.012663 110 4172
92.888658 110 4172
93.020484 110 4172
93.592569 110 4172
93.896966 110 4172
93.984590 110 4172
94.908537 110 4172
94.996501 110 4172
95.149281 174 4172
95.149352 174 4172
95.149386 174 4172
95.149418 174 4172
95.152844 174 4172
95.152876 174 4172
95.152907 174 4172
95.152937 174 4172
95.156695 174 4172
95.156743 174 4172
95.156779 174 4172
95.156812 174 4172
95.163445 174 4172
95.163487 174 4172
95.163521 174 4172
95.163553 190 4172
95.172549 1198 4172
95.172582 1198 4172
95.172614 1198 4172
95.172646 270 4172
95.260522 1198 4172
95.386967 190 4172
95.392524 1198 4172
95.392576 1198 4172
95.392618 1198 4172
95.392658 126 4172
95.473038 110 4172
95.480530 158 4172
95.505372 814 4172
95.517318 1198 4172
95.517376 1198 4172
95.517425 1198 4172
95.517470 1198 4172
95.517519 1198 4172
95.517560 814 4172
95.524565 1198 4172
95.524621 1198 4172
95.524666 1198 4172
95.524710 1198 4172
95.524758 1198 4172
95.537296 1198 4172
95.537355 1198 4172
95.537406 1198 4172
95.537451 1198 4172
95.537500 1198 4172
95.537544 110 4172
95.549378 1198 4172
95.549441 1198 4172
95.549547 1198 4172
95.549593 1198 4172
95.549637 1054 4172
95.549680 254 4172
95.557260 1198 4172
95.557315 1198 4172
95.557357 1198 4172
95.557399 1198 4172
95.557439 1198 4172
95.557480 910 4172
95.564544 1198 4172
95.564590 1198 4172
95.568588 1198 4172
95.568633 1198 4172
95.580605 670 4172
95.580724 1198 4172
95.580775 1198 4172
95.588561 1198 4172
95.588606 1198 4172
95.596497 1182 4172
95.596642 1198 4172
95.604651 1198 4172
95.604653 1198 4172
95.612656 1198 4172
95.612658 1198 4172
95.620583 110 4172
95.620661 1022 4172
95.620751 1198 4172
95.628580 1198 4172
95.636552 1198 4172
95.636593 1198 4172
95.644543 222 4172
95.644587 1198 4172
95.644630 1198 4172
95.652565 1198 4172
95.652627 1198 4172
95.656540 1198 4172
95.656605 1198 4172
95.668625 1198 4172
95.668627 1198 4172
95.676591 478 4172
95.676748 1198 4172
95.676788 1198 4172
95.684604 1198 4172
95.684665 1198 4172
95.692651 1198 4172
95.692653 1198 4172
95.700615 574 4172
95.700616 1198 4172
95.708560 1198 4172
95.708620 1198 4172
95.708668 1198 4172
95.716511 110 4172
95.716565 1198 4172
95.724579 1198 4172
95.724634 1198 4172
95.732639 366 4172
95.732694 1198 4172
95.732744 1198 4172
95.740552 1198 4172
95.744548 1198 4172
95.744611 1198 4172
95.756525 1198 4172
95.756587 510 4172
95.756633 1198 4172
95.764565 1198 4172
95.764622 1198 4172
95.772547 1198 4172
95.772599 1198 4172
95.780535 1198 4172
95.780592 1198 4172
95.788497 926 4172
95.788560 1198 4172
95.796550 1198 4172
95.804522 1198 4172
95.804585 1198 4172
95.812555 1198 4172
95.812609 1198 4172
95.820567 222 4172
95.820619 1198 4172
95.820668 1198 4172
95.828524 1198 4172
95.828574 1198 4172
95.832619 1198 4172
95.832675 1198 4172
95.844579 1198 4172
95.844686 830 4172
95.844796 1198 4172
95.852531 398 4172
95.852584 1198 4172
95.860501 142 4172
95.860560 1198 4172
95.860608 1198 4172
95.868574 1198 4172
95.868622 1198 4172
95.876405 1198 4172
95.876478 1198 4172
95.884544 1198 4172
95.884593 302 4172
95.884633 1198 4172
95.893414 1070 4172
95.893468 1198 4172
95.900571 1198 4172
95.900632 110 4172
95.900684 1198 4172
95.908469 1198 4172
95.908518 798 4172
95.908564 1198 4172
95.916598 1198 4172
95.916632 1198 4172
95.920553 1198 4172
95.920595 1086 4172
95.932645 1198 4172
95.932693 1198 4172
95.940624 1198 4172
95.940668 1198 4172
95.948505 1198 4172
95.948554 670 4172
95.948597 1198 4172
95.956603 1198 4172
95.956657 1198 4172
95.964567 1198 4172
95.964619 1166 4172
95.972459 1198 4172
95.972509 1198 4172
95.980569 110 4172
95.980623 926 4172
95.988591 1198 4172
95.988643 622 4172
95.996515 110 4172
95.996568 1198 4172
95.996613 894 4172
95.996663 1198 4172
96.005163 638 4172
96.005202 206 4172
96.005249 1198 4172
96.008499 782 4172
96.025166 766 4172
96.033166 782 4172
96.045175 926 4172
96.052504 638 4172
96.096591 110 4172
96.184555 110 4172
96.272547 110 4172
96.272613 110 4172
96.272660 110 4172
96.536845 110 4172
96.536920 110 4172
96.536922 110 4172
96.796635 110 4172
96.884519 110 4172
97.012577 110 4172
97.056477 110 4172
97.320600 110 4172
97.580551 110 4172
97.844588 110 4172
97.888483 110 4172
98.020492 110 4172
98.108552 110 4172
98.368682 110 4172
98.892611 110 4172
98.980552 110 4172
99.900579 110 4172
99.988518 110 4172
100.908707 110 4172
100.996502 110 4172
101.040532 110 4172
101.920540 110 4172
102.008549 110 4172
102.888439 110 4172
103.768442 110 4172
103.900490 110 4172
103.988505 110 4172
104.486900 1198 4172
104.486971 1198 4172
104.487047 1198 4172
104.487064 1198 4172
104.487097 1198 4172
104.487126 1198 4172
104.487155 1198 4172
104.487182 1006 4172
104.489826 1198 4172
104.490154 558 4172
104.490827 622 4172
104.490874 1198 4172
104.490908 1198 4172
104.490935 1198 4172
104.490963 1198 4172
104.490991 1198 4172
104.491024 798 4172
104.500523 1198 4172
104.500551 430 4172
104.500577 1198 4172
104.500602 1198 4172
104.500629 1198 4172
104.510729 1198 4172
104.510765 862 4172
104.516416 1198 4172
104.516451 1198 4172
104.524382 1198 4172
104.524411 1198 4172
104.532425 366 4172
104.532570 1198 4172
104.540438 1198 4172
104.540475 1198 4172
104.548803 1198 4172
104.548835 1198 4172
104.556465 126 4172
104.556521 1198 4172
104.556554 1198 4172
104.564359 1198 4172
104.564391 1198 4172
104.572448 1198 4172
104.572490 1198 4172
104.576264 158 4172
104.588417 1198 4172
104.596452 1198 4172
104.604505 1198 4172
104.612489 1198 4172
104.620524 510 4172
104.620560 1198 4172
104.628435 1198 4172
104.636418 1198 4172
104.644490 1198 4172
104.652476 1198 4172
104.660440 1198 4172
104.660512 654 4172
104.664414 1198 4172
104.672910 60 60000
104.676368 1198 4172
104.684407 1198 4172
104.692369 1198 4172
104.700474 1198 4172
104.700555 814 4172
104.708449 1198 4172
104.716465 1198 4172
104.724445 1198 4172
104.732446 430 4172
104.732528 590 4172
104.732541 478 4172
104.740430 1198 4172
104.748491 1198 4172
104.752335 1198 4172
104.764529 1198 4172
104.764534 1198 4172
104.772378 1198 4172
104.780511 1198 4172
104.796427 110 4172
104.796509 206 4172
104.796511 1198 4172
104.804417 1198 4172
104.812420 1198 4172
104.820387 1198 4172
104.828371 1198 4172
104.836374 1198 4172
104.852567 894 4172
104.852603 254 4172
104.852634 270 4172
104.860513 318 4172
104.860550 1198 4172
104.868468 1198 4172
104.876524 1198 4172
104.884453 1198 4172
104.892567 110 4172
104.892646 1198 4172
104.900576 1198 4172
104.900608 1198 4172
104.908445 1198 4172
104.916379 334 4172
104.916521 1198 4172
104.924398 1198 4172
104.928361 1198 4172
104.940386 1198 4172
104.948396 1198 4172
104.956406 1006 4172
104.964399 1198 4172
104.972392 1198 4172
104.980396 1198 4172
104.980434 1198 4172
104.988447 1198 4172
104.996442 110 4172
104.996475 1198 4172
105.004380 430 4172
105.012407 1198 4172
105.012448 1198 4172
105.018592 1198 4172
105.028452 1198 4172
105.036714 1198 4172
105.045530 1134 4172
105.052497 110 4172
105.052530 1198 4172
105.060410 1198 4172
105.069148 1198 4172
105.079325 1198 4172
105.088508 1198 4172
105.092729 1198 4172
105.092764 910 4172
105.100657 1198 4172
105.108443 1198 4172
105.119606 1198 4172
105.124408 1198 4172
105.142045 1198 4172
105.153427 126 4172
105.153995 1198 4172
105.154026 814 4172
105.154054 1198 4172
105.156405 1198 4172
105.172902 1198 4172
105.183552 1198 4172
105.193388 1102 4172
105.196939 1198 4172
105.198484 1198 4172
105.205997 1198 4172
105.212471 1198 4172
105.217705 1198 4172
105.230543 1198 4172
105.236547 1198 4172
105.245887 1198 4172
105.255245 126 4172
105.255325 1198 4172
105.260889 1198 4172
105.268505 1198 4172
105.278883 1198 4172
105.284761 1198 4172
105.289104 1198 4172
105.292409 734 4172
105.301992 238 4172
105.302014 270 4172
105.302045 1198 4172
105.308461 1198 4172
105.316464 1198 4172
105.329305 110 4172
105.329327 1198 4172
105.332545 1198 4172
105.340465 462 4172
105.340491 366 4172
105.340523 1198 4172
105.348385 990 4172
105.356514 1166 4172
105.364356 958 4172
105.364392 1198 4172
105.372515 430 4172
105.380379 1198 4172
105.380406 1086 4172
105.388454 1198 4172
105.396398 1198 4172
105.404853 174 4172
105.404879 1198 4172
105.412412 1118 4172
105.420481 1198 4172
105.428399 974 4172
105.428440 1198 4172
105.436485 1198 4172
105.445055 1198 4172
105.453207 286 4172
105.453229 1198 4172
105.460390 1198 4172
105.468459 126 4172
105.468490 1198 4172
105.468520 1198 4172
105.471802 60 60000
105.476386 958 4172
105.492440 1086 4172
105.492471 1166 4172
105.508526 1118 4172
105.522355 926 4172
105.523063 1198 4172
105.523183 1198 4172
105.526950 462 4172
105.532374 526 4172
105.532405 174 4172
105.532435 174 4172
105.532467 1198 4172
105.537024 1198 4172
105.548420 1198 4172
105.559201 142 4172
105.560305 1198 4172
105.560343 1198 4172
105.564804 1198 4172
105.573550 878 4172
105.580392 1198 4172
105.580422 1198 4172
105.596759 1198 4172
105.605027 110 4172
105.605058 958 4172
105.605094 1198 4172
105.613657 1198 4172
105.613684 1198 4172
105.620384 1070 4172
105.625812 1198 4172
105.636461 1198 4172
105.647316 1198 4172
105.647638 1102 4172
105.652400 1198 4172
105.660631 1198 4172
105.668480 1198 4172
105.676405 1038 4172
105.676431 1198 4172
105.684393 1198 4172
105.692507 1198 4172
105.700470 1102 4172
105.700500 1198 4172
105.708385 1198 4172
105.712389 1198 4172
105.724425 1198 4172
105.732658 270 4172
105.732826 1198 4172
105.740748 1198 4172
105.748461 1198 4172
105.748486 1198 4172
105.757462 782 4172
105.763280 1198 4172
105.764336 1198 4172
105.774122 1198 4172
105.780427 1198 4172
105.792895 638 4172
105.792964 1198 4172
105.796326 1198 4172
105.807767 1198 4172
105.812411 1198 4172
105.823189 1198 4172
105.828385 1198 4172
105.836520 1198 4172
105.844361 846 4172
105.850467 174 4172
105.850520 1198 4172
105.860353 110 4172
105.860380 1198 4172
105.869324 686 4172
105.869360 782 4172
105.876327 1198 4172
105.876366 1198 4172
105.884378 1198 4172
105.892334 270 4172
105.892362 302 4172
105.892394 110 4172
105.900402 238 4172
105.900444 494 4172
105.908381 1198 4172
105.916387 1198 4172
105.916464 1198 4172
105.924373 1198 4172
105.932493 1198 4172
105.936545 846 4172
105.936580 1198 4172
105.948491 1198 4172
105.956424 1198 4172
105.964632 1198 4172
105.972430 942 4172
105.972479 1198 4172
105.980437 1198 4172
105.988331 110 4172
105.988386 1198 4172
105.996455 1022 4172
106.004437 1198 4172
106.004475 1198 4172
106.012499 1198 4172
106.020460 1054 4172
106.024744 1198 4172
106.024830 1198 4172
106.036496 1198 4172
106.052500 1198 4172
106.060440 1198 4172
106.060512 1198 4172
106.068524 1070 4172
106.076435 1198 4172
106.084411 1198 4172
106.092419 110 4172
106.092509 1086 4172
106.092551 1198 4172
106.100468 1198 4172
106.108360 222 4172
106.108459 1198 4172
106.112297 1198 4172
106.124539 1198 4172
106.132520 1198 4172
106.132569 110 4172
106.132610 702 4172
106.140437 1198 4172
106.148327 1198 4172
106.156409 1198 4172
106.164410 542 4172
106.172342 1198 4172
106.172399 1198 4172
106.180400 1198 4172
106.188427 1198 4172
106.196423 1198 4172
106.200534 558 4172
106.200591 1198 4172
106.212447 1198 4172
106.220423 1198 4172
106.220480 1198 4172
106.228464 766 4172
106.244434 126 4172
106.372829 126 4172
106.376563 126 4172
106.388797 126 4172
106.400816 126 4172
106.400933 110 4172
106.412912 126 4172
106.420356 126 4172
106.436877 126 4172
106.444926 142 4172
106.456864 126 4172
106.464419 126 4172
106.472953 1102 4172
106.484984 670 4172
106.497472 494 4172
106.508408 526 4172
106.521621 638 4172
106.533626 766 4172
106.545643 750 4172
106.552836 750 4172
106.561554 878 4172
106.573599 1166 4172
106.585597 1198 4172
106.585660 414 4172
106.593609 1198 4172
106.593661 126 4172
106.596368 1198 4172
106.596420 382 4172
106.609104 1198 4172
106.609159 606 4172
106.621171 942 4172
106.633720 830 4172
106.653641 894 4172
106.665780 1118 4172
106.673605 1118 4172
106.673693 110 4172
106.673695 110 4172
106.673735 110 4172
106.684478 1134 4172
106.697730 1198 4172
106.697776 302 4172
106.709806 1198 4172
106.709851 766 4172
106.709886 830 4172
106.721724 1198 4172
106.721771 1198 4172
106.721812 238 4172
106.728566 1198 4172
106.728606 942 4172
106.741848 1198 4172
106.741882 1198 4172
106.741920 414 4172
106.749190 1198 4172
106.749239 1198 4172
106.749321 446 4172
106.761216 1198 4172
106.772386 1006 4172
106.781661 1198 4172
106.781714 334 4172
106.793859 1198 4172
106.793909 622 4172
106.805670 1198 4172
106.805960 862 4172
106.813688 1198 4172
106.813740 942 4172
106.816374 1198 4172
106.816420 990 4172
106.829877 1198 4172
106.829880 1198 4172
106.838069 1198 4172
106.838155 1198 4172
106.838158 942 4172
106.849889 1198 4172
106.849995 1198 4172
106.850000 1198 4172
106.850042 750 4172
106.858021 1198 4172
106.858064 1198 4172
106.858108 894 4172
106.858150 254 4172
106.860353 1198 4172
106.860397 1198 4172
106.860437 1198 4172
106.872581 942 4172
106.872634 1198 4172
106.880398 1198 4172
106.888720 1198 4172
106.896445 1198 4172
106.896492 110 4172
106.896532 206 4172
106.904982 1198 4172
106.905033 430 4172
106.912425 1198 4172
106.912472 254 4172
106.920817 1198 4172
106.920857 1198 4172
106.928393 110 4172
106.928455 110 4172
106.928500 110 4172
106.928543 494 4172
106.936538 1198 4172
106.936627 1198 4172
106.944431 1086 4172
106.948350 1198 4172
106.960437 1198 4172
106.960461 1198 4172
106.968589 670 4172
106.976416 1198 4172
106.976463 1198 4172
106.984568 1198 4172
106.992401 814 4172
106.992462 110 4172
107.000719 1198 4172
107.001867 1198 4172
107.016631 1134 4172
107.024387 1198 4172
107.024476 1198 4172
107.032565 1198 4172
107.036355 1198 4172
107.048949 1198 4172
107.048984 414 4172
107.056411 1198 4172
107.056467 1198 4172
107.064566 1198 4172
107.080557 1166 4172
107.088388 1198 4172
107.088433 110 4172
107.088468 1198 4172
107.096586 1198 4172
107.104420 1198 4172
107.112650 1118 4172
107.120401 1198 4172
107.124419 1198 4172
107.136470 1198 4172
107.144594 1198 4172
107.152428 1198 4172
107.160517 606 4172
107.160574 1198 4172
107.168385 1198 4172
107.176518 1198 4172
107.184395 1198 4172
107.184437 1198 4172
107.192558 974 4172
107.200408 1198 4172
107.200454 1198 4172
107.208520 110 4172
107.208564 110 4172
107.208609 110 4172
107.208646 110 4172
107.212376 1198 4172
107.212412 1198 4172
107.224576 1198 4172
107.232507 1198 4172
107.240522 1198 4172
107.240563 382 4172
107.256726 1102 4172
107.300395 110 4172
107.388408 110 4172
107.476409 110 4172
107.476453 110 4172
107.476493 110 4172
107.740411 110 4172
107.740450 110 4172
107.740485 110 4172
107.916429 110 4172
108.004412 110 4172
108.048494 110 4172
108.312527 110 4172
108.576394 110 4172
108.840526 110 4172
108.884236 110 4172
109.012402 110 4172
109.100381 110 4172
109.892298 110 4172
109.980581 110 4172
110.904953 110 4172
110.992371 110 4172
111.912335 110 4172
112.000455 110 4172
112.920305 110 4172
113.008435 110 4172
113.880303 110 4172
114.012381 110 4172
114.254031 366 4172
114.254087 174 4172
114.257248 1198 4172
114.257279 1198 4172
114.257307 574 4172
114.260500 1198 4172
114.260542 1198 4172
114.260577 878 4172
114.268333 1198 4172
114.268375 1198 4172
114.268409 1198 4172
114.276158 1198 4172
114.276193 1198 4172
114.276222 1198 4172
114.288178 1054 4172
114.288380 1198 4172
114.296251 1198 4172
114.304328 1198 4172
114.312315 958 4172
114.312365 1198 4172
114.320287 1086 4172
114.328298 1198 4172
114.336253 1198 4172
114.336303 1198 4172
114.344191 1038 4172
114.352215 1198 4172
114.360292 1198 4172
114.360436 1198 4172
114.364262 1086 4172
114.376301 1198 4172
114.384324 1198 4172
114.384365 1198 4172
114.392327 1198 4172
114.400329 254 4172
114.400426 1198 4172
114.409088 1198 4172
114.416359 1198 4172
114.416491 110 4172
114.424336 1198 4172
114.424385 734 4172
114.432314 1198 4172
114.440319 1198 4172
114.440363 1198 4172
114.448336 1198 4172
114.452281 558 4172
114.452323 1198 4172
114.464220 1198 4172
114.472421 1198 4172
114.480306 1198 4172
114.480341 590 4172
114.488305 1198 4172
114.488346 1198 4172
114.496310 1198 4172
114.504765 1198 4172
114.512401 782 4172
114.512443 174 4172
114.512482 318 4172
114.520303 1198 4172
114.520345 1198 4172
114.528300 1118 4172
114.540247 526 4172
114.672337 638 4172
114.685494 766 4172
114.685588 110 4172
114.693459 750 4172
114.705621 862 4172
114.716299 878 4172
114.729584 1166 4172
114.741497 1198 4172
114.741537 414 4172
114.749562 1198 4172
114.749605 126 4172
114.760298 1198 4172
114.760334 382 4172
114.772661 1198 4172
114.772708 606 4172
114.786936 414 4172
114.793204 1198 4172
114.793254 1198 4172
114.793290 1198 4172
114.793325 990 4172
114.804259 1198 4172
114.804311 526 4172
114.813517 830 4172
114.821508 894 4172
114.833510 1118 4172
114.845502 1118 4172
114.848251 1134 4172
114.865610 1198 4172
114.865644 302 4172
114.877558 1198 4172
114.885613 110 4172
114.885662 1198 4172
114.885729 1198 4172
114.885769 238 4172
114.892244 1198 4172
114.892284 942 4172
114.897653 766 4172
114.905847 1198 4172
114.905889 1198 4172
114.905923 414 4172
114.918706 1198 4172
114.918755 1198 4172
114.918789 446 4172
114.925103 1198 4172
114.925153 1102 4172
114.936380 878 4172
114.949618 1198 4172
114.949672 334 4172
114.949712 110 4172
114.961645 1198 4172
114.961743 622 4172
114.973598 1198 4172
114.973649 862 4172
114.977506 1198 4172
114.977551 942 4172
114.980257 110 4172
114.993696 1198 4172
115.001800 1198 4172
115.001846 1198 4172
115.013985 1198 4172
115.014070 1198 4172
115.014149 942 4172
115.021861 1198 4172
115.021914 1198 4172
115.021954 1198 4172
115.021992 750 4172
115.022029 990 4172
115.024243 1198 4172
115.024279 1198 4172
115.024314 894 4172
115.024346 254 4172
115.040287 1198 4172
115.040395 1198 4172
115.040431 1198 4172
115.048329 942 4172
115.056186 1198 4172
115.064543 1198 4172
115.064586 1198 4172
115.068254 1198 4172
115.080308 206 4172
115.080345 1198 4172
115.088304 142 4172
115.088348 110 4172
115.088386 1198 4172
115.096285 206 4172
115.096334 1198 4172
115.104307 1198 4172
115.104347 494 4172
115.112292 1198 4172
115.112339 1198 4172
115.120270 1086 4172
115.128298 1198 4172
115.136286 1198 4172
115.136339 1198 4172
115.144305 670 4172
115.152316 1198 4172
115.152375 1198 4172
115.156253 1198 4172
115.168338 814 4172
115.168421 1198 4172
115.176295 1198 4172
115.184292 1198 4172
115.192291 1134 4172
115.192331 110 4172
115.192368 1198 4172
115.200350 1198 4172
115.208311 1198 4172
115.208406 1198 4172
115.216306 110 4172
115.216401 110 4172
115.216442 110 4172
115.216487 414 4172
115.224239 1198 4172
115.224284 1198 4172
115.232357 1198 4172
115.240318 1198 4172
115.240410 1166 4172
115.244272 1198 4172
115.256567 1198 4172
115.264325 1198 4172
115.272492 1198 4172
115.280292 1118 4172
115.280330 1198 4172
115.288281 1198 4172
115.296327 1198 4172
115.296534 1198 4172
115.304311 110 4172
115.304356 606 4172
115.312321 1198 4172
115.312357 1198 4172
115.320297 1198 4172
115.328336 1198 4172
115.328376 1198 4172
115.332261 1198 4172
115.344353 974 4172
115.344452 1198 4172
115.352313 1198 4172
115.360360 1198 4172
115.360500 1198 4172
115.368355 1198 4172
115.376266 382 4172
115.376313 1198 4172
115.384306 894 4172
115.392360 1198 4172
115.392409 526 4172
115.420295 110 4172
115.420375 1198 4172
115.508284 110 4172
115.508423 110 4172
115.508468 110 4172
115.596237 110 4172
115.772339 110 4172
115.772423 110 4172
115.772468 110 4172
115.904336 110 4172
115.992322 110 4172
116.344428 110 4172
116.564474 110 4172
116.868348 110 4172
116.912342 110 4172
117.000297 110 4172
117.128611 110 4172
117.392355 110 4172
117.656295 110 4172
117.920354 110 4172
118.008321 110 4172
118.888252 110 4172
119.016299 110 4172
119.896168 110 4172
119.984246 110 4172
120.336355 110 4172
120.908202 110 4172
120.996225 110 4172
121.916234 110 4172
122.004214 110 4172
122.880178 110 4172
122.996282 110 4172
123.012220 110 4172
123.892235 110 4172
123.980500 110 4172
124.900303 110 4172
124.988326 110 4172
125.586991 1198 4172
125.587065 1198 4172
125.587160 1198 4172
125.587193 1198 4172
125.587224 1198 4172
125.587259 1198 4172
125.587283 1198 4172
125.587324 974 4172
125.596548 1198 4172
125.596611 1198 4172
125.596642 1198 4172
125.596696 1198 4172
125.600209 1198 4172
125.600251 1198 4172
125.604018 862 4172
125.604052 1198 4172
125.604086 1198 4172
125.616184 1198 4172
125.624322 1198 4172
125.624357 1198 4172
125.632156 1198 4172
125.640176 1022 4172
125.640274 1198 4172
125.652360 1198 4172
125.652424 1198 4172
125.656232 1198 4172
125.664202 1198 4172
125.664289 1198 4172
125.672268 334 4172
125.672310 1198 4172
125.680206 110 4172
125.680260 1198 4172
125.680301 1198 4172
125.689396 1198 4172
125.696219 1198 4172
125.696256 1198 4172
125.704229 1198 4172
125.712176 1198 4172
125.723278 1198 4172
125.723314 1198 4172
125.724093 60 60000
125.728103 1198 4172
125.736304 1198 4172
125.736355 654 4172
125.740095 702 4172
125.740187 1198 4172
125.752161 1198 4172
125.752592 1198 4172
125.760079 1198 4172
125.760117 1198 4172
125.768339 1198 4172
125.776192 510 4172
125.776238 1198 4172
125.784443 1198 4172
125.786478 1198 4172
125.792171 1198 4172
125.792311 1198 4172
125.800382 1198 4172
125.808188 990 4172
125.808233 1198 4172
125.816212 1198 4172
125.816266 1198 4172
125.824123 1198 4172
125.828065 1198 4172
125.828099 1198 4172
125.840152 1022 4172
125.840205 1198 4172
125.848309 1198 4172
125.856190 1198 4172
125.856237 1198 4172
125.864177 1198 4172
125.864227 1198 4172
125.872202 1198 4172
125.880176 238 4172
125.880305 1198 4172
125.880342 1198 4172
125.888187 1198 4172
125.896064 1198 4172
125.896146 1198 4172
125.904254 1198 4172
125.904288 1198 4172
125.912419 286 4172
125.912476 1198 4172
125.916133 1198 4172
125.916171 1198 4172
125.928267 1198 4172
125.936240 1198 4172
125.936321 1198 4172
125.944251 878 4172
125.944295 1198 4172
125.952079 110 4172
125.952122 1198 4172
125.952159 1198 4172
125.960127 1198 4172
125.968198 1102 4172
125.978279 1198 4172
125.978679 1198 4172
125.984112 1198 4172
125.992209 1198 4172
126.000160 1198 4172
126.000196 542 4172
126.000231 1198 4172
126.004087 1198 4172
126.016148 1198 4172
126.016190 1198 4172
126.024184 1198 4172
126.024215 1198 4172
126.032144 1198 4172
126.032159 878 4172
126.040477 1198 4172
126.040529 1198 4172
126.048087 1198 4172
126.056520 1198 4172
126.056545 1198 4172
126.065102 1198 4172
126.065284 1198 4172
126.074244 702 4172
126.074297 414 4172
126.074322 1198 4172
126.080142 1198 4172
126.080172 1198 4172
126.088208 1198 4172
126.092142 1198 4172
126.092177 1198 4172
126.105583 350 4172
126.105621 1198 4172
126.105657 1198 4172
126.112155 1198 4172
126.120313 1198 4172
126.120460 1198 4172
126.128151 1198 4172
126.128182 606 4172
126.136331 1198 4172
126.136386 1198 4172
126.153088 1198 4172
126.153123 1198 4172
126.160540 1198 4172
126.160563 1198 4172
126.160594 654 4172
126.160656 1198 4172
126.168413 1198 4172
126.169172 1198 4172
126.176148 1198 4172
126.180110 1198 4172
126.180145 1198 4172
126.192218 1054 4172
126.192282 1198 4172
126.205788 1198 4172
126.206640 1198 4172
126.208781 1198 4172
126.208814 1198 4172
126.227328 1198 4172
126.232573 926 4172
126.232589 110 4172
126.232637 1198 4172
126.232675 1198 4172
126.249516 1198 4172
126.251279 126 4172
126.251945 1198 4172
126.252407 750 4172
126.256766 1198 4172
126.256827 1198 4172
126.256867 1198 4172
126.266993 1198 4172
126.272727 1198 4172
126.273215 1198 4172
126.280494 686 4172
126.280522 1198 4172
126.288670 1198 4172
126.288699 1198 4172
126.299105 1198 4172
126.299446 1198 4172
126.306281 270 4172
126.306493 1198 4172
126.318355 1198 4172
126.318421 1198 4172
126.320183 1198 4172
126.320220 1198 4172
126.325065 1198 4172
126.325098 1198 4172
126.336190 350 4172
126.336484 1198 4172
126.344357 1198 4172
126.344387 1198 4172
126.352330 1198 4172
126.352375 1198 4172
126.360186 1006 4172
126.360223 1198 4172
126.372405 1198 4172
126.376209 1198 4172
126.376230 1198 4172
126.385508 1198 4172
126.385567 1198 4172
126.401765 174 4172
126.422029 1198 4172
126.422815 1198 4172
126.435806 1198 4172
126.435916 1198 4172
126.435991 1198 4172
126.436227 1198 4172
126.436281 414 4172
126.436312 1198 4172
126.436347 1198 4172
126.436392 1198 4172
126.440347 1198 4172
126.440378 1198 4172
126.440605 1198 4172
126.447375 366 4172
126.447418 1198 4172
126.457207 1198 4172
126.457278 1198 4172
126.464206 1198 4172
126.464230 1198 4172
126.478558 1198 4172
126.482285 382 4172
126.482312 1198 4172
126.482344 1198 4172
126.489184 1198 4172
126.489258 1198 4172
126.500314 110 4172
126.506084 1198 4172
126.506107 1198 4172
126.506147 750 4172
126.512169 1198 4172
126.512195 1198 4172
126.522374 1198 4172
126.522471 1198 4172
126.528125 814 4172
126.528154 270 4172
126.534035 60 60000
126.544863 1198 4172
126.544971 1198 4172
126.548238 1198 4172
126.548266 382 4172
126.548308 1198 4172
126.548344 1198 4172
126.556105 1198 4172
126.564070 446 4172
126.564111 1198 4172
126.564144 558 4172
126.572516 1198 4172
126.572557 1198 4172
126.580092 1198 4172
126.580133 1198 4172
126.591708 734 4172
126.591790 1198 4172
126.596135 1198 4172
126.596171 1198 4172
126.604079 1198 4172
126.612114 830 4172
126.612189 1198 4172
126.620076 1198 4172
126.620111 1198 4172
126.628114 1198 4172
126.636352 1198 4172
126.636394 1198 4172
126.644256 1198 4172
126.644287 1198 4172
126.660218 910 4172
126.660347 1198 4172
126.668199 1198 4172
126.668223 1198 4172
126.668261 1198 4172
126.672412 846 4172
126.672446 1198 4172
126.684179 1198 4172
126.684205 1006 4172
126.692188 1198 4172
126.692193 1198 4172
126.700192 606 4172
126.700218 1198 4172
126.708310 1198 4172
126.708335 1198 4172
126.720125 1198 4172
126.720400 478 4172
126.720447 1198 4172
126.724186 1198 4172
126.734042 1198 4172
126.734046 1198 4172
126.740083 414 4172
126.740141 1198 4172
126.740147 1198 4172
126.750415 1198 4172
126.758191 110 4172
126.758537 1198 4172
126.758620 350 4172
126.758654 1198 4172
126.764130 1198 4172
126.764158 1198 4172
126.772116 1198 4172
126.772141 270 4172
126.781134 1198 4172
126.781180 1198 4172
126.788134 1198 4172
126.788284 1198 4172
126.798871 286 4172
126.798908 1198 4172
126.805704 1198 4172
126.810696 1198 4172
126.812927 446 4172
126.818954 1198 4172
126.819015 1198 4172
126.820062 1198 4172
126.828410 638 4172
126.828485 446 4172
126.828522 222 4172
126.836141 1198 4172
126.836200 1198 4172
126.862567 1198 4172
126.862600 1198 4172
126.868154 542 4172
126.868188 1198 4172
126.868221 1198 4172
126.868256 1198 4172
126.868281 1198 4172
126.868310 798 4172
126.877656 1198 4172
126.878338 1198 4172
126.886860 1198 4172
126.887136 1198 4172
126.901406 110 4172
126.901416 1022 4172
126.901516 1198 4172
126.908425 1198 4172
126.908472 1198 4172
126.908595 1198 4172
126.908635 1086 4172
126.917676 1198 4172
126.917693 1198 4172
126.924182 1198 4172
126.924234 1198 4172
126.932095 1198 4172
126.943957 206 4172
126.944034 1198 4172
126.944064 1198 4172
126.944106 1198 4172
126.948083 1198 4172
126.956122 1150 4172
126.956162 1198 4172
126.965080 1198 4172
126.965206 1198 4172
126.979834 1198 4172
126.995584 1086 4172
126.995685 1198 4172
126.996115 1198 4172
126.996154 110 4172
126.996208 1198 4172
126.996246 1198 4172
126.996270 750 4172
127.011460 1198 4172
127.011543 1198 4172
127.012063 1198 4172
127.012100 1198 4172
127.027437 638 4172
127.027612 1198 4172
127.029083 1198 4172
127.029152 1198 4172
127.043241 110 4172
127.043262 1198 4172
127.043290 574 4172
127.044157 1198 4172
127.044194 1198 4172
127.052134 1198 4172
127.052168 1198 4172
127.060239 494 4172
127.060273 1198 4172
127.072810 1198 4172
127.076062 1198 4172
127.076098 382 4172
127.076129 1198 4172
127.090924 1198 4172
127.091014 1198 4172
127.092059 1198 4172
127.104059 366 4172
127.104077 1198 4172
127.104127 1198 4172
127.108079 1198 4172
127.116707 1198 4172
127.116753 590 4172
127.124075 1198 4172
127.124115 1198 4172
127.132095 1198 4172
127.132140 1198 4172
127.140146 830 4172
127.140183 1198 4172
127.148097 1038 4172
127.148143 1198 4172
127.156059 1198 4172
127.156106 1198 4172
127.164088 670 4172
127.164122 1198 4172
127.172114 1198 4172
127.172156 1198 4172
127.176889 1198 4172
127.176931 782 4172
127.188172 1198 4172
127.188203 1198 4172
127.196113 1198 4172
127.196155 1198 4172
127.204075 1006 4172
127.204117 1198 4172
127.212147 1198 4172
127.212179 1198 4172
127.220073 1198 4172
127.228161 1086 4172
127.228204 1198 4172
127.236304 1198 4172
127.236409 1198 4172
127.244166 1198 4172
127.244218 1198 4172
127.252081 206 4172
127.252128 1198 4172
127.252167 1198 4172
127.260191 1198 4172
127.260234 1198 4172
127.264090 1150 4172
127.276249 1198 4172
127.276370 1198 4172
127.284131 1198 4172
127.284177 1198 4172
127.292166 1086 4172
127.300094 1198 4172
127.300137 110 4172
127.300172 1198 4172
127.308173 1198 4172
127.316141 1198 4172
127.316244 1198 4172
127.324171 1198 4172
127.324212 1198 4172
127.332133 1198 4172
127.332172 622 4172
127.340066 1198 4172
127.340106 1198 4172
127.348147 734 4172
127.348201 1198 4172
127.352298 1198 4172
127.352340 558 4172
127.364147 1198 4172
127.364232 1198 4172
127.372174 1198 4172
127.372218 1198 4172
127.380033 478 4172
127.380075 1198 4172
127.380113 1198 4172
127.388172 1198 4172
127.396146 1198 4172
127.396223 366 4172
127.396225 1198 4172
127.404145 1198 4172
127.404196 1198 4172
127.412186 1198 4172
127.412232 350 4172
127.420143 1198 4172
127.420189 1198 4172
127.428072 1198 4172
127.428103 1198 4172
127.436201 574 4172
127.436247 1198 4172
127.440086 1086 4172
127.440129 1198 4172
127.452169 1198 4172
127.452256 1198 4172
127.460158 1198 4172
127.460194 414 4172
127.460240 1198 4172
127.468180 1198 4172
127.476032 1198 4172
127.476075 1198 4172
127.484169 1198 4172
127.484211 1166 4172
127.492157 1198 4172
127.492195 1198 4172
127.500169 1198 4172
127.500230 1198 4172
127.508133 1198 4172
127.508176 1198 4172
127.516147 542 4172
127.516187 1198 4172
127.524124 1198 4172
127.524162 1198 4172
127.528397 1198 4172
127.528441 1198 4172
127.540135 1198 4172
127.540219 990 4172
127.548140 1198 4172
127.548191 1198 4172
127.556088 1198 4172
127.564180 1198 4172
127.564224 110 4172
127.564264 1198 4172
127.572101 1198 4172
127.572146 1134 4172
127.580090 1198 4172
127.580145 1198 4172
127.588022 1198 4172
127.588060 1198 4172
127.596190 1198 4172
127.604071 1198 4172
127.604109 702 4172
127.604147 1198 4172
127.612152 1198 4172
127.612191 1198 4172
127.615995 1198 4172
127.628087 1198 4172
127.628088 1198 4172
127.636181 462 4172
127.636222 1198 4172
127.636268 1198 4172
127.644052 1198 4172
127.644097 1198 4172
127.652145 1198 4172
127.660136 814 4172
127.660179 1198 4172
127.660212 1198 4172
127.668201 1198 4172
127.676154 1198 4172
127.676191 1198 4172
127.684143 558 4172
127.684197 1198 4172
127.684239 1198 4172
127.692042 1198 4172
127.700204 1198 4172
127.700259 1198 4172
127.704276 558 4172
127.704321 1198 4172
127.704360 1198 4172
127.716164 1198 4172
127.716185 1198 4172
127.724227 1198 4172
127.732047 430 4172
127.732092 1198 4172
127.732129 1198 4172
127.740148 1198 4172
127.740197 1198 4172
127.748132 1150 4172
127.748173 1198 4172
127.756116 1198 4172
127.756161 1198 4172
127.772275 1102 4172
127.772355 1198 4172
127.780141 1198 4172
127.780192 1198 4172
127.788154 1198 4172
127.788204 1198 4172
127.792100 510 4172
127.792150 1198 4172
127.804179 1198 4172
127.804227 1102 4172
127.816608 126 4172
127.816794 126 4172
127.816797 126 4172
127.824558 126 4172
127.824609 110 4172
127.836599 126 4172
127.848645 126 4172
127.856534 126 4172
127.869123 126 4172
127.877713 1198 4172
127.877766 1198 4172
127.877812 1198 4172
127.877850 1198 4172
127.877886 1198 4172
127.877921 1198 4172
127.877954 142 4172
127.880409 110 4172
127.888458 430 4172
127.896561 654 4172
127.904608 126 4172
127.916638 126 4172
127.924078 126 4172
127.940575 126 4172
127.948570 126 4172
127.961879 126 4172
127.968070 1198 4172
127.968114 1198 4172
127.968173 542 4172
127.977757 1198 4172
127.977818 1150 4172
127.985646 110 4172
127.997667 1198 4172
127.997715 926 4172
128.005652 1198 4172
128.005706 1006 4172
128.012111 1198 4172
128.012155 894 4172
128.025584 1198 4172
128.025677 318 4172
128.033611 1198 4172
128.033657 334 4172
128.045309 782 4172
128.056427 1198 4172
128.056474 1198 4172
128.056512 1198 4172
128.056547 1134 4172
128.068432 606 4172
128.068628 1198 4172
128.077313 206 4172
128.089854 1198 4172
128.089980 446 4172
128.089983 110 4172
128.090009 110 4172
128.090052 110 4172
128.090094 110 4172
128.097683 1198 4172
128.097731 1198 4172
128.097765 142 4172
128.099988 1198 4172
128.100048 1198 4172
128.100093 414 4172
128.113798 1198 4172
128.113887 1198 4172
128.113927 782 4172
128.125768 1198 4172
128.125818 1198 4172
128.125859 798 4172
128.133987 1198 4172
128.134029 1198 4172
128.134067 558 4172
128.141914 1198 4172
128.141957 1198 4172
128.141994 1198 4172
128.142029 1102 4172
128.143968 1198 4172
128.144013 1198 4172
128.144049 1198 4172
128.144083 558 4172
128.161877 1198 4172
128.162069 1198 4172
128.162071 1198 4172
128.162101 190 4172
128.169884 1198 4172
128.169939 1198 4172
128.169978 1198 4172
128.170015 366 4172
128.177714 1198 4172
128.177757 1198 4172
128.177793 1198 4172
128.177827 206 4172
128.181722 110 4172
128.188102 1198 4172
128.188144 1198 4172
128.188179 622 4172
128.202025 1198 4172
128.202078 1198 4172
128.202120 606 4172
128.209258 1198 4172
128.209308 1198 4172
128.209348 1198 4172
128.209384 382 4172
128.220646 1198 4172
128.220683 942 4172
128.232551 334 4172
128.241935 1198 4172
128.241983 1198 4172
128.242023 110 4172
128.254039 1198 4172
128.254088 1198 4172
128.254128 1198 4172
128.254164 590 4172
128.266139 1198 4172
128.266221 1198 4172
128.266269 1198 4172
128.266312 1086 4172
128.274003 1198 4172
128.274051 1198 4172
128.274086 1198 4172
128.274121 734 4172
128.276071 1198 4172
128.276112 1198 4172
128.276148 1198 4172
128.276183 1198 4172
128.288169 110 4172
128.288259 1198 4172
128.296314 590 4172
128.296362 1198 4172
128.304136 1198 4172
128.304186 1198 4172
128.312268 1198 4172
128.312325 126 4172
128.312373 1198 4172
128.320117 1198 4172
128.320166 1198 4172
128.328316 1198 4172
128.328365 1198 4172
128.336123 1198 4172
128.336161 318 4172
128.336213 1198 4172
128.344414 1198 4172
128.352126 1198 4172
128.352176 1198 4172
128.360249 110 4172
128.360303 110 4172
128.360340 110 4172
128.360392 1198 4172
128.360433 702 4172
128.364083 1198 4172
128.364131 1198 4172
128.376273 1198 4172
128.376318 1198 4172
128.384122 1198 4172
128.384161 206 4172
128.384199 1198 4172
128.392558 1198 4172
128.392605 1198 4172
128.400182 1198 4172
128.400228 110 4172
128.408253 1198 4172
128.408310 558 4172
128.408359 1198 4172
128.416128 1198 4172
128.416174 1198 4172
128.424269 1198 4172
128.424311 1198 4172
128.432155 286 4172
128.432203 1198 4172
128.440401 1198 4172
128.440445 1198 4172
128.448139 1198 4172
128.448189 334 4172
128.448229 1198 4172
128.454109 1198 4172
128.464136 1198 4172
128.464271 462 4172
128.472387 1198 4172
128.472438 1198 4172
128.480083 1198 4172
128.480126 1198 4172
128.488501 1198 4172
128.488541 430 4172
128.488574 110 4172
128.496077 1198 4172
128.496174 1198 4172
128.504173 1198 4172
128.504234 686 4172
128.504274 1198 4172
128.512166 1198 4172
128.512217 1198 4172
128.520251 574 4172
128.520297 1198 4172
128.528024 1198 4172
128.528073 1198 4172
128.536276 1198 4172
128.536320 1198 4172
128.539962 814 4172
128.540021 1198 4172
128.552258 1198 4172
128.552341 1198 4172
128.560159 1198 4172
128.560220 1198 4172
128.568185 1198 4172
128.568236 350 4172
128.576139 1198 4172
128.576188 1198 4172
128.584259 1198 4172
128.584310 1198 4172
128.592283 1198 4172
128.592335 1198 4172
128.600391 1198 4172
128.600440 110 4172
128.600479 110 4172
128.600515 1198 4172
128.600557 1198 4172
128.608133 1198 4172
128.616421 1198 4172
128.616463 110 4172
128.616498 110 4172
128.624153 110 4172
128.624196 1198 4172
128.624251 1198 4172
128.628095 974 4172
128.628141 1198 4172
128.640140 1198 4172
128.640198 1198 4172
128.648289 1198 4172
128.648332 1198 4172
128.656117 1198 4172
128.656161 494 4172
128.656205 1198 4172
128.664237 1198 4172
128.664288 1198 4172
128.672132 1198 4172
128.680564 1198 4172
128.680617 1198 4172
128.688113 1198 4172
128.688156 1198 4172
128.696391 110 4172
128.696444 1198 4172
128.696491 958 4172
128.704157 1198 4172
128.704205 1198 4172
128.712298 1198 4172
128.712345 1198 4172
128.716076 1198 4172
128.716113 1198 4172
128.728334 1198 4172
128.728384 1198 4172
128.736172 1198 4172
128.736217 318 4172
128.744232 1198 4172
128.744270 1198 4172
128.752165 1198 4172
128.752221 1198 4172
128.760495 1198 4172
128.760532 1198 4172
128.768146 1198 4172
128.768223 1198 4172
128.776243 782 4172
128.776291 1198 4172
128.784115 1198 4172
128.792448 110 4172
128.792502 1198 4172
128.792544 1198 4172
128.800218 1198 4172
128.804069 1198 4172
128.804129 1198 4172
128.816148 1198 4172
128.824277 1198 4172
128.824335 1198 4172
128.832125 1198 4172
128.832167 1198 4172
128.840377 1198 4172
128.840419 1198 4172
128.848108 1198 4172
128.848154 1198 4172
128.856212 206 4172
128.856270 1198 4172
128.856310 862 4172
128.864112 1198 4172
128.864161 1198 4172
128.872417 1198 4172
128.872463 1198 4172
128.880122 1198 4172
128.880176 110 4172
128.880216 110 4172
128.880257 110 4172
128.888389 1198 4172
128.892100 254 4172
128.892146 1198 4172
128.892182 110 4172
128.892217 1198 4172
128.907449 1198 4172
128.907494 1198 4172
128.912099 1198 4172
128.912153 1198 4172
128.920247 1198 4172
128.920296 1198 4172
128.928101 334 4172
128.928155 1198 4172
128.936429 1198 4172
128.936478 1198 4172
128.944112 1198 4172
128.944162 1198 4172
128.952218 1198 4172
128.952273 1198 4172
128.960177 1198 4172
128.960209 494 4172
128.968322 1198 4172
128.968380 1198 4172
128.976111 1198 4172
128.976162 894 4172
128.980089 1198 4172
128.980127 1198 4172
128.992133 110 4172
128.992183 1198 4172
128.992221 1198 4172
129.000291 1198 4172
129.000334 990 4172
129.008137 1198 4172
129.008191 1198 4172
129.016321 1198 4172
129.016367 1198 4172
129.024129 1198 4172
129.024169 1198 4172
129.032302 1198 4172
129.032340 1198 4172
129.040117 1102 4172
129.040166 1198 4172
129.048266 1198 4172
129.048310 1198 4172
129.056107 1198 4172
129.056151 1198 4172
129.065225 1198 4172
129.065303 1198 4172
129.068071 1198 4172
129.068116 1198 4172
129.080279 638 4172
129.080367 1198 4172
129.088096 1198 4172
129.088146 1198 4172
129.096564 1198 4172
129.096611 110 4172
129.096648 1198 4172
129.104029 1198 4172
129.104082 1198 4172
129.112344 1198 4172
129.112396 1198 4172
129.120130 1198 4172
129.128213 1198 4172
129.136139 1198 4172
129.136204 1198 4172
129.144211 1198 4172
129.144257 1198 4172
129.152161 1198 4172
129.152205 1198 4172
129.156073 430 4172
129.156127 110 4172
129.156163 110 4172
129.156201 110 4172
129.156238 1198 4172
129.168165 1198 4172
129.168212 1198 4172
129.176202 286 4172
129.176254 1198 4172
129.176292 1198 4172
129.184114 1198 4172
129.184163 1198 4172
129.192260 1198 4172
129.192311 1198 4172
129.200217 1198 4172
129.208456 110 4172
129.208500 1198 4172
129.208543 1198 4172
129.244277 830 4172
129.416505 110 4172
129.420093 110 4172
129.420137 110 4172
129.420175 110 4172
129.684180 110 4172
129.684345 110 4172
129.684387 110 4172
129.900131 110 4172
129.977787 110 4172
129.988103 110 4172
130.252070 110 4172
130.516151 110 4172
130.780188 110 4172
130.912066 110 4172
131.000150 110 4172
131.044070 110 4172
131.304333 110 4172
131.568092 110 4172
131.832351 110 4172
131.920142 110 4172
132.008281 110 4172
132.096053 110 4172
132.888048 110 4172
133.020150 110 4172
133.900031 110 4172
133.988164 110 4172
134.820027 110 4172
134.908384 110 4172
134.996026 110 4172
135.916019 110 4172
136.879982 110 4172
137.012027 110 4172
137.487983 110 4172
137.883859 110 4172
138.016045 110 4172
138.896002 110 4172
138.984016 110 4172
139.907902 110 4172
139.995997 110 4172
140.127989 110 4172
140.916062 110 4172
141.000135 110 4172
141.920019 110 4172
142.007989 110 4172
142.799933 110 4172
142.887991 110 4172
143.019938 110 4172
143.896008 110 4172
143.983889 110 4172
144.899916 110 4172
144.987882 110 4172
145.512004 110 4172
145.907907 110 4172
145.995949 110 4172
146.707877 1198 4172
146.707918 1198 4172
146.707944 1198 4172
146.707970 1198 4172
146.707996 1198 4172
146.708042 1054 4172
146.729259 1198 4172
146.729274 1198 4172
146.729308 1198 4172
146.729333 1198 4172
146.729361 1198 4172
146.729387 1198 4172
146.729416 942 4172
146.740590 1198 4172
146.740613 1198 4172
146.740637 1198 4172
146.740663 1198 4172
146.740691 1198 4172
146.740715 1198 4172
146.747876 1198 4172
146.747921 1198 4172
146.747955 1198 4172
146.747984 1198 4172
146.751919 1198 4172
146.763971 1198 4172
146.764036 1198 4172
146.771892 142 4172
146.771941 1198 4172
146.771984 1198 4172
146.779861 1198 4172
146.779891 1198 4172
146.787942 1198 4172
146.795888 958 4172
146.795917 1198 4172
146.803938 1198 4172
146.803942 1198 4172
146.811865 1198 4172
146.811883 126 4172
146.811922 1198 4172
146.819865 1198 4172
146.819895 1198 4172
146.827890 1118 4172
146.827924 1198 4172
146.835982 1198 4172
146.836008 1198 4172
146.839832 110 4172
146.839905 1198 4172
146.839935 1198 4172
146.854682 1198 4172
146.859872 1150 4172
146.859902 1198 4172
146.867928 1198 4172
146.867958 1198 4172
146.875874 1198 4172
146.875897 1198 4172
146.883877 1198 4172
146.883894 1198 4172
146.891928 446 4172
146.891945 110 4172
146.891981 1198 4172
146.892009 1198 4172
146.900349 1198 4172
146.900382 1198 4172
146.907881 1198 4172
146.907886 1198 4172
146.915902 1198 4172
146.915921 414 4172
146.924312 126 4172
146.924335 1198 4172
146.924377 1198 4172
146.928503 1198 4172
146.928537 1198 4172
146.939896 1198 4172
146.939923 1198 4172
146.947907 1198 4172
146.947927 174 4172
146.947970 1198 4172
146.955923 1198 4172
146.955949 1198 4172
146.963817 1198 4172
146.963857 1198 4172
146.972031 1198 4172
146.972063 1198 4172
146.979950 462 4172
146.980000 1198 4172
146.987933 1198 4172
146.987962 1198 4172
146.995908 1198 4172
146.995959 110 4172
146.996016 1198 4172
147.004028 1198 4172
147.004110 254 4172
147.004180 1198 4172
147.011810 1198 4172
147.016298 1198 4172
147.016687 1198 4172
147.027884 1198 4172
147.027921 878 4172
147.027958 1198 4172
147.036023 1198 4172
147.036068 1198 4172
147.043848 1198 4172
147.043886 1198 4172
147.051919 702 4172
147.051954 1198 4172
147.059930 1198 4172
147.059975 1198 4172
147.067993 1198 4172
147.068050 1198 4172
147.075847 1198 4172
147.075879 286 4172
147.083890 1198 4172
147.083940 1198 4172
147.091873 1198 4172
147.091923 1198 4172
147.100351 142 4172
147.100391 574 4172
147.100430 110 4172
147.100464 158 4172
147.100496 158 4172
147.100531 158 4172
147.103736 158 4172
147.103774 1198 4172
147.103808 1198 4172
147.103841 686 4172
147.111935 1198 4172
147.111982 1198 4172
147.119836 638 4172
147.119878 1198 4172
147.127860 1198 4172
147.127900 1070 4172
147.135870 1198 4172
147.143870 1198 4172
147.143919 302 4172
147.147814 1198 4172
147.147869 1198 4172
147.159869 1198 4172
147.159910 366 4172
147.159945 1198 4172
147.167833 1198 4172
147.175842 1198 4172
147.175885 1198 4172
147.183796 1198 4172
147.183833 510 4172
147.183869 1198 4172
147.191874 1198 4172
147.191911 942 4172
147.199847 158 4172
147.199894 158 4172
147.199927 158 4172
147.199961 1198 4172
147.199993 1198 4172
147.207853 526 4172
147.207894 1198 4172
147.215810 670 4172
147.215847 542 4172
147.215881 158 4172
147.215912 398 4172
147.215944 1198 4172
147.223864 142 4172
147.223898 446 4172
147.223933 158 4172
147.223964 510 4172
147.235787 158 4172
147.235881 286 4172
147.235912 190 4172
147.251872 206 4172
147.251896 174 4172
147.270289 126 4172
147.287495 158 4172
147.316224 158 4172
147.316259 574 4172
147.316298 558 4172
147.316333 334 4172
147.316381 158 4172
147.316415 158 4172
147.316449 622 4172
147.316481 174 4172
147.316512 142 4172
147.328318 126 4172
147.328379 430 4172
147.328411 366 4172
147.357132 1198 4172
147.357170 702 4172
147.357207 1198 4172
147.357242 1198 4172
147.357282 1198 4172
147.357328 1198 4172
147.357361 1198 4172
147.357392 1198 4172
147.357423 814 4172
147.362154 1198 4172
147.362196 1198 4172
147.362231 1198 4172
147.362268 1198 4172
147.362306 1198 4172
147.362338 1198 4172
147.370437 1198 4172
147.370478 110 4172
147.370519 798 4172
147.370554 1198 4172
147.370587 1198 4172
147.376537 1198 4172
147.376576 1198 4172
147.382389 1198 4172
147.382426 1198 4172
147.391837 1198 4172
147.391875 1198 4172
147.400606 782 4172
147.400710 1198 4172
147.410624 1198 4172
147.410677 1198 4172
147.420306 1198 4172
147.420352 1198 4172
147.423809 1198 4172
147.423848 1198 4172
147.427728 1198 4172
147.427760 270 4172
147.427788 1198 4172
147.442889 1198 4172
147.442941 1198 4172
147.453179 1198 4172
147.453220 1198 4172
147.455822 1198 4172
147.455856 1198 4172
147.464266 318 4172
147.464381 1198 4172
147.471760 1198 4172
147.471797 1198 4172
147.479853 1198 4172
147.479921 1198 4172
147.487785 1198 4172
147.487826 1198 4172
147.496257 1198 4172
147.496321 1198 4172
147.500000 1198 4172
147.503812 670 4172
147.512272 1198 4172
147.512389 1198 4172
147.516841 1198 4172
147.516880 1198 4172
147.527955 1198 4172
147.528030 1198 4172
147.535813 766 4172
147.535879 1198 4172
147.543922 1198 4172
147.543974 1198 4172
147.544019 1198 4172
147.551997 1198 4172
147.552086 702 4172
147.560762 1198 4172
147.560823 1198 4172
147.560866 1198 4172
147.567986 1198 4172
147.579035 894 4172
147.579089 1198 4172
147.579131 1198 4172
147.583947 1198 4172
147.583993 414 4172
147.584035 126 4172
147.591992 270 4172
147.592048 734 4172
147.592095 1198 4172
147.592142 1198 4172
147.599967 974 4172
147.600017 1198 4172
147.603853 1198 4172
147.603904 974 4172
147.616003 1198 4172
147.616112 1198 4172
147.623965 206 4172
147.624024 1198 4172
147.624072 606 4172
147.624114 1198 4172
147.632440 446 4172
147.632489 110 4172
147.632535 990 4172
147.632576 1198 4172
147.639998 1198 4172
147.640049 1198 4172
147.648000 1198 4172
147.648044 1198 4172
147.651938 462 4172
147.651982 158 4172
147.652021 174 4172
147.652059 158 4172
147.652103 126 4172
147.652141 254 4172
147.652178 958 4172
147.652215 574 4172
147.669433 894 4172
147.691793 478 4172
147.691847 1166 4172
147.735822 174 4172
147.735908 494 4172
147.735936 798 4172
147.770348 254 4172
147.770404 462 4172
147.770449 814 4172
147.779749 798 4172
147.852853 270 4172
147.852893 254 4172
147.852940 270 4172
147.852982 318 4172
147.853016 222 4172
147.856132 222 4172
147.856171 222 4172
147.856210 222 4172
147.863278 222 4172
147.863324 222 4172
147.863367 238 4172
147.863403 270 4172
147.863438 334 4172
147.863472 238 4172
147.863504 270 4172
147.867749 1198 4172
147.867784 1198 4172
147.867841 1198 4172
147.867886 1198 4172
147.867925 1198 4172
147.876074 1198 4172
147.891325 1198 4172
147.891390 1198 4172
147.891434 1198 4172
147.891473 1198 4172
147.891513 974 4172
147.891555 110 4172
147.893140 142 4172
147.893182 110 4172
147.911850 990 4172
147.999820 110 4172
148.040640 174 4172
148.043859 174 4172
148.087903 110 4172
148.175739 110 4172
148.196236 110 4172
148.204169 142 4172
148.212187 142 4172
148.219704 158 4172
148.232449 158 4172
148.239859 142 4172
148.263831 382 4172
148.263916 142 4172
148.304089 1198 4172
148.304126 862 4172
148.304161 174 4172
148.304193 142 4172
148.307714 142 4172
148.395789 158 4172
148.395851 654 4172
148.395890 622 4172
148.440928 1198 4172
148.441000 1198 4172
148.441044 910 4172
148.448327 1198 4172
148.448375 1198 4172
148.448418 1198 4172
148.448457 990 4172
148.448495 110 4172
148.448533 110 4172
148.448569 110 4172
148.448606 1198 4172
148.448643 1198 4172
148.448681 1198 4172
148.448719 1198 4172
148.448755 142 4172
148.471474 1198 4172
148.471483 1198 4172
148.471605 974 4172
148.471622 1198 4172
148.471661 1198 4172
148.471720 686 4172
148.471781 1070 4172
148.483855 1102 4172
148.527891 1198 4172
148.527911 126 4172
148.605044 1198 4172
148.605164 606 4172
148.611827 1198 4172
148.611874 270 4172
148.655840 1198 4172
148.655891 558 4172
148.699843 158 4172
148.743871 110 4172
148.743971 110 4172
148.744021 110 4172
148.871702 174 4172
148.875740 158 4172
148.905147 110 4172
148.919755 462 4172
148.919802 158 4172
148.963765 302 4172
148.963805 142 4172
148.977858 254 4172
148.977907 110 4172
148.977942 142 4172
