0.000000 126 4172
0.034196 126 4172
0.052714 942 4172
0.083828 1198 4172
0.083836 1198 4172
0.083837 1198 4172
0.083855 222 4172
0.084073 622 4172
0.248466 110 4172
0.515524 110 4172
0.530936 126 4172
0.581225 126 4172
0.586079 318 4172
0.657188 1198 4172
0.657201 1198 4172
0.657201 590 4172
0.657202 654 4172
0.657226 638 4172
0.657239 1054 4172
0.657250 1198 4172
0.657260 190 4172
0.657274 958 4172
0.657284 702 4172
0.657296 1198 4172
0.657305 1198 4172
0.657317 1198 4172
0.657328 1198 4172
0.657338 1198 4172
0.657355 1198 4172
0.657374 1198 4172
0.657385 1198 4172
0.657396 974 4172
0.657407 158 4172
0.657419 1198 4172
0.657429 1198 4172
0.657439 350 4172
0.657449 158 4172
0.657461 142 4172
0.657472 1198 4172
0.657482 254 4172
0.689100 1198 4172
0.689112 1198 4172
0.689113 1198 4172
0.689113 1198 4172
0.689134 1198 4172
0.689147 718 4172
0.690283 1198 4172
0.690297 1198 4172
0.690309 1198 4172
0.690320 1198 4172
0.690333 1198 4172
0.690344 1198 4172
0.690362 1198 4172
0.690374 1198 4172
0.690387 1198 4172
0.690396 1198 4172
0.690407 1198 4172
0.690417 1198 4172
0.690429 1198 4172
0.690440 1198 4172
0.690454 1198 4172
0.690461 1198 4172
0.690474 1198 4172
0.690483 1198 4172
0.690494 1198 4172
0.690504 1198 4172
0.690517 894 4172
0.691136 1198 4172
0.691147 1198 4172
0.691157 1198 4172
0.691168 1198 4172
0.691180 1198 4172
0.691190 1198 4172
0.691201 1198 4172
0.691212 1198 4172
0.691225 1198 4172
0.691235 1198 4172
0.691246 1198 4172
0.691256 1198 4172
0.691269 1118 4172
0.692039 1198 4172
0.692057 1198 4172
0.692074 1198 4172
0.692075 1198 4172
0.692093 1198 4172
0.692106 1198 4172
0.692117 1198 4172
0.692128 1198 4172
0.692140 1198 4172
0.692159 1198 4172
0.692164 1198 4172
0.692171 1198 4172
0.692183 1198 4172
0.692193 1198 4172
0.692204 1198 4172
0.692215 382 4172
0.693387 1198 4172
0.693402 1198 4172
0.693409 1198 4172
0.693421 1198 4172
0.693437 1198 4172
0.693452 1198 4172
0.693464 1198 4172
0.693475 1198 4172
0.693487 1198 4172
0.693499 1198 4172
0.693508 1198 4172
0.693518 1198 4172
0.693530 1198 4172
0.693540 1198 4172
0.693551 1198 4172
0.693564 1198 4172
0.693574 1198 4172
0.693584 1198 4172
0.693594 1198 4172
0.693605 1198 4172
0.693617 1198 4172
0.693628 1198 4172
0.693638 1198 4172
0.693648 1198 4172
0.693661 462 4172
0.694724 1198 4172
0.694734 1198 4172
0.694745 1198 4172
0.694756 1198 4172
0.694768 1198 4172
0.694778 1198 4172
0.694788 1198 4172
0.694799 1198 4172
0.694812 1198 4172
0.694823 1198 4172
0.694831 1198 4172
0.694842 1198 4172
0.694854 1198 4172
0.694864 1198 4172
0.694878 1198 4172
0.694885 1198 4172
0.694898 1198 4172
0.694908 1198 4172
0.694918 1198 4172
0.694928 1198 4172
0.694940 1198 4172
0.694950 1198 4172
0.694960 1198 4172
0.694970 1198 4172
0.694982 1198 4172
0.694992 462 4172
0.695436 1198 4172
0.695446 1198 4172
0.695456 1198 4172
0.695467 734 4172
0.696024 1198 4172
0.696035 1198 4172
0.696046 1198 4172
0.696057 1198 4172
0.696070 1198 4172
0.696080 1198 4172
0.696091 366 4172
0.696215 462 4172
0.696554 894 4172
0.712037 110 4172
0.720547 1198 4172
0.720563 1198 4172
0.720564 1198 4172
0.720585 1198 4172
0.720600 990 4172
0.721668 1198 4172
0.721679 1198 4172
0.721689 1198 4172
0.721699 1198 4172
0.721712 1198 4172
0.721723 1198 4172
0.721734 1198 4172
0.721745 1198 4172
0.721756 1198 4172
0.721770 1198 4172
0.721777 1198 4172
0.721788 1198 4172
0.721800 1198 4172
0.721810 1198 4172
0.721820 1198 4172
0.721831 1198 4172
0.721844 1198 4172
0.721854 1198 4172
0.721864 1198 4172
0.721875 1038 4172
0.722492 1198 4172
0.722502 1198 4172
0.722513 1198 4172
0.722523 1198 4172
0.722535 1198 4172
0.722546 1198 4172
0.722556 1198 4172
0.722567 1198 4172
0.722580 1198 4172
0.722590 1198 4172
0.722601 1198 4172
0.722611 1198 4172
0.722623 382 4172
0.723425 1198 4172
0.723436 1198 4172
0.723446 1198 4172
0.723457 1198 4172
0.723469 1198 4172
0.723478 1198 4172
0.723489 1198 4172
0.723499 1198 4172
0.723511 1198 4172
0.723521 1198 4172
0.723532 1198 4172
0.723542 1198 4172
0.723554 1198 4172
0.723564 1198 4172
0.723575 494 4172
0.724772 1198 4172
0.724780 1198 4172
0.724790 1198 4172
0.724801 1198 4172
0.724814 1198 4172
0.724824 1198 4172
0.724834 1198 4172
0.724844 1198 4172
0.724857 1198 4172
0.724867 1198 4172
0.724878 1198 4172
0.724887 1198 4172
0.724899 1198 4172
0.724909 1198 4172
0.724922 1198 4172
0.724929 1198 4172
0.724942 1198 4172
0.724953 1198 4172
0.724962 1198 4172
0.724972 1198 4172
0.724984 1198 4172
0.724994 1198 4172
0.725004 1198 4172
0.725015 1182 4172
0.726031 1198 4172
0.726039 1198 4172
0.726050 1198 4172
0.726061 1198 4172
0.726073 1198 4172
0.726084 1198 4172
0.726094 1198 4172
0.726104 1198 4172
0.726116 1198 4172
0.726126 1198 4172
0.726136 1198 4172
0.726146 1198 4172
0.726158 1198 4172
0.726169 1198 4172
0.726178 1198 4172
0.726189 1198 4172
0.726202 1198 4172
0.726212 1198 4172
0.726221 1198 4172
0.726233 1198 4172
0.726245 1198 4172
0.726256 1070 4172
0.726768 1198 4172
0.726776 1198 4172
0.726787 1198 4172
0.726797 718 4172
0.727326 1198 4172
0.727336 1198 4172
0.727352 1198 4172
0.727395 1198 4172
0.727408 1198 4172
0.727419 766 4172
0.727514 494 4172
0.727683 510 4172
0.753587 1198 4172
0.753605 1198 4172
0.753606 1198 4172
0.753606 1198 4172
0.753626 318 4172
0.754721 1198 4172
0.754727 1198 4172
0.754734 1198 4172
0.754755 1198 4172
0.754768 1198 4172
0.754781 1198 4172
0.754790 1198 4172
0.754801 1198 4172
0.754812 1198 4172
0.754822 1198 4172
0.754833 1198 4172
0.754844 1198 4172
0.754856 1198 4172
0.754867 1198 4172
0.754879 1198 4172
0.754889 1198 4172
0.754901 1198 4172
0.754911 1198 4172
0.754924 446 4172
0.755610 1198 4172
0.755617 1198 4172
0.755627 1198 4172
0.755638 1198 4172
0.755650 1198 4172
0.755661 1198 4172
0.755671 1198 4172
0.755681 1198 4172
0.755693 1198 4172
0.755703 1198 4172
0.755714 942 4172
0.756578 1198 4172
0.756585 1198 4172
0.756597 1198 4172
0.756608 1198 4172
0.756621 1198 4172
0.756632 1198 4172
0.756642 1198 4172
0.756652 1198 4172
0.756665 1198 4172
0.756675 1198 4172
0.756686 1198 4172
0.756697 1198 4172
0.756709 1198 4172
0.756719 1102 4172
0.757940 1198 4172
0.757946 1198 4172
0.757955 1198 4172
0.757967 1198 4172
0.757980 1198 4172
0.757989 1198 4172
0.758000 1198 4172
0.758011 1198 4172
0.758023 1198 4172
0.758033 1198 4172
0.758043 1198 4172
0.758054 1198 4172
0.758067 1198 4172
0.758077 1198 4172
0.758089 1198 4172
0.758099 1198 4172
0.758110 1198 4172
0.758120 1198 4172
0.758130 1198 4172
0.758141 1198 4172
0.758153 1198 4172
0.758163 1198 4172
0.758173 1198 4172
0.758184 382 4172
0.759229 1198 4172
0.759235 1198 4172
0.759244 1198 4172
0.759255 1198 4172
0.759267 1198 4172
0.759278 1198 4172
0.759289 1198 4172
0.759300 1198 4172
0.759312 1198 4172
0.759322 1198 4172
0.759333 1198 4172
0.759343 1198 4172
0.759362 1198 4172
0.759373 1198 4172
0.759384 1198 4172
0.759397 1198 4172
0.759407 1198 4172
0.759418 1198 4172
0.759428 1198 4172
0.759439 990 4172
0.759930 1198 4172
0.759936 1198 4172
0.759947 1198 4172
0.759958 654 4172
0.760810 1198 4172
0.760832 1198 4172
0.760849 1198 4172
0.760864 1198 4172
0.760883 750 4172
0.760899 142 4172
0.760915 510 4172
0.785654 1198 4172
0.785729 1198 4172
0.785730 1198 4172
0.785730 478 4172
0.785731 110 4172
0.786716 1198 4172
0.786742 1198 4172
0.786757 1198 4172
0.786772 1198 4172
0.786789 1198 4172
0.786804 1198 4172
0.786819 1198 4172
0.786834 1198 4172
0.786851 1198 4172
0.786866 1198 4172
0.786881 1198 4172
0.786896 1198 4172
0.786913 1198 4172
0.786937 1198 4172
0.786941 1198 4172
0.787008 1198 4172
0.787034 1198 4172
0.787052 158 4172
0.787468 1198 4172
0.787483 1198 4172
0.787498 1198 4172
0.787513 1198 4172
0.787529 1198 4172
0.787544 1198 4172
0.787562 1198 4172
0.787573 1198 4172
0.787590 1198 4172
0.787605 1086 4172
0.788346 1198 4172
0.788362 1198 4172
0.788377 1198 4172
0.788392 1198 4172
0.788410 1198 4172
0.788424 1198 4172
0.788440 1198 4172
0.788455 1198 4172
0.788472 1198 4172
0.788486 1198 4172
0.788501 1198 4172
0.788516 1198 4172
0.788533 974 4172
0.789662 1198 4172
0.789671 1198 4172
0.789681 1198 4172
0.789693 1198 4172
0.789706 1198 4172
0.789716 1198 4172
0.789728 1198 4172
0.789738 1198 4172
0.789751 1198 4172
0.789761 1198 4172
0.789771 1198 4172
0.789782 1198 4172
0.789794 1198 4172
0.789808 1198 4172
0.789815 1198 4172
0.789825 1198 4172
0.789838 1198 4172
0.789848 1198 4172
0.789858 1198 4172
0.789868 1198 4172
0.789880 1198 4172
0.789891 702 4172
0.790923 1198 4172
0.790941 1198 4172
0.790957 1198 4172
0.790972 1198 4172
0.790989 1198 4172
0.791004 1198 4172
0.791020 1198 4172
0.791036 1198 4172
0.791053 1198 4172
0.791067 1198 4172
0.791084 1198 4172
0.791097 1198 4172
0.791114 1198 4172
0.791129 1198 4172
0.791143 1198 4172
0.791159 1198 4172
0.791176 1198 4172
0.791191 430 4172
0.791426 1198 4172
0.791442 1198 4172
0.791457 1198 4172
0.791471 366 4172
