0.105479 1198 4172
0.105568 1198 4172
0.105570 126 4172
0.105601 1198 4172
0.105641 1198 4172
0.105676 350 4172
0.149443 110 4172
0.413620 110 4172
0.630351 1198 4172
0.630391 1198 4172
0.630424 558 4172
0.630459 1150 4172
0.630495 1198 4172
0.630525 1198 4172
0.630557 782 4172
0.630590 1198 4172
0.630621 590 4172
0.630654 1198 4172
0.630682 590 4172
0.630713 1198 4172
0.630744 142 4172
0.630774 1198 4172
0.630801 286 4172
0.630832 1198 4172
0.630861 1198 4172
0.630891 1102 4172
0.630922 158 4172
0.630950 158 4172
0.643469 1198 4172
0.643508 1198 4172
0.643537 1198 4172
0.643563 1166 4172
0.643596 1198 4172
0.643622 1198 4172
0.643649 1198 4172
0.643682 1198 4172
0.643721 1198 4172
0.643751 1198 4172
0.643780 1198 4172
0.643809 1198 4172
0.643839 1198 4172
0.643868 1198 4172
0.643897 1198 4172
0.643927 1198 4172
0.643956 1198 4172
0.643986 1198 4172
0.644015 382 4172
0.649529 1198 4172
0.649563 1198 4172
0.649595 1198 4172
0.649629 1198 4172
0.649659 1198 4172
0.649688 1198 4172
0.649715 1198 4172
0.649751 1198 4172
0.649784 1198 4172
0.649818 1198 4172
0.649852 1198 4172
0.649885 1198 4172
0.649919 1198 4172
0.649953 1198 4172
0.649992 1198 4172
0.650027 1198 4172
0.650061 1198 4172
0.650095 702 4172
0.660743 1198 4172
0.660787 110 4172
0.660824 1198 4172
0.660859 1198 4172
0.660894 1198 4172
0.660928 1198 4172
0.660963 1198 4172
0.660998 1198 4172
0.661043 1198 4172
0.661077 1198 4172
0.661111 1198 4172
0.661145 1198 4172
0.661179 1198 4172
0.661213 1198 4172
0.661248 1198 4172
0.661281 1198 4172
0.661448 1198 4172
0.661480 1198 4172
0.661510 558 4172
0.661577 1198 4172
0.669619 1198 4172
0.669658 1198 4172
0.669695 1198 4172
0.669730 1198 4172
0.669767 1198 4172
0.669799 1198 4172
0.669833 1198 4172
0.669868 1198 4172
0.669902 1198 4172
0.669936 1198 4172
0.669969 1198 4172
0.670009 766 4172
0.670045 1198 4172
0.670097 1198 4172
0.673447 1198 4172
0.673548 1198 4172
0.673586 1198 4172
0.673623 1198 4172
0.673658 1198 4172
0.673694 1198 4172
0.673732 1198 4172
0.685479 1198 4172
0.685576 1198 4172
0.685581 1198 4172
0.685630 1198 4172
0.685669 1198 4172
0.693573 1198 4172
0.693610 1198 4172
0.693642 1198 4172
0.693673 1198 4172
0.693706 1198 4172
0.693744 510 4172
0.693779 1198 4172
0.701637 1198 4172
0.701685 1198 4172
0.701723 1198 4172
0.701758 1198 4172
0.701792 1198 4172
0.701826 1198 4172
0.709525 1198 4172
0.709574 1134 4172
0.709621 1198 4172
0.709668 1198 4172
0.709709 1198 4172
0.709746 1198 4172
0.717505 1198 4172
0.717537 1198 4172
0.717570 1102 4172
0.717602 398 4172
0.717641 1198 4172
0.717677 254 4172
0.725573 1198 4172
0.725659 494 4172
0.725714 1198 4172
0.725767 1198 4172
0.725808 1198 4172
0.733540 1198 4172
0.733581 1198 4172
0.733610 1198 4172
0.733642 1198 4172
0.733672 1198 4172
0.741580 1198 4172
0.741654 1198 4172
0.741699 654 4172
0.741747 1198 4172
0.741787 1198 4172
0.741825 1198 4172
0.749531 1198 4172
0.749562 1198 4172
0.749601 1198 4172
0.749638 1198 4172
0.749674 1198 4172
0.757614 1198 4172
0.757656 1198 4172
0.757688 1198 4172
0.757720 1198 4172
0.757749 1198 4172
0.761424 398 4172
0.761496 1198 4172
0.761553 1198 4172
0.761593 1198 4172
0.761631 1198 4172
0.761667 1198 4172
0.773640 1198 4172
0.773657 1198 4172
0.773703 1198 4172
0.773738 1198 4172
0.773776 1198 4172
0.773813 1198 4172
0.781511 702 4172
0.781548 1198 4172
0.781597 1198 4172
0.781638 1198 4172
0.781677 1198 4172
0.789592 1198 4172
0.789647 1198 4172
0.789685 1198 4172
0.789719 110 4172
0.789755 1198 4172
0.789787 1198 4172
0.797515 1198 4172
0.797548 1198 4172
0.797578 1198 4172
0.797609 1198 4172
0.797639 1198 4172
0.805554 1198 4172
0.805592 1198 4172
0.805644 1198 4172
0.805676 1198 4172
0.805710 1198 4172
0.813561 1198 4172
0.813619 830 4172
0.813661 798 4172
0.813698 1198 4172
0.813736 1198 4172
0.813772 1198 4172
0.821594 1198 4172
0.821635 1198 4172
0.821673 1198 4172
0.821709 334 4172
0.821745 1198 4172
0.821783 1198 4172
0.829638 1198 4172
0.829679 814 4172
0.829715 702 4172
0.829751 1102 4172
0.829789 1150 4172
0.849602 158 4172
0.849639 158 4172
0.849692 158 4172
0.849730 590 4172
0.849779 238 4172
0.849816 158 4172
0.849850 158 4172
0.849887 142 4172
0.849945 654 4172
0.875188 142 4172
0.893693 110 4172
0.937479 110 4172
0.981506 110 4172
1.069361 142 4172
1.113576 1198 4172
1.113720 526 4172
1.197537 110 4172
1.266884 1198 4172
1.266959 718 4172
1.285499 142 4172
1.461571 110 4172
1.505545 142 4172
1.725593 110 4172
1.809601 110 4172
1.897497 110 4172
2.025477 110 4172
2.289592 110 4172
2.289623 142 4172
2.505459 142 4172
2.549597 110 4172
2.793619 110 4172
2.813676 110 4172
2.901519 110 4172
3.077418 110 4172
3.337619 110 4172
3.601472 110 4172
3.777431 110 4172
3.865584 110 4172
3.909489 110 4172
4.301478 142 4172
4.301519 142 4172
4.557453 142 4172
4.557593 142 4172
4.945515 142 4172
5.161480 142 4172
5.245482 142 4172
5.373476 142 4172
5.769427 142 4172
5.769548 142 4172
5.813421 110 4172
5.901510 110 4172
5.945493 142 4172
5.945592 142 4172
6.385464 142 4172
6.385607 142 4172
6.561584 110 4172
6.605331 142 4172
6.605394 142 4172
6.781403 110 4172
6.913501 110 4172
7.177336 142 4172
7.397348 142 4172
7.833410 142 4172
7.833453 142 4172
7.877438 110 4172
8.009348 142 4172
8.009480 142 4172
8.185351 142 4172
8.625438 142 4172
8.625551 142 4172
8.801320 110 4172
8.845405 142 4172
8.845475 142 4172
8.889443 110 4172
9.197557 110 4172
9.241409 142 4172
9.241468 142 4172
9.417459 142 4172
9.417602 142 4172
9.809515 110 4172
9.853387 142 4172
9.853408 142 4172
9.897325 110 4172
10.025404 142 4172
10.025474 142 4172
10.461457 142 4172
10.461490 142 4172
10.637410 142 4172
10.637451 142 4172
10.809445 110 4172
10.897398 110 4172
11.293425 142 4172
11.293478 142 4172
11.509418 142 4172
11.509506 142 4172
11.817411 110 4172
11.861464 110 4172
11.875273 142 4172
11.905359 110 4172
12.125423 142 4172
12.513502 142 4172
12.513649 142 4172
12.729469 142 4172
12.729557 142 4172
12.817445 110 4172
12.905465 110 4172
13.301312 142 4172
13.301382 142 4172
13.517413 142 4172
13.517557 142 4172
13.781327 110 4172
13.909460 110 4172
14.345430 142 4172
14.345448 142 4172
14.521444 110 4172
14.565368 142 4172
14.565469 142 4172
14.785338 110 4172
14.917392 110 4172
15.357359 142 4172
15.357455 142 4172
15.577352 142 4172
15.577454 142 4172
15.797385 110 4172
15.885369 110 4172
16.149344 142 4172
16.589416 142 4172
16.589425 142 4172
16.677388 142 4172
16.775250 142 4172
16.775315 142 4172
16.809337 110 4172
16.897370 110 4172
17.205330 142 4172
17.205403 110 4172
17.205406 142 4172
17.381422 142 4172
17.381533 142 4172
17.803486 110 4172
17.813349 142 4172
17.813359 142 4172
17.901363 110 4172
17.989346 142 4172
17.989371 142 4172
18.429388 142 4172
18.605317 142 4172
18.605379 142 4172
18.649295 142 4172
18.781285 110 4172
18.825418 142 4172
18.909455 110 4172
19.217366 142 4172
19.217475 142 4172
19.477282 142 4172
19.477395 142 4172
19.781353 110 4172
19.835452 110 4172
19.869367 142 4172
19.869440 142 4172
19.913298 110 4172
20.041359 142 4172
20.041449 142 4172
20.477358 142 4172
20.477503 142 4172
20.561485 60 60000
20.609210 142 4172
20.609235 142 4172
20.757814 174 4172
20.757902 350 4172
20.757925 686 4172
20.757967 158 4172
20.757998 158 4172
20.758027 158 4172
20.758061 158 4172
20.758086 158 4172
20.777631 126 4172
20.803001 110 4172
20.816163 1198 4172
20.816182 1198 4172
20.816228 1198 4172
20.816268 1198 4172
20.816403 1198 4172
20.816405 1198 4172
20.816405 1198 4172
20.816428 1198 4172
20.816464 1198 4172
20.816500 1198 4172
20.816532 350 4172
20.824198 1198 4172
20.824342 1198 4172
20.824367 1198 4172
20.824400 1198 4172
20.824432 1198 4172
20.824465 1198 4172
20.824497 1198 4172
20.824540 1198 4172
20.824567 1198 4172
20.824598 1038 4172
20.832199 1198 4172
20.832202 1198 4172
20.832228 1198 4172
20.832258 1198 4172
20.832287 1198 4172
20.832315 1198 4172
20.832346 1198 4172
20.832375 1198 4172
20.832405 1198 4172
20.832432 1198 4172
20.832459 686 4172
20.835825 1198 4172
20.835849 1198 4172
20.835888 1198 4172
20.835926 1198 4172
20.835979 1198 4172
20.836004 1198 4172
20.836058 1198 4172
20.836113 1198 4172
20.836164 1198 4172
20.836184 1198 4172
20.836213 382 4172
20.843351 1198 4172
20.843403 1198 4172
20.843436 1198 4172
20.843468 1198 4172
20.868541 1198 4172
20.868956 1198 4172
20.869013 1198 4172
20.869147 1198 4172
20.869184 1198 4172
20.869216 1198 4172
20.869253 1198 4172
20.869283 542 4172
20.869314 1198 4172
20.869346 1198 4172
20.869377 1198 4172
20.876601 1198 4172
20.876642 126 4172
20.876672 1198 4172
20.876702 1198 4172
20.876732 1198 4172
20.881415 1198 4172
20.881463 1198 4172
20.881498 606 4172
20.881533 1198 4172
20.881564 1198 4172
20.889289 110 4172
20.889336 1198 4172
20.889371 1198 4172
20.889406 1198 4172
20.889450 1198 4172
20.897488 1198 4172
20.897539 846 4172
20.897572 1198 4172
20.897608 1198 4172
20.905320 1198 4172
20.905357 1198 4172
20.905397 1198 4172
20.905435 1198 4172
20.913351 1198 4172
20.913372 1198 4172
20.913405 574 4172
20.913438 1198 4172
20.921420 1198 4172
20.921477 1198 4172
20.921504 1198 4172
20.921534 1198 4172
20.933680 1198 4172
20.941653 1198 4172
20.942545 1198 4172
20.942621 1198 4172
20.942663 1198 4172
20.954097 1198 4172
20.955079 1198 4172
20.960736 398 4172
20.963179 1198 4172
20.963567 1198 4172
20.964063 1198 4172
20.964566 1198 4172
20.966706 1198 4172
20.967265 1198 4172
20.969270 1198 4172
20.969308 1198 4172
20.969349 1198 4172
20.969396 1198 4172
20.969436 1198 4172
20.969471 1198 4172
20.969504 526 4172
20.969540 1198 4172
20.969572 1198 4172
20.969607 1198 4172
20.969639 1198 4172
20.969674 1198 4172
20.980234 1198 4172
20.980273 1198 4172
20.980308 1198 4172
20.980338 1198 4172
20.980368 1198 4172
20.985290 1198 4172
20.985327 478 4172
20.985353 1198 4172
20.985382 1198 4172
20.985412 1198 4172
20.996230 1198 4172
20.996273 1198 4172
20.996337 1198 4172
20.996338 1198 4172
21.001294 1198 4172
21.001344 1198 4172
21.001390 814 4172
21.001427 1198 4172
21.012159 1198 4172
21.012221 1198 4172
21.012261 1198 4172
21.012291 1198 4172
21.017291 1198 4172
21.017329 1198 4172
21.017354 126 4172
21.017384 1198 4172
21.017411 1198 4172
21.027294 1198 4172
21.027345 1198 4172
21.027391 1198 4172
21.033367 1198 4172
21.033402 1022 4172
21.033439 1198 4172
21.041796 1198 4172
21.041814 1198 4172
21.041849 1198 4172
21.041888 1198 4172
21.050594 1198 4172
21.050635 1198 4172
21.050660 1198 4172
21.050692 1198 4172
21.057690 1198 4172
21.058273 366 4172
21.058334 1198 4172
21.058407 1198 4172
21.065360 1198 4172
21.065402 1198 4172
21.065435 1198 4172
21.082896 1198 4172
21.082996 1198 4172
21.083029 318 4172
21.083110 574 4172
21.083143 270 4172
21.083178 190 4172
21.083208 190 4172
21.083237 190 4172
21.083269 190 4172
21.085707 1198 4172
21.085733 190 4172
21.085762 190 4172
21.085790 190 4172
21.085817 190 4172
21.085846 190 4172
21.085871 190 4172
21.085898 190 4172
21.085924 190 4172
21.085951 190 4172
21.085978 190 4172
21.086073 1198 4172
21.086156 766 4172
21.086185 942 4172
21.086213 222 4172
21.086240 190 4172
21.086267 190 4172
21.086295 190 4172
21.086322 190 4172
21.086347 190 4172
21.086373 190 4172
21.086400 190 4172
21.093361 1198 4172
21.093399 1198 4172
21.093432 190 4172
21.093463 190 4172
21.093493 190 4172
21.093528 190 4172
21.103210 1198 4172
21.107373 190 4172
21.107414 190 4172
21.107449 1198 4172
21.107480 1198 4172
21.107511 1198 4172
21.107549 222 4172
21.109199 190 4172
21.109232 222 4172
21.109278 190 4172
21.113259 190 4172
21.113291 190 4172
21.113320 190 4172
21.113348 190 4172
21.113375 190 4172
21.113402 190 4172
21.117201 190 4172
21.117225 190 4172
21.117254 190 4172
21.117283 190 4172
21.117310 190 4172
21.117377 190 4172
21.132200 1198 4172
21.132204 1198 4172
21.132290 1198 4172
21.132300 974 4172
21.133290 254 4172
21.133326 190 4172
21.142116 190 4172
21.142159 190 4172
21.142192 190 4172
21.142223 190 4172
21.142253 190 4172
21.142289 190 4172
21.142321 190 4172
21.142351 190 4172
21.151497 190 4172
21.151545 190 4172
21.151592 190 4172
21.151632 190 4172
21.151667 190 4172
21.151702 190 4172
21.151738 1198 4172
21.151773 1198 4172
21.151806 1198 4172
21.151839 1198 4172
21.151869 206 4172
21.151899 398 4172
21.165426 110 4172
21.165461 254 4172
21.165492 190 4172
21.171359 190 4172
21.171397 190 4172
21.171428 190 4172
21.171458 190 4172
21.171488 190 4172
21.171523 190 4172
21.171554 190 4172
21.173513 190 4172
21.173557 190 4172
21.173616 190 4172
21.173656 190 4172
21.173690 190 4172
21.173721 190 4172
21.194050 1198 4172
21.194095 1198 4172
21.194206 1198 4172
21.194242 1198 4172
21.194272 382 4172
21.194300 302 4172
21.197190 174 4172
21.205763 174 4172
21.205854 174 4172
21.205879 174 4172
21.213713 60 60000
21.230563 174 4172
21.230651 174 4172
21.230660 174 4172
21.230698 174 4172
21.230734 174 4172
21.230770 174 4172
21.230798 174 4172
21.230874 174 4172
21.230909 174 4172
21.230940 1198 4172
21.230969 1198 4172
21.230998 1198 4172
21.231027 1198 4172
21.234131 126 4172
21.237442 174 4172
21.237482 174 4172
21.274254 510 4172
21.279276 174 4172
21.279312 174 4172
21.279344 174 4172
21.279375 174 4172
21.279404 174 4172
21.279432 174 4172
21.279461 174 4172
21.279494 1198 4172
21.279523 1198 4172
21.279555 766 4172
21.279585 1198 4172
21.279617 1198 4172
21.279647 782 4172
21.279676 1198 4172
21.279705 606 4172
21.279733 174 4172
21.279761 174 4172
21.279789 174 4172
21.279819 174 4172
21.279847 174 4172
21.279880 1198 4172
21.279910 1198 4172
21.279939 1198 4172
21.279969 1198 4172
21.280590 558 4172
21.281149 1198 4172
21.281190 1198 4172
21.281225 1198 4172
21.281257 1198 4172
21.281292 1198 4172
21.281328 1198 4172
21.281361 1198 4172
21.281391 1198 4172
21.281435 734 4172
21.338861 1198 4172
21.339078 1198 4172
21.339119 1198 4172
21.340668 1198 4172
21.344792 1198 4172
21.344827 1198 4172
21.344863 1198 4172
21.344899 654 4172
21.344932 1198 4172
21.344969 1198 4172
21.345000 1198 4172
21.345031 1198 4172
21.345063 1198 4172
21.345149 1198 4172
21.345187 846 4172
21.345220 1198 4172
21.345250 1198 4172
21.345278 1198 4172
21.345307 1038 4172
21.345337 1198 4172
21.345366 1198 4172
21.345394 1198 4172
21.345421 158 4172
21.345460 126 4172
21.373304 1198 4172
21.461481 110 4172
21.461568 110 4172
21.461579 110 4172
21.505660 1198 4172
21.505747 1198 4172
21.505760 494 4172
21.637255 1198 4172
21.637346 1198 4172
21.637349 366 4172
21.637386 302 4172
21.637443 238 4172
21.669615 1198 4172
21.669626 1198 4172
21.669707 350 4172
21.669723 318 4172
21.669754 174 4172
21.673220 174 4172
21.673252 174 4172
21.673282 174 4172
21.673312 174 4172
21.673342 1198 4172
21.673374 1198 4172
21.673401 1198 4172
21.673430 590 4172
21.673459 1198 4172
21.673489 1198 4172
21.673518 1198 4172
21.679691 1198 4172
21.679735 1070 4172
21.679778 174 4172
21.679813 174 4172
21.679847 174 4172
21.679880 174 4172
21.679915 174 4172
21.679947 1198 4172
21.679981 1198 4172
21.680014 1198 4172
21.680052 1198 4172
21.680086 814 4172
21.681724 1198 4172
21.681767 1198 4172
21.681800 1198 4172
21.681833 1198 4172
21.681865 1198 4172
21.681906 1198 4172
21.681959 1198 4172
21.681999 1198 4172
21.682031 734 4172
21.698549 686 4172
21.725377 126 4172
21.725438 110 4172
21.725487 110 4172
21.725533 110 4172
21.737284 1198 4172
21.737329 1198 4172
21.737375 350 4172
21.741400 318 4172
21.741451 174 4172
21.741499 174 4172
21.741545 174 4172
21.741590 174 4172
21.741634 174 4172
21.746046 1198 4172
21.746089 1198 4172
21.746139 1198 4172
21.746188 590 4172
21.746233 1198 4172
21.746279 1198 4172
21.746372 1198 4172
21.746423 686 4172
21.746470 1198 4172
21.746513 174 4172
21.746557 174 4172
21.746601 174 4172
21.750498 174 4172
21.750550 174 4172
21.750601 1198 4172
21.750645 1198 4172
21.750686 1198 4172
21.750727 1198 4172
21.750769 638 4172
21.763522 1198 4172
21.763560 1198 4172
21.763607 1198 4172
21.763651 1198 4172
21.763693 1198 4172
21.763737 1198 4172
21.763778 1198 4172
21.763826 1198 4172
21.763870 734 4172
21.763911 1070 4172
21.769324 126 4172
21.795949 110 4172
21.813317 126 4172
21.857531 222 4172
21.875423 126 4172
21.901303 110 4172
21.975356 110 4172
21.975433 110 4172
21.989324 110 4172
22.033599 126 4172
22.041868 1198 4172
22.041938 1198 4172
22.041990 1198 4172
22.042050 1150 4172
22.054136 1198 4172
22.054204 1166 4172
22.063507 1198 4172
22.063599 126 4172
22.070183 1198 4172
22.070270 302 4172
22.075332 1198 4172
22.075409 1198 4172
22.075473 1198 4172
22.075540 1166 4172
22.077250 110 4172
22.095644 1198 4172
22.095741 398 4172
22.121585 1198 4172
22.121703 1086 4172
22.209530 110 4172
22.253643 110 4172
22.253729 110 4172
22.253818 110 4172
22.297431 110 4172
22.517349 110 4172
22.517437 110 4172
22.775348 110 4172
22.775421 110 4172
22.775475 110 4172
22.781214 110 4172
22.913590 110 4172
23.045829 110 4172
23.309375 110 4172
23.573255 110 4172
23.793635 110 4172
23.837387 110 4172
23.881414 110 4172
24.101356 110 4172
24.405289 110 4172
24.669250 110 4172
24.801423 110 4172
24.889389 110 4172
25.809587 110 4172
25.897409 110 4172
26.777195 110 4172
26.909234 110 4172
27.349296 110 4172
27.789227 110 4172
27.877189 110 4172
28.797309 110 4172
28.885253 110 4172
29.809303 110 4172
29.897333 110 4172
29.985273 110 4172
30.817269 110 4172
30.901294 110 4172
31.781148 110 4172
31.913268 110 4172
32.661243 110 4172
32.793217 110 4172
32.881238 110 4172
33.801204 110 4172
33.889181 110 4172
34.809190 110 4172
34.897265 110 4172
35.337200 110 4172
35.777100 110 4172
35.909169 110 4172
36.785128 110 4172
36.917176 110 4172
37.793155 110 4172
37.881103 110 4172
38.013213 110 4172
38.413803 174 4172
38.413861 174 4172
38.413894 174 4172
38.413927 174 4172
38.417280 174 4172
38.417317 174 4172
38.417351 174 4172
38.421918 174 4172
38.421956 174 4172
38.421988 174 4172
38.425594 174 4172
38.425627 174 4172
38.425663 174 4172
38.429105 174 4172
38.429157 526 4172
38.449172 1198 4172
38.449226 1198 4172
38.449336 1198 4172
38.449385 1198 4172
38.449430 1198 4172
38.449475 1198 4172
38.449524 1198 4172
38.449570 1198 4172
38.449616 542 4172
38.449658 174 4172
38.581171 254 4172
38.739401 1198 4172
38.739459 366 4172
38.757134 1198 4172
38.757196 1166 4172
38.801093 110 4172
38.845004 110 4172
38.889244 110 4172
39.109169 110 4172
39.373195 110 4172
39.813209 110 4172
39.901152 110 4172
40.777080 110 4172
40.909175 110 4172
41.469053 60 60000
41.469377 270 4172
41.469417 254 4172
41.469458 270 4172
41.469497 318 4172
41.475610 238 4172
41.475625 318 4172
41.475658 318 4172
41.475687 318 4172
41.475717 238 4172
41.475745 302 4172
41.475774 254 4172
41.480968 270 4172
41.481007 334 4172
41.481041 286 4172
41.481075 334 4172
41.481106 558 4172
41.481138 686 4172
41.633732 142 4172
41.645594 174 4172
41.653563 158 4172
41.657078 174 4172
41.701023 142 4172
41.789021 110 4172
41.837447 174 4172
41.845409 158 4172
41.859703 158 4172
41.886751 174 4172
41.888393 158 4172
41.888418 158 4172
41.888457 158 4172
41.888522 158 4172
41.888557 158 4172
41.888593 158 4172
41.888629 158 4172
41.888661 142 4172
41.895899 110 4172
41.903847 174 4172
41.907090 158 4172
41.910114 1198 4172
41.910155 1198 4172
41.910250 1198 4172
41.910286 1198 4172
41.910316 1198 4172
41.910345 1198 4172
41.910375 1198 4172
41.910410 734 4172
41.944494 1198 4172
41.944531 1198 4172
41.944561 1198 4172
41.944590 1198 4172
41.944617 1198 4172
41.944646 1198 4172
41.944673 1198 4172
41.944701 1198 4172
41.944726 1198 4172
41.944753 1198 4172
41.944780 1198 4172
41.944807 350 4172
41.945031 1198 4172
41.945060 1198 4172
41.945088 1198 4172
41.945116 1198 4172
41.945148 1198 4172
41.945177 1198 4172
41.945204 1198 4172
41.945230 1198 4172
41.945257 1198 4172
41.945284 1198 4172
41.945310 654 4172
41.945337 1198 4172
41.949100 1198 4172
41.949131 1198 4172
41.949162 1198 4172
41.949194 1198 4172
41.949228 1198 4172
41.949260 1198 4172
41.949291 1198 4172
41.953655 1198 4172
41.953689 1006 4172
41.953729 1198 4172
41.953763 1198 4172
41.966741 1198 4172
41.967197 1198 4172
41.973089 1198 4172
41.973111 1198 4172
41.973163 1198 4172
41.981103 1198 4172
41.981168 1198 4172
41.981205 1198 4172
42.001189 1038 4172
42.002058 1198 4172
42.002089 1198 4172
42.005649 1198 4172
42.005680 1198 4172
42.005708 1198 4172
42.005746 1198 4172
42.005775 1198 4172
42.005806 1198 4172
42.005829 1198 4172
42.013106 1198 4172
42.013134 1102 4172
42.013174 110 4172
42.013208 1198 4172
42.024269 1198 4172
42.024309 1198 4172
42.024366 1198 4172
42.032066 1198 4172
42.034168 1198 4172
42.034315 1198 4172
42.034942 1198 4172
42.038043 1198 4172
42.040879 1198 4172
42.040918 190 4172
42.041011 1198 4172
42.041079 1198 4172
42.045741 1198 4172
42.045785 1198 4172
42.060630 1198 4172
42.061379 1198 4172
42.061800 1198 4172
42.061856 1198 4172
42.069531 1198 4172
42.069578 126 4172
42.069609 974 4172
42.069640 1198 4172
42.069667 1198 4172
42.069695 1198 4172
42.069722 1198 4172
42.077109 1198 4172
42.077137 1198 4172
42.077172 1198 4172
42.091752 1198 4172
42.091941 1198 4172
42.091968 1198 4172
42.091996 1198 4172
42.093319 622 4172
42.093450 1198 4172
42.093481 1198 4172
42.093508 1198 4172
42.101103 1198 4172
42.101129 1198 4172
42.101167 1198 4172
42.109196 1198 4172
42.109218 1198 4172
42.109259 1198 4172
42.118459 1198 4172
42.118715 1198 4172
42.118741 894 4172
42.118776 1198 4172
42.127245 1198 4172
42.127318 1198 4172
42.127349 1198 4172
42.127378 1198 4172
42.133283 1198 4172
42.133314 1198 4172
42.133349 1198 4172
42.141813 1198 4172
42.141848 1198 4172
42.153113 702 4172
42.153193 1198 4172
42.153220 1198 4172
42.153248 1198 4172
42.157090 1198 4172
42.157129 1198 4172
42.157160 1198 4172
42.157194 1198 4172
42.169180 1198 4172
42.169283 1198 4172
42.169318 1070 4172
42.173095 1198 4172
42.173130 1198 4172
42.173166 1198 4172
42.181182 1198 4172
42.181212 1198 4172
42.181242 1198 4172
42.181269 1198 4172
42.186824 1198 4172
42.186839 1198 4172
42.186877 494 4172
42.186911 1198 4172
42.197497 1198 4172
42.197516 1198 4172
42.197604 1198 4172
42.205112 1198 4172
42.205146 1198 4172
42.205174 1198 4172
42.205201 1198 4172
42.214880 974 4172
42.214912 1198 4172
42.214942 1198 4172
42.221089 1198 4172
42.221128 1198 4172
42.221178 1198 4172
42.221212 1198 4172
42.238257 1198 4172
42.238313 1198 4172
42.238351 1198 4172
42.281472 1198 4172
42.282454 1054 4172
42.282494 1198 4172
42.282523 1198 4172
42.282555 1198 4172
42.282583 1198 4172
42.297638 238 4172
42.297732 334 4172
42.297759 286 4172
42.297810 190 4172
42.297853 190 4172
42.297881 190 4172
42.297927 190 4172
42.297956 190 4172
42.298004 190 4172
42.298036 1198 4172
42.298065 382 4172
42.298114 1198 4172
42.298150 638 4172
42.298175 1022 4172
42.298205 190 4172
42.298245 190 4172
42.298274 190 4172
42.298303 1198 4172
42.298333 1198 4172
42.298396 1198 4172
42.298426 974 4172
42.298456 862 4172
42.298485 206 4172
42.298515 110 4172
42.298562 174 4172
42.298598 174 4172
42.298625 174 4172
42.298652 174 4172
42.298681 174 4172
42.298708 174 4172
42.298737 1198 4172
42.298773 542 4172
42.302259 1198 4172
42.302285 1198 4172
42.302342 414 4172
42.302355 1118 4172
42.310343 60 60000
42.340359 1198 4172
42.340446 190 4172
42.340477 190 4172
42.350356 174 4172
42.350393 174 4172
42.350424 174 4172
42.350454 174 4172
42.350482 174 4172
42.355053 494 4172
42.377031 206 4172
42.377622 174 4172
42.456237 174 4172
42.456257 174 4172
42.456284 174 4172
42.456316 174 4172
42.456365 174 4172
42.456409 174 4172
42.456458 174 4172
42.456488 174 4172
42.456521 174 4172
42.456552 174 4172
42.456582 174 4172
42.456612 174 4172
42.456643 270 4172
42.456674 126 4172
42.537089 174 4172
42.541247 110 4172
42.585027 606 4172
42.629028 174 4172
42.662843 206 4172
42.662861 174 4172
42.662972 158 4172
42.673412 654 4172
42.717129 1198 4172
42.717257 1198 4172
42.717306 1198 4172
42.717346 350 4172
42.760998 1198 4172
42.761075 1198 4172
42.761134 1198 4172
42.761178 1198 4172
42.761221 1198 4172
42.761262 1198 4172
42.761301 366 4172
42.775549 1198 4172
42.775599 1198 4172
42.805063 110 4172
42.810263 174 4172
42.810306 110 4172
42.810343 174 4172
42.810380 174 4172
42.813257 174 4172
42.813300 174 4172
42.818186 174 4172
42.818209 174 4172
42.818244 174 4172
42.821446 174 4172
42.821477 174 4172
42.821510 174 4172
42.825347 174 4172
42.825382 174 4172
42.825414 174 4172
42.828962 174 4172
42.829017 302 4172
42.829060 1198 4172
42.829107 1198 4172
42.829142 1198 4172
42.829174 1198 4172
42.849430 1198 4172
42.849477 1198 4172
42.849520 1198 4172
42.849557 542 4172
42.849591 1198 4172
42.849625 366 4172
42.865385 1198 4172
42.875491 1198 4172
42.875539 1166 4172
42.893083 110 4172
42.909437 174 4172
42.909472 174 4172
42.909512 174 4172
42.913847 174 4172
42.913889 174 4172
42.913924 174 4172
42.917806 174 4172
42.917855 174 4172
42.917887 174 4172
42.921675 174 4172
42.921710 174 4172
42.921742 174 4172
42.925077 174 4172
42.925108 174 4172
42.925139 174 4172
42.937124 302 4172
42.937175 1198 4172
42.937218 1198 4172
42.937257 1198 4172
42.937293 1198 4172
42.937328 1198 4172
42.937369 1198 4172
42.937414 1198 4172
42.937455 1198 4172
42.937494 542 4172
42.981084 110 4172
43.069134 1198 4172
43.069161 366 4172
43.113183 1198 4172
43.113229 1166 4172
43.113265 110 4172
43.113304 110 4172
43.113339 110 4172
43.113372 110 4172
43.377323 110 4172
43.377409 110 4172
43.377461 110 4172
43.640990 110 4172
43.817252 110 4172
43.893268 110 4172
43.905332 110 4172
44.165147 110 4172
44.473166 110 4172
44.737301 110 4172
44.781073 110 4172
44.913356 110 4172
45.001474 110 4172
45.265555 110 4172
45.793544 110 4172
45.881077 110 4172
46.801322 110 4172
46.889292 110 4172
47.809475 110 4172
47.893200 110 4172
47.937151 110 4172
48.817166 110 4172
48.905116 110 4172
49.817112 110 4172
49.905283 110 4172
50.785105 110 4172
50.917145 110 4172
51.793204 110 4172
51.881093 110 4172
52.789107 110 4172
52.877088 110 4172
53.313194 110 4172
53.797237 110 4172
53.885085 110 4172
54.805138 110 4172
54.893185 110 4172
55.817073 110 4172
55.905173 110 4172
55.993221 110 4172
56.781086 110 4172
56.909167 110 4172
57.785081 110 4172
57.917102 110 4172
58.661141 110 4172
58.793068 110 4172
58.881043 110 4172
59.801107 110 4172
59.889147 110 4172
60.809145 110 4172
60.897180 110 4172
61.381086 110 4172
61.777042 110 4172
61.909213 110 4172
62.569000 60 60000
62.569535 270 4172
62.569579 270 4172
62.569612 318 4172
62.569645 238 4172
62.573223 318 4172
62.573263 238 4172
62.573295 238 4172
62.573326 238 4172
62.573356 302 4172
62.573391 254 4172
62.573421 270 4172
62.609259 334 4172
62.609327 286 4172
62.609368 334 4172
62.609402 318 4172
62.609435 254 4172
62.609461 686 4172
62.733711 142 4172
62.741049 174 4172
62.753724 158 4172
62.775983 174 4172
62.776906 110 4172
62.776947 1198 4172
62.776982 1198 4172
62.777016 1198 4172
62.777059 1198 4172
62.777085 1198 4172
62.777118 1198 4172
62.786218 1198 4172
62.786705 1198 4172
62.786737 1198 4172
62.786763 1198 4172
62.786792 414 4172
62.788934 254 4172
62.788963 270 4172
62.788995 318 4172
62.789026 238 4172
62.789056 302 4172
62.789087 238 4172
62.789113 302 4172
62.793913 238 4172
62.793946 302 4172
62.793994 254 4172
62.794034 270 4172
62.794070 334 4172
62.794105 286 4172
62.794135 334 4172
62.803642 1198 4172
62.803679 1198 4172
62.803716 1198 4172
62.803749 1198 4172
62.803780 1198 4172
62.803811 1198 4172
62.803844 1198 4172
62.803885 1198 4172
62.803922 1182 4172
62.806122 1198 4172
62.806165 1198 4172
62.806216 1198 4172
62.806294 1198 4172
62.806371 1198 4172
62.806413 1198 4172
62.806453 1198 4172
62.806492 1198 4172
62.806528 350 4172
62.829039 1198 4172
62.920737 110 4172
62.937393 126 4172
62.945620 126 4172
62.957799 126 4172
62.963692 126 4172
62.977892 158 4172
62.977920 158 4172
62.977953 158 4172
62.977988 158 4172
62.978027 158 4172
62.978052 158 4172
62.978084 158 4172
62.984249 110 4172
62.985651 126 4172
62.986077 478 4172
63.005192 174 4172
63.016078 1198 4172
63.016607 1198 4172
63.016641 1198 4172
63.016673 1198 4172
63.016699 1198 4172
63.016730 1198 4172
63.016760 1198 4172
63.021521 1198 4172
63.021568 1198 4172
63.043875 414 4172
63.044270 1198 4172
63.044344 1198 4172
63.044985 1198 4172
63.045023 1198 4172
63.045058 126 4172
63.045104 1198 4172
63.049383 1198 4172
63.075841 1198 4172
63.082929 1198 4172
63.082949 238 4172
63.082981 1198 4172
63.083013 1198 4172
63.085773 110 4172
63.085819 1198 4172
63.093515 1198 4172
63.101167 1198 4172
63.109469 1198 4172
63.109494 1198 4172
63.117035 1198 4172
63.125070 1198 4172
63.133037 1198 4172
63.133066 302 4172
63.133102 1198 4172
63.141527 1198 4172
63.149129 1198 4172
63.157060 1198 4172
63.157105 1198 4172
63.165039 1198 4172
63.173174 1198 4172
63.181081 1198 4172
63.181115 1198 4172
63.189029 398 4172
63.189066 1198 4172
63.197123 110 4172
63.197151 110 4172
63.197231 1198 4172
63.205071 1198 4172
63.213072 1198 4172
63.225611 1198 4172
63.225640 1198 4172
63.229016 1198 4172
63.237092 1198 4172
63.245050 1198 4172
63.245096 1198 4172
63.257683 126 4172
63.257715 1198 4172
63.273287 1198 4172
63.274013 1198 4172
63.281106 1198 4172
63.281145 1198 4172
63.281179 1198 4172
63.289092 110 4172
63.289126 1198 4172
63.293713 1198 4172
63.305198 1198 4172
63.314233 1198 4172
63.321054 1198 4172
63.321074 1198 4172
63.333582 1198 4172
63.337053 1198 4172
63.346126 1198 4172
63.346173 1070 4172
63.353042 974 4172
63.361397 1198 4172
63.361545 1198 4172
63.369033 1198 4172
63.377129 1198 4172
63.404904 1198 4172
63.406266 1198 4172
63.406331 1198 4172
63.412509 1198 4172
63.413237 1038 4172
63.417077 1198 4172
63.417113 1198 4172
63.420053 60 60000
63.425023 1198 4172
63.436338 1198 4172
63.439959 1198 4172
63.441111 1198 4172
63.457405 1198 4172
63.465311 1198 4172
63.475184 302 4172
63.475283 110 4172
63.475307 1198 4172
63.483766 1198 4172
63.489936 1198 4172
63.490060 1198 4172
63.497149 1198 4172
63.505953 1198 4172
63.509060 1198 4172
63.509092 1198 4172
63.524407 1198 4172
63.529244 1198 4172
63.529278 1198 4172
63.540229 1198 4172
63.545031 286 4172
63.545064 1198 4172
63.553097 1198 4172
63.553153 1198 4172
63.561069 1198 4172
63.569662 270 4172
63.570873 1198 4172
63.577040 1198 4172
63.588262 1198 4172
63.588300 1198 4172
63.593063 1198 4172
63.597088 462 4172
63.597125 1198 4172
63.609032 1198 4172
63.609075 1198 4172
63.617752 1198 4172
63.625020 750 4172
63.625066 1198 4172
63.635061 1198 4172
63.641068 1198 4172
63.641096 1198 4172
63.650588 606 4172
63.657046 1198 4172
63.667527 1198 4172
63.667644 1198 4172
63.673036 286 4172
63.673072 1198 4172
63.684262 1198 4172
63.685015 1198 4172
63.697351 494 4172
63.697536 1198 4172
63.705126 798 4172
63.713252 174 4172
63.713286 174 4172
63.713428 174 4172
63.713481 174 4172
63.713511 1198 4172
63.721001 1198 4172
63.721042 366 4172
63.729189 382 4172
63.729272 1198 4172
63.729338 110 4172
63.729400 1198 4172
63.737035 190 4172
63.737130 1198 4172
63.746048 1198 4172
63.753000 846 4172
63.753035 1198 4172
63.761255 1198 4172
63.761281 926 4172
63.769037 1198 4172
63.773178 1198 4172
63.773226 686 4172
63.785163 1198 4172
63.785202 110 4172
63.785254 1198 4172
63.793539 206 4172
63.793620 1198 4172
63.801026 510 4172
63.801096 174 4172
63.801138 174 4172
63.801184 174 4172
63.801219 1198 4172
63.809236 1198 4172
63.817153 334 4172
63.817223 446 4172
63.817267 1198 4172
63.825397 1198 4172
63.825505 1198 4172
63.833089 1198 4172
63.841372 430 4172
63.841454 1198 4172
63.849088 1198 4172
63.849141 1198 4172
63.857480 574 4172
63.857605 1198 4172
63.861039 1198 4172
63.873349 734 4172
63.873426 1198 4172
63.881094 1198 4172
63.881148 846 4172
63.889223 1198 4172
63.889307 1198 4172
63.897166 766 4172
63.905339 1198 4172
63.905396 1198 4172
63.913190 174 4172
63.913242 1198 4172
63.921286 1198 4172
63.921333 334 4172
63.921394 158 4172
63.921440 1198 4172
63.931160 302 4172
63.931245 1054 4172
63.949024 158 4172
63.989209 110 4172
63.993076 110 4172
64.081227 110 4172
64.109612 158 4172
64.117566 174 4172
64.125048 190 4172
64.141553 174 4172
64.149428 174 4172
64.161974 126 4172
64.169021 670 4172
64.181810 1198 4172
64.181870 958 4172
64.194017 414 4172
64.201935 462 4172
64.213126 926 4172
64.225944 1070 4172
64.233852 830 4172
64.245772 446 4172
64.258214 334 4172
64.265694 1134 4172
64.265747 110 4172
64.265789 110 4172
64.265827 110 4172
64.277858 862 4172
64.290105 574 4172
64.297954 510 4172
64.301105 1198 4172
64.301151 142 4172
64.313942 1198 4172
64.313988 286 4172
64.325919 1086 4172
64.337739 526 4172
64.344940 494 4172
64.357890 990 4172
64.369954 814 4172
64.378096 814 4172
64.389031 1198 4172
64.389139 830 4172
64.402114 1198 4172
64.402169 1102 4172
64.413985 1198 4172
64.414083 622 4172
64.421691 814 4172
64.433342 686 4172
64.441878 1198 4172
64.441930 126 4172
64.454051 1166 4172
64.466298 1198 4172
64.466350 254 4172
64.474262 1198 4172
64.474312 1198 4172
64.474354 590 4172
64.477017 1198 4172
64.477070 1198 4172
64.498311 1198 4172
64.498389 1198 4172
64.498391 462 4172
64.509739 1198 4172
64.509881 366 4172
64.517978 878 4172
64.518043 942 4172
64.521031 1198 4172
64.521122 430 4172
64.521170 110 4172
64.521219 110 4172
64.521260 110 4172
64.542118 1198 4172
64.542178 798 4172
64.550450 1198 4172
64.550507 1150 4172
64.562483 1198 4172
64.562588 1198 4172
64.562596 1198 4172
64.562650 526 4172
64.565010 1198 4172
64.565055 1198 4172
64.565094 1198 4172
64.565134 750 4172
64.582231 1198 4172
64.582262 1198 4172
64.582307 1198 4172
64.582358 270 4172
64.593801 1198 4172
64.593928 1198 4172
64.593935 142 4172
64.609226 1198 4172
64.609370 254 4172
64.785399 110 4172
64.829084 110 4172
64.829176 110 4172
64.829229 110 4172
64.917109 110 4172
65.089303 110 4172
65.089414 110 4172
65.089476 110 4172
65.353105 110 4172
65.353197 110 4172
65.353240 110 4172
65.617277 110 4172
65.793349 110 4172
65.881089 110 4172
65.881177 110 4172
66.145383 110 4172
66.445058 110 4172
66.705323 110 4172
66.793026 110 4172
66.881129 110 4172
66.969082 110 4172
67.805084 110 4172
67.892985 110 4172
68.817392 110 4172
69.649101 110 4172
69.780940 110 4172
69.913043 110 4172
70.792982 110 4172
70.881064 110 4172
71.801103 110 4172
71.889107 110 4172
72.373136 110 4172
72.813014 110 4172
72.901133 110 4172
73.781073 110 4172
73.909267 110 4172
74.013357 366 4172
74.013417 174 4172
74.013492 174 4172
74.017552 174 4172
74.017581 174 4172
74.017609 174 4172
74.017639 174 4172
74.021712 174 4172
74.021752 174 4172
74.021784 174 4172
74.021814 174 4172
74.025795 174 4172
74.025834 174 4172
74.025865 174 4172
74.029912 174 4172
74.029957 190 4172
74.036946 1198 4172
74.036990 1198 4172
74.037022 734 4172
74.167712 190 4172
74.169013 1198 4172
74.169094 1198 4172
74.169133 1198 4172
74.169171 1198 4172
74.169213 414 4172
74.213036 158 4172
74.251485 1198 4172
74.251582 110 4172
74.256882 1198 4172
74.256924 142 4172
74.273705 1102 4172
74.281677 1198 4172
74.281725 222 4172
74.291403 1198 4172
74.291458 1070 4172
74.300965 1198 4172
74.301014 414 4172
74.313842 1198 4172
74.313885 1198 4172
74.313924 334 4172
74.325787 1198 4172
74.325828 542 4172
74.339514 1054 4172
74.344969 1198 4172
74.345021 1198 4172
74.345064 110 4172
74.357786 1198 4172
74.357917 1198 4172
74.357919 1198 4172
74.357954 1150 4172
74.369675 1198 4172
74.369720 862 4172
74.369759 1198 4172
74.381873 590 4172
74.389013 1198 4172
74.389057 1198 4172
74.389096 878 4172
74.401645 1198 4172
74.401728 798 4172
74.409582 718 4172
74.432937 622 4172
74.741029 110 4172
74.785092 110 4172
74.917049 110 4172
75.005089 110 4172
75.265083 110 4172
75.529017 110 4172
75.793081 110 4172
75.837037 110 4172
75.880992 110 4172
76.801125 110 4172
76.889062 110 4172
77.809027 110 4172
77.897503 110 4172
78.468954 110 4172
78.817134 110 4172
78.905017 110 4172
79.785010 110 4172
79.917047 110 4172
80.793033 110 4172
80.880963 110 4172
81.144932 110 4172
81.797105 110 4172
81.885019 110 4172
82.796999 110 4172
82.884872 110 4172
83.493086 574 4172
83.625017 174 4172
83.669059 60 60000
83.684519 1198 4172
83.684600 1198 4172
83.684641 1198 4172
83.684683 1198 4172
83.684719 1198 4172
83.684753 1198 4172
83.684787 574 4172
83.684865 1198 4172
83.692997 1198 4172
83.693040 1198 4172
83.693067 1198 4172
83.693095 1198 4172
83.705094 686 4172
83.705139 1198 4172
83.705175 1198 4172
83.705211 1198 4172
83.705247 1198 4172
83.712935 1198 4172
83.720930 1198 4172
83.720978 1198 4172
83.729157 814 4172
83.729251 1198 4172
83.737049 1198 4172
83.745585 1198 4172
83.745633 1198 4172
83.752907 1198 4172
83.756870 1198 4172
83.756914 1006 4172
83.768977 1198 4172
83.769022 1198 4172
83.778985 1198 4172
83.785007 1198 4172
83.785063 110 4172
83.793085 1198 4172
83.800959 862 4172
83.800998 110 4172
83.801030 1198 4172
83.809038 1198 4172
83.816949 1198 4172
83.817004 1198 4172
83.825037 1198 4172
83.825091 718 4172
83.832929 1198 4172
83.842922 1198 4172
83.842965 1198 4172
83.844871 1198 4172
83.844923 1198 4172
83.857111 1198 4172
83.864972 942 4172
83.865017 1198 4172
83.873758 1198 4172
83.873761 1198 4172
83.880914 1198 4172
83.888931 1198 4172
83.888984 238 4172
83.889023 110 4172
83.897052 1198 4172
83.897096 1198 4172
83.904933 1198 4172
83.905008 1198 4172
83.912974 1198 4172
83.921025 1198 4172
83.921063 942 4172
83.928981 1198 4172
83.929015 1198 4172
83.932900 1198 4172
83.944999 1198 4172
83.945010 1198 4172
83.954101 1134 4172
83.954132 1198 4172
83.961103 1198 4172
83.961144 1198 4172
83.968997 1198 4172
83.976950 1198 4172
83.976983 878 4172
83.985003 1198 4172
83.985035 1198 4172
83.992962 1198 4172
83.992992 1198 4172
84.001389 1198 4172
84.008979 1198 4172
84.009022 558 4172
84.009054 1198 4172
84.022783 1198 4172
84.024957 1198 4172
84.025007 1198 4172
84.036405 1198 4172
84.036510 1198 4172
84.041019 590 4172
84.041053 1198 4172
84.050901 1198 4172
84.050923 1198 4172
84.056956 110 4172
84.056998 1198 4172
84.057030 1198 4172
84.066083 1198 4172
84.074328 462 4172
84.074362 1198 4172
84.074394 1198 4172
84.079855 1198 4172
84.084965 1198 4172
84.088998 1198 4172
84.097162 1198 4172
84.097207 894 4172
84.105934 1198 4172
84.106120 1198 4172
84.114643 1198 4172
84.114743 1198 4172
84.122450 1198 4172
84.130623 1198 4172
84.130660 542 4172
84.131740 366 4172
84.139509 1198 4172
84.139554 1198 4172
84.145056 1198 4172
84.145104 1198 4172
84.161140 1150 4172
84.161581 1198 4172
84.170256 1198 4172
84.170301 1198 4172
84.170328 1198 4172
84.178328 1198 4172
84.178565 1198 4172
84.185096 526 4172
84.185134 1198 4172
84.196998 1198 4172
84.199550 1198 4172
84.200980 1198 4172
84.201019 1198 4172
84.215320 1198 4172
84.224888 446 4172
84.230276 126 4172
84.233496 1198 4172
84.233925 1198 4172
84.233968 1198 4172
84.234399 1198 4172
84.234509 1198 4172
84.238168 1198 4172
84.238208 862 4172
84.238244 1198 4172
84.250084 1198 4172
84.259917 1198 4172
84.265000 1198 4172
84.265032 1198 4172
84.287165 622 4172
84.287200 1198 4172
84.289025 1198 4172
84.289072 1198 4172
84.289103 1198 4172
84.289132 1198 4172
84.301331 366 4172
84.301412 1198 4172
84.305276 1198 4172
84.305310 1198 4172
84.313030 1198 4172
84.313070 1198 4172
84.322114 1198 4172
84.322222 318 4172
84.329043 1198 4172
84.329092 1198 4172
84.339219 1198 4172
84.339303 110 4172
84.339373 1198 4172
84.345039 1070 4172
84.345080 1198 4172
84.356810 1198 4172
84.356921 1198 4172
84.361065 1198 4172
84.370000 1198 4172
84.372164 1198 4172
84.376969 1166 4172
84.377007 1198 4172
84.385023 1198 4172
84.385053 1198 4172
84.392997 1198 4172
84.402265 1198 4172
84.402350 638 4172
84.402363 1198 4172
84.410799 1198 4172
84.417053 1198 4172
84.417078 1198 4172
84.425011 1198 4172
84.425050 798 4172
84.433017 1198 4172
84.433060 1198 4172
84.441565 1198 4172
84.441609 1198 4172
84.451826 1198 4172
84.451978 1198 4172
84.455653 1198 4172
84.458788 60 60000
84.468263 1198 4172
84.468276 1198 4172
84.473006 1198 4172
84.473041 1198 4172
84.489882 1198 4172
84.490494 254 4172
84.490538 1198 4172
84.498080 174 4172
84.498151 1198 4172
84.499621 1198 4172
84.499654 1198 4172
84.505513 1198 4172
84.505554 1198 4172
84.514398 142 4172
84.514400 1198 4172
84.521044 1198 4172
84.521071 1198 4172
84.529424 1198 4172
84.529498 1198 4172
84.540229 1198 4172
84.540257 526 4172
84.544956 1198 4172
84.568916 1198 4172
84.568997 590 4172
84.574047 478 4172
84.576982 174 4172
84.577016 174 4172
84.577049 174 4172
84.577082 1198 4172
84.577112 638 4172
84.577144 1198 4172
84.577174 1198 4172
84.577204 1198 4172
84.587442 174 4172
84.587529 1198 4172
84.587598 1198 4172
84.593062 1198 4172
84.593214 1198 4172
84.600998 110 4172
84.601041 302 4172
84.601074 1198 4172
84.609135 1198 4172
84.609163 1198 4172
84.616967 350 4172
84.617004 1198 4172
84.617038 1198 4172
84.625214 1198 4172
84.625254 366 4172
84.632980 1198 4172
84.633002 1198 4172
84.640987 1198 4172
84.641026 478 4172
84.641062 1198 4172
84.648974 1198 4172
84.657413 1198 4172
84.657449 1118 4172
84.668675 1198 4172
84.668763 1198 4172
84.668827 1198 4172
84.673380 1198 4172
84.681783 606 4172
84.681827 1198 4172
84.691514 1198 4172
84.691609 1198 4172
84.697006 1134 4172
84.697042 1198 4172
84.705159 1198 4172
84.705379 1198 4172
84.715344 254 4172
84.715382 174 4172
84.715455 174 4172
84.715496 1198 4172
84.725119 1198 4172
84.725218 782 4172
84.725250 510 4172
84.759401 286 4172
84.776452 190 4172
84.799165 110 4172
84.802289 446 4172
84.844955 1198 4172
84.844982 1198 4172
84.845017 366 4172
84.845068 302 4172
84.845110 494 4172
84.845139 238 4172
84.876451 606 4172
84.876539 110 4172
84.888955 110 4172
84.931160 766 4172
84.932857 1150 4172
84.976540 1198 4172
84.976595 270 4172
84.977093 110 4172
85.020965 158 4172
85.063531 286 4172
85.064896 1134 4172
85.099087 110 4172
85.109036 254 4172
85.153186 110 4172
85.196962 110 4172
85.273924 782 4172
85.284934 622 4172
85.285019 110 4172
85.294046 958 4172
85.305968 1086 4172
85.314115 1198 4172
85.314170 142 4172
85.326179 1198 4172
85.326220 430 4172
85.329148 1198 4172
85.329194 1198 4172
85.329250 110 4172
85.346114 1198 4172
85.346214 1198 4172
85.346243 558 4172
85.358007 1198 4172
85.358098 510 4172
85.369820 1198 4172
85.369927 446 4172
85.372876 974 4172
85.393600 878 4172
85.401884 878 4172
85.401939 110 4172
85.414062 990 4172
85.416982 1198 4172
85.434127 1198 4172
85.434179 1006 4172
85.442245 1198 4172
85.442293 1198 4172
85.442333 286 4172
85.454301 1198 4172
85.454347 1198 4172
85.454386 558 4172
85.454424 702 4172
85.460972 1198 4172
85.461022 1198 4172
85.461063 1198 4172
85.461100 606 4172
85.474372 1198 4172
85.474415 1198 4172
85.474454 1198 4172
85.474493 1006 4172
85.482129 1198 4172
85.482173 1198 4172
85.482212 670 4172
85.493739 1198 4172
85.493844 1198 4172
85.493878 606 4172
85.505551 1198 4172
85.505641 126 4172
85.518229 1118 4172
85.526364 1198 4172
85.526408 750 4172
85.538322 1198 4172
85.538412 1198 4172
85.538443 1134 4172
85.546426 1198 4172
85.546477 1198 4172
85.546516 1198 4172
85.546554 526 4172
85.548849 1198 4172
85.548888 1198 4172
85.548936 1102 4172
85.570968 1198 4172
85.571061 1198 4172
85.571094 1198 4172
85.571134 1198 4172
85.571170 366 4172
85.573640 1198 4172
85.573688 1198 4172
85.573725 1198 4172
85.573763 1198 4172
85.573801 782 4172
85.578816 1198 4172
85.585176 1198 4172
85.585231 1198 4172
85.585285 1198 4172
85.585325 1198 4172
85.585363 942 4172
85.592862 1198 4172
85.601336 1198 4172
85.601378 1198 4172
85.608906 1198 4172
85.608962 878 4172
85.617169 1198 4172
85.617203 1198 4172
85.624900 1198 4172
85.624954 1198 4172
85.633247 1198 4172
85.633294 142 4172
85.636849 494 4172
85.636902 1038 4172
85.653750 1198 4172
85.653786 1198 4172
85.653825 350 4172
85.665862 1198 4172
85.665966 222 4172
85.665998 1198 4172
85.677685 1198 4172
85.677732 430 4172
85.677771 110 4172
85.677814 110 4172
85.677853 110 4172
85.681283 1070 4172
85.698017 1198 4172
85.698112 350 4172
85.705803 1198 4172
85.705879 1198 4172
85.705944 206 4172
85.718666 1198 4172
85.718710 1198 4172
85.718759 174 4172
85.724948 1198 4172
85.724994 1198 4172
85.725031 1198 4172
85.725068 1198 4172
85.725106 1198 4172
85.725143 350 4172
85.769056 1198 4172
85.769099 1198 4172
85.769137 1198 4172
85.769175 990 4172
85.812933 110 4172
85.857290 1198 4172
85.901125 110 4172
85.945050 110 4172
85.945142 110 4172
85.945178 110 4172
85.988925 110 4172
86.209174 110 4172
86.209263 110 4172
86.209296 110 4172
86.472968 110 4172
86.473055 110 4172
86.473087 110 4172
86.737134 110 4172
86.780874 110 4172
86.913057 110 4172
87.044996 110 4172
87.265196 110 4172
87.528969 110 4172
87.793173 110 4172
87.836911 110 4172
87.880904 110 4172
88.097263 110 4172
88.361106 110 4172
88.801234 110 4172
88.888895 110 4172
89.804924 110 4172
89.892979 110 4172
90.812924 110 4172
90.900969 110 4172
91.032901 110 4172
91.912976 110 4172
92.784903 110 4172
92.917093 110 4172
93.708889 110 4172
93.797110 110 4172
93.884940 110 4172
94.804928 110 4172
94.892985 110 4172
95.813045 110 4172
95.901023 110 4172
96.372930 110 4172
96.808960 110 4172
96.897025 110 4172
97.813021 110 4172
97.900981 110 4172
98.333114 622 4172
98.333184 286 4172
98.445869 1198 4172
98.445940 958 4172
98.445998 174 4172
98.446103 174 4172
98.451471 1198 4172
98.451531 638 4172
98.451625 1198 4172
98.451627 1198 4172
98.451652 1198 4172
98.451687 174 4172
98.454342 1198 4172
98.454388 1198 4172
98.454427 1198 4172
98.454462 302 4172
98.457242 1198 4172
98.457285 1198 4172
98.457322 1198 4172
98.457357 366 4172
98.460905 1198 4172
98.460950 1198 4172
98.460989 1198 4172
98.461026 398 4172
98.461064 1198 4172
98.461102 1198 4172
98.476890 1198 4172
98.476957 478 4172
98.477005 1198 4172
98.484930 1198 4172
98.484987 1198 4172
98.492936 1118 4172
98.492994 1198 4172
98.500977 1198 4172
98.501022 1198 4172
98.504871 1198 4172
98.504927 606 4172
98.504976 1198 4172
98.516917 1198 4172
98.516984 1198 4172
98.524940 1118 4172
98.524995 1198 4172
98.532969 1198 4172
98.533033 1198 4172
98.540936 254 4172
98.541000 174 4172
98.541048 174 4172
98.541095 1198 4172
98.548905 894 4172
98.556926 1198 4172
98.556991 1198 4172
98.564888 1198 4172
98.564952 1198 4172
98.593060 814 4172
98.593124 1198 4172
98.605476 814 4172
98.613882 798 4172
98.626058 654 4172
98.636892 670 4172
98.649853 750 4172
98.662010 750 4172
98.674107 974 4172
98.680898 1198 4172
98.680945 558 4172
98.694002 1198 4172
98.694071 958 4172
98.701883 1198 4172
98.701940 590 4172
98.713774 1198 4172
98.713856 286 4172
98.723347 1198 4172
98.723396 110 4172
98.724917 1198 4172
98.724985 1198 4172
98.725037 1198 4172
98.725084 270 4172
98.725131 110 4172
98.741938 798 4172
98.754006 846 4172
98.766035 1086 4172
98.768918 1198 4172
98.768982 158 4172
98.786023 1198 4172
98.786094 238 4172
98.786149 110 4172
98.794193 1198 4172
98.794253 558 4172
98.802295 1198 4172
98.802358 1198 4172
98.802414 446 4172
98.812913 1198 4172
98.812960 1198 4172
98.813046 974 4172
98.826109 1198 4172
98.826210 1198 4172
98.826257 590 4172
98.833682 1198 4172
98.833737 1198 4172
98.833782 382 4172
98.847132 974 4172
98.853508 1198 4172
98.853554 142 4172
98.856871 1102 4172
98.874212 1198 4172
98.874298 510 4172
98.886150 1198 4172
98.886241 1086 4172
98.886288 110 4172
98.898245 1198 4172
98.898332 1198 4172
98.898373 350 4172
98.900869 1198 4172
98.900913 1198 4172
98.900953 574 4172
98.918529 1198 4172
98.918630 1198 4172
98.918672 974 4172
98.926492 1198 4172
98.926547 1198 4172
98.926589 1198 4172
98.926630 1198 4172
98.926670 126 4172
98.934357 1198 4172
98.934414 1198 4172
98.934460 1198 4172
98.934504 414 4172
98.944930 1198 4172
98.945013 1198 4172
98.945056 1198 4172
98.945092 750 4172
98.953701 1198 4172
98.953792 1198 4172
98.953838 1198 4172
98.953881 894 4172
98.953923 1198 4172
98.963201 1198 4172
98.963280 110 4172
98.973595 1198 4172
98.973681 398 4172
98.982236 1198 4172
98.982329 174 4172
98.982377 110 4172
98.988886 1198 4172
98.988930 1198 4172
98.988982 782 4172
99.002454 1198 4172
99.002518 1198 4172
99.002570 1198 4172
99.002613 494 4172
99.002659 110 4172
99.002702 110 4172
99.002746 110 4172
99.010412 1198 4172
99.010468 1198 4172
99.010514 1198 4172
99.010556 1038 4172
99.022602 1198 4172
99.022686 1198 4172
99.022729 1198 4172
99.022770 1198 4172
99.022811 366 4172
99.030774 1198 4172
99.030818 1198 4172
99.030871 1198 4172
99.030914 1198 4172
99.032932 1198 4172
99.032979 1198 4172
99.033019 1198 4172
99.045010 1198 4172
99.045098 1198 4172
99.052945 1198 4172
99.052989 462 4172
99.060954 942 4172
99.061006 1198 4172
99.068927 1198 4172
99.076839 1198 4172
99.076958 1198 4172
99.084921 1198 4172
99.084974 510 4172
99.085018 110 4172
99.085059 1198 4172
99.092982 1198 4172
99.093037 1198 4172
99.100926 1198 4172
99.100987 1198 4172
99.108939 1198 4172
99.109001 590 4172
99.116947 1198 4172
99.117003 1198 4172
99.120954 1198 4172
99.121035 1198 4172
99.132939 1198 4172
99.133013 766 4172
99.133065 1198 4172
99.140985 478 4172
99.141054 1198 4172
99.164875 1198 4172
99.164944 110 4172
99.164995 174 4172
99.208940 110 4172
99.276656 110 4172
99.276729 110 4172
99.276789 110 4172
99.296936 110 4172
99.561131 110 4172
99.561153 110 4172
99.561198 110 4172
99.780899 110 4172
99.825059 110 4172
99.825132 110 4172
99.825133 110 4172
99.912885 110 4172
100.089026 110 4172
100.353209 110 4172
100.617003 110 4172
100.793078 110 4172
100.876892 110 4172
100.880945 110 4172
101.145015 110 4172
101.409170 110 4172
101.805091 110 4172
101.892966 110 4172
102.816967 110 4172
102.900978 110 4172
103.780925 110 4172
103.912976 110 4172
104.133020 110 4172
104.620628 1198 4172
104.620654 1198 4172
104.620680 1198 4172
104.620711 1198 4172
104.620742 1198 4172
104.620774 1198 4172
104.620801 1198 4172
104.620830 798 4172
104.620871 1198 4172
104.625144 1198 4172
104.625182 1198 4172
104.625213 1198 4172
104.625241 1198 4172
104.625272 1198 4172
104.625303 1198 4172
104.632940 526 4172
104.632986 1198 4172
104.633018 1198 4172
104.633048 1198 4172
104.633076 1198 4172
104.640981 1198 4172
104.641036 1198 4172
104.641078 1006 4172
104.653151 1198 4172
104.653188 1198 4172
104.657064 1198 4172
104.665035 1198 4172
104.665077 1198 4172
104.673004 1198 4172
104.673049 350 4172
104.680957 1198 4172
104.681008 1198 4172
104.689985 1198 4172
104.690019 1198 4172
104.697029 1198 4172
104.697077 1198 4172
104.704977 1198 4172
104.705039 1198 4172
104.708936 1198 4172
104.708981 1198 4172
104.717381 60 60000
104.720962 1198 4172
104.721009 1198 4172
104.728960 1198 4172
104.729014 1198 4172
104.736900 1198 4172
104.736933 174 4172
104.736965 1198 4172
104.744900 1198 4172
104.744963 1198 4172
104.755120 1198 4172
104.755306 1198 4172
104.760989 1198 4172
104.761035 1198 4172
104.773701 158 4172
104.773737 1198 4172
104.773773 1198 4172
104.776878 1198 4172
104.776919 1198 4172
104.784994 110 4172
104.785026 1198 4172
104.785082 1198 4172
104.793011 1198 4172
104.793045 766 4172
104.796885 1198 4172
104.796932 1198 4172
104.808951 1198 4172
104.808961 1198 4172
104.817017 1198 4172
104.817063 1198 4172
104.824973 1198 4172
104.825016 590 4172
104.834888 1198 4172
104.834891 1198 4172
104.840901 1198 4172
104.840929 1198 4172
104.848998 1198 4172
104.849038 1198 4172
104.856903 1198 4172
104.856948 830 4172
104.856978 1198 4172
104.864998 1198 4172
104.865037 1198 4172
104.872984 1198 4172
104.873022 1198 4172
104.881107 1198 4172
104.881164 1198 4172
104.884937 1054 4172
104.884975 110 4172
104.885009 1198 4172
104.898395 1198 4172
104.898428 1198 4172
104.905000 1198 4172
104.905047 1198 4172
104.913051 1198 4172
104.913096 878 4172
104.920971 110 4172
104.921031 1198 4172
104.921076 1198 4172
104.929014 1198 4172
104.929064 1198 4172
104.936983 1198 4172
104.937021 1198 4172
104.945769 686 4172
104.945804 1198 4172
104.945837 1198 4172
104.952916 1198 4172
104.952952 1198 4172
104.961448 1198 4172
104.968925 654 4172
104.968978 1198 4172
104.972875 1198 4172
104.972921 1198 4172
104.984989 1198 4172
104.985012 1198 4172
104.993279 1198 4172
104.993355 878 4172
104.993383 1198 4172
105.000969 1198 4172
105.001003 1198 4172
105.009000 1198 4172
105.009038 910 4172
105.028187 494 4172
105.028217 206 4172
105.028304 158 4172
105.028356 158 4172
105.028483 158 4172
105.032067 158 4172
105.032110 158 4172
105.032145 158 4172
105.032176 158 4172
105.032206 158 4172
105.032244 158 4172
105.032265 158 4172
105.032294 158 4172
105.032349 158 4172
105.032387 158 4172
105.032943 158 4172
105.032977 158 4172
105.033017 446 4172
105.033046 366 4172
105.076960 462 4172
105.077009 158 4172
105.077049 158 4172
105.077079 158 4172
105.077110 158 4172
105.077142 158 4172
105.077171 158 4172
105.077199 158 4172
105.106433 174 4172
105.120978 366 4172
105.143946 1198 4172
105.143976 1198 4172
105.144009 1198 4172
105.144038 1198 4172
105.144082 1198 4172
105.144116 398 4172
105.163928 1198 4172
105.164346 1198 4172
105.164419 1198 4172
105.164454 1198 4172
105.164492 1198 4172
105.164518 1198 4172
105.164550 974 4172
105.170777 1198 4172
105.170863 1198 4172
105.170899 1198 4172
105.170924 1198 4172
105.170951 1198 4172
105.170967 1198 4172
105.171000 974 4172
105.179154 1198 4172
105.179369 1198 4172
105.179400 1198 4172
105.179429 1198 4172
105.179456 1198 4172
105.179483 1198 4172
105.194189 1198 4172
105.194307 334 4172
105.194437 110 4172
105.194477 1198 4172
105.194509 1198 4172
105.197461 1198 4172
105.197590 1198 4172
105.209727 1198 4172
105.209916 1198 4172
105.212939 1198 4172
105.212986 606 4172
105.233108 1198 4172
105.233480 1198 4172
105.236919 1198 4172
105.236956 1198 4172
105.236987 1198 4172
105.237018 1070 4172
105.245058 1198 4172
105.245103 1198 4172
105.245133 1198 4172
105.262366 1198 4172
105.262393 1198 4172
105.266445 1198 4172
105.266492 110 4172
105.266659 1198 4172
105.266696 1198 4172
105.273009 1198 4172
105.273055 126 4172
105.273099 1198 4172
105.281037 1198 4172
105.281080 766 4172
105.289601 1198 4172
105.289647 1198 4172
105.297137 1198 4172
105.297173 1198 4172
105.304938 1198 4172
105.304985 1198 4172
105.312979 1198 4172
105.313017 1198 4172
105.329266 110 4172
105.329318 1198 4172
105.329348 1198 4172
105.338786 1198 4172
105.338820 1198 4172
105.338873 1198 4172
105.338912 1198 4172
105.342612 702 4172
105.342657 1198 4172
105.342690 1198 4172
105.352990 1198 4172
105.353033 1198 4172
105.361787 1198 4172
105.361937 1198 4172
105.369745 1038 4172
105.369790 1198 4172
105.376948 1198 4172
105.376983 1198 4172
105.384974 1198 4172
105.385019 1198 4172
105.419616 1198 4172
105.420550 766 4172
105.434773 1198 4172
105.436204 1198 4172
105.436390 1198 4172
105.436427 1198 4172
105.436469 1198 4172
105.436500 1198 4172
105.436548 494 4172
105.436580 1198 4172
105.436610 1198 4172
105.442671 1198 4172
105.442727 1198 4172
105.442749 1198 4172
105.442780 1198 4172
105.448925 430 4172
105.448973 1198 4172
105.449076 110 4172
105.449111 1198 4172
105.456962 1198 4172
105.457014 1198 4172
105.461319 1198 4172
105.474492 1134 4172
105.474574 1198 4172
105.480325 60 60000
105.480895 1198 4172
105.480934 1198 4172
105.502476 654 4172
105.518687 238 4172
105.519860 174 4172
105.519902 174 4172
105.519931 734 4172
105.520917 1198 4172
105.527731 1198 4172
105.527771 1198 4172
105.527806 1198 4172
105.527838 974 4172
105.527870 1198 4172
105.527899 1198 4172
105.527929 1198 4172
105.527959 878 4172
105.527990 1198 4172
105.533180 1198 4172
105.533221 1198 4172
105.533252 1198 4172
105.544598 590 4172
105.544637 1198 4172
105.549075 1198 4172
105.549155 1198 4172
105.556909 1198 4172
105.556943 1134 4172
105.564872 1198 4172
105.564912 1198 4172
105.572871 1198 4172
105.579113 1198 4172
105.579166 270 4172
105.579201 1198 4172
105.588917 1198 4172
105.598200 1198 4172
105.599581 830 4172
105.599664 1198 4172
105.605353 1198 4172
105.605389 1198 4172
105.612999 1198 4172
105.613041 1198 4172
105.620957 1198 4172
105.620995 1070 4172
105.628962 1198 4172
105.629017 1198 4172
105.637255 1198 4172
105.646596 814 4172
105.646643 1198 4172
105.646675 1198 4172
105.653155 1198 4172
105.653202 1198 4172
105.661041 494 4172
105.661085 1198 4172
105.661122 1198 4172
105.668901 1198 4172
105.668939 1198 4172
105.676978 990 4172
105.677019 1198 4172
105.685398 1198 4172
105.685499 654 4172
105.685514 174 4172
105.689245 350 4172
105.689275 510 4172
105.689309 174 4172
105.689339 174 4172
105.697042 718 4172
105.697093 1198 4172
105.697127 1198 4172
105.704957 1086 4172
105.712938 110 4172
105.712984 1198 4172
105.713014 1198 4172
105.720947 1198 4172
105.720988 990 4172
105.721026 1198 4172
105.732020 1198 4172
105.732100 1198 4172
105.736830 1198 4172
105.736868 1198 4172
105.748192 670 4172
105.748452 1198 4172
105.752959 1198 4172
105.753283 1198 4172
105.754658 1198 4172
105.761257 1198 4172
105.761298 254 4172
105.761332 1198 4172
105.767156 1198 4172
105.767195 1198 4172
105.778943 1198 4172
105.779238 1198 4172
105.785036 350 4172
105.785084 1198 4172
105.785121 1198 4172
105.795310 110 4172
105.795379 1198 4172
105.795423 1198 4172
105.800946 958 4172
105.801002 1198 4172
105.811699 1198 4172
105.811737 1198 4172
105.816901 1198 4172
105.816940 1182 4172
105.816973 1198 4172
105.825117 1198 4172
105.825146 1198 4172
105.832927 1198 4172
105.832958 974 4172
105.843657 1198 4172
105.843892 1198 4172
105.848952 1198 4172
105.848997 1198 4172
105.849033 718 4172
105.852921 1198 4172
105.852969 1198 4172
105.866083 1198 4172
105.866124 1022 4172
105.866179 1198 4172
105.878802 1198 4172
105.879043 734 4172
105.881930 174 4172
105.881967 1198 4172
105.881996 1198 4172
105.889207 110 4172
105.889244 798 4172
105.889279 1198 4172
105.889309 718 4172
105.896902 238 4172
105.902082 1198 4172
105.902112 1198 4172
105.902170 366 4172
105.902208 302 4172
105.902248 1198 4172
105.902280 702 4172
105.908896 1198 4172
105.916907 1198 4172
105.916942 1198 4172
105.924880 1198 4172
105.924933 1198 4172
105.924965 1198 4172
105.932926 206 4172
105.932952 1198 4172
105.932986 1198 4172
105.940958 1198 4172
105.940998 1198 4172
105.948937 1198 4172
105.948966 1198 4172
105.956915 190 4172
105.956950 1198 4172
105.956982 1198 4172
105.964908 1198 4172
105.964941 1198 4172
105.972886 1198 4172
105.972930 1086 4172
105.980894 1198 4172
105.980933 1198 4172
105.985298 110 4172
105.985351 1198 4172
105.985383 1198 4172
105.996974 1198 4172
105.997013 1198 4172
106.005035 1198 4172
106.005079 990 4172
106.005115 1198 4172
106.013025 1198 4172
106.013063 1198 4172
106.020975 1198 4172
106.021014 1198 4172
106.029042 1198 4172
106.029089 430 4172
106.029127 1198 4172
106.036981 1198 4172
106.037043 1198 4172
106.044985 1198 4172
106.045025 1198 4172
106.052982 702 4172
106.053032 1198 4172
106.053074 1198 4172
106.060988 1198 4172
106.061038 1198 4172
106.069040 1198 4172
106.069070 1198 4172
106.069131 334 4172
106.072917 1198 4172
106.072971 1198 4172
106.073008 1198 4172
106.085005 1198 4172
106.085036 1198 4172
106.092936 1198 4172
106.092979 1198 4172
106.100938 1198 4172
106.100970 1198 4172
106.108977 1198 4172
106.109029 1198 4172
106.109067 1198 4172
106.117015 1198 4172
106.117060 766 4172
106.126192 1198 4172
106.126241 1198 4172
106.132992 1198 4172
106.133048 1198 4172
106.133095 1198 4172
106.141007 1198 4172
106.141050 142 4172
106.148990 1198 4172
106.149034 1198 4172
106.161124 1198 4172
106.161199 574 4172
106.161201 142 4172
106.204918 1198 4172
106.289128 110 4172
106.305521 142 4172
106.313341 142 4172
106.321518 142 4172
106.332906 158 4172
106.345465 1134 4172
106.357351 414 4172
106.376863 158 4172
106.385450 142 4172
106.397364 158 4172
106.409397 158 4172
106.417418 158 4172
106.420801 142 4172
106.420854 558 4172
106.438048 1198 4172
106.438072 670 4172
106.450082 462 4172
106.461907 1198 4172
106.462003 238 4172
106.465109 1038 4172
106.497788 974 4172
106.508946 718 4172
106.509075 1198 4172
106.521949 462 4172
106.522074 718 4172
106.533891 1182 4172
106.533949 110 4172
106.533990 110 4172
106.534028 110 4172
106.541997 1198 4172
106.552990 1198 4172
106.553020 350 4172
106.566074 1198 4172
106.566165 542 4172
106.578078 1198 4172
106.578124 750 4172
106.586222 1198 4172
106.586266 606 4172
106.597013 1198 4172
106.597020 1198 4172
106.597101 510 4172
106.610100 1198 4172
106.610190 1198 4172
106.610192 174 4172
106.621840 1198 4172
106.621971 1006 4172
106.629770 1198 4172
106.629827 670 4172
106.637707 1038 4172
106.641118 1198 4172
106.641172 126 4172
106.662235 1198 4172
106.662238 782 4172
106.674167 910 4172
106.682188 1198 4172
106.682278 1198 4172
106.682280 222 4172
106.684915 1198 4172
106.684955 1198 4172
106.685003 382 4172
106.690234 1198 4172
106.702133 1198 4172
106.702217 558 4172
106.714342 1198 4172
106.714439 1198 4172
106.714455 414 4172
106.726684 1198 4172
106.726724 1198 4172
106.726785 1198 4172
106.726850 718 4172
106.728931 1198 4172
106.728977 1198 4172
106.729019 1198 4172
106.729055 174 4172
106.734254 1198 4172
106.742131 1198 4172
106.742183 1198 4172
106.742223 974 4172
106.749728 1198 4172
106.749774 1198 4172
106.749812 430 4172
106.761818 1198 4172
106.761906 430 4172
106.772975 1198 4172
106.773023 494 4172
106.776781 1198 4172
106.776832 1198 4172
106.776871 510 4172
106.786217 110 4172
106.794238 1198 4172
106.794327 1198 4172
106.794329 686 4172
106.794365 110 4172
106.794406 110 4172
106.794442 110 4172
106.802409 1198 4172
106.802456 1198 4172
106.802495 1198 4172
106.802532 222 4172
106.810325 1198 4172
106.810376 1198 4172
106.810416 1198 4172
106.810454 398 4172
106.817091 1198 4172
106.817128 1198 4172
106.817181 1198 4172
106.817221 558 4172
106.834733 1198 4172
106.834780 1198 4172
106.834819 1198 4172
106.834857 302 4172
106.842438 1198 4172
106.842492 1198 4172
106.842543 1198 4172
106.842583 1198 4172
106.842622 1006 4172
106.854435 1198 4172
106.854489 1198 4172
106.854524 1198 4172
106.854561 1198 4172
106.854598 382 4172
106.860920 1198 4172
106.860972 1198 4172
106.861020 1198 4172
106.861073 1054 4172
106.873785 1198 4172
106.873875 1198 4172
106.873877 1198 4172
106.873920 142 4172
106.876883 1198 4172
106.876932 798 4172
106.886240 110 4172
106.898521 1198 4172
106.898658 1198 4172
106.898698 1198 4172
106.898738 350 4172
106.904901 1198 4172
106.904946 1198 4172
106.904984 590 4172
106.914592 1198 4172
106.914647 1198 4172
106.914689 1198 4172
106.914729 1198 4172
106.917017 1198 4172
106.917064 1198 4172
106.917105 1198 4172
106.917141 1198 4172
106.917177 638 4172
106.926591 1198 4172
106.926634 190 4172
106.934485 1198 4172
106.934533 1198 4172
106.934572 1198 4172
106.934609 1198 4172
106.934648 958 4172
106.940979 1198 4172
106.941030 1198 4172
106.941070 1198 4172
106.941107 1198 4172
106.948900 606 4172
106.993297 110 4172
107.077059 110 4172
107.077226 110 4172
107.077295 110 4172
107.080911 110 4172
107.341061 110 4172
107.341125 110 4172
107.341176 110 4172
107.604955 110 4172
107.605023 110 4172
107.605090 110 4172
107.780959 110 4172
107.869031 110 4172
107.869078 110 4172
107.912994 110 4172
108.657017 110 4172
108.788922 110 4172
108.920969 110 4172
109.228985 110 4172
109.449027 110 4172
109.752926 110 4172
109.797208 110 4172
109.884971 110 4172
110.804949 110 4172
111.813011 110 4172
111.900974 110 4172
112.428950 110 4172
112.780902 110 4172
113.788964 110 4172
114.801220 110 4172
114.888896 110 4172
115.108970 110 4172
115.804960 110 4172
115.892971 110 4172
116.244779 174 4172
116.244816 174 4172
116.244850 174 4172
116.249163 174 4172
116.249198 174 4172
116.249230 174 4172
116.249260 174 4172
116.257033 174 4172
116.257073 174 4172
116.257101 174 4172
116.257130 174 4172
116.257154 174 4172
116.288896 174 4172
116.288938 174 4172
116.288979 190 4172
116.289022 1198 4172
116.289062 174 4172
116.289101 1198 4172
116.289140 1198 4172
116.289178 1198 4172
116.289214 190 4172
116.377033 1198 4172
116.403389 190 4172
116.415133 1198 4172
116.415253 1198 4172
116.415256 862 4172
116.420875 1198 4172
116.420914 142 4172
116.435372 1198 4172
116.435457 398 4172
116.452992 1198 4172
116.453040 1198 4172
116.453078 110 4172
116.465003 110 4172
116.816977 110 4172
116.905036 110 4172
116.992921 110 4172
117.256887 110 4172
117.820837 110 4172
117.909095 110 4172
118.820934 110 4172
118.908902 110 4172
119.785000 110 4172
119.912972 110 4172
119.916901 110 4172
120.792900 110 4172
120.920952 110 4172
121.800977 110 4172
121.888960 110 4172
122.624908 110 4172
122.800770 110 4172
122.888881 110 4172
123.812821 110 4172
123.897152 110 4172
124.816903 110 4172
124.904924 110 4172
125.296955 110 4172
125.713086 270 4172
125.713115 254 4172
125.713188 270 4172
125.713230 318 4172
125.713253 222 4172
125.717054 222 4172
125.717092 222 4172
125.717128 222 4172
125.717164 222 4172
125.717199 222 4172
125.717236 238 4172
125.717273 270 4172
125.736925 60 60000
125.740759 334 4172
125.740817 238 4172
125.740860 270 4172
125.740900 222 4172
125.740942 494 4172
125.784954 110 4172
125.869252 158 4172
125.872905 174 4172
125.885228 110 4172
125.885267 174 4172
125.897326 174 4172
125.902217 174 4172
125.916996 174 4172
125.917022 190 4172
125.917106 190 4172
125.960825 158 4172
125.977206 174 4172
125.999344 110 4172
126.004767 174 4172
126.080957 1198 4172
126.081017 1198 4172
126.081059 1198 4172
126.081095 126 4172
126.081125 1198 4172
126.081155 190 4172
126.081182 1198 4172
126.081211 174 4172
126.081244 1054 4172
126.081272 1102 4172
126.081304 1070 4172
126.081334 1198 4172
126.081363 1198 4172
126.081393 1198 4172
126.081420 1038 4172
126.094163 110 4172
126.094183 1198 4172
126.094215 990 4172
126.094247 158 4172
126.123227 1198 4172
126.123267 734 4172
126.123303 830 4172
126.123340 1118 4172
126.123372 782 4172
126.123406 910 4172
126.123439 814 4172
126.123473 1198 4172
126.123500 1198 4172
126.123529 430 4172
126.125248 1182 4172
126.125284 158 4172
126.142678 126 4172
126.142726 1198 4172
126.151954 1198 4172
126.151989 1198 4172
126.152022 1198 4172
126.152052 1198 4172
126.152084 1198 4172
126.152114 1198 4172
126.152144 1198 4172
126.152172 382 4172
126.164952 1198 4172
126.164997 1198 4172
126.165033 1198 4172
126.165064 1198 4172
126.165105 1198 4172
126.165124 1198 4172
126.165155 1198 4172
126.165183 446 4172
126.175082 1198 4172
126.175202 1198 4172
126.175233 1198 4172
126.175265 1198 4172
126.184129 1198 4172
126.184173 1198 4172
126.184203 1198 4172
126.188957 366 4172
126.188977 110 4172
126.189006 1198 4172
126.197597 1198 4172
126.197633 1198 4172
126.197672 1198 4172
126.204927 1198 4172
126.205066 1198 4172
126.213706 1198 4172
126.213740 782 4172
126.213772 1198 4172
126.223978 1198 4172
126.224067 1198 4172
126.229123 1198 4172
126.229154 1198 4172
126.237712 1198 4172
126.237751 1198 4172
126.246676 1198 4172
126.247170 1198 4172
126.247205 1198 4172
126.260508 1198 4172
126.261698 1198 4172
126.275928 142 4172
126.276898 1198 4172
126.285154 1198 4172
126.285197 606 4172
126.285226 1198 4172
126.285257 1198 4172
126.285299 1198 4172
126.285320 1198 4172
126.285351 1198 4172
126.285379 1198 4172
126.293380 846 4172
126.293415 110 4172
126.293449 1198 4172
126.293482 1198 4172
126.304056 190 4172
126.304150 1198 4172
126.304151 1198 4172
126.312703 1198 4172
126.312751 1198 4172
126.312797 718 4172
126.317329 1198 4172
126.317412 1198 4172
126.325110 1198 4172
126.325132 1198 4172
126.332878 1198 4172
126.332920 1198 4172
126.340943 1198 4172
126.340982 1198 4172
126.348863 110 4172
126.348886 1198 4172
126.348919 1198 4172
126.358196 1198 4172
126.358227 1198 4172
126.362895 1198 4172
126.362961 1198 4172
126.374081 1198 4172
126.374108 622 4172
126.374139 1198 4172
126.380846 878 4172
126.380870 1198 4172
126.380907 1198 4172
126.392642 1198 4172
126.392664 1198 4172
126.392766 1198 4172
126.396930 1198 4172
126.405201 190 4172
126.405229 1198 4172
126.405262 1198 4172
126.412882 1198 4172
126.412901 1198 4172
126.420976 1198 4172
126.425146 1198 4172
126.425174 174 4172
126.441903 1198 4172
126.441927 1198 4172
126.441960 1198 4172
126.445243 1198 4172
126.445272 1198 4172
126.462597 1198 4172
126.462623 686 4172
126.462657 1198 4172
126.476895 1198 4172
126.476927 1198 4172
126.476962 1198 4172
126.476989 1198 4172
126.487150 1198 4172
126.487181 1198 4172
126.487212 1198 4172
126.487241 958 4172
126.487284 1198 4172
126.492839 1198 4172
126.492897 1198 4172
126.492991 1198 4172
126.500884 1198 4172
126.500904 1198 4172
126.508964 1198 4172
126.509008 270 4172
126.509031 1198 4172
126.516946 1198 4172
126.516975 1198 4172
126.517011 1198 4172
126.528555 1198 4172
126.534516 238 4172
126.534819 270 4172
126.534925 270 4172
126.534973 1198 4172
126.540898 1198 4172
126.540928 1198 4172
126.540972 1198 4172
126.541003 1054 4172
126.548856 1198 4172
126.548886 1198 4172
126.548920 1198 4172
126.556974 1198 4172
126.557006 1198 4172
126.564967 1198 4172
126.565006 1006 4172
126.565042 1198 4172
126.570614 60 60000
126.573837 1198 4172
126.573877 1198 4172
126.580859 1198 4172
126.580897 1198 4172
126.589109 1198 4172
126.589716 334 4172
126.589759 1198 4172
126.596910 1198 4172
126.596942 1198 4172
126.605170 1198 4172
126.605214 110 4172
126.605253 1198 4172
126.613205 1198 4172
126.613237 1198 4172
126.613277 926 4172
126.621398 1198 4172
126.621417 1198 4172
126.628931 1198 4172
126.628996 1198 4172
126.629031 1198 4172
126.636908 1198 4172
126.636929 1198 4172
126.644852 1198 4172
126.644879 1118 4172
126.644914 1198 4172
126.652877 1198 4172
126.652946 1198 4172
126.660555 1198 4172
126.660596 1198 4172
126.660627 1198 4172
126.668830 1198 4172
126.668862 718 4172
126.681325 1198 4172
126.681352 1198 4172
126.681384 1198 4172
126.684885 1198 4172
126.684934 1198 4172
126.692854 1198 4172
126.692883 1198 4172
126.692917 526 4172
126.700881 1198 4172
126.700910 1198 4172
126.709346 1198 4172
126.709398 1198 4172
126.709435 1198 4172
126.716859 1198 4172
126.716889 670 4172
126.716929 1198 4172
126.726521 1198 4172
126.726545 1198 4172
126.733010 1198 4172
126.733042 1198 4172
126.733074 1198 4172
126.740967 382 4172
126.741017 1198 4172
126.741048 1198 4172
126.744886 1198 4172
126.744927 1198 4172
126.760736 1198 4172
126.763601 1198 4172
126.764269 366 4172
126.765256 1198 4172
126.765291 1198 4172
126.765326 1198 4172
126.772864 1198 4172
126.772897 1198 4172
126.780842 1198 4172
126.780878 190 4172
126.780913 1198 4172
126.788908 110 4172
126.788995 1198 4172
126.789049 1198 4172
126.789206 1198 4172
126.802545 1198 4172
126.802642 718 4172
126.804871 1198 4172
126.804964 1198 4172
126.805003 1198 4172
126.813165 1198 4172
126.820881 750 4172
126.820912 1198 4172
126.820941 1198 4172
126.828930 1198 4172
126.828961 1198 4172
126.836924 1198 4172
126.836948 1198 4172
126.837015 350 4172
126.844850 1198 4172
126.844872 1198 4172
126.844901 1198 4172
126.854864 1198 4172
126.854895 1198 4172
126.860854 1198 4172
126.860906 1006 4172
126.860948 606 4172
126.872669 222 4172
126.872721 1198 4172
126.872752 1198 4172
126.872801 1198 4172
126.876876 1198 4172
126.876901 110 4172
126.876931 1198 4172
126.897501 366 4172
126.897835 1198 4172
126.901957 1198 4172
126.901992 1198 4172
126.902027 110 4172
126.902062 1198 4172
126.902115 1198 4172
126.902147 1198 4172
126.908964 542 4172
126.909033 1198 4172
126.909067 1198 4172
126.920798 1198 4172
126.920821 1198 4172
126.920864 1198 4172
126.924864 1198 4172
126.932856 1198 4172
126.932908 1198 4172
126.932973 1038 4172
126.942403 1198 4172
126.942421 1198 4172
126.950273 1198 4172
126.950356 1198 4172
126.950453 1198 4172
126.957941 1198 4172
126.957965 1198 4172
126.971897 1198 4172
126.972445 558 4172
126.977444 1198 4172
126.978653 1198 4172
126.980854 1198 4172
126.980900 1198 4172
126.980961 1198 4172
126.981005 1198 4172
126.988877 110 4172
126.988896 1198 4172
126.988932 1198 4172
126.988965 782 4172
126.997030 1198 4172
126.997057 1198 4172
126.997089 1198 4172
127.005921 1198 4172
127.017685 1198 4172
127.017727 1198 4172
127.017750 1198 4172
127.020738 334 4172
127.020771 1198 4172
127.020815 1198 4172
127.028820 1198 4172
127.028861 1198 4172
127.034080 1198 4172
127.034115 1198 4172
127.034148 1198 4172
127.050212 1198 4172
127.050238 1198 4172
127.052734 1198 4172
127.052766 1198 4172
127.052797 1198 4172
127.065960 1198 4172
127.065983 1198 4172
127.068756 1198 4172
127.068788 1198 4172
127.068826 1198 4172
127.076842 1198 4172
127.076868 1198 4172
127.084725 1198 4172
127.084770 1198 4172
127.084803 1198 4172
127.092778 894 4172
127.092814 1198 4172
127.100740 110 4172
127.100768 1198 4172
127.100799 1198 4172
127.100832 1198 4172
127.108759 1198 4172
127.108790 1198 4172
127.116774 910 4172
127.116810 1198 4172
127.116840 1198 4172
127.121206 1198 4172
127.121256 1198 4172
127.121282 1198 4172
127.132759 1198 4172
127.132800 686 4172
127.132833 1198 4172
127.140843 1198 4172
127.140890 1198 4172
127.148824 110 4172
127.148862 1198 4172
127.148901 1198 4172
127.148939 1070 4172
127.156852 1198 4172
127.156882 1198 4172
127.164767 1198 4172
127.164812 1198 4172
127.164858 1198 4172
127.172866 1070 4172
127.172903 1198 4172
127.180796 1198 4172
127.180854 1198 4172
127.180899 1198 4172
127.188874 1198 4172
127.188921 1198 4172
127.196760 798 4172
127.196809 110 4172
127.196851 1198 4172
127.196888 1198 4172
127.204731 1198 4172
127.204785 1198 4172
127.208691 1198 4172
127.208736 1198 4172
127.208773 126 4172
127.208811 1198 4172
127.220769 1198 4172
127.220867 222 4172
127.220900 1198 4172
127.228800 1198 4172
127.228878 1198 4172
127.228922 1198 4172
127.236825 1198 4172
127.236862 894 4172
127.244727 1198 4172
127.244767 1198 4172
127.252881 1198 4172
127.252925 1198 4172
127.260811 1198 4172
127.260855 1198 4172
127.260900 1166 4172
127.268820 1198 4172
127.268862 1198 4172
127.276785 1198 4172
127.276826 1198 4172
127.284801 1198 4172
127.284837 1198 4172
127.284874 1198 4172
127.292832 1198 4172
127.292873 798 4172
127.296958 1198 4172
127.297003 1198 4172
127.297049 1198 4172
127.308856 1198 4172
127.308890 1198 4172
127.316728 1198 4172
127.316770 1198 4172
127.316805 1198 4172
127.324813 1198 4172
127.324853 1198 4172
127.332854 526 4172
127.332899 1198 4172
127.332931 1198 4172
127.340830 1198 4172
127.340868 1198 4172
127.340908 1198 4172
127.348807 1198 4172
127.348851 1198 4172
127.348893 1198 4172
127.356811 1198 4172
127.356848 670 4172
127.356888 1198 4172
127.364739 1198 4172
127.364788 1198 4172
127.372743 1198 4172
127.372790 1198 4172
127.372830 1198 4172
127.380830 1198 4172
127.380878 1198 4172
127.384745 1102 4172
127.384788 1198 4172
127.384827 1198 4172
127.396847 1198 4172
127.396932 1198 4172
127.396963 1198 4172
127.404719 1198 4172
127.404769 1198 4172
127.412824 1198 4172
127.412866 110 4172
127.412904 846 4172
127.412946 1198 4172
127.420743 1198 4172
127.420787 1198 4172
127.428780 1198 4172
127.428830 1198 4172
127.436826 1198 4172
127.436865 718 4172
127.436900 1198 4172
127.444800 1198 4172
127.444855 1198 4172
127.444897 1198 4172
127.452805 1198 4172
127.452842 1198 4172
127.460804 1198 4172
127.460845 1198 4172
127.460882 238 4172
127.460919 1198 4172
127.468697 1198 4172
127.468741 1198 4172
127.472940 1198 4172
127.472992 1198 4172
127.473036 1198 4172
127.484907 1198 4172
127.484943 318 4172
127.484985 1198 4172
127.492807 1198 4172
127.492850 1198 4172
127.492890 1198 4172
127.500820 1198 4172
127.500869 1198 4172
127.508767 1166 4172
127.508794 1198 4172
127.508835 1198 4172
127.516755 1198 4172
127.516815 1198 4172
127.516886 1198 4172
127.524836 1198 4172
127.524872 238 4172
127.524908 1198 4172
127.532806 1198 4172
127.532845 1198 4172
127.532892 1198 4172
127.540817 1198 4172
127.540862 1198 4172
127.548792 206 4172
127.548843 1198 4172
127.548889 1198 4172
127.548929 1198 4172
127.556809 1198 4172
127.556853 1198 4172
127.560727 1198 4172
127.560766 1150 4172
127.560817 1198 4172
127.572842 1198 4172
127.572882 1198 4172
127.572923 1198 4172
127.580787 1198 4172
127.580834 1198 4172
127.692848 110 4172
127.709376 126 4172
127.717227 126 4172
127.729428 126 4172
127.736755 126 4172
127.753222 126 4172
127.765238 126 4172
127.765336 126 4172
127.773223 126 4172
127.777190 126 4172
127.780729 110 4172
127.793273 126 4172
127.805270 126 4172
127.813837 126 4172
127.825312 1198 4172
127.825354 1198 4172
127.825392 1198 4172
127.825436 1198 4172
127.825498 1198 4172
127.825567 334 4172
127.833137 254 4172
127.845235 478 4172
127.857266 126 4172
127.868773 126 4172
127.877250 1198 4172
127.877299 1198 4172
127.877344 1198 4172
127.877382 1086 4172
127.882716 110 4172
127.894727 1198 4172
127.894787 1198 4172
127.894841 1198 4172
127.894883 1198 4172
127.894921 734 4172
127.906790 1198 4172
127.906877 1198 4172
127.906915 1198 4172
127.906955 1198 4172
127.907002 590 4172
127.912921 1198 4172
127.912960 1198 4172
127.912999 1198 4172
127.913034 126 4172
127.926593 1198 4172
127.926685 1198 4172
127.926726 1198 4172
127.926766 1102 4172
127.938593 1198 4172
127.938693 1198 4172
127.938695 1198 4172
127.938730 558 4172
127.938770 110 4172
127.938806 110 4172
127.938842 110 4172
127.938878 1198 4172
127.946533 1198 4172
127.946584 1198 4172
127.946621 1198 4172
127.946659 190 4172
127.956775 1198 4172
127.956905 1198 4172
127.956909 366 4172
127.970499 1198 4172
127.970506 1198 4172
127.970546 1198 4172
127.970583 206 4172
127.977165 1198 4172
127.977214 1198 4172
127.977254 622 4172
127.977292 1198 4172
127.982332 110 4172
127.990550 1198 4172
127.990601 1198 4172
128.001011 1198 4172
128.001056 1198 4172
128.001096 1198 4172
128.001133 382 4172
128.009345 1198 4172
128.009393 1198 4172
128.009435 126 4172
128.018216 766 4172
128.018279 606 4172
128.026561 1198 4172
128.026612 1198 4172
128.026651 110 4172
128.035037 1198 4172
128.035078 1198 4172
128.035125 1198 4172
128.035164 590 4172
128.044740 1198 4172
128.044788 1198 4172
128.044827 1198 4172
128.044860 1198 4172
128.044897 1198 4172
128.044931 1198 4172
128.044966 350 4172
128.055088 1198 4172
128.055140 1198 4172
128.055188 1198 4172
128.055233 1198 4172
128.055277 1198 4172
128.055314 1198 4172
128.055351 1198 4172
128.055388 110 4172
128.067251 1198 4172
128.067284 1198 4172
128.067323 1198 4172
128.067371 1198 4172
128.067413 1198 4172
128.067449 1198 4172
128.067485 974 4172
128.074969 1198 4172
128.075014 1198 4172
128.075060 1198 4172
128.075099 1198 4172
128.075137 1198 4172
128.075177 1198 4172
128.075214 494 4172
128.080909 1198 4172
128.080949 1198 4172
128.080996 1198 4172
128.081046 1198 4172
128.081089 1198 4172
128.081129 1198 4172
128.081166 318 4172
128.088736 1198 4172
128.088786 1198 4172
128.088832 1198 4172
128.088870 1198 4172
128.098955 1198 4172
128.098991 702 4172
128.104782 1198 4172
128.104821 1198 4172
128.104870 1198 4172
128.112978 1198 4172
128.113027 1198 4172
128.120744 206 4172
128.120794 1198 4172
128.120833 1198 4172
128.130225 1198 4172
128.130273 1198 4172
128.130315 1198 4172
128.132732 558 4172
128.132790 1198 4172
128.132836 1198 4172
128.144926 1198 4172
128.144989 1198 4172
128.145021 1198 4172
128.152789 286 4172
128.152831 1198 4172
128.152883 1198 4172
128.161187 1198 4172
128.161234 1198 4172
128.161270 334 4172
128.161312 1198 4172
128.168791 1198 4172
128.168838 1198 4172
128.177192 1198 4172
128.177236 462 4172
128.177272 1198 4172
128.177306 1198 4172
128.184856 1198 4172
128.184899 1198 4172
128.193195 1198 4172
128.193239 430 4172
128.193283 110 4172
128.193319 1198 4172
128.193357 1198 4172
128.200670 1070 4172
128.200728 110 4172
128.200770 110 4172
128.200808 110 4172
128.200846 1198 4172
128.209053 1198 4172
128.209098 1198 4172
128.209138 574 4172
128.216820 1198 4172
128.216874 1198 4172
128.216919 1198 4172
128.220807 1198 4172
128.220859 1198 4172
128.220896 814 4172
128.232788 1198 4172
128.232874 1198 4172
128.233018 1198 4172
128.241090 1198 4172
128.241142 1198 4172
128.248681 1198 4172
128.248727 1198 4172
128.248765 1198 4172
128.257216 1198 4172
128.257265 638 4172
128.257307 1198 4172
128.264912 1198 4172
128.264972 1198 4172
128.272917 1198 4172
128.272954 1198 4172
128.273008 1198 4172
128.280769 1198 4172
128.280821 1198 4172
128.288825 1198 4172
128.288868 430 4172
128.288912 1198 4172
128.288953 110 4172
128.288992 1198 4172
128.296731 1198 4172
128.296780 1198 4172
128.305070 1198 4172
128.305118 1198 4172
128.305159 1198 4172
128.308848 1198 4172
128.308878 1198 4172
128.308917 1198 4172
128.321043 1198 4172
128.321129 286 4172
128.321258 1198 4172
128.328801 1198 4172
128.328875 1198 4172
128.328919 1198 4172
128.336934 1198 4172
128.336988 1198 4172
128.344780 1198 4172
128.344837 1198 4172
128.344880 1198 4172
128.353142 830 4172
128.353190 1198 4172
128.353226 1198 4172
128.360804 1198 4172
128.360856 1198 4172
128.360900 1198 4172
128.368914 1198 4172
128.368938 1198 4172
128.376846 1198 4172
128.376895 1198 4172
128.376937 958 4172
128.385083 1198 4172
128.385131 1198 4172
128.385173 1198 4172
128.392762 1198 4172
128.392815 110 4172
128.392858 1198 4172
128.392897 1198 4172
128.396651 1198 4172
128.396709 1198 4172
128.408798 1198 4172
128.408886 318 4172
128.408921 1198 4172
128.408959 1198 4172
128.416980 1198 4172
128.417016 1198 4172
128.424847 1198 4172
128.424894 1198 4172
128.424937 1198 4172
128.433155 1198 4172
128.433207 782 4172
128.433273 1198 4172
128.440784 1198 4172
128.440835 1198 4172
128.440879 1198 4172
128.448875 1198 4172
128.448918 1198 4172
128.456772 1198 4172
128.456819 1198 4172
128.456866 1198 4172
128.465115 110 4172
128.465160 110 4172
128.465199 110 4172
128.465236 206 4172
128.465275 1198 4172
128.465311 1198 4172
128.472796 1198 4172
128.472861 1198 4172
128.472906 1198 4172
128.480899 1198 4172
128.480942 1198 4172
128.481001 1198 4172
128.484750 862 4172
128.484796 1198 4172
128.484835 1198 4172
128.496929 110 4172
128.496971 1198 4172
128.497008 1198 4172
128.504829 1198 4172
128.504930 1198 4172
128.505040 1198 4172
128.513063 254 4172
128.513113 1198 4172
128.513152 1198 4172
128.520821 1198 4172
128.520864 1198 4172
128.520905 1198 4172
128.528949 1198 4172
128.528991 1198 4172
128.529016 334 4172
128.529073 1198 4172
128.536811 1198 4172
128.536854 1198 4172
128.544909 1198 4172
128.544955 1198 4172
128.545002 1198 4172
128.552795 1198 4172
128.552832 1198 4172
128.552872 494 4172
128.561156 1198 4172
128.561203 1198 4172
128.561233 590 4172
128.568757 1198 4172
128.568811 1198 4172
128.568855 1198 4172
128.572766 1198 4172
128.572800 1198 4172
128.572838 990 4172
128.584946 1198 4172
128.584984 1198 4172
128.585034 1198 4172
128.592917 1198 4172
128.592971 110 4172
128.593013 1198 4172
128.600679 1198 4172
128.600723 1198 4172
128.600762 1198 4172
128.616793 1102 4172
128.704928 110 4172
128.748753 110 4172
128.748860 110 4172
128.748902 110 4172
128.792761 110 4172
129.012840 110 4172
129.012881 110 4172
129.276702 110 4172
129.276715 110 4172
129.276755 110 4172
129.540873 110 4172
129.793136 110 4172
129.800697 110 4172
129.889045 110 4172
130.108815 110 4172
130.372840 110 4172
130.636809 110 4172
130.808721 110 4172
130.892845 110 4172
130.897000 110 4172
131.204697 110 4172
131.468722 110 4172
131.732677 110 4172
131.908875 110 4172
132.820739 110 4172
132.908847 110 4172
133.784765 110 4172
133.912961 110 4172
134.396754 110 4172
134.788759 110 4172
134.920828 110 4172
135.796668 110 4172
135.884759 110 4172
136.800895 110 4172
136.888760 110 4172
137.108698 110 4172
137.808720 110 4172
137.896868 110 4172
138.813034 110 4172
138.900776 110 4172
139.780732 110 4172
139.825126 110 4172
139.912838 110 4172
140.788746 110 4172
140.921062 110 4172
141.788742 110 4172
141.920679 110 4172
142.492703 110 4172
142.800653 110 4172
142.888744 110 4172
143.808654 110 4172
143.896614 110 4172
144.812826 110 4172
144.896895 110 4172
145.160788 110 4172
145.812742 110 4172
145.900688 110 4172
146.780738 110 4172
146.816862 1198 4172
146.817035 1198 4172
146.817092 1198 4172
146.817144 1198 4172
146.817259 1198 4172
146.817302 1198 4172
146.817340 1198 4172
146.817377 750 4172
146.824704 1198 4172
146.824748 1198 4172
146.824787 1198 4172
146.824824 1198 4172
146.824859 1198 4172
146.824895 1198 4172
146.824929 1198 4172
146.824963 894 4172
146.840939 1198 4172
146.840982 1198 4172
146.841017 1198 4172
146.841047 1198 4172
146.841078 1198 4172
146.841107 1198 4172
146.841141 526 4172
146.852948 1198 4172
146.852988 1198 4172
146.853021 1198 4172
146.853051 1198 4172
146.853079 1198 4172
146.853107 830 4172
146.861595 1198 4172
146.861748 1198 4172
146.864286 1198 4172
146.864383 1198 4172
146.864414 1198 4172
146.864446 1198 4172
146.868704 1198 4172
146.868745 1198 4172
146.868775 1198 4172
146.876686 1070 4172
146.876744 1198 4172
146.876789 1198 4172
146.885132 1198 4172
146.885246 1198 4172
146.885289 126 4172
146.894315 110 4172
146.894359 1198 4172
146.894397 1198 4172
146.900774 1198 4172
146.900820 1198 4172
146.900850 1198 4172
146.908835 1198 4172
146.909033 174 4172
146.909074 1198 4172
146.916807 1198 4172
146.916851 1198 4172
146.916887 1198 4172
146.920750 1198 4172
146.920790 1198 4172
146.932804 1198 4172
146.932918 1198 4172
146.932933 1198 4172
146.940662 430 4172
146.940696 1198 4172
146.940728 1198 4172
146.948713 1198 4172
146.948752 1198 4172
146.948787 1198 4172
146.956696 1198 4172
146.956730 1198 4172
146.956761 1198 4172
146.964986 1198 4172
146.965028 1198 4172
146.972662 430 4172
146.972704 1198 4172
146.972740 1198 4172
146.972772 1198 4172
146.982144 1198 4172
146.982190 1198 4172
146.988723 1198 4172
146.988767 110 4172
146.988802 1198 4172
146.988835 1198 4172
146.996890 1198 4172
146.996934 1198 4172
146.996963 110 4172
146.996990 606 4172
147.004692 1198 4172
147.004737 1198 4172
147.004777 1198 4172
147.014136 1198 4172
147.014221 1198 4172
147.014248 1198 4172
147.020784 1198 4172
147.020826 1198 4172
147.028858 1198 4172
147.028901 766 4172
147.028938 1198 4172
147.028969 1198 4172
147.036728 1198 4172
147.044857 1198 4172
147.044919 1198 4172
147.052783 1198 4172
147.052827 1198 4172
147.052861 1198 4172
147.056713 254 4172
147.056756 1198 4172
147.056797 1198 4172
147.068852 1198 4172
147.068983 1198 4172
147.068985 1198 4172
147.076796 1198 4172
147.076825 1198 4172
147.077257 1198 4172
147.084719 1198 4172
147.084761 606 4172
147.084805 1198 4172
147.092733 1198 4172
147.092772 1198 4172
147.092809 110 4172
147.092846 1198 4172
147.100667 1198 4172
147.100705 1198 4172
147.100740 1134 4172
147.108692 1198 4172
147.108735 1198 4172
147.108770 1198 4172
147.116672 1198 4172
147.116716 1198 4172
147.124743 1198 4172
147.124790 1166 4172
147.124823 1198 4172
147.132644 1198 4172
147.132677 1198 4172
147.132711 1198 4172
147.141569 1198 4172
147.141662 1198 4172
147.141697 1198 4172
147.144612 606 4172
147.144722 1198 4172
147.144757 1198 4172
147.155917 1198 4172
147.156013 782 4172
147.156045 558 4172
147.156078 190 4172
147.156108 158 4172
147.156137 158 4172
147.164709 158 4172
147.164748 1198 4172
147.164780 1198 4172
147.164813 238 4172
147.164843 1198 4172
147.172726 1198 4172
147.172775 1198 4172
147.180671 1198 4172
147.180709 1198 4172
147.180739 1198 4172
147.188719 1038 4172
147.188758 110 4172
147.188786 1198 4172
147.188812 1198 4172
147.196720 1198 4172
147.196755 1198 4172
147.196788 542 4172
147.204673 766 4172
147.204710 1198 4172
147.204743 1198 4172
147.212739 1198 4172
147.212775 1198 4172
147.212808 670 4172
147.212839 1198 4172
147.220670 1198 4172
147.220703 1198 4172
147.220731 622 4172
147.228680 1198 4172
147.228720 1198 4172
147.228749 1198 4172
147.232629 734 4172
147.232699 1198 4172
147.232725 1198 4172
147.244671 1198 4172
147.244757 654 4172
147.244789 158 4172
147.244820 158 4172
147.244850 158 4172
147.244880 1198 4172
147.253068 1198 4172
147.253102 1198 4172
147.253137 1198 4172
147.257076 190 4172
147.257115 110 4172
147.257182 670 4172
147.257217 206 4172
147.257248 174 4172
147.257279 158 4172
147.257308 174 4172
147.269722 158 4172
147.269865 158 4172
147.269905 174 4172
147.269938 158 4172
147.276547 190 4172
147.276657 206 4172
147.301271 110 4172
147.338601 430 4172
147.341067 1166 4172
147.341108 158 4172
147.341143 158 4172
147.341181 222 4172
147.341212 158 4172
147.341245 158 4172
147.368813 158 4172
147.368847 174 4172
147.382909 1198 4172
147.382948 1198 4172
147.382977 1198 4172
147.383005 1198 4172
147.383032 1198 4172
147.383058 1198 4172
147.383087 1198 4172
147.383123 1198 4172
147.383149 1198 4172
147.383175 1198 4172
147.383200 1198 4172
147.383225 526 4172
147.386739 110 4172
147.386776 1198 4172
147.386806 1198 4172
147.386833 1198 4172
147.386859 1198 4172
147.386885 1198 4172
147.386913 1198 4172
147.386939 1198 4172
147.386969 1198 4172
147.386996 1198 4172
147.387023 1198 4172
147.387056 270 4172
147.397939 1198 4172
147.397981 1198 4172
147.398009 1198 4172
147.398035 1198 4172
147.398063 1198 4172
147.404179 1198 4172
147.404218 1198 4172
147.409130 126 4172
147.409181 1198 4172
147.409217 1198 4172
147.409279 1198 4172
147.416641 1198 4172
147.416673 302 4172
147.416717 1198 4172
147.430629 1198 4172
147.430716 1198 4172
147.430742 1198 4172
147.433303 1198 4172
147.433334 1198 4172
147.441333 1198 4172
147.441407 1198 4172
147.441491 1198 4172
147.447227 1198 4172
147.448635 254 4172
147.448672 1198 4172
147.448701 1198 4172
147.454601 1198 4172
147.454639 1198 4172
147.454668 1198 4172
147.467746 1198 4172
147.467783 1198 4172
147.479029 1198 4172
147.479073 1198 4172
147.479107 1198 4172
147.481271 1198 4172
147.481313 1198 4172
147.494127 1198 4172
147.494209 110 4172
147.494219 1198 4172
147.494246 1198 4172
147.496689 1198 4172
147.496720 1198 4172
147.505062 1198 4172
147.507693 1198 4172
147.507733 1198 4172
147.512597 1198 4172
147.512648 1198 4172
147.512682 1198 4172
147.520763 494 4172
147.520798 1198 4172
147.520828 1198 4172
147.520858 1198 4172
147.528670 1198 4172
147.528709 110 4172
147.528743 126 4172
147.528774 1198 4172
147.537049 1198 4172
147.537129 1198 4172
147.540603 1198 4172
147.540650 1198 4172
147.540686 1198 4172
147.553629 1198 4172
147.553766 1198 4172
147.560669 1198 4172
147.560717 1198 4172
147.560754 1198 4172
147.568840 1198 4172
147.568886 1198 4172
147.568924 414 4172
147.568963 1198 4172
147.576742 1198 4172
147.576782 1198 4172
147.576814 1198 4172
147.584873 1198 4172
147.584926 1198 4172
147.584964 606 4172
147.592665 1198 4172
147.592708 110 4172
147.592742 1198 4172
147.592776 1198 4172
147.600753 1198 4172
147.600807 1198 4172
147.600848 1198 4172
147.608709 1198 4172
147.608759 1198 4172
147.608799 878 4172
147.621655 590 4172
147.621658 1198 4172
147.621693 126 4172
147.621730 1198 4172
147.621766 1198 4172
147.621800 1198 4172
147.628861 1198 4172
147.628909 1198 4172
147.636708 830 4172
147.636761 1198 4172
147.636804 590 4172
147.644741 654 4172
147.644789 1198 4172
147.644826 670 4172
147.652769 1198 4172
147.652800 1038 4172
147.652835 1198 4172
147.660758 1022 4172
147.660800 1198 4172
147.660834 1198 4172
147.669524 1198 4172
147.669610 1198 4172
147.669652 1198 4172
147.672686 1198 4172
147.672737 1198 4172
147.672777 1198 4172
147.684817 366 4172
147.684864 1198 4172
147.684904 1198 4172
147.684942 1198 4172
147.692847 670 4172
147.692951 158 4172
147.692996 110 4172
147.693037 910 4172
147.693075 1198 4172
147.699003 302 4172
147.699063 254 4172
147.699104 510 4172
147.699144 1006 4172
147.699185 1198 4172
147.716689 238 4172
147.760759 158 4172
147.760858 494 4172
147.760876 862 4172
147.777708 174 4172
147.777760 494 4172
147.777801 798 4172
147.796655 110 4172
147.804565 110 4172
147.804613 158 4172
147.892825 110 4172
147.973348 542 4172
147.977596 446 4172
147.980668 110 4172
147.993055 318 4172
148.004966 142 4172
148.013135 142 4172
148.021169 526 4172
148.045028 318 4172
148.053115 206 4172
148.065166 878 4172
148.065168 110 4172
148.068638 350 4172
148.077661 894 4172
148.085474 110 4172
148.085532 894 4172
148.097223 494 4172
148.105169 350 4172
148.112652 350 4172
148.125089 526 4172
148.133203 366 4172
148.145170 174 4172
148.157094 254 4172
148.169057 334 4172
148.177452 446 4172
148.200690 526 4172
148.200764 110 4172
148.288656 110 4172
148.316660 382 4172
148.332650 110 4172
148.332732 110 4172
148.332770 110 4172
148.341035 270 4172
148.341056 254 4172
148.341088 270 4172
148.345072 638 4172
148.345106 222 4172
148.345138 222 4172
148.345170 222 4172
148.345200 222 4172
148.345229 222 4172
148.350355 222 4172
148.350398 238 4172
148.350433 270 4172
148.350462 334 4172
148.350493 238 4172
148.350523 270 4172
148.359978 1198 4172
148.360010 1198 4172
148.360043 1198 4172
148.360076 1198 4172
148.360107 1198 4172
148.360138 1198 4172
148.360174 1198 4172
148.360207 782 4172
148.366006 1198 4172
148.366039 1198 4172
148.366070 1198 4172
148.366100 1198 4172
148.366189 1198 4172
148.366223 1198 4172
148.366254 510 4172
148.376636 142 4172
148.376689 1198 4172
148.376723 542 4172
148.376754 1198 4172
148.376786 1198 4172
148.376818 478 4172
148.398577 110 4172
148.420632 158 4172
148.477687 238 4172
148.507743 110 4172
148.508622 270 4172
148.508656 254 4172
148.508689 270 4172
148.513868 366 4172
148.513908 222 4172
148.513938 222 4172
148.513968 222 4172
148.513995 222 4172
148.519316 222 4172
148.519363 222 4172
148.519405 238 4172
148.519439 270 4172
148.519472 334 4172
148.519505 238 4172
148.519537 270 4172
148.528749 1198 4172
148.528797 1198 4172
148.528837 1198 4172
148.528876 1198 4172
148.528917 1198 4172
148.528962 1198 4172
148.529022 1198 4172
148.529132 782 4172
148.540074 1198 4172
148.540120 1198 4172
148.540157 1198 4172
148.540199 1198 4172
148.540237 1198 4172
148.540272 1198 4172
148.540311 510 4172
148.540636 782 4172
148.552682 1198 4172
148.552731 1198 4172
148.552770 1198 4172
148.552810 1198 4172
148.552846 1198 4172
148.552883 478 4172
148.552920 1198 4172
148.552957 1198 4172
148.552997 894 4172
148.553033 1198 4172
148.553070 1198 4172
148.553108 1198 4172
148.553143 862 4172
148.570743 846 4172
148.577573 174 4172
148.596736 110 4172
148.633411 110 4172
148.633428 110 4172
148.633466 110 4172
148.640717 126 4172
148.677783 126 4172
148.684665 110 4172
148.812768 110 4172
148.837157 126 4172
148.849151 126 4172
148.856584 126 4172
148.868979 126 4172
148.877553 126 4172
148.877591 110 4172
148.877621 110 4172
148.877650 110 4172
148.881008 110 4172
148.889118 126 4172
148.900578 1198 4172
148.900618 414 4172
148.912946 158 4172
148.920915 174 4172
148.932953 174 4172
148.945089 174 4172
148.956903 174 4172
148.965019 158 4172
148.968977 174 4172
148.977579 494 4172
148.977621 158 4172
148.988625 110 4172
