0.081618 1198 4172
0.081626 1198 4172
0.081717 1198 4172
0.081724 734 4172
0.169744 110 4172
0.297600 110 4172
0.396196 110 4172
0.425588 110 4172
0.646249 318 4172
0.689590 110 4172
0.733735 1134 4172
0.733815 1198 4172
0.733817 622 4172
0.733866 1182 4172
0.733894 926 4172
0.733939 942 4172
0.733976 1102 4172
0.734015 1198 4172
0.734056 1198 4172
0.734094 1198 4172
0.734136 1198 4172
0.734184 974 4172
0.734224 446 4172
0.734267 158 4172
0.753573 1198 4172
0.753659 1198 4172
0.753660 1198 4172
0.753681 1198 4172
0.753712 1198 4172
0.753741 1198 4172
0.753771 1198 4172
0.753801 1198 4172
0.753834 1198 4172
0.753861 862 4172
0.753893 1198 4172
0.753923 1198 4172
0.753952 1198 4172
0.753981 1198 4172
0.754012 1198 4172
0.754040 1198 4172
0.754070 1198 4172
0.754098 1198 4172
0.754126 1198 4172
0.754154 1198 4172
0.754183 1198 4172
0.754213 1198 4172
0.754241 1198 4172
0.754273 1198 4172
0.754302 1198 4172
0.754331 1198 4172
0.754360 1198 4172
0.754390 1198 4172
0.754420 1198 4172
0.754449 1198 4172
0.754478 1198 4172
0.761657 910 4172
0.761711 1198 4172
0.761747 1198 4172
0.761780 1198 4172
0.761814 1198 4172
0.761847 1198 4172
0.761877 1198 4172
0.761908 1198 4172
0.761938 1198 4172
0.761969 1198 4172
0.762004 1198 4172
0.762035 1198 4172
0.762065 1198 4172
0.762094 1198 4172
0.769819 846 4172
0.769860 1198 4172
0.769890 1198 4172
0.769921 1198 4172
0.769949 1198 4172
0.769980 1198 4172
0.770008 1198 4172
0.770040 1198 4172
0.770073 1198 4172
0.770102 1198 4172
0.770136 1198 4172
0.770168 1198 4172
0.777563 1198 4172
0.777623 1198 4172
0.777661 1198 4172
0.777705 1182 4172
0.777751 1198 4172
0.777795 1198 4172
0.785550 1198 4172
0.785611 1198 4172
0.785657 1198 4172
0.785698 1198 4172
0.785739 1198 4172
0.793622 1198 4172
0.793667 1198 4172
0.793713 1198 4172
0.793760 1198 4172
0.793800 1198 4172
0.793840 1198 4172
0.801752 1198 4172
0.801804 1198 4172
0.801845 1198 4172
0.801885 1198 4172
0.801926 1198 4172
0.809698 1198 4172
0.809745 1198 4172
0.809785 1198 4172
0.809823 1198 4172
0.809860 1198 4172
0.809898 1198 4172
0.817678 1102 4172
0.817724 1198 4172
0.817772 1198 4172
0.817816 1198 4172
0.817862 1198 4172
0.817906 1198 4172
0.821532 1198 4172
0.821582 1198 4172
0.821629 1198 4172
0.821670 1198 4172
0.821713 1198 4172
0.833692 1198 4172
0.833696 1198 4172
0.833729 1198 4172
0.833767 1198 4172
0.833809 1198 4172
0.833848 1198 4172
0.841606 1198 4172
0.841659 1198 4172
0.841706 1198 4172
0.841750 1198 4172
0.841802 1198 4172
0.841845 1198 4172
0.849717 1198 4172
0.849768 1182 4172
0.849812 1198 4172
0.849849 1198 4172
0.849888 1198 4172
0.857650 1198 4172
0.857693 1198 4172
0.857731 1198 4172
0.857768 1198 4172
0.857802 1198 4172
0.857838 1198 4172
0.865587 1198 4172
0.865679 1198 4172
0.865737 1198 4172
0.865782 1198 4172
0.865829 1198 4172
0.865872 142 4172
0.873664 158 4172
0.873712 702 4172
0.873757 1198 4172
0.873793 206 4172
0.873831 158 4172
0.873875 158 4172
0.873910 158 4172
0.873947 158 4172
0.873983 158 4172
0.874020 1198 4172
0.874057 1198 4172
0.874094 1198 4172
0.874131 1198 4172
0.881616 1198 4172
0.881675 1198 4172
0.881721 1198 4172
0.881764 1198 4172
0.881810 222 4172
0.881849 1198 4172
0.881889 1198 4172
0.909652 670 4172
0.909683 142 4172
0.909736 654 4172
0.953686 110 4172
1.213646 142 4172
1.213649 110 4172
1.301571 110 4172
1.433621 110 4172
1.477661 142 4172
1.521545 110 4172
1.781637 110 4172
1.872009 142 4172
2.043369 110 4172
2.045545 142 4172
2.296093 110 4172
2.305454 110 4172
2.433659 110 4172
2.565715 110 4172
2.829648 110 4172
2.913644 142 4172
2.913769 142 4172
3.107447 110 4172
3.133615 142 4172
3.133750 142 4172
3.133752 398 4172
3.133796 318 4172
3.305502 110 4172
3.393571 110 4172
3.437632 110 4172
3.613533 110 4172
3.921605 142 4172
3.921737 142 4172
4.137663 142 4172
4.137766 142 4172
4.313592 110 4172
4.401551 110 4172
4.749563 142 4172
4.749637 142 4172
4.925590 142 4172
4.925731 142 4172
5.321527 110 4172
5.365617 142 4172
5.365630 142 4172
5.409495 110 4172
5.497497 110 4172
5.585531 142 4172
5.585588 142 4172
5.981653 142 4172
5.981673 142 4172
6.157614 142 4172
6.157747 142 4172
6.289494 110 4172
6.333533 110 4172
6.421564 110 4172
6.773494 142 4172
6.773505 142 4172
6.993508 142 4172
6.993573 142 4172
7.301516 110 4172
7.433579 110 4172
7.785483 142 4172
7.785546 142 4172
8.005434 142 4172
8.005471 142 4172
8.313511 110 4172
8.401568 110 4172
8.837596 142 4172
8.837693 142 4172
8.965536 110 4172
9.009571 142 4172
9.009625 142 4172
9.317585 110 4172
9.405434 110 4172
9.845522 142 4172
9.845569 142 4172
10.017622 142 4172
10.017704 142 4172
10.325577 110 4172
10.413562 110 4172
10.845511 142 4172
10.845608 142 4172
11.065512 142 4172
11.065557 142 4172
11.329477 110 4172
11.417489 110 4172
11.637586 110 4172
12.069558 142 4172
12.069627 142 4172
12.245489 142 4172
12.245541 142 4172
12.333530 110 4172
12.417534 110 4172
12.901493 142 4172
12.901595 142 4172
13.077438 142 4172
13.077504 142 4172
13.337559 110 4172
13.425463 110 4172
13.689545 142 4172
13.905432 142 4172
14.296271 110 4172
14.301520 110 4172
14.345386 142 4172
14.345493 142 4172
14.429570 110 4172
14.496312 142 4172
14.496374 142 4172
14.517460 110 4172
14.913441 142 4172
14.913518 142 4172
15.129484 142 4172
15.129554 142 4172
15.305347 110 4172
15.437367 110 4172
15.745527 142 4172
15.745604 142 4172
15.921493 142 4172
15.921566 142 4172
16.313469 110 4172
16.357525 142 4172
16.357598 142 4172
16.401448 110 4172
16.533507 110 4172
16.577437 142 4172
16.577510 142 4172
16.961537 142 4172
16.961608 142 4172
16.969380 110 4172
17.145451 142 4172
17.145526 142 4172
17.321422 110 4172
17.409449 110 4172
17.761466 142 4172
17.761478 142 4172
17.981531 142 4172
17.981572 142 4172
18.333471 110 4172
18.377421 142 4172
18.421518 110 4172
18.509472 110 4172
18.597370 142 4172
18.985433 142 4172
18.985462 142 4172
19.205355 142 4172
19.205427 142 4172
19.337423 110 4172
19.425494 110 4172
19.645429 110 4172
19.997434 142 4172
19.997451 142 4172
20.217414 142 4172
20.217440 142 4172
20.305364 110 4172
20.437444 110 4172
20.557448 60 60000
20.766983 174 4172
20.767074 158 4172
20.767121 158 4172
20.767161 158 4172
20.767200 158 4172
20.767235 158 4172
20.767268 158 4172
20.767302 158 4172
20.783490 1198 4172
20.783549 1198 4172
20.783585 1198 4172
20.783620 1198 4172
20.783660 1198 4172
20.783695 1198 4172
20.783728 1198 4172
20.783760 1198 4172
20.783792 766 4172
20.783826 1198 4172
20.783864 1198 4172
20.783897 1198 4172
20.783931 1198 4172
20.783964 974 4172
20.786052 1198 4172
20.786109 1198 4172
20.786145 1198 4172
20.786181 1086 4172
20.786223 1198 4172
20.786258 1198 4172
20.786293 1198 4172
20.786331 1198 4172
20.786364 1198 4172
20.786401 766 4172
20.800268 1198 4172
20.802200 1198 4172
20.802669 1198 4172
20.802710 1198 4172
20.802817 1198 4172
20.802852 1198 4172
20.802888 1198 4172
20.802918 1198 4172
20.802948 1198 4172
20.802978 1086 4172
20.803014 1198 4172
20.803043 1198 4172
20.803073 1198 4172
20.803102 1198 4172
20.803132 1198 4172
20.803161 1198 4172
20.803190 1198 4172
20.803220 1198 4172
20.803251 1198 4172
20.803295 782 4172
20.807838 1198 4172
20.807874 1198 4172
20.807906 1198 4172
20.807937 1198 4172
20.807970 1198 4172
20.807999 1198 4172
20.808030 1198 4172
20.808060 1198 4172
20.808094 1054 4172
20.808125 1198 4172
20.808154 1198 4172
20.808184 1198 4172
20.808214 1198 4172
20.809291 1198 4172
20.809345 1198 4172
20.809377 1198 4172
20.809405 1198 4172
20.809436 974 4172
20.809465 1198 4172
20.809494 1198 4172
20.809521 1198 4172
20.821458 1198 4172
20.821542 1198 4172
20.821554 1198 4172
20.821586 1198 4172
20.846553 1198 4172
20.846682 1198 4172
20.848156 1198 4172
20.848203 1198 4172
20.848382 1198 4172
20.848418 1198 4172
20.855116 1006 4172
20.855201 1198 4172
20.855237 1198 4172
20.855311 1198 4172
20.855366 1198 4172
20.859345 1198 4172
20.859631 1198 4172
20.859666 1198 4172
20.859764 1198 4172
20.859799 1198 4172
20.859829 1198 4172
20.859859 1198 4172
20.859888 1198 4172
20.859914 958 4172
20.859944 1198 4172
20.859971 1198 4172
20.859997 1198 4172
20.860025 1198 4172
20.860066 1198 4172
20.861467 1198 4172
20.861507 1198 4172
20.861537 1198 4172
20.861573 398 4172
20.861600 1198 4172
20.871754 1198 4172
20.871800 1198 4172
20.871835 1198 4172
20.871870 1198 4172
20.871899 1198 4172
20.871926 894 4172
20.888775 1198 4172
20.888859 1198 4172
20.888889 702 4172
20.888923 1198 4172
20.888958 1198 4172
20.888990 1198 4172
20.896201 1198 4172
20.896252 1198 4172
20.896290 1198 4172
20.896324 1198 4172
20.896357 1198 4172
20.896389 1198 4172
20.896422 1182 4172
20.896457 1198 4172
20.896489 1198 4172
20.896522 606 4172
20.896556 1198 4172
20.896589 1198 4172
20.903801 1198 4172
20.903831 606 4172
20.903865 334 4172
20.903899 1198 4172
20.903932 1198 4172
20.903966 1198 4172
20.903998 1198 4172
20.911272 1198 4172
20.911542 350 4172
20.911581 1198 4172
20.911617 1198 4172
20.911651 1198 4172
20.918881 1198 4172
20.918914 302 4172
20.918942 1198 4172
20.918969 1198 4172
20.918997 1134 4172
20.919025 1198 4172
20.919051 1198 4172
20.922154 1198 4172
20.922193 1198 4172
20.922215 302 4172
20.922242 1198 4172
20.922270 1198 4172
20.922297 1198 4172
20.922323 1198 4172
20.939555 430 4172
20.940837 1198 4172
20.940972 1198 4172
20.941004 1198 4172
20.941041 1198 4172
20.941070 1198 4172
20.943580 430 4172
20.943620 1198 4172
20.943657 1198 4172
20.943690 1198 4172
20.943719 1198 4172
20.943746 1198 4172
20.943777 1198 4172
20.949412 110 4172
20.949453 846 4172
20.949488 1198 4172
20.949519 1198 4172
20.949557 1198 4172
20.949586 1198 4172
20.962247 1198 4172
20.965599 1198 4172
20.965989 926 4172
20.966244 1198 4172
20.966283 1198 4172
20.966566 1198 4172
20.966623 1198 4172
20.972976 1198 4172
20.973011 1198 4172
20.973045 1198 4172
20.973073 1198 4172
20.973101 1198 4172
20.973132 1038 4172
20.973164 1198 4172
20.973481 1198 4172
20.973512 1198 4172
20.973542 1198 4172
20.973572 1198 4172
20.981620 1198 4172
20.981719 1198 4172
20.981754 974 4172
20.981789 1198 4172
20.981816 1198 4172
20.981847 1198 4172
20.989977 1198 4172
20.990094 1198 4172
20.990127 1198 4172
20.990160 494 4172
20.990193 1198 4172
20.990223 1198 4172
20.997363 1198 4172
20.997409 1198 4172
20.997450 334 4172
20.997484 1198 4172
20.997531 1198 4172
20.997569 862 4172
20.997605 1198 4172
21.008760 1198 4172
21.008844 1198 4172
21.008858 1198 4172
21.008885 1198 4172
21.008915 1198 4172
21.013446 830 4172
21.013485 1198 4172
21.013518 1198 4172
21.013547 718 4172
21.013580 1198 4172
21.013611 1198 4172
21.013641 1198 4172
21.025290 334 4172
21.025419 814 4172
21.025456 254 4172
21.025491 190 4172
21.025521 190 4172
21.025553 190 4172
21.025581 190 4172
21.025611 190 4172
21.025642 190 4172
21.025671 190 4172
21.025700 190 4172
21.025743 190 4172
21.051727 190 4172
21.051759 190 4172
21.051794 190 4172
21.051826 190 4172
21.051857 190 4172
21.051887 1198 4172
21.051917 1198 4172
21.051947 926 4172
21.051978 526 4172
21.052008 1198 4172
21.052039 958 4172
21.054505 254 4172
21.054534 190 4172
21.054568 190 4172
21.057253 190 4172
21.057294 190 4172
21.057393 190 4172
21.057435 190 4172
21.057467 190 4172
21.057496 190 4172
21.062713 190 4172
21.062757 190 4172
21.062792 190 4172
21.077963 190 4172
21.077979 190 4172
21.078010 190 4172
21.078043 1198 4172
21.078074 1198 4172
21.078106 1198 4172
21.078136 1198 4172
21.078166 1198 4172
21.078195 1198 4172
21.078225 1198 4172
21.078259 1198 4172
21.078291 1198 4172
21.078323 1198 4172
21.078350 1198 4172
21.078426 910 4172
21.081585 222 4172
21.081627 190 4172
21.081661 190 4172
21.081692 190 4172
21.081722 190 4172
21.081756 190 4172
21.081782 190 4172
21.081812 190 4172
21.085556 190 4172
21.085599 190 4172
21.085634 190 4172
21.085662 190 4172
21.085688 190 4172
21.085723 190 4172
21.085752 190 4172
21.111448 1198 4172
21.111479 1198 4172
21.111550 1198 4172
21.111577 398 4172
21.113648 254 4172
21.113688 190 4172
21.113717 190 4172
21.113746 190 4172
21.123042 190 4172
21.123080 190 4172
21.123112 190 4172
21.123138 190 4172
21.123165 190 4172
21.123193 190 4172
21.123220 190 4172
21.129602 190 4172
21.129647 190 4172
21.129677 190 4172
21.129705 190 4172
21.129734 1198 4172
21.129764 1198 4172
21.129792 1198 4172
21.129819 990 4172
21.129848 1198 4172
21.129874 1198 4172
21.129902 798 4172
21.175365 254 4172
21.175370 190 4172
21.175520 190 4172
21.175534 190 4172
21.175565 190 4172
21.175597 190 4172
21.175628 190 4172
21.175657 190 4172
21.175687 190 4172
21.175717 190 4172
21.175747 190 4172
21.175776 190 4172
21.175857 190 4172
21.175889 190 4172
21.175920 190 4172
21.175952 1198 4172
21.175980 1198 4172
21.176011 1198 4172
21.176045 1198 4172
21.176076 366 4172
21.177517 254 4172
21.177552 190 4172
21.177583 190 4172
21.177614 190 4172
21.182761 190 4172
21.182896 190 4172
21.182935 190 4172
21.182965 190 4172
21.182994 190 4172
21.183023 190 4172
21.183050 190 4172
21.190099 190 4172
21.190140 190 4172
21.190174 190 4172
21.208210 190 4172
21.208286 1198 4172
21.208316 1198 4172
21.208349 1198 4172
21.208380 1198 4172
21.208411 398 4172
21.208442 558 4172
21.209554 174 4172
21.209594 110 4172
21.209624 174 4172
21.213570 174 4172
21.213608 174 4172
21.213636 174 4172
21.213664 174 4172
21.213691 174 4172
21.213718 174 4172
21.213745 174 4172
21.217277 174 4172
21.217328 174 4172
21.217362 174 4172
21.217393 174 4172
21.217423 174 4172
21.217459 174 4172
21.226199 1198 4172
21.226267 1198 4172
21.226268 1198 4172
21.226301 1198 4172
21.226327 526 4172
21.244636 60 60000
21.287098 126 4172
21.296267 174 4172
21.296309 174 4172
21.296343 174 4172
21.296376 174 4172
21.296406 174 4172
21.296436 174 4172
21.296466 174 4172
21.296495 174 4172
21.296525 174 4172
21.296555 174 4172
21.296586 174 4172
21.296611 174 4172
21.296641 174 4172
21.296670 174 4172
21.296700 174 4172
21.296732 1198 4172
21.296761 1198 4172
21.296792 1198 4172
21.296822 1198 4172
21.296852 574 4172
21.296883 1198 4172
21.296914 1198 4172
21.296944 1198 4172
21.296974 1198 4172
21.297003 1198 4172
21.297033 1198 4172
21.297063 1198 4172
21.297094 1198 4172
21.297126 910 4172
21.311587 110 4172
21.313346 206 4172
21.313381 206 4172
21.313417 206 4172
21.313448 206 4172
21.313479 206 4172
21.317224 206 4172
21.317258 206 4172
21.317290 206 4172
21.317324 206 4172
21.317352 206 4172
21.317386 206 4172
21.317414 254 4172
21.330526 1198 4172
21.330660 1198 4172
21.330686 1198 4172
21.330721 126 4172
21.373434 126 4172
21.417345 110 4172
21.496474 110 4172
21.496506 110 4172
21.496537 110 4172
21.514437 110 4172
21.523189 1198 4172
21.523257 1198 4172
21.523281 542 4172
21.678302 1198 4172
21.678356 1198 4172
21.678475 350 4172
21.678504 318 4172
21.678536 222 4172
21.688047 222 4172
21.688423 222 4172
21.688450 222 4172
21.688477 222 4172
21.697295 222 4172
21.697398 222 4172
21.697444 222 4172
21.697482 222 4172
21.697528 222 4172
21.697556 222 4172
21.697587 254 4172
21.697625 174 4172
21.697658 1198 4172
21.697687 1198 4172
21.697716 1198 4172
21.697748 1198 4172
21.697784 846 4172
21.697827 1198 4172
21.697853 1198 4172
21.697882 1198 4172
21.697913 1198 4172
21.697949 1198 4172
21.697979 1198 4172
21.698015 1198 4172
21.698047 1198 4172
21.698090 910 4172
21.739261 222 4172
21.739328 126 4172
21.741789 206 4172
21.741842 110 4172
21.741875 206 4172
21.741911 1198 4172
21.741945 1198 4172
21.741987 366 4172
21.785407 1198 4172
21.785452 1198 4172
21.785502 1198 4172
21.785537 126 4172
22.049419 110 4172
22.296400 110 4172
22.313477 110 4172
22.401373 110 4172
22.577527 110 4172
22.841393 110 4172
23.105571 110 4172
23.325704 110 4172
23.369333 110 4172
23.413378 110 4172
23.633386 110 4172
23.897430 110 4172
24.161415 110 4172
24.337380 110 4172
24.417430 110 4172
24.425308 110 4172
25.305445 110 4172
25.437845 110 4172
26.317634 110 4172
26.405322 110 4172
27.109371 110 4172
27.329398 110 4172
27.417358 110 4172
28.297294 110 4172
28.425391 110 4172
29.297273 110 4172
29.429427 110 4172
29.825266 110 4172
30.305354 110 4172
30.437363 110 4172
31.313426 110 4172
31.401272 110 4172
32.305265 110 4172
32.437306 110 4172
32.481328 110 4172
33.317334 110 4172
33.405293 110 4172
34.321248 110 4172
34.409250 110 4172
35.145192 110 4172
35.321195 110 4172
35.409239 110 4172
36.329184 110 4172
36.417273 110 4172
37.337325 110 4172
37.425637 110 4172
37.821198 110 4172
38.301188 110 4172
38.433239 110 4172
39.309383 110 4172
39.397166 110 4172
40.321183 110 4172
40.409231 110 4172
40.497212 110 4172
41.318189 110 4172
41.338672 1198 4172
41.338676 1198 4172
41.338702 1198 4172
41.338746 1198 4172
41.338769 1198 4172
41.338817 1198 4172
41.338847 1198 4172
41.338880 1198 4172
41.338910 1198 4172
41.338939 1198 4172
41.338970 862 4172
41.345187 1198 4172
41.345191 1198 4172
41.345230 1198 4172
41.345267 1198 4172
41.345301 1198 4172
41.345337 1198 4172
41.345372 1134 4172
41.345408 1198 4172
41.345444 1198 4172
41.345496 1198 4172
41.345535 878 4172
41.345565 1198 4172
41.345601 1198 4172
41.345634 1198 4172
41.345668 1198 4172
41.345703 958 4172
41.345736 1198 4172
41.345777 1198 4172
41.345809 1198 4172
41.345844 1198 4172
41.345876 1198 4172
41.345910 1198 4172
41.345956 1086 4172
41.345989 1198 4172
41.346022 1198 4172
41.346054 1198 4172
41.346089 1198 4172
41.346121 1198 4172
41.346153 1198 4172
41.346187 1198 4172
41.346239 1198 4172
41.346277 494 4172
41.346321 1198 4172
41.346360 1198 4172
41.346393 1198 4172
41.346428 1198 4172
41.346461 1198 4172
41.346500 1198 4172
41.346532 1198 4172
41.346568 1198 4172
41.346601 414 4172
41.346635 1198 4172
41.346673 1198 4172
41.346715 1198 4172
41.346749 1198 4172
41.346781 1198 4172
41.346815 1198 4172
41.346861 1198 4172
41.353147 1198 4172
41.353169 814 4172
41.353210 1198 4172
41.353247 1198 4172
41.353288 1198 4172
41.353321 1198 4172
41.361287 1198 4172
41.361308 1198 4172
41.361350 1198 4172
41.361385 1198 4172
41.361413 1198 4172
41.361444 1198 4172
41.369282 1198 4172
41.369299 1198 4172
41.369331 718 4172
41.369361 1198 4172
41.369391 1198 4172
41.369420 1198 4172
41.377147 1198 4172
41.377187 1198 4172
41.377231 1198 4172
41.377268 1198 4172
41.377304 1198 4172
41.381230 1198 4172
41.381233 1198 4172
41.381234 1198 4172
41.381234 1022 4172
41.381235 1198 4172
41.381236 1198 4172
41.393130 1198 4172
41.393153 1198 4172
41.393185 1198 4172
41.393233 1198 4172
41.393274 1198 4172
41.393306 830 4172
41.401150 1198 4172
41.401187 1198 4172
41.401223 1198 4172
41.401254 1198 4172
41.401284 1198 4172
41.401315 606 4172
41.412993 1198 4172
41.413037 110 4172
41.413072 1198 4172
41.413100 702 4172
41.413128 1198 4172
41.413153 1198 4172
41.413178 1198 4172
41.413216 1198 4172
41.417158 1198 4172
41.417187 1198 4172
41.417217 1198 4172
41.417245 1198 4172
41.417280 1198 4172
41.425039 862 4172
41.425084 1198 4172
41.425114 1198 4172
41.425144 510 4172
41.425187 1198 4172
41.425219 1198 4172
41.425250 1198 4172
41.433154 1198 4172
41.433199 1198 4172
41.433241 1198 4172
41.433279 1198 4172
41.433317 1198 4172
41.441221 766 4172
41.441255 1198 4172
41.441289 1198 4172
41.441321 1198 4172
41.441355 1198 4172
41.441385 1198 4172
41.466087 1198 4172
41.466177 1198 4172
41.466208 1198 4172
41.466253 910 4172
41.469140 1198 4172
41.469193 1198 4172
41.469238 654 4172
41.489602 286 4172
41.493084 60 60000
41.496523 158 4172
41.501730 110 4172
41.513080 286 4172
41.517970 1198 4172
41.518003 1198 4172
41.518036 1198 4172
41.518067 1198 4172
41.518096 1198 4172
41.518126 1198 4172
41.518154 1054 4172
41.518186 1198 4172
41.518213 1198 4172
41.518242 1198 4172
41.518281 1198 4172
41.518302 782 4172
41.518330 1198 4172
41.518358 1198 4172
41.518386 1198 4172
41.518416 878 4172
41.518444 1198 4172
41.518477 1198 4172
41.518502 1198 4172
41.518530 1198 4172
41.518564 1198 4172
41.518592 590 4172
41.518630 1198 4172
41.518661 1198 4172
41.518689 1198 4172
41.518717 1198 4172
41.518745 1198 4172
41.518777 1198 4172
41.518805 1198 4172
41.518841 1198 4172
41.518862 526 4172
41.525185 1198 4172
41.525211 1198 4172
41.525244 1198 4172
41.525276 1198 4172
41.525305 1198 4172
41.525335 1198 4172
41.533305 1198 4172
41.533348 1198 4172
41.533391 1198 4172
41.533431 1198 4172
41.533470 222 4172
41.533515 1198 4172
41.533551 1198 4172
41.533630 1198 4172
41.533663 1198 4172
41.533705 1198 4172
41.533742 1198 4172
41.533782 1198 4172
41.533813 1198 4172
41.541112 1198 4172
41.541150 686 4172
41.541181 1198 4172
41.541209 1198 4172
41.541236 1198 4172
41.541271 1198 4172
41.541302 1198 4172
41.541332 1198 4172
41.541363 1198 4172
41.541393 1198 4172
41.541423 1198 4172
41.549813 494 4172
41.549850 1198 4172
41.549886 1198 4172
41.549927 1198 4172
41.549956 1198 4172
41.549991 1198 4172
41.550025 1198 4172
41.557118 1198 4172
41.557153 1198 4172
41.557232 110 4172
41.557278 1198 4172
41.557317 1198 4172
41.557361 1198 4172
41.565181 1198 4172
41.565229 1198 4172
41.565274 1198 4172
41.565390 766 4172
41.565423 1198 4172
41.565456 1198 4172
41.573255 1198 4172
41.573297 1198 4172
41.573332 1198 4172
41.573368 1198 4172
41.573410 1198 4172
41.573445 1198 4172
41.581221 1198 4172
41.581263 1198 4172
41.581299 1198 4172
41.581338 1198 4172
41.581402 1198 4172
41.589180 958 4172
41.589233 1198 4172
41.589271 1198 4172
41.589307 1198 4172
41.589342 1198 4172
41.589378 1198 4172
41.597199 1198 4172
41.597243 1198 4172
41.597279 1198 4172
41.597330 1198 4172
41.597365 734 4172
41.597446 1198 4172
41.597482 1198 4172
41.601072 1198 4172
41.601123 1198 4172
41.601166 110 4172
41.601204 1198 4172
41.601241 1198 4172
41.601278 670 4172
41.613196 1198 4172
41.613233 1198 4172
41.613273 670 4172
41.613309 1198 4172
41.613365 1198 4172
41.613448 1198 4172
41.613485 1198 4172
41.621142 1198 4172
41.621190 1198 4172
41.621237 1198 4172
41.621277 1198 4172
41.621316 1198 4172
41.629138 1102 4172
41.629186 1198 4172
41.629227 1198 4172
41.629264 414 4172
41.629302 1198 4172
41.629343 1198 4172
41.629380 798 4172
41.645104 814 4172
41.673390 126 4172
41.681415 126 4172
41.689087 126 4172
41.701534 126 4172
41.701556 110 4172
41.707778 254 4172
41.733130 190 4172
41.733176 1198 4172
41.733234 1198 4172
41.733278 222 4172
41.772975 1198 4172
41.773017 1198 4172
41.773049 814 4172
41.777045 126 4172
41.813111 110 4172
41.835771 110 4172
41.877051 1198 4172
41.877072 1198 4172
41.877109 1198 4172
41.877140 782 4172
41.877170 782 4172
41.877199 990 4172
41.877228 830 4172
41.877257 830 4172
41.877285 1150 4172
41.877313 1182 4172
41.877347 1198 4172
41.877369 718 4172
41.909342 110 4172
41.921175 238 4172
41.957186 1198 4172
41.957214 1198 4172
41.958123 1198 4172
41.958158 1198 4172
41.958194 1198 4172
41.958225 1198 4172
41.958257 1198 4172
41.958291 1198 4172
41.958322 750 4172
41.958357 1198 4172
41.958391 1198 4172
41.958426 1198 4172
41.958467 1198 4172
41.958497 958 4172
41.958531 1198 4172
41.958567 1198 4172
41.958601 1198 4172
41.958642 1086 4172
41.958676 1198 4172
41.958709 1198 4172
41.958743 1198 4172
41.958834 1198 4172
41.958871 1198 4172
41.958929 750 4172
41.958963 1198 4172
41.958997 1198 4172
41.959030 1198 4172
41.959063 1198 4172
41.959096 1198 4172
41.959130 1198 4172
41.959162 1198 4172
41.959218 1182 4172
41.959288 1198 4172
41.959319 1198 4172
41.959346 1198 4172
41.959375 1198 4172
41.959404 1198 4172
41.959433 1198 4172
41.959461 1198 4172
41.973849 1198 4172
41.974079 1198 4172
41.974111 718 4172
41.974142 1198 4172
41.974169 1198 4172
41.974197 1198 4172
41.974225 1198 4172
41.974252 1198 4172
41.974279 1198 4172
41.984391 1198 4172
41.984423 1198 4172
41.984462 1054 4172
41.984498 1198 4172
41.984538 1198 4172
41.984599 1198 4172
41.984629 1198 4172
41.984659 1198 4172
41.984687 1198 4172
41.984716 1198 4172
41.984743 1198 4172
41.984772 974 4172
41.984800 1198 4172
41.984830 1198 4172
41.984860 1198 4172
41.984892 1198 4172
41.984916 1198 4172
41.984991 1198 4172
41.989136 1198 4172
41.989167 1198 4172
41.989201 1198 4172
41.989230 1198 4172
41.989262 1198 4172
41.998169 1198 4172
41.998402 1198 4172
41.998437 1022 4172
41.998471 1198 4172
41.998500 1198 4172
41.998528 1198 4172
42.005694 1198 4172
42.005716 1198 4172
42.005744 1198 4172
42.005773 1198 4172
42.005800 1198 4172
42.005835 1198 4172
42.015273 1198 4172
42.016926 1198 4172
42.018464 1198 4172
42.018556 1150 4172
42.018587 1198 4172
42.018634 1198 4172
42.021160 1198 4172
42.021190 1198 4172
42.021219 1198 4172
42.021249 1198 4172
42.021276 1198 4172
42.029357 1198 4172
42.029399 958 4172
42.029434 1198 4172
42.029472 1198 4172
42.029502 1198 4172
42.029530 1198 4172
42.046655 1198 4172
42.046773 1198 4172
42.046810 142 4172
42.046844 1198 4172
42.046874 1198 4172
42.046903 878 4172
42.046938 1198 4172
42.053159 1198 4172
42.053186 1198 4172
42.053221 1198 4172
42.053253 1198 4172
42.053285 1198 4172
42.053319 1198 4172
42.053343 1198 4172
42.053374 1198 4172
42.053406 1182 4172
42.053434 1198 4172
42.053465 1198 4172
42.070170 606 4172
42.070511 1198 4172
42.070617 1198 4172
42.070686 1198 4172
42.070719 958 4172
42.070751 766 4172
42.070783 1198 4172
42.080642 1198 4172
42.080912 1198 4172
42.081002 1198 4172
42.081032 1198 4172
42.081070 654 4172
42.081091 1198 4172
42.081117 1198 4172
42.081143 1198 4172
42.081170 1198 4172
42.081198 398 4172
42.081321 1198 4172
42.081354 1198 4172
42.081420 1198 4172
42.081475 142 4172
42.088032 1198 4172
42.088060 110 4172
42.088090 1198 4172
42.088116 1198 4172
42.088149 1198 4172
42.088170 510 4172
42.088197 1198 4172
42.093231 1198 4172
42.093262 1198 4172
42.093300 1198 4172
42.093334 622 4172
42.093366 1198 4172
42.093399 1198 4172
42.110966 1198 4172
42.111764 1198 4172
42.111798 1198 4172
42.111834 718 4172
42.111865 1198 4172
42.111894 1198 4172
42.118686 1198 4172
42.118725 1198 4172
42.118762 1198 4172
42.118795 1198 4172
42.118826 1070 4172
42.118856 1198 4172
42.118910 1198 4172
42.118939 1198 4172
42.118968 1198 4172
42.119055 1198 4172
42.119106 1198 4172
42.119137 1198 4172
42.133914 126 4172
42.134061 1198 4172
42.134466 1198 4172
42.134502 1198 4172
42.134533 1198 4172
42.134563 1198 4172
42.134594 1198 4172
42.145370 1198 4172
42.145467 1198 4172
42.145491 1198 4172
42.145529 1198 4172
42.145555 414 4172
42.145589 1198 4172
42.145617 1198 4172
42.145647 1198 4172
42.145673 1198 4172
42.145702 1198 4172
42.145729 1198 4172
42.145757 1198 4172
42.149138 1198 4172
42.149172 350 4172
42.149207 1198 4172
42.149258 1198 4172
42.149297 1198 4172
42.149326 1198 4172
42.157600 1198 4172
42.157645 1198 4172
42.157679 686 4172
42.157710 1198 4172
42.157748 1198 4172
42.157831 1198 4172
42.165138 1198 4172
42.165176 494 4172
42.165214 1198 4172
42.165245 1198 4172
42.165282 926 4172
42.165308 1198 4172
42.165340 1198 4172
42.175541 1198 4172
42.175567 1198 4172
42.175594 1198 4172
42.175623 1198 4172
42.175650 1198 4172
42.175676 1198 4172
42.181249 1198 4172
42.181271 750 4172
42.181324 1198 4172
42.181383 1198 4172
42.181422 1198 4172
42.181447 462 4172
42.189535 894 4172
42.189625 254 4172
42.189711 190 4172
42.190017 190 4172
42.190049 190 4172
42.190106 190 4172
42.190236 190 4172
42.190253 190 4172
42.190387 190 4172
42.190958 190 4172
42.192380 190 4172
42.192416 190 4172
42.207679 190 4172
42.207699 190 4172
42.207736 190 4172
42.207766 190 4172
42.207799 1198 4172
42.207833 1198 4172
42.207864 974 4172
42.207896 446 4172
42.207929 1198 4172
42.207958 1198 4172
42.225881 478 4172
42.294539 270 4172
42.294551 190 4172
42.294630 1198 4172
42.294642 302 4172
42.294669 1198 4172
42.294698 1198 4172
42.294722 1198 4172
42.294748 1198 4172
42.294774 1198 4172
42.294803 526 4172
42.294830 1198 4172
42.294862 1198 4172
42.294889 1198 4172
42.294919 1198 4172
42.294948 1198 4172
42.294979 622 4172
42.295010 1198 4172
42.295036 1198 4172
42.295062 1198 4172
42.295089 1198 4172
42.295117 1198 4172
42.295144 1198 4172
42.295173 830 4172
42.295200 1198 4172
42.295226 1198 4172
42.295252 1198 4172
42.295278 1198 4172
42.295304 1198 4172
42.295331 1198 4172
42.295363 158 4172
42.295390 1198 4172
42.295417 1198 4172
42.295443 1198 4172
42.295471 1198 4172
42.295499 1198 4172
42.295527 1118 4172
42.297942 1198 4172
42.297980 1198 4172
42.298009 1198 4172
42.298048 1198 4172
42.298065 1086 4172
42.298096 1198 4172
42.298121 1198 4172
42.298147 1198 4172
42.298179 1198 4172
42.298205 1198 4172
42.298232 958 4172
42.298258 110 4172
42.310109 1198 4172
42.310197 1198 4172
42.310221 1198 4172
42.310250 1198 4172
42.310286 1198 4172
42.310314 1198 4172
42.310341 174 4172
42.310370 1198 4172
42.310397 1198 4172
42.310425 1198 4172
42.310451 1198 4172
42.310477 1198 4172
42.310503 1118 4172
42.310529 1198 4172
42.310555 1198 4172
42.310581 1198 4172
42.319793 1198 4172
42.319893 1198 4172
42.319921 398 4172
42.319957 1198 4172
42.319986 1198 4172
42.320013 1198 4172
42.320041 638 4172
42.320069 190 4172
42.320098 1198 4172
42.320126 1198 4172
42.325253 1198 4172
42.325285 350 4172
42.325316 1198 4172
42.325343 1198 4172
42.325371 1198 4172
42.325399 1198 4172
42.342048 1198 4172
42.342135 1198 4172
42.342163 1198 4172
42.342202 1198 4172
42.342231 830 4172
42.342263 222 4172
42.342294 190 4172
42.342324 1198 4172
42.342372 766 4172
42.358164 1198 4172
42.358415 1198 4172
42.358435 1198 4172
42.358465 1198 4172
42.358493 1198 4172
42.358521 1198 4172
42.358548 558 4172
42.358579 110 4172
42.358609 1198 4172
42.358637 1198 4172
42.358664 1198 4172
42.358691 1198 4172
42.358735 1198 4172
42.374193 1198 4172
42.374246 766 4172
42.374281 1198 4172
42.374317 1198 4172
42.374353 1198 4172
42.374381 1198 4172
42.374682 1198 4172
42.374716 1198 4172
42.374938 1198 4172
42.375046 1198 4172
42.375096 126 4172
42.375128 1198 4172
42.375173 1198 4172
42.381185 1198 4172
42.381232 1198 4172
42.381267 1198 4172
42.381296 1198 4172
42.381339 1198 4172
42.381412 1102 4172
42.381449 1198 4172
42.381481 1198 4172
42.381513 1198 4172
42.381546 1198 4172
42.389182 1198 4172
42.389222 1198 4172
42.389252 1118 4172
42.389279 1198 4172
42.389305 1198 4172
42.389332 1198 4172
42.395903 60 60000
42.397760 1198 4172
42.397808 1198 4172
42.397843 1198 4172
42.397876 814 4172
42.397911 1198 4172
42.397944 1198 4172
42.405184 110 4172
42.405223 1198 4172
42.405255 1198 4172
42.405286 1198 4172
42.405316 1198 4172
42.405349 1198 4172
42.405379 398 4172
42.413174 1198 4172
42.413207 1198 4172
42.413242 1198 4172
42.413275 1198 4172
42.413306 1198 4172
42.413338 1198 4172
42.421077 1198 4172
42.421111 990 4172
42.421143 1198 4172
42.421171 1198 4172
42.421198 1198 4172
42.421225 1198 4172
42.429196 1198 4172
42.429237 1198 4172
42.429265 1198 4172
42.429298 558 4172
42.429330 1198 4172
42.429361 1198 4172
42.443329 1198 4172
42.444529 1198 4172
42.444583 1198 4172
42.444621 1198 4172
42.444653 766 4172
42.444685 1198 4172
42.445083 1198 4172
42.445119 1198 4172
42.445150 1198 4172
42.445177 638 4172
42.445206 190 4172
42.445234 1198 4172
42.445265 1198 4172
42.445299 1198 4172
42.453248 974 4172
42.453292 1198 4172
42.453325 1198 4172
42.453355 1150 4172
42.453388 222 4172
42.453420 174 4172
42.453455 1198 4172
42.461267 1054 4172
42.461300 1198 4172
42.461335 1198 4172
42.461368 1198 4172
42.461401 1198 4172
42.461432 1198 4172
42.470857 1198 4172
42.473565 1198 4172
42.477484 1198 4172
42.477530 1198 4172
42.477562 750 4172
42.477597 1198 4172
42.477648 1198 4172
42.485132 1198 4172
42.485165 1198 4172
42.485200 1198 4172
42.485233 1198 4172
42.485264 1198 4172
42.485297 1198 4172
42.485328 1198 4172
42.485358 750 4172
42.485389 1198 4172
42.485418 1198 4172
42.485448 1198 4172
42.495389 1198 4172
42.495465 1198 4172
42.496300 1198 4172
42.496346 1198 4172
42.496380 1198 4172
42.496411 1198 4172
42.501128 1198 4172
42.501164 1198 4172
42.501198 654 4172
42.501231 1198 4172
42.501262 1198 4172
42.501294 1198 4172
42.509468 1198 4172
42.509508 1198 4172
42.509543 1198 4172
42.509575 110 4172
42.509610 1198 4172
42.509643 1198 4172
42.509672 1198 4172
42.517146 1198 4172
42.517188 1198 4172
42.517221 526 4172
42.517254 1198 4172
42.517283 1198 4172
42.517373 1198 4172
42.522555 1198 4172
42.522657 1198 4172
42.522692 1198 4172
42.522747 1198 4172
42.522776 1198 4172
42.522806 1198 4172
42.533209 1198 4172
42.533241 926 4172
42.533277 1198 4172
42.533314 1198 4172
42.533347 1198 4172
42.533376 1198 4172
42.541297 1198 4172
42.541421 1198 4172
42.541460 1198 4172
42.541495 1198 4172
42.541686 1198 4172
42.541722 478 4172
42.549137 1198 4172
42.549180 1198 4172
42.549226 1198 4172
42.549259 1198 4172
42.549292 1198 4172
42.549323 1198 4172
42.557306 1198 4172
42.557353 1198 4172
42.557385 1198 4172
42.557410 1198 4172
42.557437 1198 4172
42.557463 142 4172
42.557491 1198 4172
42.566651 1198 4172
42.566700 1198 4172
42.567177 1198 4172
42.567302 1198 4172
42.567344 1198 4172
42.573766 1198 4172
42.573811 1198 4172
42.573851 1198 4172
42.573883 1198 4172
42.573912 1198 4172
42.573939 158 4172
42.573968 1198 4172
42.581138 1198 4172
42.581181 1198 4172
42.581216 1198 4172
42.581247 1198 4172
42.581277 1198 4172
42.581306 1198 4172
42.591047 1198 4172
42.591206 1198 4172
42.591247 1198 4172
42.591277 398 4172
42.591309 1198 4172
42.591343 1198 4172
42.599305 1198 4172
42.599342 1198 4172
42.599381 1198 4172
42.599414 1198 4172
42.599444 1198 4172
42.599507 1198 4172
42.601131 1198 4172
42.607906 526 4172
42.607954 110 4172
42.607993 1198 4172
42.608022 1198 4172
42.608052 1198 4172
42.608082 1198 4172
42.609591 1198 4172
42.609634 1198 4172
42.609669 222 4172
42.609703 174 4172
42.609734 1198 4172
42.609764 1198 4172
42.609794 1198 4172
42.609824 1198 4172
42.617492 110 4172
42.617542 526 4172
42.617575 238 4172
42.629541 286 4172
42.643902 366 4172
42.659002 398 4172
42.659061 206 4172
42.696554 382 4172
42.702901 110 4172
42.738402 1198 4172
42.738418 1198 4172
42.738451 366 4172
42.738479 302 4172
42.738511 286 4172
42.738547 238 4172
42.744989 366 4172
42.782436 1198 4172
42.782492 1198 4172
42.782540 990 4172
42.782603 1198 4172
42.782640 1198 4172
42.782671 1198 4172
42.782702 1198 4172
42.782731 1198 4172
42.782763 1198 4172
42.782797 1198 4172
42.782829 1198 4172
42.782858 1198 4172
42.782888 1198 4172
42.782918 1198 4172
42.782950 1198 4172
42.782978 1198 4172
42.783008 1198 4172
42.783039 1198 4172
42.783068 1198 4172
42.783098 1198 4172
42.783128 1198 4172
42.783158 622 4172
42.789072 1198 4172
42.789120 1198 4172
42.789153 1198 4172
42.789185 1198 4172
42.789217 1198 4172
42.789250 1198 4172
42.789282 1198 4172
42.789318 1198 4172
42.789350 1198 4172
42.789381 1198 4172
42.789416 1198 4172
42.789452 1198 4172
42.789487 1198 4172
42.789522 1198 4172
42.789558 1198 4172
42.789593 1198 4172
42.789628 1198 4172
42.789663 1198 4172
42.789698 1198 4172
42.789733 142 4172
42.798316 1198 4172
42.798358 1198 4172
42.798388 1198 4172
42.798419 1198 4172
42.798446 1198 4172
42.798472 1198 4172
42.798501 1198 4172
42.798537 1198 4172
42.798571 1198 4172
42.798647 1198 4172
42.798688 1198 4172
42.798724 1198 4172
42.798761 1198 4172
42.798793 1198 4172
42.798824 1198 4172
42.798856 1198 4172
42.805135 110 4172
42.805239 1198 4172
42.805289 1198 4172
42.805329 1198 4172
42.805366 1198 4172
42.805402 1198 4172
42.805437 206 4172
42.805474 1198 4172
42.813985 1198 4172
42.814075 1198 4172
42.814099 1198 4172
42.814133 1198 4172
42.814166 1198 4172
42.821391 1198 4172
42.821434 1198 4172
42.821475 1198 4172
42.821514 1198 4172
42.821552 1198 4172
42.821589 1198 4172
42.829327 1198 4172
42.829374 1198 4172
42.829418 1198 4172
42.829455 1198 4172
42.829493 1198 4172
42.829530 1198 4172
42.833070 1198 4172
42.833114 1198 4172
42.833153 1198 4172
42.833191 1198 4172
42.833228 1198 4172
42.833266 190 4172
42.833303 1198 4172
42.845691 1198 4172
42.845820 1198 4172
42.845896 1198 4172
42.845945 1198 4172
42.845986 1198 4172
42.853187 1198 4172
42.853238 1198 4172
42.853271 1198 4172
42.853311 1198 4172
42.853351 1198 4172
42.853396 1198 4172
42.861587 1198 4172
42.861628 1198 4172
42.861667 1198 4172
42.861706 1198 4172
42.861743 1198 4172
42.861782 1198 4172
42.869185 1198 4172
42.869229 1198 4172
42.869270 1198 4172
42.869311 1198 4172
42.869353 238 4172
42.869396 1198 4172
42.877728 1198 4172
42.877782 1198 4172
42.877831 1198 4172
42.877875 1198 4172
42.877917 1198 4172
42.877958 1198 4172
42.885015 1198 4172
42.885071 1198 4172
42.885117 110 4172
42.885165 110 4172
42.885206 110 4172
42.885247 1198 4172
42.885290 1198 4172
42.885331 1198 4172
42.885370 1198 4172
42.893361 1198 4172
42.893403 1198 4172
42.893461 1198 4172
42.893505 1198 4172
42.893550 1198 4172
42.901091 1198 4172
42.901143 606 4172
42.901195 1198 4172
42.901238 1198 4172
42.901281 1198 4172
42.901320 1198 4172
42.901361 1198 4172
42.910418 110 4172
42.910504 1198 4172
42.910535 1198 4172
42.910584 1198 4172
42.910611 1198 4172
42.910648 1198 4172
42.917105 1198 4172
42.917152 1198 4172
42.917197 1198 4172
42.917243 1198 4172
42.917283 1198 4172
42.917323 1198 4172
42.921068 1198 4172
42.921119 1198 4172
42.921170 1198 4172
42.921216 1198 4172
42.921265 1198 4172
42.921308 798 4172
42.933292 1198 4172
42.933428 1198 4172
42.933512 1198 4172
42.933556 1198 4172
42.933596 1198 4172
42.933634 1198 4172
42.941726 1198 4172
42.941776 1198 4172
42.941818 1198 4172
42.941858 1198 4172
42.941898 1198 4172
42.941936 1198 4172
42.949143 1198 4172
42.949198 1198 4172
42.949246 1198 4172
42.949292 1198 4172
42.949333 1198 4172
42.949374 1198 4172
42.957258 1198 4172
42.957324 1198 4172
42.957372 1198 4172
42.957426 958 4172
42.957472 1198 4172
42.957513 1198 4172
42.965097 1198 4172
42.965146 1198 4172
42.965191 1198 4172
42.965232 1198 4172
42.965271 1198 4172
42.973564 1198 4172
42.973631 1198 4172
42.973680 1198 4172
42.973727 1198 4172
42.973772 1198 4172
42.973816 1198 4172
42.981265 1198 4172
42.981308 1198 4172
42.981360 1198 4172
42.981472 1198 4172
42.981528 1198 4172
42.981573 1198 4172
42.989251 1198 4172
42.989296 462 4172
42.989361 1198 4172
42.989402 1198 4172
42.989466 1198 4172
42.989512 1198 4172
42.997136 1198 4172
42.997181 1198 4172
42.997225 1198 4172
42.997264 1198 4172
42.997303 1198 4172
42.997343 1198 4172
43.005292 1198 4172
43.005334 1198 4172
43.005374 1198 4172
43.005412 1198 4172
43.005448 1198 4172
43.005485 1198 4172
43.009005 1198 4172
43.009042 1038 4172
43.009086 1198 4172
43.009126 1198 4172
43.009166 1198 4172
43.009206 1198 4172
43.021226 1198 4172
43.021325 1198 4172
43.021371 1198 4172
43.021416 1198 4172
43.021461 1198 4172
43.053259 1198 4172
43.053324 1198 4172
43.053381 1198 4172
43.053434 1198 4172
43.053476 1198 4172
43.053518 542 4172
43.053558 254 4172
43.185217 110 4172
43.185357 110 4172
43.185406 110 4172
43.317312 110 4172
43.405435 110 4172
43.449187 110 4172
43.713091 110 4172
43.973112 110 4172
44.237200 110 4172
44.325031 110 4172
44.413142 110 4172
44.501121 110 4172
44.757104 110 4172
45.061133 110 4172
45.296658 110 4172
45.325260 110 4172
45.413076 110 4172
45.589003 110 4172
45.853449 110 4172
46.117032 110 4172
46.337097 110 4172
46.381328 110 4172
46.425052 110 4172
46.645053 110 4172
47.300985 110 4172
47.433146 110 4172
48.309125 110 4172
48.397071 110 4172
49.313118 110 4172
49.356976 110 4172
49.401030 110 4172
50.313328 110 4172
50.400929 110 4172
51.324949 110 4172
51.412976 110 4172
52.024894 110 4172
52.329042 110 4172
52.417006 110 4172
53.336982 110 4172
53.424949 110 4172
54.304911 110 4172
54.436885 110 4172
54.700967 110 4172
55.312914 110 4172
55.400866 110 4172
56.316861 110 4172
56.404922 110 4172
57.324912 110 4172
57.369000 110 4172
57.412883 110 4172
58.328940 110 4172
58.416919 110 4172
59.328889 110 4172
59.416902 110 4172
60.032916 110 4172
60.336880 110 4172
60.424949 110 4172
61.332963 110 4172
61.420944 110 4172
62.328873 110 4172
62.419772 110 4172
62.617265 238 4172
62.617301 766 4172
62.617331 318 4172
62.624699 830 4172
62.624743 910 4172
62.624799 1198 4172
62.624831 782 4172
62.624877 1198 4172
62.629369 686 4172
62.629393 1198 4172
62.629420 1198 4172
62.629448 1198 4172
62.629476 926 4172
62.629503 1198 4172
62.629529 1198 4172
62.629557 1198 4172
62.629582 1198 4172
62.629609 606 4172
62.629641 1198 4172
62.629670 1198 4172
62.629697 1198 4172
62.629722 734 4172
62.629748 1198 4172
62.629774 878 4172
62.629801 1102 4172
62.636918 926 4172
62.636961 430 4172
62.637001 206 4172
62.637036 670 4172
62.637072 686 4172
62.680873 110 4172
62.770791 126 4172
62.805387 222 4172
62.819575 238 4172
62.820802 206 4172
62.820834 334 4172
62.825194 318 4172
62.825221 270 4172
62.832307 1198 4172
62.832346 1198 4172
62.832377 1198 4172
62.832413 958 4172
62.832444 1198 4172
62.832474 1198 4172
62.832502 1198 4172
62.832534 1198 4172
62.832562 1198 4172
62.832599 1006 4172
62.832694 1198 4172
62.832722 1198 4172
62.832749 1198 4172
62.832778 1198 4172
62.832806 1198 4172
62.832835 846 4172
62.832864 1198 4172
62.832892 1198 4172
62.843396 1198 4172
62.843440 1198 4172
62.843472 1198 4172
62.843505 1198 4172
62.843537 1198 4172
62.843568 974 4172
62.848441 1198 4172
62.848465 1198 4172
62.848496 1198 4172
62.848526 1198 4172
62.848554 1198 4172
62.848583 1198 4172
62.848612 1198 4172
62.848643 1134 4172
62.848742 1198 4172
62.859384 1198 4172
62.859407 1198 4172
62.859435 1198 4172
62.859469 1198 4172
62.859499 1198 4172
62.859533 350 4172
62.859563 1198 4172
62.859596 1198 4172
62.859629 1198 4172
62.859659 1198 4172
62.859688 558 4172
62.866418 1198 4172
62.866454 1198 4172
62.866485 1198 4172
62.866519 894 4172
62.908954 238 4172
62.909015 286 4172
62.909057 190 4172
62.909099 1198 4172
62.909140 1198 4172
62.909180 1198 4172
62.909222 1198 4172
62.909261 1198 4172
62.909312 1198 4172
62.909352 1054 4172
62.909393 1198 4172
62.909457 1198 4172
62.909498 1198 4172
62.909572 1198 4172
62.909659 1198 4172
62.909704 1198 4172
62.909742 1198 4172
62.909777 1198 4172
62.909812 750 4172
62.952815 110 4172
62.977416 1198 4172
62.977441 1198 4172
62.977473 910 4172
62.989801 1198 4172
62.989828 830 4172
62.996781 1198 4172
62.996820 1134 4172
63.009585 1198 4172
63.009599 350 4172
63.013092 1198 4172
63.013132 1198 4172
63.013203 286 4172
63.040790 158 4172
63.040840 158 4172
63.040874 862 4172
63.040906 174 4172
63.040936 158 4172
63.040965 158 4172
63.040994 1182 4172
63.041021 158 4172
63.041050 702 4172
63.041080 1198 4172
63.041130 1198 4172
63.041159 1198 4172
63.041187 1086 4172
63.076988 366 4172
63.084926 206 4172
63.084973 446 4172
63.085069 318 4172
63.131165 366 4172
63.131239 206 4172
63.176859 158 4172
63.176877 142 4172
63.176913 158 4172
63.176939 158 4172
63.176968 142 4172
63.176999 142 4172
63.177027 142 4172
63.177055 158 4172
63.177084 622 4172
63.177115 1198 4172
63.186822 1198 4172
63.186851 1198 4172
63.186881 1198 4172
63.186915 1198 4172
63.186944 622 4172
63.186974 1198 4172
63.187004 1198 4172
63.187032 1198 4172
63.187064 1198 4172
63.187093 1198 4172
63.187127 1198 4172
63.187155 1198 4172
63.187183 1198 4172
63.187212 238 4172
63.187240 1198 4172
63.187269 1198 4172
63.187297 1198 4172
63.187325 1198 4172
63.187353 1198 4172
63.187381 1198 4172
63.187409 1198 4172
63.187437 1198 4172
63.187466 1198 4172
63.187495 1198 4172
63.187523 1198 4172
63.187551 1198 4172
63.187580 158 4172
63.194301 1198 4172
63.194340 1198 4172
63.194370 1198 4172
63.194400 1198 4172
63.194428 1198 4172
63.194457 1198 4172
63.194486 1198 4172
63.194514 1198 4172
63.194543 1198 4172
63.194571 1198 4172
63.194601 1198 4172
63.194629 1198 4172
63.194659 1198 4172
63.194687 1198 4172
63.194715 1198 4172
63.194744 126 4172
63.203199 1198 4172
63.203239 1198 4172
63.203267 1198 4172
63.203297 1198 4172
63.203326 1198 4172
63.203355 1198 4172
63.203383 1198 4172
63.203412 1198 4172
63.203444 1198 4172
63.203473 1198 4172
63.203501 1198 4172
63.203529 1198 4172
63.203557 1198 4172
63.203587 1198 4172
63.203614 1198 4172
63.203642 1198 4172
63.203670 1198 4172
63.205573 430 4172
63.205610 110 4172
63.205643 1198 4172
63.205674 1198 4172
63.205704 1198 4172
63.205733 1198 4172
63.205762 1198 4172
63.205790 1198 4172
63.218414 1198 4172
63.218446 1198 4172
63.218475 1198 4172
63.218504 1198 4172
63.218533 1198 4172
63.224759 1198 4172
63.224806 1198 4172
63.224849 1198 4172
63.224882 1198 4172
63.224913 1198 4172
63.224943 1198 4172
63.233762 590 4172
63.233797 1198 4172
63.233829 1198 4172
63.233857 1198 4172
63.233887 1198 4172
63.233915 1198 4172
63.241281 1198 4172
63.241319 1198 4172
63.241349 1198 4172
63.241382 1198 4172
63.241415 1198 4172
63.241444 1198 4172
63.251231 1198 4172
63.251265 1198 4172
63.251294 1198 4172
63.251323 206 4172
63.251351 1198 4172
63.251397 1198 4172
63.251427 1198 4172
63.256809 1198 4172
63.256833 1198 4172
63.256871 1198 4172
63.256903 1198 4172
63.256933 1198 4172
63.272261 1198 4172
63.272288 1198 4172
63.272320 1198 4172
63.272348 1038 4172
63.272378 1198 4172
63.272407 1198 4172
63.272818 1198 4172
63.272852 1198 4172
63.272880 1198 4172
63.272908 1198 4172
63.272936 1198 4172
63.272964 894 4172
63.283025 750 4172
63.283067 1198 4172
63.283096 222 4172
63.283127 1198 4172
63.283156 1198 4172
63.283186 1198 4172
63.283214 1198 4172
63.289448 1198 4172
63.289477 1198 4172
63.289509 1198 4172
63.289540 942 4172
63.289570 1198 4172
63.289599 1198 4172
63.298172 1198 4172
63.298253 1198 4172
63.298281 1198 4172
63.298311 1198 4172
63.298340 1198 4172
63.298369 446 4172
63.298405 1198 4172
63.300756 110 4172
63.300793 1198 4172
63.300823 1198 4172
63.300853 1198 4172
63.300881 1198 4172
63.300909 1198 4172
63.314583 1198 4172
63.314639 1198 4172
63.314665 1198 4172
63.314695 1198 4172
63.314723 366 4172
63.314752 1198 4172
63.314781 1198 4172
63.320797 1198 4172
63.320831 1198 4172
63.320859 1198 4172
63.320890 1198 4172
63.320920 1198 4172
63.320948 1198 4172
63.329290 1198 4172
63.329331 1198 4172
63.329361 1198 4172
63.329391 1198 4172
63.329419 734 4172
63.329450 1198 4172
63.336848 1198 4172
63.336882 1198 4172
63.336913 1198 4172
63.336942 1198 4172
63.336970 1198 4172
63.336997 1198 4172
63.346731 1198 4172
63.346809 1198 4172
63.346844 1198 4172
63.346872 1198 4172
63.346901 1198 4172
63.346929 1198 4172
63.352785 1150 4172
63.352820 1198 4172
63.352852 1198 4172
63.352883 1198 4172
63.352914 1198 4172
63.352944 1198 4172
63.360868 1198 4172
63.360902 1198 4172
63.360939 1198 4172
63.360971 1198 4172
63.361002 1198 4172
63.361042 1198 4172
63.368852 1198 4172
63.368879 1198 4172
63.368910 1198 4172
63.368940 1198 4172
63.368969 382 4172
63.368998 1198 4172
63.377056 1198 4172
63.377077 1198 4172
63.377108 1198 4172
63.377139 1198 4172
63.377168 1198 4172
63.377197 1198 4172
63.384864 1198 4172
63.384921 1198 4172
63.384969 1198 4172
63.385013 1198 4172
63.385053 1198 4172
63.385092 1198 4172
63.388833 238 4172
63.388908 1198 4172
63.388948 1198 4172
63.388998 1198 4172
63.389041 1198 4172
63.389082 1198 4172
63.400939 1198 4172
63.400980 1198 4172
63.401019 1198 4172
63.401052 1198 4172
63.401083 1198 4172
63.401117 1198 4172
63.408871 1198 4172
63.408923 110 4172
63.408967 766 4172
63.409009 1198 4172
63.409048 1198 4172
63.409088 974 4172
63.409131 782 4172
63.409170 1198 4172
63.416883 542 4172
63.416929 1198 4172
63.416971 1198 4172
63.417011 1198 4172
63.417049 1198 4172
63.417088 1198 4172
63.424906 1198 4172
63.424942 1198 4172
63.424984 1198 4172
63.425023 1198 4172
63.425064 1198 4172
63.425098 1198 4172
63.432902 1198 4172
63.432936 254 4172
63.432994 1198 4172
63.433038 1198 4172
63.433078 1198 4172
63.433116 1198 4172
63.433155 878 4172
63.440967 1198 4172
63.441022 1198 4172
63.441069 1198 4172
63.441111 1198 4172
63.441148 1198 4172
63.441186 190 4172
63.441223 1198 4172
63.448928 1198 4172
63.448972 1198 4172
63.449017 1198 4172
63.449056 1134 4172
63.449097 1198 4172
63.449138 1198 4172
63.456931 1198 4172
63.456967 1198 4172
63.457020 1198 4172
63.457063 1198 4172
63.457104 1150 4172
63.457144 1198 4172
63.464848 1198 4172
63.464886 1198 4172
63.464940 1198 4172
63.464982 1198 4172
63.465022 1198 4172
63.465062 574 4172
63.472810 1198 4172
63.472847 1198 4172
63.472884 110 4172
63.472949 1198 4172
63.472992 1198 4172
63.473033 1198 4172
63.473072 1198 4172
63.476774 1198 4172
63.476821 1198 4172
63.476861 1198 4172
63.476901 1198 4172
63.476940 190 4172
63.476978 158 4172
63.477016 718 4172
63.477054 1198 4172
63.488901 238 4172
63.488929 1198 4172
63.488968 1198 4172
63.489003 1198 4172
63.489037 718 4172
63.489075 1198 4172
63.489108 1198 4172
63.489141 366 4172
63.489177 1198 4172
63.496847 1006 4172
63.496895 1198 4172
63.496941 494 4172
63.496984 1198 4172
63.497023 542 4172
63.497063 1198 4172
63.505001 1182 4172
63.505042 158 4172
63.505080 1198 4172
63.505120 1198 4172
63.505155 1198 4172
63.505195 1198 4172
63.505235 1198 4172
63.520908 1198 4172
63.520969 1198 4172
63.521011 1198 4172
63.521052 638 4172
63.521094 622 4172
63.521132 1198 4172
63.521171 158 4172
63.521209 590 4172
63.521248 1134 4172
63.564851 702 4172
63.564927 1198 4172
63.564975 110 4172
63.784940 110 4172
64.004835 398 4172
64.017931 206 4172
64.017967 110 4172
64.017999 334 4172
64.020854 318 4172
64.020894 270 4172
64.025138 478 4172
64.025162 238 4172
64.025194 238 4172
64.029273 238 4172
64.029312 238 4172
64.029347 238 4172
64.032736 238 4172
64.032776 238 4172
64.032809 238 4172
64.040393 286 4172
64.040443 190 4172
64.040482 1198 4172
64.040517 1198 4172
64.040549 1198 4172
64.040583 1198 4172
64.040617 1198 4172
64.040660 1198 4172
64.040693 1134 4172
64.040741 1198 4172
64.045973 1198 4172
64.046009 1198 4172
64.046040 1198 4172
64.046068 1198 4172
64.046096 1198 4172
64.046125 1198 4172
64.046154 1198 4172
64.046186 862 4172
64.048729 1198 4172
64.048783 574 4172
64.048827 1198 4172
64.048868 1198 4172
64.048909 446 4172
64.092850 1198 4172
64.092889 1198 4172
64.092917 1198 4172
64.092948 334 4172
64.180949 254 4172
64.268984 782 4172
64.269096 1198 4172
64.269146 1198 4172
64.269194 430 4172
64.269238 1198 4172
64.269280 1198 4172
64.269318 926 4172
64.269357 1198 4172
64.269397 1198 4172
64.269436 1198 4172
64.269475 1038 4172
64.269512 1198 4172
64.269551 1166 4172
64.269588 222 4172
64.288866 158 4172
64.288913 734 4172
64.296780 110 4172
64.312863 110 4172
64.400774 110 4172
64.576728 110 4172
64.664696 190 4172
64.664733 430 4172
64.752769 206 4172
64.752849 350 4172
64.796876 190 4172
64.796961 446 4172
64.840759 110 4172
64.884849 142 4172
64.884941 1198 4172
64.884984 398 4172
