0.030393 110 4172
0.075356 158 4172
0.075841 1198 4172
0.075844 1198 4172
0.075845 1198 4172
0.075866 1102 4172
0.102036 110 4172
0.130442 110 4172
0.230444 110 4172
0.383385 110 4172
0.575966 366 4172
0.640582 1198 4172
0.640585 1198 4172
0.640586 350 4172
0.641473 1198 4172
0.641484 1198 4172
0.641500 1198 4172
0.641507 1198 4172
0.641528 1198 4172
0.641541 1198 4172
0.641554 1198 4172
0.641566 1198 4172
0.641584 1198 4172
0.641596 1198 4172
0.641611 1198 4172
0.641623 1198 4172
0.641643 1198 4172
0.641653 734 4172
0.649782 1198 4172
0.649790 1198 4172
0.649805 1198 4172
0.649817 1198 4172
0.649833 110 4172
0.649847 1198 4172
0.649859 1198 4172
0.649871 1198 4172
0.649882 1198 4172
0.649898 1198 4172
0.649912 1198 4172
0.664519 1198 4172
0.664534 1198 4172
0.664536 1198 4172
0.664544 1198 4172
0.664544 1198 4172
0.664544 1198 4172
0.664545 1198 4172
0.664565 926 4172
0.665904 1198 4172
0.665931 1198 4172
0.665950 1198 4172
0.680147 1198 4172
0.680149 1198 4172
0.680165 1198 4172
0.680173 1198 4172
0.680174 1198 4172
0.680174 1198 4172
0.695800 1198 4172
0.695803 1198 4172
0.695816 1198 4172
0.695905 1198 4172
0.695906 1198 4172
0.695908 1198 4172
0.711477 1198 4172
0.711479 1198 4172
0.711479 1198 4172
0.711508 350 4172
0.711521 1198 4172
0.711536 1198 4172
0.711549 1198 4172
0.727128 1198 4172
0.727131 1198 4172
0.727139 1198 4172
0.727140 1198 4172
0.727141 1198 4172
0.727141 1198 4172
0.727142 1198 4172
0.742741 1198 4172
0.742743 1198 4172
0.742744 1198 4172
0.742764 1198 4172
0.742850 1198 4172
0.742852 846 4172
0.742853 1198 4172
0.758296 1198 4172
0.758306 1198 4172
0.758307 1198 4172
0.758308 1198 4172
0.758327 1198 4172
0.758338 1198 4172
0.773763 1198 4172
0.773802 1198 4172
0.773829 1198 4172
0.773848 1198 4172
0.773867 1198 4172
0.773885 1198 4172
0.773907 1198 4172
0.789565 1198 4172
0.789582 1198 4172
0.789583 1198 4172
0.789585 1198 4172
0.789586 1198 4172
0.789586 1198 4172
0.791643 1198 4172
0.805226 1198 4172
0.805241 1198 4172
0.805265 1198 4172
0.805281 1198 4172
0.805305 1198 4172
0.805324 1198 4172
0.805344 350 4172
0.820812 1198 4172
0.820821 1198 4172
0.820822 1198 4172
0.820836 1198 4172
0.820850 1198 4172
0.820866 1198 4172
0.820879 1198 4172
0.836410 1198 4172
0.836503 1198 4172
0.836507 1198 4172
0.836508 1198 4172
0.836509 1198 4172
0.836533 1198 4172
0.836553 1198 4172
0.851951 1198 4172
0.851964 1198 4172
0.851965 1198 4172
0.851991 1198 4172
0.852006 158 4172
0.852019 1198 4172
0.852031 1198 4172
0.852049 1198 4172
0.867640 1198 4172
0.867658 1198 4172
0.867704 1198 4172
0.867728 1198 4172
0.867741 1198 4172
0.867752 1198 4172
0.883306 1198 4172
0.883316 1198 4172
0.883325 1198 4172
0.883337 1198 4172
0.883349 1198 4172
0.883362 1198 4172
0.883375 1198 4172
0.898958 686 4172
0.898962 158 4172
0.898964 158 4172
0.898964 158 4172
0.898965 782 4172
0.898966 1198 4172
0.898979 222 4172
0.898982 158 4172
0.916923 158 4172
0.916967 158 4172
0.916987 158 4172
0.917006 158 4172
0.917026 110 4172
0.917045 158 4172
0.917316 158 4172
0.918415 158 4172
0.918443 142 4172
0.918738 654 4172
1.030449 110 4172
1.130509 110 4172
1.180110 110 4172
1.461345 110 4172
1.742868 110 4172
2.024117 110 4172
2.030414 110 4172
2.130623 110 4172
2.305226 110 4172
2.586604 110 4172
2.867833 110 4172
3.030458 110 4172
3.130425 110 4172
3.149024 110 4172
3.430259 110 4172
4.030464 110 4172
4.130391 110 4172
5.030463 110 4172
5.130467 110 4172
6.030477 110 4172
6.130525 110 4172
6.242878 110 4172
7.030503 110 4172
7.130547 110 4172
8.030576 110 4172
8.130558 110 4172
9.030521 110 4172
9.055306 110 4172
9.130608 110 4172
10.030532 110 4172
10.130747 110 4172
11.030536 110 4172
11.130739 110 4172
11.867883 110 4172
12.030597 110 4172
12.130617 110 4172
13.030578 110 4172
13.130683 110 4172
14.030591 110 4172
14.130894 110 4172
14.680327 110 4172
15.030628 110 4172
15.130797 110 4172
15.873263 366 4172
15.873355 318 4172
16.030657 110 4172
16.130814 110 4172
17.030642 110 4172
17.130789 110 4172
17.492800 110 4172
18.030635 110 4172
18.130724 110 4172
19.030733 110 4172
19.130763 110 4172
20.030701 110 4172
20.130769 110 4172
20.305384 110 4172
20.539699 60 60000
20.830378 1198 4172
20.830382 1198 4172
20.830383 1198 4172
20.830394 1198 4172
20.830416 1198 4172
20.830431 1198 4172
20.830449 1198 4172
20.831576 1198 4172
20.831602 1198 4172
20.831620 1198 4172
20.831637 1198 4172
20.831655 526 4172
20.833061 1198 4172
20.833081 1198 4172
20.833099 1198 4172
20.833116 542 4172
20.834899 1198 4172
20.834917 1198 4172
20.834934 1198 4172
20.834951 1198 4172
20.834976 1198 4172
20.834988 702 4172
20.836926 1198 4172
20.836943 1198 4172
20.836960 1198 4172
20.836976 1198 4172
20.836998 1198 4172
20.852004 1198 4172
20.852013 1198 4172
20.852014 1198 4172
20.852014 1022 4172
20.854622 1198 4172
20.854625 1198 4172
20.854625 1198 4172
20.854626 1198 4172
20.854631 1198 4172
20.854632 1198 4172
20.854632 1198 4172
20.854633 1198 4172
20.854654 1198 4172
20.854654 1198 4172
20.867608 222 4172
20.869882 1198 4172
20.869890 1198 4172
20.869892 1198 4172
20.869893 1198 4172
20.869909 1198 4172
20.869920 1198 4172
20.883232 1198 4172
20.883234 1198 4172
20.883235 1198 4172
20.883235 1118 4172
20.885908 1198 4172
20.885910 1198 4172
20.885925 1198 4172
20.885939 1198 4172
20.898991 1198 4172
20.898994 1198 4172
20.898995 1198 4172
20.899001 1198 4172
20.899035 1198 4172
20.899037 1198 4172
20.914473 414 4172
20.914505 1198 4172
20.914523 1198 4172
20.914538 1198 4172
20.914554 1198 4172
20.914572 1198 4172
20.914588 1198 4172
20.914603 1198 4172
20.930268 1198 4172
20.930273 1198 4172
20.930287 1198 4172
20.930308 1198 4172
20.930328 1198 4172
20.930339 1198 4172
20.945739 1198 4172
20.945763 1198 4172
20.945779 766 4172
20.948420 1198 4172
20.948442 1198 4172
20.948454 1198 4172
20.948468 1198 4172
20.948486 1198 4172
20.948501 1198 4172
20.961346 1198 4172
20.961350 1198 4172
20.961350 1198 4172
20.961418 1198 4172
20.961419 1198 4172
20.963693 1198 4172
20.976974 1198 4172
20.976979 846 4172
20.976996 1198 4172
20.977009 1198 4172
20.977027 1198 4172
20.977043 1198 4172
20.977058 1198 4172
20.992605 1198 4172
20.992668 1198 4172
20.992669 1198 4172
20.992676 1198 4172
20.992677 1198 4172
20.992687 110 4172
20.994543 1198 4172
20.994554 1198 4172
20.994583 1198 4172
20.994599 1198 4172
21.008233 1198 4172
21.008236 1198 4172
21.008320 1198 4172
21.008321 270 4172
21.008337 1198 4172
21.008338 1198 4172
21.008367 1198 4172
21.023804 510 4172
21.026609 1198 4172
21.026612 1198 4172
21.026624 1198 4172
21.026638 1198 4172
21.026653 1198 4172
21.026669 1198 4172
21.026681 1198 4172
21.026694 1198 4172
21.039406 110 4172
21.039438 1198 4172
21.039452 1198 4172
21.039469 1198 4172
21.039486 862 4172
21.042445 1198 4172
21.042456 1198 4172
21.042466 1198 4172
21.055062 958 4172
21.055129 1198 4172
21.055147 1198 4172
21.055164 1198 4172
21.055180 1198 4172
21.055199 1198 4172
21.055214 286 4172
21.070678 814 4172
21.070706 270 4172
21.070726 190 4172
21.070742 190 4172
21.070758 190 4172
21.070777 190 4172
21.070792 190 4172
21.070807 190 4172
21.087186 190 4172
21.087975 190 4172
21.088813 190 4172
21.089504 190 4172
21.090108 190 4172
21.090700 190 4172
21.091299 190 4172
21.091947 190 4172
21.093077 1198 4172
21.093089 1198 4172
21.093100 1198 4172
21.093111 1198 4172
21.093126 174 4172
21.093449 798 4172
21.117804 110 4172
21.123310 60 60000
21.130613 110 4172
21.212388 1198 4172
21.212391 1054 4172
21.219184 174 4172
21.219840 174 4172
21.220544 222 4172
21.221225 222 4172
21.221903 222 4172
21.222573 222 4172
21.223250 222 4172
21.223921 222 4172
21.224596 222 4172
21.225267 222 4172
21.226060 222 4172
21.226747 222 4172
21.227462 222 4172
21.228253 254 4172
21.228905 174 4172
21.230160 1198 4172
21.230178 1198 4172
21.230196 1198 4172
21.230215 1198 4172
21.230235 238 4172
21.230254 206 4172
21.230715 110 4172
21.247205 126 4172
21.330644 110 4172
21.383740 110 4172
21.387804 526 4172
21.430746 110 4172
21.433221 1198 4172
21.433234 1198 4172
21.433251 158 4172
21.639658 1198 4172
21.639725 1198 4172
21.639726 366 4172
21.639728 302 4172
21.639891 238 4172
21.664586 110 4172
21.702168 206 4172
21.702345 206 4172
21.945822 110 4172
22.030698 110 4172
22.130881 110 4172
22.211545 110 4172
22.493069 110 4172
22.774131 110 4172
23.030711 110 4172
23.055538 110 4172
23.130849 110 4172
23.336702 110 4172
23.618013 110 4172
24.030713 110 4172
24.130862 110 4172
25.030775 110 4172
25.130944 110 4172
26.030751 110 4172
26.130832 110 4172
26.430637 110 4172
27.030759 110 4172
27.130852 110 4172
28.030769 110 4172
28.130909 110 4172
29.030788 110 4172
29.130939 110 4172
29.242903 110 4172
30.030793 110 4172
30.131018 110 4172
31.030842 110 4172
31.130881 110 4172
32.030818 110 4172
32.055367 110 4172
32.130976 110 4172
33.030847 110 4172
33.130961 110 4172
34.030911 110 4172
34.131011 110 4172
34.867886 110 4172
35.030971 110 4172
35.130987 110 4172
36.030873 110 4172
36.131002 110 4172
37.030889 110 4172
37.130962 110 4172
37.680279 110 4172
38.030923 110 4172
38.130941 110 4172
39.030965 110 4172
39.131020 110 4172
40.030991 110 4172
40.131108 110 4172
40.492860 110 4172
41.030979 110 4172
41.130920 110 4172
41.300547 1198 4172
41.300569 1198 4172
41.300589 1198 4172
41.300609 1198 4172
41.300632 1198 4172
41.300651 1198 4172
41.300670 1198 4172
41.300689 1198 4172
41.300730 238 4172
41.323054 1198 4172
41.323087 1198 4172
41.323134 1198 4172
41.323181 1198 4172
41.323227 1198 4172
41.323272 1198 4172
41.323318 1198 4172
41.323365 590 4172
41.325259 1198 4172
41.325312 1198 4172
41.325359 1198 4172
41.325406 1150 4172
41.327401 1198 4172
41.327461 1198 4172
41.327508 1198 4172
41.327554 1198 4172
41.327600 1198 4172
41.327647 1198 4172
41.327692 814 4172
41.330034 1198 4172
41.330049 1198 4172
41.330079 1198 4172
41.330094 1198 4172
41.330121 1198 4172
41.330142 1198 4172
41.330162 1198 4172
41.330183 1198 4172
41.330210 654 4172
41.338817 1198 4172
41.338850 1198 4172
41.338887 1198 4172
41.338923 1198 4172
41.338959 1198 4172
41.339008 1198 4172
41.339045 1198 4172
41.339078 1198 4172
41.339113 1198 4172
41.352026 1198 4172
41.352032 734 4172
41.352033 1198 4172
41.352050 1198 4172
41.352077 1198 4172
41.352101 1198 4172
41.352123 1198 4172
41.352143 1198 4172
41.367655 1198 4172
41.367686 1198 4172
41.367708 1198 4172
41.367736 446 4172
41.367769 1198 4172
41.367794 1198 4172
41.367817 1198 4172
41.367841 1198 4172
41.367871 1198 4172
41.383272 1198 4172
41.383294 1198 4172
41.383336 1198 4172
41.383379 1198 4172
41.383403 670 4172
41.384270 60 60000
41.386473 1198 4172
41.386595 1198 4172
41.386604 1198 4172
41.386626 1198 4172
41.386651 1198 4172
41.398810 1198 4172
41.398817 1198 4172
41.398818 1198 4172
41.398854 1198 4172
41.398868 1198 4172
41.398891 1198 4172
41.414627 1198 4172
41.414634 1198 4172
41.414635 1198 4172
41.414643 1198 4172
41.414673 126 4172
41.414699 1198 4172
41.414716 1198 4172
41.414734 1198 4172
41.414751 1198 4172
41.430073 1198 4172
41.430108 1198 4172
41.430110 1198 4172
41.430124 1198 4172
41.430150 1198 4172
41.430167 1198 4172
41.430185 1198 4172
41.445779 1198 4172
41.445794 1198 4172
41.445795 974 4172
41.445795 1198 4172
41.445822 1198 4172
41.445823 1198 4172
41.445832 1198 4172
41.445848 1198 4172
41.461331 1198 4172
41.461344 1198 4172
41.461345 1198 4172
41.461364 1198 4172
41.461376 398 4172
41.461396 1198 4172
41.461407 1198 4172
41.461421 1198 4172
41.461442 1198 4172
41.476991 1198 4172
41.478615 1198 4172
41.478618 926 4172
41.478619 1198 4172
41.478665 1198 4172
41.478712 926 4172
41.481821 1198 4172
41.481830 1198 4172
41.481852 1198 4172
41.481873 1198 4172
41.481899 1198 4172
41.492700 1198 4172
41.492705 1198 4172
41.492735 1198 4172
41.492764 1198 4172
41.492789 1198 4172
41.508229 1198 4172
41.508243 1198 4172
41.508272 1198 4172
41.508301 446 4172
41.508318 1198 4172
41.508346 1198 4172
41.508372 126 4172
41.508396 750 4172
41.512163 1198 4172
41.512296 1198 4172
41.512313 1198 4172
41.512332 1198 4172
41.523863 158 4172
41.523873 1198 4172
41.523895 1198 4172
41.523907 1198 4172
41.523931 1198 4172
41.523946 638 4172
41.523964 1198 4172
41.539532 1198 4172
41.539578 1198 4172
41.539602 798 4172
41.540892 1198 4172
41.540897 1198 4172
41.540918 1198 4172
41.540936 1198 4172
41.540957 1198 4172
41.540974 462 4172
41.542682 1198 4172
41.542684 1198 4172
41.555090 1198 4172
41.555094 1198 4172
41.555095 1198 4172
41.555101 1198 4172
41.555123 1198 4172
41.555142 1198 4172
41.555160 142 4172
41.570700 1198 4172
41.570716 1198 4172
41.570725 1198 4172
41.570738 1198 4172
41.570757 1198 4172
41.570770 1198 4172
41.570785 1198 4172
41.570798 1198 4172
41.570814 1198 4172
41.586349 718 4172
41.586355 110 4172
41.588289 1198 4172
41.588305 1198 4172
41.588328 1198 4172
41.588352 1198 4172
41.588383 1198 4172
41.588398 1198 4172
41.588420 1198 4172
41.588436 1198 4172
41.588458 1198 4172
41.601970 366 4172
41.603455 1198 4172
41.603477 1198 4172
41.603494 1198 4172
41.603514 1198 4172
41.603539 1198 4172
41.603558 1198 4172
41.603577 1198 4172
41.617560 1198 4172
41.619783 846 4172
41.619922 1198 4172
41.619942 1198 4172
41.619956 1198 4172
41.619973 1198 4172
41.619989 1198 4172
41.620003 1198 4172
41.620018 1198 4172
41.633261 1198 4172
41.633308 1198 4172
41.633331 1198 4172
41.633351 1198 4172
41.633377 1198 4172
41.633392 1198 4172
41.633413 1182 4172
41.648870 1198 4172
41.648875 1198 4172
41.648900 1198 4172
41.648919 1198 4172
41.648945 1198 4172
41.648968 1198 4172
41.648986 1198 4172
41.649006 1198 4172
41.664510 1198 4172
41.664514 1198 4172
41.664534 1198 4172
41.664554 1198 4172
41.664576 1198 4172
41.664596 254 4172
41.665762 1198 4172
41.665792 1198 4172
41.665847 1198 4172
41.665867 1198 4172
41.680146 1198 4172
41.680150 1198 4172
41.680168 1198 4172
41.680189 1198 4172
41.680207 1198 4172
41.680227 110 4172
41.680245 1198 4172
41.680265 1198 4172
41.695785 1198 4172
41.695788 1198 4172
41.695790 1198 4172
41.695791 1198 4172
41.695816 270 4172
41.696644 1198 4172
41.696651 1198 4172
41.696669 398 4172
41.699030 1198 4172
41.699033 1198 4172
41.699034 1198 4172
41.711353 1198 4172
41.711365 1198 4172
41.711373 1198 4172
41.711382 1198 4172
41.711400 1198 4172
41.711416 1198 4172
41.711432 1022 4172
41.727025 1198 4172
41.727034 1198 4172
41.727055 270 4172
41.727075 1198 4172
41.727098 718 4172
41.727118 622 4172
41.727138 670 4172
41.727157 1198 4172
41.727179 814 4172
41.743823 782 4172
41.743828 974 4172
41.743854 830 4172
41.743880 830 4172
41.743896 1150 4172
41.743917 1182 4172
41.743936 1102 4172
41.743956 478 4172
41.746187 494 4172
41.824711 1198 4172
41.824718 1198 4172
41.824720 1198 4172
41.824721 1198 4172
41.824727 1198 4172
41.824768 1198 4172
41.824780 1198 4172
41.824799 1134 4172
41.838888 1198 4172
41.838892 1198 4172
41.838915 1198 4172
41.838938 1198 4172
41.838954 558 4172
41.838974 1198 4172
41.838994 1198 4172
41.839013 1198 4172
41.839035 622 4172
41.853774 1198 4172
41.853779 1198 4172
41.853798 1198 4172
41.853835 1198 4172
41.853855 110 4172
41.853875 1198 4172
41.853895 238 4172
41.855178 1198 4172
41.855203 1198 4172
41.855223 1198 4172
41.855244 1198 4172
41.855267 1198 4172
41.855287 1198 4172
41.855315 1198 4172
41.856719 1198 4172
41.856742 1198 4172
41.856763 1198 4172
41.856782 1198 4172
41.856808 1198 4172
41.856827 1198 4172
41.856846 1198 4172
41.856865 1198 4172
41.856890 894 4172
41.869401 1198 4172
41.869436 1198 4172
41.869456 1198 4172
41.869476 1198 4172
41.869500 1198 4172
41.869517 1198 4172
41.869536 1198 4172
41.869574 1198 4172
41.869596 510 4172
41.884775 1198 4172
41.884779 1198 4172
41.884812 1198 4172
41.884824 1198 4172
41.884846 1198 4172
41.884866 1198 4172
41.884885 1198 4172
41.884905 1198 4172
41.884928 558 4172
41.902443 1198 4172
41.902446 1198 4172
41.902447 1198 4172
41.902448 1198 4172
41.902482 1198 4172
41.902496 1198 4172
41.902511 1198 4172
41.902526 1198 4172
41.902542 1198 4172
41.902555 1198 4172
41.902570 1198 4172
41.902584 1198 4172
41.902601 1166 4172
41.916425 1198 4172
41.916437 1198 4172
41.916453 1198 4172
41.916468 1198 4172
41.916485 1198 4172
41.916499 1198 4172
41.916513 1198 4172
41.916528 1198 4172
41.916544 1198 4172
41.916559 1198 4172
41.916572 1198 4172
41.916586 1198 4172
41.916604 270 4172
41.933015 1198 4172
41.933033 1198 4172
41.933034 1198 4172
41.933035 1198 4172
41.933036 1198 4172
41.933061 1198 4172
41.933071 1198 4172
41.933073 1198 4172
41.933087 510 4172
41.947911 1198 4172
41.947916 1198 4172
41.947917 1198 4172
41.947917 1198 4172
41.947941 1198 4172
41.947955 1198 4172
41.947969 430 4172
41.947985 1198 4172
41.947999 1198 4172
41.948013 798 4172
41.963055 1198 4172
41.963060 1198 4172
41.963082 1198 4172
41.963102 1198 4172
41.963125 1198 4172
41.963144 1198 4172
41.963164 1198 4172
41.963183 1198 4172
41.963212 1198 4172
41.976965 782 4172
41.976970 1198 4172
41.976971 1198 4172
41.976971 606 4172
41.976988 1198 4172
41.977007 1198 4172
41.977024 1198 4172
41.977042 1198 4172
41.992614 270 4172
41.992971 798 4172
41.996952 1198 4172
41.996969 1198 4172
41.996970 1198 4172
41.996992 1198 4172
41.997009 894 4172
41.998090 1198 4172
41.998093 1198 4172
41.998111 1198 4172
41.998127 1054 4172
41.998994 1198 4172
41.999007 1198 4172
42.008188 814 4172
42.008192 1198 4172
42.008192 1198 4172
42.008213 1198 4172
42.008214 1038 4172
42.023853 1198 4172
42.023857 1198 4172
42.023857 1198 4172
42.023858 1198 4172
42.023880 366 4172
42.023904 1198 4172
42.023912 1198 4172
42.023930 1198 4172
42.023955 1198 4172
42.023967 1022 4172
42.039509 110 4172
42.039541 1198 4172
42.039565 1198 4172
42.039586 1198 4172
42.039607 1198 4172
42.039630 1198 4172
42.039651 1198 4172
42.039672 398 4172
42.039705 1198 4172
42.039726 1198 4172
42.055097 1198 4172
42.055112 1198 4172
42.055114 1198 4172
42.055115 1086 4172
42.055141 1198 4172
42.055142 1198 4172
42.055151 1198 4172
42.055174 1198 4172
42.070729 1198 4172
42.070772 1198 4172
42.070774 1198 4172
42.070775 1198 4172
42.070784 1198 4172
42.070815 174 4172
42.070829 1198 4172
42.070848 1198 4172
42.070871 1198 4172
42.086354 1198 4172
42.086358 1198 4172
42.086359 1198 4172
42.086365 862 4172
42.086391 1198 4172
42.086399 1198 4172
42.086418 1198 4172
42.086432 1198 4172
42.086446 1198 4172
42.101982 734 4172
42.103382 1198 4172
42.103418 1198 4172
42.103455 1198 4172
42.103495 1118 4172
42.104588 1198 4172
42.104629 1198 4172
42.104666 718 4172
42.106151 1198 4172
42.106186 1198 4172
42.106204 1198 4172
42.117576 1198 4172
42.117588 110 4172
42.117589 1198 4172
42.117613 558 4172
42.117614 1198 4172
42.117623 1198 4172
42.117644 606 4172
42.117658 1198 4172
42.117830 60 60000
42.133237 1198 4172
42.133254 1198 4172
42.133255 110 4172
42.133273 1198 4172
42.133287 1198 4172
42.133302 1198 4172
42.133316 654 4172
42.134910 446 4172
42.137943 174 4172
42.138484 174 4172
42.139216 1198 4172
42.139237 862 4172
42.140425 1198 4172
42.140445 1198 4172
42.140463 1198 4172
42.140482 1198 4172
42.140509 1198 4172
42.148885 1198 4172
42.148904 1198 4172
42.148918 1198 4172
42.148943 1198 4172
42.164488 366 4172
42.164504 1198 4172
42.164527 1198 4172
42.164542 1198 4172
42.164560 1198 4172
42.164584 1198 4172
42.164601 1198 4172
42.164617 1198 4172
42.164636 1198 4172
42.180040 1198 4172
42.180071 494 4172
42.181662 1198 4172
42.181674 1198 4172
42.181693 1198 4172
42.181713 1198 4172
42.181806 1198 4172
42.181808 1198 4172
42.181808 1198 4172
42.181809 1198 4172
42.195766 1198 4172
42.195769 1198 4172
42.195792 1198 4172
42.195807 238 4172
42.195833 1198 4172
42.195851 1198 4172
42.195867 1198 4172
42.195884 1198 4172
42.211396 1198 4172
42.211426 1198 4172
42.211447 1198 4172
42.211471 1198 4172
42.211499 1198 4172
42.211523 1198 4172
42.211546 1198 4172
42.211569 174 4172
42.212950 1198 4172
42.212974 1198 4172
42.226997 1198 4172
42.227003 1198 4172
42.227005 1198 4172
42.227016 1198 4172
42.227037 1198 4172
42.227055 1198 4172
42.227076 1198 4172
42.227094 1198 4172
42.242598 782 4172
42.242602 110 4172
42.243891 1198 4172
42.243905 1198 4172
42.243925 1198 4172
42.243927 1198 4172
42.243947 1198 4172
42.243997 1198 4172
42.244008 1198 4172
42.244023 1198 4172
42.258236 1198 4172
42.258242 478 4172
42.258242 1198 4172
42.258243 1198 4172
42.258281 1198 4172
42.258294 1198 4172
42.258320 1198 4172
42.258334 1198 4172
42.258349 1198 4172
42.273838 1198 4172
42.273866 1198 4172
42.273867 1198 4172
42.273867 654 4172
42.273876 1198 4172
42.273894 1198 4172
42.273910 1198 4172
42.273928 1198 4172
42.289466 1198 4172
42.289486 1198 4172
42.289487 1198 4172
42.289488 1198 4172
42.289511 1198 4172
42.289512 1198 4172
42.289521 1022 4172
42.289542 1198 4172
42.289554 1198 4172
42.305117 1198 4172
42.305146 1198 4172
42.305148 1198 4172
42.305177 1198 4172
42.305242 1198 4172
42.305280 1198 4172
42.305321 1198 4172
42.305344 1054 4172
42.306710 1198 4172
42.320673 1198 4172
42.320692 1198 4172
42.320693 1198 4172
42.320721 1198 4172
42.320740 1198 4172
42.320755 1198 4172
42.320770 1198 4172
42.320791 1134 4172
42.336356 110 4172
42.336529 1198 4172
42.336541 1198 4172
42.336557 1198 4172
42.336571 1198 4172
42.336592 1198 4172
42.336607 974 4172
42.336621 174 4172
42.336635 1198 4172
42.336652 1198 4172
42.336667 1198 4172
42.351958 1198 4172
42.354823 558 4172
42.354827 1198 4172
42.354828 1198 4172
42.354829 1198 4172
42.354829 1198 4172
42.354852 1198 4172
42.354875 1198 4172
42.354886 1198 4172
42.354902 446 4172
42.370451 1198 4172
42.370469 1198 4172
42.370471 1198 4172
42.370471 1198 4172
42.370495 1198 4172
42.370515 1118 4172
42.401306 110 4172
42.402204 1198 4172
42.402228 1198 4172
42.402251 1198 4172
42.402271 702 4172
42.417110 126 4172
42.430893 110 4172
42.448026 478 4172
42.478071 446 4172
42.511531 206 4172
42.511536 1198 4172
42.511538 1198 4172
42.511539 1198 4172
42.511576 1198 4172
42.511589 1198 4172
42.511604 1198 4172
42.511619 254 4172
42.530845 110 4172
42.558386 1198 4172
42.558390 1198 4172
42.558410 366 4172
42.558431 302 4172
42.559359 1198 4172
42.559378 1198 4172
42.559396 1198 4172
42.559414 1198 4172
42.559435 1198 4172
42.559453 1198 4172
42.559471 526 4172
42.559570 238 4172
42.572836 1198 4172
42.572841 1198 4172
42.572841 1198 4172
42.572842 1198 4172
42.572860 1198 4172
42.572874 1198 4172
42.572889 1198 4172
42.572903 446 4172
42.619804 1198 4172
42.619818 1198 4172
42.619843 990 4172
42.620679 1198 4172
42.620702 1198 4172
42.620723 1198 4172
42.620745 1198 4172
42.620770 1198 4172
42.620790 1198 4172
42.620809 1198 4172
42.620829 1198 4172
42.620853 1198 4172
42.620872 1198 4172
42.620891 1198 4172
42.620910 1198 4172
42.620934 1198 4172
42.620955 1198 4172
42.620973 1198 4172
42.620992 1198 4172
42.621016 1198 4172
42.621035 1198 4172
42.621055 622 4172
42.630958 110 4172
42.634262 1198 4172
42.634294 1198 4172
42.634317 1198 4172
42.634338 1198 4172
42.634360 1198 4172
42.634379 1198 4172
42.634398 1198 4172
42.634418 1198 4172
42.634459 1198 4172
42.634479 1198 4172
42.634498 1198 4172
42.634518 1198 4172
42.634539 1198 4172
42.634558 1198 4172
42.634578 1198 4172
42.634597 1198 4172
42.634658 1198 4172
42.648873 1198 4172
42.648879 1198 4172
42.648902 142 4172
42.650067 1198 4172
42.650078 1198 4172
42.650078 1198 4172
42.650100 1198 4172
42.650118 1198 4172
42.650130 1198 4172
42.650146 1198 4172
42.650158 1198 4172
42.650174 1198 4172
42.664628 1198 4172
42.664633 1198 4172
42.664634 1198 4172
42.664674 110 4172
42.664690 1198 4172
42.664708 1198 4172
42.664726 1198 4172
42.664747 1198 4172
42.664770 1198 4172
42.680088 1198 4172
42.680114 1198 4172
42.680132 1198 4172
42.680160 1198 4172
42.680176 206 4172
42.681588 1198 4172
42.681617 1198 4172
42.681644 1198 4172
42.681669 1198 4172
42.681697 1198 4172
42.695815 1198 4172
42.695850 1198 4172
42.695875 1198 4172
42.695904 1198 4172
42.695931 1198 4172
42.695956 1198 4172
42.695980 1198 4172
42.711422 1198 4172
42.711445 1198 4172
42.711446 1198 4172
42.711468 1198 4172
42.711491 1198 4172
42.711507 1198 4172
42.711525 1198 4172
42.711542 1198 4172
42.711561 1198 4172
42.727157 1198 4172
42.727173 1198 4172
42.727191 190 4172
42.729341 1198 4172
42.729358 1198 4172
42.729374 1198 4172
42.729393 1198 4172
42.729414 1198 4172
42.729430 1198 4172
42.729447 1198 4172
42.729464 1198 4172
42.742602 110 4172
42.742690 1198 4172
42.742715 1198 4172
42.742739 1198 4172
42.742763 1198 4172
42.742795 1198 4172
42.742817 1198 4172
42.742841 1198 4172
42.758175 1198 4172
42.758209 1198 4172
42.758228 1198 4172
42.758252 1198 4172
42.758275 1198 4172
42.758301 1198 4172
42.758326 1198 4172
42.758350 238 4172
42.759313 1198 4172
42.759335 1198 4172
42.773818 1198 4172
42.773846 1198 4172
42.773876 1198 4172
42.773899 1198 4172
42.773924 1198 4172
42.773949 1198 4172
42.773978 1198 4172
42.789536 1198 4172
42.789560 1198 4172
42.789561 1198 4172
42.789582 1198 4172
42.789601 1198 4172
42.789619 1198 4172
42.789634 1198 4172
42.789655 1198 4172
42.789672 1198 4172
42.805209 1198 4172
42.805233 606 4172
42.805263 1198 4172
42.805288 1198 4172
42.805311 1198 4172
42.805334 1198 4172
42.805405 1198 4172
42.805427 1198 4172
42.805445 1198 4172
42.820750 1198 4172
42.820765 1198 4172
42.820785 1198 4172
42.820803 1198 4172
42.820819 1198 4172
42.820840 1198 4172
42.820856 1198 4172
42.820874 1198 4172
42.820891 1198 4172
42.836428 1198 4172
42.836461 1198 4172
42.836483 1198 4172
42.836507 1198 4172
42.836536 1198 4172
42.836559 798 4172
42.836585 1198 4172
42.836628 1198 4172
42.836661 1198 4172
42.851957 1198 4172
42.852063 1198 4172
42.852074 1198 4172
42.852102 1198 4172
42.852116 1198 4172
42.852134 1198 4172
42.852151 1198 4172
42.852173 1198 4172
42.867627 1198 4172
42.867657 1198 4172
42.867682 1198 4172
42.867712 1198 4172
42.867738 1198 4172
42.867768 1198 4172
42.867792 1198 4172
42.867819 1198 4172
42.867843 1198 4172
42.883317 1198 4172
42.883348 958 4172
42.883349 1198 4172
42.883374 1198 4172
42.883375 1198 4172
42.883386 1198 4172
42.883409 1198 4172
42.883424 1198 4172
42.883443 1198 4172
42.898925 1198 4172
42.898949 1198 4172
42.898971 1198 4172
42.898995 1198 4172
42.899021 1198 4172
42.899048 1198 4172
42.899072 1198 4172
42.899094 1198 4172
42.914545 1198 4172
42.914548 1198 4172
42.914572 1198 4172
42.914588 1198 4172
42.914607 1198 4172
42.914627 462 4172
42.914647 1198 4172
42.914662 1198 4172
42.914680 1198 4172
42.930042 110 4172
42.930072 1198 4172
42.930097 1198 4172
42.930122 1198 4172
42.930146 1198 4172
42.930175 1198 4172
42.930199 1198 4172
42.930224 1198 4172
42.930248 1198 4172
42.930274 1198 4172
42.945811 1198 4172
42.945844 1198 4172
42.945865 1198 4172
42.945897 1198 4172
42.945921 1198 4172
42.945945 1038 4172
42.946004 1198 4172
42.946038 1198 4172
42.961380 1198 4172
42.961391 1198 4172
42.961413 1198 4172
42.961435 1198 4172
42.961451 1198 4172
42.961469 1198 4172
42.961486 1198 4172
42.961506 1198 4172
42.961522 1198 4172
42.977037 1198 4172
42.977075 1198 4172
42.977099 1198 4172
42.977124 334 4172
42.977147 318 4172
42.977178 1198 4172
42.977202 750 4172
42.977225 1198 4172
42.977248 1198 4172
42.977279 1198 4172
42.977302 1198 4172
42.992638 1198 4172
42.992646 1198 4172
42.992675 1198 4172
42.992689 1198 4172
42.992708 638 4172
42.994452 1198 4172
42.994463 1198 4172
42.994550 1198 4172
42.994551 1198 4172
43.008133 1198 4172
43.008159 1198 4172
43.008179 1198 4172
43.008204 1198 4172
43.008232 814 4172
43.009822 1198 4172
43.009838 1198 4172
43.009856 1198 4172
43.009873 1198 4172
43.023925 1198 4172
43.023959 1198 4172
43.023980 1198 4172
43.024006 1198 4172
43.024035 1198 4172
43.024057 1198 4172
43.024082 270 4172
43.025718 1198 4172
43.025741 1198 4172
43.025766 1198 4172
43.039490 1198 4172
43.039512 110 4172
43.039528 1198 4172
43.039547 1198 4172
43.039565 1198 4172
43.039582 1198 4172
43.039605 1198 4172
43.039623 1150 4172
43.055165 1198 4172
43.055192 1198 4172
43.055193 1198 4172
43.055200 1198 4172
43.055222 1198 4172
43.055238 1198 4172
43.055256 1198 4172
43.055275 1198 4172
43.055294 1198 4172
43.070758 1198 4172
43.070786 446 4172
43.070817 1198 4172
43.070842 1198 4172
43.070866 1198 4172
43.070890 1198 4172
43.070920 1198 4172
43.070945 1198 4172
43.070968 1198 4172
43.086396 1198 4172
43.086427 1166 4172
43.086447 1198 4172
43.086470 1198 4172
43.086494 1198 4172
43.086521 1198 4172
43.086544 1198 4172
43.086566 1198 4172
43.086590 1198 4172
43.102030 1198 4172
43.102057 1198 4172
43.102080 1006 4172
43.102103 1198 4172
43.102131 1198 4172
43.102174 1198 4172
43.102201 1198 4172
43.102224 1198 4172
43.102255 1198 4172
43.117593 1198 4172
43.117621 1198 4172
43.117646 1198 4172
43.117679 1198 4172
43.117704 254 4172
43.117727 1198 4172
43.117759 1198 4172
43.117795 1198 4172
43.117820 1198 4172
43.133175 1198 4172
43.133197 1198 4172
43.133198 110 4172
43.133207 1198 4172
43.133222 1198 4172
43.133236 1198 4172
43.133250 334 4172
43.134653 1198 4172
43.134675 1198 4172
43.134696 1198 4172
43.134716 1198 4172
43.148794 1198 4172
43.148809 1198 4172
43.148832 1198 4172
43.148848 1150 4172
43.148873 1198 4172
43.148891 1198 4172
43.148912 1198 4172
43.148928 1198 4172
43.164543 1198 4172
43.164558 606 4172
43.164577 174 4172
43.164595 1198 4172
43.164616 1198 4172
43.164632 1198 4172
43.164650 1198 4172
43.164667 750 4172
43.164687 1198 4172
43.164702 1198 4172
43.180109 1198 4172
43.180131 1198 4172
43.180164 1198 4172
43.180186 1198 4172
43.180211 1198 4172
43.180235 1198 4172
43.180264 654 4172
43.180289 1198 4172
43.180312 1198 4172
43.180336 1198 4172
43.195692 110 4172
43.195721 190 4172
43.195745 830 4172
43.197233 1198 4172
43.197246 1198 4172
43.197267 1198 4172
43.197283 1198 4172
43.197309 1198 4172
43.197325 782 4172
43.212818 1198 4172
43.212829 1198 4172
43.212848 1198 4172
43.212866 1198 4172
43.212891 1198 4172
43.212909 1198 4172
43.228775 1198 4172
43.228797 1198 4172
43.228814 1198 4172
43.228833 1198 4172
43.228859 1198 4172
43.228875 1198 4172
43.228892 1198 4172
43.228911 366 4172
43.230975 110 4172
43.244500 1198 4172
43.244527 1198 4172
43.244528 1198 4172
43.244534 1198 4172
43.244558 1198 4172
43.244575 1198 4172
43.244592 1198 4172
43.244611 1070 4172
43.259845 1198 4172
43.259852 1198 4172
43.259876 1198 4172
43.259887 1198 4172
43.259913 1198 4172
43.259926 1198 4172
43.259944 1198 4172
43.259961 1198 4172
43.259983 302 4172
43.275641 1198 4172
43.275645 1198 4172
43.275667 1198 4172
43.275684 1198 4172
43.275709 1198 4172
43.275726 1198 4172
43.275742 1198 4172
43.275761 862 4172
43.291259 1198 4172
43.291262 1198 4172
43.291284 1198 4172
43.291301 1198 4172
43.291327 1198 4172
43.291341 1198 4172
43.291360 1198 4172
43.291376 1198 4172
43.291400 558 4172
43.306789 1198 4172
43.306793 1198 4172
43.306804 1198 4172
43.306829 1198 4172
43.306852 1198 4172
43.306867 1198 4172
43.306887 1198 4172
43.306903 478 4172
43.322320 1198 4172
43.322342 1198 4172
43.322344 1198 4172
43.322368 1198 4172
43.322392 1198 4172
43.322408 1198 4172
43.322427 862 4172
43.331005 110 4172
43.337880 1198 4172
43.337901 1198 4172
43.337904 1198 4172
43.337927 1198 4172
43.337953 1198 4172
43.337970 558 4172
43.353038 1198 4172
43.353043 1198 4172
43.353063 1198 4172
43.353081 190 4172
43.368580 1198 4172
43.368602 1198 4172
43.368603 510 4172
43.383782 254 4172
43.430938 110 4172
43.461533 110 4172
43.461692 110 4172
43.461693 110 4172
43.531013 110 4172
43.742987 110 4172
43.743639 110 4172
43.743640 110 4172
44.024302 110 4172
44.030981 110 4172
44.131038 110 4172
44.305447 110 4172
44.586706 110 4172
44.867972 110 4172
45.030995 110 4172
45.131095 110 4172
45.149215 110 4172
45.430404 110 4172
45.711673 110 4172
45.992823 110 4172
46.030965 110 4172
46.131120 110 4172
46.274000 110 4172
46.555455 110 4172
46.836480 110 4172
47.030991 110 4172
47.131124 110 4172
48.031011 110 4172
48.131198 110 4172
49.031080 110 4172
49.131202 110 4172
49.649157 110 4172
50.031061 110 4172
50.131118 110 4172
51.031076 110 4172
51.131184 110 4172
52.031083 110 4172
52.131242 110 4172
52.461685 110 4172
53.031094 110 4172
53.131223 110 4172
54.031113 110 4172
54.131214 110 4172
55.031123 110 4172
55.131208 110 4172
55.274140 110 4172
56.031141 110 4172
56.131316 110 4172
57.031148 110 4172
57.131174 110 4172
58.031223 110 4172
58.086441 110 4172
58.131317 110 4172
59.031156 110 4172
59.131325 110 4172
60.031222 110 4172
60.131253 110 4172
60.899158 110 4172
61.031224 110 4172
61.131302 110 4172
62.031252 110 4172
62.131179 110 4172
62.331839 1198 4172
62.331843 1198 4172
62.331861 1198 4172
62.331880 1198 4172
62.331903 1198 4172
62.331921 1198 4172
62.331941 270 4172
62.333655 1198 4172
62.333673 1198 4172
62.333691 1198 4172
62.333709 1198 4172
62.333731 1198 4172
62.333748 1198 4172
62.333765 1198 4172
62.333783 1198 4172
62.333808 158 4172
62.335306 1198 4172
62.335318 1198 4172
62.335335 1198 4172
62.335353 622 4172
62.338346 1198 4172
62.338373 1198 4172
62.338374 1198 4172
62.338396 1198 4172
62.338417 1198 4172
62.338433 1198 4172
62.338450 1198 4172
62.338466 1198 4172
62.338486 1198 4172
62.338502 1198 4172
62.338519 1198 4172
62.338537 270 4172
62.355322 1198 4172
62.355371 1198 4172
62.355408 1198 4172
62.355409 1198 4172
62.355439 1198 4172
62.355471 1198 4172
62.355503 1198 4172
62.355536 1198 4172
62.355569 1198 4172
62.355601 1198 4172
62.355633 1198 4172
62.355665 1198 4172
62.355696 1198 4172
62.355730 814 4172
62.359267 1198 4172
62.359269 1198 4172
62.359277 1198 4172
62.359291 1198 4172
62.359309 1198 4172
62.359320 1198 4172
62.359332 1198 4172
62.367633 1198 4172
62.367667 1198 4172
62.367688 1198 4172
62.367706 1198 4172
62.367725 1198 4172
62.383197 1198 4172
62.383257 1198 4172
62.383259 1198 4172
62.383260 1198 4172
62.383290 1198 4172
62.383291 958 4172
62.386704 1198 4172
62.386747 1198 4172
62.386772 1198 4172
62.386789 1198 4172
62.398880 1198 4172
62.398882 1198 4172
62.398882 1198 4172
62.398895 1198 4172
62.398895 1198 4172
62.398897 1198 4172
62.403825 1198 4172
62.414501 1198 4172
62.414503 1198 4172
62.414506 1198 4172
62.414529 1198 4172
62.414531 1198 4172
62.414548 174 4172
62.417522 1198 4172
62.417583 1198 4172
62.417619 1198 4172
62.417652 1198 4172
62.417685 1198 4172
62.417717 1198 4172
62.430083 1198 4172
62.430085 1198 4172
62.430086 1198 4172
62.430099 1198 4172
62.430113 1198 4172
62.430126 1198 4172
62.430137 1198 4172
62.445769 1198 4172
62.445773 1198 4172
62.445773 1022 4172
62.445774 1198 4172
62.445784 1198 4172
62.445800 1198 4172
62.445809 1198 4172
62.445817 1198 4172
62.445829 1198 4172
62.461319 126 4172
62.461350 1198 4172
62.461363 1198 4172
62.461378 1198 4172
62.461393 1198 4172
62.461413 1198 4172
62.461429 1198 4172
62.461446 1198 4172
62.461460 1198 4172
62.461478 1198 4172
62.477009 1198 4172
62.477076 1198 4172
62.477078 1198 4172
62.477078 1198 4172
62.477079 910 4172
62.480153 1198 4172
62.480182 1198 4172
62.480209 1198 4172
62.480235 1198 4172
62.480262 1198 4172
62.480288 1198 4172
62.492552 1198 4172
62.492555 1198 4172
62.492570 1198 4172
62.492571 1198 4172
62.492589 1198 4172
62.492603 1198 4172
62.492613 1198 4172
62.508324 1198 4172
62.508327 1198 4172
62.508328 1198 4172
62.508328 1198 4172
62.508329 1198 4172
62.508329 830 4172
62.511393 1198 4172
62.511453 1198 4172
62.511488 1198 4172
62.511521 1198 4172
62.511556 1198 4172
62.511588 1198 4172
62.523807 1198 4172
62.523809 1198 4172
62.523816 1198 4172
62.523827 1198 4172
62.523846 1198 4172
62.523856 1198 4172
62.523868 1198 4172
62.539633 1198 4172
62.539640 1198 4172
62.539658 1198 4172
62.539675 1182 4172
62.539690 1198 4172
62.539706 1198 4172
62.539721 1198 4172
62.539733 1198 4172
62.539745 1198 4172
62.555187 1198 4172
62.555189 1198 4172
62.555193 1198 4172
62.555207 1198 4172
62.555226 1198 4172
62.555239 1198 4172
62.555253 638 4172
62.555266 1198 4172
62.555282 1198 4172
62.555293 1198 4172
62.570725 1198 4172
62.570735 1198 4172
62.570736 110 4172
62.570747 1198 4172
62.570757 1198 4172
62.570767 1198 4172
62.570779 494 4172
62.570796 1198 4172
62.570806 1198 4172
62.570816 1198 4172
62.586441 1198 4172
62.586516 1198 4172
62.586517 1198 4172
62.586518 1198 4172
62.586551 1198 4172
62.586552 1198 4172
62.586586 1198 4172
62.586611 1198 4172
62.586633 1198 4172
62.602112 526 4172
62.602119 1198 4172
62.602140 1198 4172
62.602157 430 4172
62.602181 894 4172
62.602200 750 4172
62.602218 1198 4172
62.602238 1198 4172
62.602259 1198 4172
62.602277 1198 4172
62.602296 158 4172
62.604039 1198 4172
62.604089 1198 4172
62.604131 1198 4172
62.617688 1198 4172
62.617735 638 4172
62.617736 1198 4172
62.617736 1198 4172
62.617737 1198 4172
62.617767 798 4172
62.617767 1198 4172
62.617786 1198 4172
62.633273 1198 4172
62.633332 1198 4172
62.633333 1198 4172
62.633334 462 4172
62.635406 1198 4172
62.635476 1198 4172
62.635511 1198 4172
62.635551 1198 4172
62.635591 1198 4172
62.635632 1198 4172
62.635670 1198 4172
62.635709 1198 4172
62.649013 1022 4172
62.649066 1198 4172
62.649067 1198 4172
62.649067 1198 4172
62.649068 1198 4172
62.649086 1198 4172
62.649087 1198 4172
62.649097 1198 4172
62.664505 1198 4172
62.664520 1198 4172
62.664539 1198 4172
62.664556 1198 4172
62.664578 1198 4172
62.664595 798 4172
62.664613 1198 4172
62.664628 1198 4172
62.664648 1198 4172
62.680093 1198 4172
62.680106 1198 4172
62.680119 1198 4172
62.680135 1198 4172
62.680145 1198 4172
62.680155 1198 4172
62.680165 1198 4172
62.680177 1198 4172
62.680187 1198 4172
62.680198 862 4172
62.697655 1198 4172
62.697667 1198 4172
62.697669 1198 4172
62.697696 1198 4172
62.697726 1198 4172
62.697742 1198 4172
62.697757 1198 4172
62.697773 1198 4172
62.697800 1198 4172
62.697814 1198 4172
62.711468 1198 4172
62.711488 1198 4172
62.711490 1198 4172
62.711490 430 4172
62.713922 1198 4172
62.713928 1198 4172
62.713945 1198 4172
62.713957 1198 4172
62.713974 1198 4172
62.713983 1198 4172
62.727084 1198 4172
62.727105 1198 4172
62.727106 1198 4172
62.727113 1198 4172
62.727123 1198 4172
62.727133 1198 4172
62.727146 1198 4172
62.727157 1198 4172
62.742584 1198 4172
62.742623 1038 4172
62.742637 1198 4172
62.742637 1198 4172
62.742665 1198 4172
62.742692 1198 4172
62.742708 1198 4172
62.742723 1198 4172
62.742738 1198 4172
62.758209 1198 4172
62.758278 1198 4172
62.758279 1198 4172
62.758305 1198 4172
62.758306 1198 4172
62.758322 1198 4172
62.758345 1198 4172
62.758361 574 4172
62.760725 1198 4172
62.760748 1198 4172
62.760764 1198 4172
62.760780 1198 4172
62.773758 1198 4172
62.773772 1198 4172
62.773788 1198 4172
62.773804 1198 4172
62.773821 1198 4172
62.773837 1198 4172
62.773852 1198 4172
62.789413 286 4172
62.789483 1198 4172
62.789483 1198 4172
62.789507 1198 4172
62.789531 1198 4172
62.789548 1198 4172
62.789563 1198 4172
62.789579 1198 4172
62.789594 1198 4172
62.789610 990 4172
62.791097 1198 4172
62.791108 1198 4172
62.805066 398 4172
62.805069 1198 4172
62.805073 1198 4172
62.805090 1198 4172
62.805098 1198 4172
62.805111 1198 4172
62.805121 1198 4172
62.805137 1198 4172
62.805147 1198 4172
62.820674 1198 4172
62.821182 1022 4172
62.821183 1198 4172
62.821201 1198 4172
62.821212 270 4172
62.823076 1198 4172
62.823078 1022 4172
62.823395 830 4172
62.825464 1198 4172
62.825476 1198 4172
62.825491 1198 4172
62.825500 1198 4172
62.825514 798 4172
62.825991 1198 4172
62.836270 1198 4172
62.836289 1198 4172
62.836291 1198 4172
62.836291 110 4172
62.836293 1166 4172
62.836304 1198 4172
62.836313 1198 4172
62.851952 1198 4172
62.852014 1198 4172
62.852015 1198 4172
62.852580 1134 4172
62.852581 1198 4172
62.852601 1198 4172
62.852628 1198 4172
62.852643 1198 4172
62.852660 1198 4172
62.852675 1198 4172
62.867617 1198 4172
62.867630 414 4172
62.867646 1198 4172
62.867656 1198 4172
62.867666 1198 4172
62.867677 1198 4172
62.867688 926 4172
62.867698 1198 4172
62.867708 1198 4172
62.883181 1198 4172
62.883212 878 4172
62.883229 1198 4172
62.883246 1198 4172
62.883260 1198 4172
62.883281 1198 4172
62.883297 142 4172
62.883311 1198 4172
62.883327 1198 4172
62.883345 1198 4172
62.883363 1198 4172
62.898856 1198 4172
62.899817 382 4172
62.899819 622 4172
62.900057 1006 4172
62.907926 1198 4172
62.907944 1198 4172
62.907961 1198 4172
62.907977 1198 4172
62.907993 1198 4172
62.908009 1198 4172
62.908026 1182 4172
62.908993 1198 4172
62.909011 1198 4172
62.909027 1198 4172
62.909041 1198 4172
62.909060 958 4172
62.909905 1198 4172
62.930555 1198 4172
62.930584 1198 4172
62.930597 1054 4172
62.930691 1198 4172
62.930704 1198 4172
62.930714 1198 4172
62.930724 1198 4172
62.930761 1198 4172
62.930771 718 4172
62.933179 1198 4172
62.933204 1198 4172
62.933230 1198 4172
62.933257 1198 4172
62.933284 1198 4172
62.933309 1198 4172
62.945686 1198 4172
62.945753 1198 4172
62.945755 1198 4172
62.945798 1198 4172
62.945799 126 4172
62.945824 1198 4172
62.945842 1198 4172
62.945856 1198 4172
62.961318 1198 4172
62.961323 1198 4172
62.961324 1198 4172
62.961328 1198 4172
62.961344 1198 4172
62.961353 1198 4172
62.961363 1198 4172
62.961374 1198 4172
62.961387 958 4172
62.963660 1198 4172
62.963723 1198 4172
62.976915 1198 4172
62.976991 1198 4172
62.976991 1198 4172
62.976992 1198 4172
62.977005 1198 4172
62.977007 1198 4172
62.977015 1198 4172
62.977025 1198 4172
62.977039 1198 4172
62.992585 1198 4172
62.992595 1198 4172
62.992635 686 4172
62.992639 1198 4172
62.992654 1198 4172
62.992669 1198 4172
62.992684 1198 4172
62.992704 1198 4172
62.992719 1198 4172
63.008148 1198 4172
63.008222 1198 4172
63.008222 1198 4172
63.008223 1198 4172
63.008239 1198 4172
63.008240 1198 4172
63.008251 1038 4172
63.010671 1198 4172
63.010733 1198 4172
63.010769 1198 4172
63.010802 1198 4172
63.023802 1198 4172
63.023815 1198 4172
63.023832 1198 4172
63.023848 1198 4172
63.023869 1198 4172
63.023889 1198 4172
63.023906 1198 4172
63.023923 1198 4172
63.039379 110 4172
63.039473 1198 4172
63.039475 1198 4172
63.039475 366 4172
63.041704 1198 4172
63.041759 1198 4172
63.041794 1198 4172
63.041827 1198 4172
63.041860 1198 4172
63.041893 1198 4172
63.041926 1198 4172
63.041959 1198 4172
63.041992 1198 4172
63.055046 1198 4172
63.055072 1198 4172
63.055087 1198 4172
63.055104 942 4172
63.055122 1198 4172
63.055137 1198 4172
63.055153 1198 4172
63.055168 1198 4172
63.070694 1198 4172
63.070696 1198 4172
63.070696 1198 4172
63.070701 1198 4172
63.070719 1198 4172
63.070727 1198 4172
63.070739 1086 4172
63.070749 1198 4172
63.070762 1198 4172
63.086344 1198 4172
63.086348 1198 4172
63.086422 1198 4172
63.086431 1198 4172
63.086447 1198 4172
63.086463 1198 4172
63.086478 1198 4172
63.086498 318 4172
63.086513 1198 4172
63.086528 1198 4172
63.101986 782 4172
63.101988 110 4172
63.102063 1198 4172
63.102083 1198 4172
63.102084 1198 4172
63.102110 1198 4172
63.102136 1198 4172
63.102153 1198 4172
63.102169 1198 4172
63.102183 1198 4172
63.102201 1198 4172
63.117592 1198 4172
63.117593 398 4172
63.117612 1198 4172
63.117613 1198 4172
63.117631 510 4172
63.117631 1198 4172
63.117644 1198 4172
63.117656 1198 4172
63.117666 1198 4172
63.117676 1198 4172
63.117689 1198 4172
63.133175 926 4172
63.135214 110 4172
63.137130 1198 4172
63.137176 1198 4172
63.137211 1198 4172
63.137245 1198 4172
63.137278 1198 4172
63.137310 1198 4172
63.137343 1198 4172
63.137375 1198 4172
63.137409 702 4172
63.139999 1198 4172
63.140018 1198 4172
63.140034 1198 4172
63.140051 1198 4172
63.148905 1198 4172
63.148918 1198 4172
63.148930 1198 4172
63.148940 1198 4172
63.148955 1182 4172
63.164544 1198 4172
63.164547 1198 4172
63.164547 1198 4172
63.164652 1198 4172
63.164654 334 4172
63.165277 1198 4172
63.165316 1198 4172
63.165335 1198 4172
63.165355 1198 4172
63.165375 1198 4172
63.165394 750 4172
63.180188 1198 4172
63.180273 1198 4172
63.180274 1198 4172
63.180275 1198 4172
63.180276 1198 4172
63.180277 1198 4172
63.180277 1198 4172
63.180278 430 4172
63.180284 1198 4172
63.180299 1198 4172
63.195902 1198 4172
63.195903 1198 4172
63.195952 1198 4172
63.195981 1198 4172
63.196001 910 4172
63.196020 1198 4172
63.196042 1198 4172
63.196063 1198 4172
63.196080 1198 4172
63.196097 1198 4172
63.211446 1198 4172
63.211504 1198 4172
63.211505 574 4172
63.211506 1198 4172
63.211542 1198 4172
63.211543 1198 4172
63.211562 1198 4172
63.211591 1198 4172
63.211616 1198 4172
63.211636 1198 4172
63.227047 1198 4172
63.227191 1198 4172
63.227193 1198 4172
63.227194 1198 4172
63.227195 1198 4172
63.227196 654 4172
63.229166 1198 4172
63.229229 1198 4172
63.229270 1198 4172
63.229310 1198 4172
63.229377 1198 4172
63.242643 1198 4172
63.242709 1198 4172
63.242710 1102 4172
63.242711 1198 4172
63.242712 1150 4172
63.242729 910 4172
63.242730 718 4172
63.242743 1198 4172
63.242757 286 4172
63.258261 1198 4172
63.258264 1198 4172
63.258265 1198 4172
63.258345 1198 4172
63.258347 1198 4172
63.258347 1198 4172
63.258348 1198 4172
63.258348 622 4172
63.258349 1198 4172
63.258351 1182 4172
63.274470 1198 4172
63.274472 1198 4172
63.274473 142 4172
63.274814 1198 4172
63.274816 1198 4172
63.274831 558 4172
63.275816 1198 4172
63.275844 734 4172
63.276122 1198 4172
63.276144 558 4172
63.276490 1198 4172
63.276510 1198 4172
63.276528 1198 4172
63.276892 1198 4172
63.289500 1198 4172
63.289584 1198 4172
63.289585 1198 4172
63.289606 782 4172
63.289606 686 4172
63.289607 1198 4172
63.289615 238 4172
63.289630 190 4172
63.289643 606 4172
63.305703 1102 4172
63.307374 478 4172
63.307546 622 4172
63.307862 1006 4172
63.353683 270 4172
63.383588 110 4172
63.386200 190 4172
63.555680 126 4172
63.571775 1198 4172
63.571777 1198 4172
63.571777 382 4172
63.588681 1198 4172
63.588698 1198 4172
63.588700 1118 4172
63.602323 238 4172
63.618030 190 4172
63.633646 206 4172
63.649347 238 4172
63.649350 110 4172
63.664972 510 4172
63.680451 798 4172
63.885321 158 4172
63.885509 1198 4172
63.885510 862 4172
63.914508 110 4172
63.987364 1198 4172
63.987369 1198 4172
63.987371 1198 4172
63.987371 1198 4172
63.987373 1198 4172
63.987373 1198 4172
63.987374 1086 4172
63.988714 1198 4172
63.988716 1198 4172
63.988716 1198 4172
63.988717 1198 4172
63.989818 958 4172
63.990378 1198 4172
63.990392 1198 4172
63.990404 1198 4172
63.990415 1198 4172
63.990427 1198 4172
63.990439 1198 4172
63.990450 1198 4172
63.990462 1198 4172
63.990476 190 4172
63.991647 1198 4172
63.991660 1198 4172
63.991671 1198 4172
63.991683 1198 4172
63.991696 1198 4172
63.991708 302 4172
63.993050 1198 4172
63.993060 1198 4172
63.993073 1198 4172
63.993085 1198 4172
63.993100 1198 4172
63.993112 542 4172
63.994445 1198 4172
63.994461 1198 4172
63.994473 1198 4172
64.008205 1198 4172
64.008222 1038 4172
64.008223 1198 4172
64.008248 1198 4172
64.008249 1198 4172
64.008263 1054 4172
64.008279 1198 4172
64.008290 1198 4172
64.008302 1198 4172
64.008319 1198 4172
64.008331 1198 4172
64.008342 606 4172
64.026142 1198 4172
64.026168 1198 4172
64.026169 1198 4172
64.026171 1198 4172
64.026171 1198 4172
64.026190 1198 4172
64.026190 1198 4172
64.026205 638 4172
64.028221 1198 4172
64.028237 1198 4172
64.028237 1198 4172
64.028256 1198 4172
64.028257 1198 4172
64.028264 1198 4172
64.028276 1198 4172
64.028286 1198 4172
64.028300 1198 4172
64.028309 1198 4172
64.039520 1198 4172
64.039606 1198 4172
64.039607 110 4172
64.039608 1198 4172
64.039608 1198 4172
64.039609 1198 4172
64.041441 206 4172
64.041451 1198 4172
64.041483 1198 4172
64.055179 1198 4172
64.055181 1198 4172
64.055181 1198 4172
64.055197 1198 4172
64.055199 1198 4172
64.055218 1198 4172
64.055218 1198 4172
64.055227 174 4172
64.057804 1198 4172
64.057832 1198 4172
64.057852 1198 4172
64.057875 1198 4172
64.070715 1198 4172
64.070728 1198 4172
64.070741 1198 4172
64.070755 110 4172
64.070771 1198 4172
64.070792 1198 4172
64.070806 782 4172
64.071835 1198 4172
64.086482 1198 4172
64.086486 1198 4172
64.086487 1198 4172
64.086495 1198 4172
64.086496 1198 4172
64.086497 1198 4172
64.086516 1198 4172
64.086517 1198 4172
64.086526 1198 4172
64.086541 142 4172
64.087756 1198 4172
64.102021 1198 4172
64.102048 510 4172
64.102071 1198 4172
64.102089 1198 4172
64.102110 1198 4172
64.102126 1198 4172
64.102151 1198 4172
64.102170 1198 4172
64.102194 1006 4172
64.102207 1198 4172
64.117532 1198 4172
64.117631 1198 4172
64.117644 1198 4172
64.117656 1198 4172
64.117676 1198 4172
64.117687 1198 4172
64.117699 1198 4172
64.117711 798 4172
64.125478 1198 4172
64.125809 606 4172
64.125810 1198 4172
64.125822 1198 4172
64.125833 446 4172
64.126245 1198 4172
64.126258 1198 4172
64.126276 1198 4172
64.133319 990 4172
64.133332 110 4172
64.133345 1198 4172
64.133357 1198 4172
64.133369 878 4172
64.133380 1198 4172
64.148942 1198 4172
64.149040 1198 4172
64.149042 846 4172
64.149043 622 4172
64.155359 958 4172
64.180315 110 4172
64.216236 1038 4172
64.231136 110 4172
64.247275 622 4172
64.331252 110 4172
64.414799 526 4172
64.430525 1118 4172
64.431225 110 4172
64.446411 1198 4172
64.446412 1198 4172
64.446413 270 4172
64.448210 110 4172
64.461583 270 4172
64.477453 158 4172
64.493529 1198 4172
64.493553 1198 4172
64.493554 494 4172
64.510298 1198 4172
64.510301 1198 4172
64.510314 1198 4172
64.510331 398 4172
64.514146 238 4172
64.514216 462 4172
64.543111 302 4172
64.574450 270 4172
64.622450 510 4172
64.711559 110 4172
64.717303 286 4172
64.717503 1198 4172
64.717527 206 4172
64.992860 110 4172
