0.043264 110 4172
0.048472 958 4172
0.048556 190 4172
0.157783 1198 4172
0.157987 1198 4172
0.157989 718 4172
0.157990 1134 4172
0.308736 110 4172
0.447308 110 4172
0.547261 110 4172
0.574803 110 4172
0.628570 1198 4172
0.628592 1198 4172
0.628595 1198 4172
0.628620 1198 4172
0.628648 366 4172
0.629481 1198 4172
0.629499 1198 4172
0.629513 1198 4172
0.629529 1198 4172
0.629545 1198 4172
0.629559 1198 4172
0.629574 1198 4172
0.629587 1198 4172
0.629604 1198 4172
0.629618 1198 4172
0.629635 1198 4172
0.629646 1198 4172
0.629663 1198 4172
0.629677 1198 4172
0.629691 1198 4172
0.629706 1198 4172
0.629721 1198 4172
0.629735 1198 4172
0.629750 718 4172
0.630213 1198 4172
0.630230 1198 4172
0.630246 1198 4172
0.630261 1198 4172
0.630278 1198 4172
0.630292 1198 4172
0.630307 1198 4172
0.630322 1198 4172
0.630338 1198 4172
0.630352 1198 4172
0.630367 1198 4172
0.630383 1198 4172
0.630398 1198 4172
0.630411 1198 4172
0.630427 1054 4172
0.631952 1198 4172
0.631969 1198 4172
0.631985 1198 4172
0.631999 1198 4172
0.632017 1198 4172
0.632031 1198 4172
0.632045 1198 4172
0.632059 1198 4172
0.632075 1198 4172
0.632090 1198 4172
0.632104 1198 4172
0.632125 1198 4172
0.632137 1198 4172
0.632148 1198 4172
0.632163 1198 4172
0.632178 1022 4172
0.633003 1198 4172
0.633024 1198 4172
0.633040 1198 4172
0.633055 1198 4172
0.633072 1198 4172
0.633087 1198 4172
0.633101 1198 4172
0.633116 1198 4172
0.633132 1198 4172
0.633147 1198 4172
0.633160 1198 4172
0.633174 1198 4172
0.633191 1198 4172
0.633205 1198 4172
0.633218 1198 4172
0.633233 1198 4172
0.633249 478 4172
0.634224 1198 4172
0.634245 1198 4172
0.634261 1198 4172
0.634276 1198 4172
0.634293 1198 4172
0.634307 1198 4172
0.634322 1198 4172
0.634337 1198 4172
0.634352 1198 4172
0.634366 1198 4172
0.634380 1198 4172
0.634395 1198 4172
0.634411 1198 4172
0.634426 1198 4172
0.634440 1198 4172
0.634454 1198 4172
0.634470 1198 4172
0.634484 1198 4172
0.634498 1198 4172
0.634512 1198 4172
0.634528 1198 4172
0.634542 1198 4172
0.634556 1198 4172
0.634570 1198 4172
0.634586 1198 4172
0.634599 1198 4172
0.634613 1198 4172
0.634628 1198 4172
0.634644 782 4172
0.634882 1198 4172
0.634898 1198 4172
0.634912 1198 4172
0.634926 1198 4172
0.634942 1198 4172
0.634956 1198 4172
0.634970 1198 4172
0.634984 1198 4172
0.635001 270 4172
0.635760 1198 4172
0.635772 1198 4172
0.635786 1198 4172
0.635800 1198 4172
0.635816 1198 4172
0.635830 1198 4172
0.635845 1198 4172
0.635858 1198 4172
0.635874 1198 4172
0.635889 1198 4172
0.635902 1198 4172
0.635916 238 4172
0.635933 158 4172
0.635946 158 4172
0.636037 158 4172
0.636192 158 4172
0.636249 158 4172
0.636565 1198 4172
0.636581 574 4172
0.674467 1198 4172
0.674487 1198 4172
0.674489 654 4172
0.675274 1198 4172
0.675285 1198 4172
0.675300 1198 4172
0.675316 1198 4172
0.675332 1198 4172
0.675347 1198 4172
0.675362 1198 4172
0.675377 1198 4172
0.675401 1198 4172
0.675415 1198 4172
0.675430 1198 4172
0.675445 1198 4172
0.675461 1198 4172
0.675475 1198 4172
0.675489 1198 4172
0.675504 526 4172
0.675950 1198 4172
0.675963 1198 4172
0.675977 1198 4172
0.675992 1198 4172
0.676010 1198 4172
0.676023 1198 4172
0.676038 1198 4172
0.676052 1198 4172
0.676069 1198 4172
0.676083 1198 4172
0.676098 1198 4172
0.676126 1198 4172
0.676127 1198 4172
0.676146 1198 4172
0.676158 318 4172
0.676617 1198 4172
0.676628 1198 4172
0.676644 1198 4172
0.676657 1198 4172
0.676675 1198 4172
0.676688 1198 4172
0.676703 1198 4172
0.676717 1198 4172
0.676733 1198 4172
0.676748 1198 4172
0.676762 1198 4172
0.676777 1198 4172
0.676794 1198 4172
0.676809 1198 4172
0.676824 926 4172
0.677520 1198 4172
0.677531 1198 4172
0.677546 1198 4172
0.677560 1198 4172
0.677577 1198 4172
0.677591 1198 4172
0.677606 1198 4172
0.677620 1198 4172
0.677638 1198 4172
0.677653 1198 4172
0.677666 1198 4172
0.677681 1198 4172
0.677697 1198 4172
0.677711 1198 4172
0.677725 1198 4172
0.677740 1198 4172
0.677757 174 4172
0.678705 1198 4172
0.678715 1198 4172
0.678729 1198 4172
0.678743 1198 4172
0.678760 1198 4172
0.678774 1198 4172
0.678789 1198 4172
0.678802 1198 4172
0.678819 1198 4172
0.678833 1198 4172
0.678847 1198 4172
0.678861 1198 4172
0.678878 1198 4172
0.678892 1198 4172
0.678906 1198 4172
0.678920 1198 4172
0.678939 1198 4172
0.678951 1198 4172
0.678965 1198 4172
0.678979 1198 4172
0.678996 1198 4172
0.679010 1198 4172
0.679025 1198 4172
0.679039 1198 4172
0.679056 1198 4172
0.679071 1198 4172
0.679085 1198 4172
0.679101 1054 4172
0.679269 1198 4172
0.679282 1198 4172
0.679298 1198 4172
0.679311 1198 4172
0.679329 1198 4172
0.679343 1198 4172
0.679360 1198 4172
0.679374 1198 4172
0.679389 238 4172
0.680039 1198 4172
0.680051 1198 4172
0.680066 1198 4172
0.680081 1198 4172
0.680098 1198 4172
0.680122 1198 4172
0.680127 1198 4172
0.680141 1198 4172
0.680159 302 4172
0.680173 142 4172
0.680274 542 4172
0.735569 1198 4172
0.735579 814 4172
0.736370 1198 4172
0.736389 1198 4172
0.736405 1198 4172
0.736423 1198 4172
0.736440 1198 4172
0.736454 1198 4172
0.736468 1198 4172
0.736482 1198 4172
0.736500 1198 4172
0.736514 1198 4172
0.736529 1198 4172
0.736542 1198 4172
0.736560 430 4172
0.737021 1198 4172
0.737032 1198 4172
0.737047 1198 4172
0.737065 1198 4172
0.737078 1198 4172
0.737092 1198 4172
0.737107 1198 4172
0.737122 1198 4172
0.737139 1198 4172
0.737152 1198 4172
0.737167 1198 4172
0.737181 1198 4172
0.737199 974 4172
0.737692 1198 4172
0.737703 1198 4172
0.737718 1198 4172
0.737732 1198 4172
0.737749 1198 4172
0.737764 1198 4172
0.737778 1198 4172
0.737793 1198 4172
0.737809 1198 4172
0.737824 1198 4172
0.737838 1198 4172
0.737853 1118 4172
0.738578 1198 4172
0.738589 1198 4172
0.738602 1198 4172
0.738617 1198 4172
0.738633 1198 4172
0.738647 1198 4172
0.738662 1198 4172
0.738676 1198 4172
0.738693 1198 4172
0.738707 1198 4172
0.738720 1198 4172
0.738734 1198 4172
0.738750 1198 4172
0.738765 1086 4172
0.739770 1198 4172
0.739779 1198 4172
0.739795 1198 4172
0.739809 1198 4172
0.739826 1198 4172
0.739841 1198 4172
0.739855 1198 4172
0.739869 1198 4172
0.739886 1198 4172
0.739900 1198 4172
0.739914 1198 4172
0.739928 1198 4172
0.739944 1198 4172
0.739959 1198 4172
0.739973 1198 4172
0.739987 1198 4172
0.740003 1198 4172
0.740018 1198 4172
0.740032 1198 4172
0.740046 1198 4172
0.740062 1198 4172
0.740077 1198 4172
0.740092 1166 4172
0.740322 1198 4172
0.740334 1198 4172
0.740349 1198 4172
0.740364 1198 4172
0.740379 1198 4172
0.740394 1198 4172
0.740408 1198 4172
0.740424 158 4172
0.740967 1198 4172
0.740977 1198 4172
0.740991 1198 4172
0.741006 1198 4172
0.741031 1198 4172
0.741045 1198 4172
0.741059 1038 4172
0.783271 1198 4172
0.784043 1198 4172
0.784053 1198 4172
0.784060 1198 4172
0.784070 1198 4172
0.784081 1198 4172
0.784091 1198 4172
0.784100 1198 4172
0.784118 1198 4172
0.784130 1198 4172
0.784131 1198 4172
0.784142 126 4172
0.784739 1198 4172
0.784748 1198 4172
0.784758 1198 4172
0.784768 1198 4172
0.784780 1198 4172
0.784790 1198 4172
0.784799 1198 4172
0.784809 1198 4172
0.784820 1198 4172
0.784831 1134 4172
0.785482 1198 4172
0.785491 1198 4172
0.785500 1198 4172
0.785510 1198 4172
0.785521 1198 4172
0.785531 1198 4172
0.785541 1198 4172
0.785551 1198 4172
0.785562 958 4172
0.786387 1198 4172
0.786395 1198 4172
0.786405 1198 4172
0.786416 1198 4172
0.786434 1198 4172
0.786444 1198 4172
0.786453 1198 4172
0.786463 1198 4172
0.786474 1198 4172
0.786484 1198 4172
0.786494 1198 4172
0.786503 414 4172
0.787604 1198 4172
0.787611 1198 4172
0.787621 1198 4172
0.787631 1198 4172
0.787642 1198 4172
0.787651 1198 4172
0.787660 1198 4172
0.787669 1198 4172
0.787680 1198 4172
0.787690 1198 4172
0.787700 1198 4172
0.787709 1198 4172
0.787723 1198 4172
0.787733 1198 4172
0.787742 1198 4172
0.787752 1198 4172
0.787768 1198 4172
0.787779 894 4172
0.788245 1198 4172
0.788253 1198 4172
0.788263 1198 4172
0.788273 1198 4172
0.788284 1198 4172
0.788293 1198 4172
0.788303 542 4172
0.788857 1198 4172
0.788866 1198 4172
0.788876 1198 4172
0.788894 1198 4172
0.788908 1198 4172
0.788918 1086 4172
0.815220 158 4172
0.815447 174 4172
0.815709 174 4172
0.815848 190 4172
0.816024 190 4172
0.816590 1198 4172
0.816605 1198 4172
0.816620 1198 4172
0.816634 1198 4172
0.816651 190 4172
0.816967 1006 4172
0.817207 734 4172
0.839996 110 4172
