0.098345 1198 4172
0.098434 1198 4172
0.098463 126 4172
0.098500 1198 4172
0.098540 1198 4172
0.098573 334 4172
0.221394 110 4172
0.425310 110 4172
0.506438 110 4172
0.547199 110 4172
0.597423 1198 4172
0.597443 1198 4172
0.597467 526 4172
0.597492 1166 4172
0.598285 1198 4172
0.598315 558 4172
0.598341 1102 4172
0.598365 974 4172
0.598389 142 4172
0.599250 1198 4172
0.599295 254 4172
0.599324 1198 4172
0.599356 1198 4172
0.599386 1102 4172
0.599420 158 4172
0.601330 158 4172
0.625966 1198 4172
0.629224 414 4172
0.629254 974 4172
0.661155 1198 4172
0.661205 1198 4172
0.661233 1198 4172
0.661257 766 4172
0.661291 1198 4172
0.662293 1198 4172
0.662328 1198 4172
0.662353 1198 4172
0.662389 1198 4172
0.662425 1198 4172
0.662453 1198 4172
0.662482 1198 4172
0.662510 1198 4172
0.662537 1198 4172
0.662564 1198 4172
0.662592 1198 4172
0.669465 1198 4172
0.669508 1198 4172
0.669535 1198 4172
0.669577 1198 4172
0.669610 1198 4172
0.669641 1198 4172
0.669669 1198 4172
0.669696 1198 4172
0.669725 1198 4172
0.669757 1198 4172
0.669788 1198 4172
0.669815 1198 4172
0.669842 1198 4172
0.669870 1198 4172
0.669897 782 4172
0.670203 1198 4172
0.670234 1198 4172
0.670261 1198 4172
0.670288 1198 4172
0.670314 1198 4172
0.670341 1198 4172
0.670368 1198 4172
0.670395 1198 4172
0.670423 1198 4172
0.670450 1198 4172
0.670477 1198 4172
0.670503 1198 4172
0.670533 1198 4172
0.670560 1198 4172
0.670586 526 4172
0.676375 1198 4172
0.677317 1198 4172
0.677350 1198 4172
0.677383 1198 4172
0.677412 1198 4172
0.677439 1198 4172
0.677467 1198 4172
0.677495 1198 4172
0.677522 1198 4172
0.677552 1198 4172
0.677579 1198 4172
0.677607 670 4172
0.683482 1198 4172
0.683522 1198 4172
0.683546 1198 4172
0.683575 1198 4172
0.683596 1198 4172
0.683622 1198 4172
0.683651 1198 4172
0.689466 1198 4172
0.689504 1198 4172
0.689534 1198 4172
0.689567 1198 4172
0.689595 1198 4172
0.689622 1198 4172
0.689648 1198 4172
0.695292 1198 4172
0.695333 1198 4172
0.695371 1198 4172
0.695400 1102 4172
0.695428 1198 4172
0.701398 1198 4172
0.701424 1198 4172
0.701447 1198 4172
0.701476 1198 4172
0.701498 1198 4172
0.707398 366 4172
0.707434 1198 4172
0.707464 1198 4172
0.707492 1198 4172
0.707520 1198 4172
0.707553 1198 4172
0.711241 1198 4172
0.711270 1198 4172
0.711303 654 4172
0.711332 478 4172
0.711373 1198 4172
0.711409 254 4172
0.711435 1198 4172
0.719322 1198 4172
0.719374 1070 4172
0.719410 1198 4172
0.719444 1198 4172
0.719477 1198 4172
0.725442 1198 4172
0.725481 1198 4172
0.725510 1198 4172
0.725538 1198 4172
0.725567 1198 4172
0.731318 1198 4172
0.731355 558 4172
0.731387 1198 4172
0.731421 1198 4172
0.731449 1198 4172
0.731477 1198 4172
0.737209 1198 4172
0.737237 1198 4172
0.737266 1198 4172
0.737297 1198 4172
0.737325 1198 4172
0.743225 1198 4172
0.743253 110 4172
0.743287 1198 4172
0.743319 1198 4172
0.743348 414 4172
0.743376 1198 4172
0.749381 1198 4172
0.749415 1198 4172
0.749448 1198 4172
0.749476 1198 4172
0.749503 1198 4172
0.752404 1198 4172
0.752436 1198 4172
0.752467 1198 4172
0.752493 1198 4172
0.761937 1198 4172
0.761993 1198 4172
0.762023 1198 4172
0.762045 1198 4172
0.762073 1198 4172
0.767251 1198 4172
0.767294 1198 4172
0.767328 1198 4172
0.767362 1070 4172
0.767400 1198 4172
0.767434 1198 4172
0.773336 1198 4172
0.773377 1198 4172
0.773413 1198 4172
0.773446 1198 4172
0.773478 1198 4172
0.779384 1198 4172
0.779432 1198 4172
0.779469 1198 4172
0.779508 1198 4172
0.785347 686 4172
0.785384 1198 4172
0.785414 814 4172
0.785444 1198 4172
0.785474 1198 4172
0.785513 1198 4172
0.791364 1198 4172
0.791397 1198 4172
0.791428 318 4172
0.791470 1198 4172
0.791505 1198 4172
0.793193 1198 4172
0.793257 1198 4172
0.793292 814 4172
0.793328 718 4172
0.793367 942 4172
0.793430 1198 4172
0.803399 1198 4172
0.803457 1198 4172
0.803491 1198 4172
0.803517 1198 4172
0.803554 1198 4172
0.809363 638 4172
0.809406 1198 4172
0.809445 1198 4172
0.809479 1198 4172
0.809517 1198 4172
0.809553 1198 4172
0.815325 1198 4172
0.815363 542 4172
0.815401 1198 4172
0.815440 1198 4172
0.815475 1198 4172
0.821381 158 4172
0.822261 958 4172
0.822298 1198 4172
0.822325 382 4172
0.822361 1198 4172
0.822398 1198 4172
0.822430 1198 4172
0.822472 174 4172
0.827296 1198 4172
0.827340 1198 4172
0.827378 1198 4172
0.827415 1198 4172
0.827451 718 4172
0.827488 158 4172
0.834336 1198 4172
0.834395 142 4172
0.834427 702 4172
1.039392 110 4172
1.244319 190 4172
1.285415 110 4172
1.449212 110 4172
1.531234 110 4172
1.572380 110 4172
1.817304 110 4172
1.827208 142 4172
1.858300 190 4172
2.060293 142 4172
2.062326 190 4172
2.103232 110 4172
2.349276 110 4172
2.431177 110 4172
2.513167 110 4172
2.635239 110 4172
2.880296 110 4172
3.166260 110 4172
3.412204 110 4172
3.453363 110 4172
3.494310 142 4172
3.535236 110 4172
3.617212 110 4172
3.699360 142 4172
3.699397 110 4172
4.067331 142 4172
4.067360 142 4172
4.271306 142 4172
4.271375 142 4172
4.435168 110 4172
4.517275 110 4172
4.926241 142 4172
4.926329 142 4172
5.131184 142 4172
5.131223 142 4172
5.418253 110 4172
5.541386 110 4172
5.893124 142 4172
5.910240 142 4172
6.093172 142 4172
6.115182 142 4172
6.360282 110 4172
6.442285 110 4172
6.524155 110 4172
6.933117 142 4172
6.933146 142 4172
7.137210 142 4172
7.137298 142 4172
7.423143 110 4172
7.546313 110 4172
7.956152 142 4172
7.956184 142 4172
8.365228 142 4172
8.419205 110 4172
8.447035 142 4172
8.447073 142 4172
8.526939 110 4172
8.529059 142 4172
8.610163 142 4172
8.651164 110 4172
8.733156 110 4172
8.774298 142 4172
9.020042 110 4172
9.347135 142 4172
9.347183 142 4172
9.429122 110 4172
9.552162 110 4172
9.593052 142 4172
9.593103 142 4172
9.961077 142 4172
9.961139 142 4172
10.166162 142 4172
10.166216 142 4172
10.533170 110 4172
10.574243 142 4172
10.574521 142 4172
10.779054 142 4172
10.779115 142 4172
11.229010 142 4172
11.229063 142 4172
11.413153 142 4172
11.413209 142 4172
11.433160 110 4172
11.515298 110 4172
11.637180 110 4172
11.678107 110 4172
11.993028 142 4172
12.005069 142 4172
12.209137 142 4172
12.209190 142 4172
12.454029 110 4172
12.534991 110 4172
12.862068 142 4172
13.026049 142 4172
13.426670 110 4172
13.436102 142 4172
13.436160 142 4172
13.518010 110 4172
13.626730 110 4172
13.641069 142 4172
13.641123 142 4172
14.050132 142 4172
14.050206 142 4172
14.254998 142 4172
14.255063 142 4172
14.337007 110 4172
14.418989 110 4172
14.542099 110 4172
14.828051 142 4172
14.828104 142 4172
15.033013 142 4172
15.033061 142 4172
15.426625 110 4172
15.441863 142 4172
15.441919 142 4172
15.523948 110 4172
15.647066 110 4172
15.687936 142 4172
15.688016 142 4172
16.096994 142 4172
16.097106 142 4172
16.260931 142 4172
16.260988 142 4172
16.424859 110 4172
16.546985 110 4172
16.874923 142 4172
16.874974 142 4172
16.997079 110 4172
17.078907 142 4172
17.078957 142 4172
17.446000 110 4172
17.513257 142 4172
17.527995 110 4172
17.732001 142 4172
18.098850 142 4172
18.098889 142 4172
18.304030 142 4172
18.304081 142 4172
18.426811 110 4172
18.549022 110 4172
18.917849 142 4172
18.917893 142 4172
19.122905 142 4172
19.204930 142 4172
19.327846 142 4172
19.450902 110 4172
19.533037 142 4172
19.696876 110 4172
19.737853 142 4172
19.942831 142 4172
20.351943 142 4172
20.351997 142 4172
20.433840 110 4172
20.515830 110 4172
20.556806 142 4172
20.556848 142 4172
20.572907 60 60000
20.727018 126 4172
20.758081 158 4172
20.758115 158 4172
20.758153 158 4172
20.758190 158 4172
20.758239 158 4172
20.758309 158 4172
20.758345 158 4172
20.758378 158 4172
20.773069 126 4172
20.801059 1198 4172
20.801101 1198 4172
20.801140 1198 4172
20.801176 1198 4172
20.801230 1198 4172
20.801278 1198 4172
20.801310 1198 4172
20.801341 1198 4172
20.801379 1198 4172
20.801448 1198 4172
20.801483 366 4172
20.803917 1198 4172
20.803960 1198 4172
20.804001 1198 4172
20.804034 1198 4172
20.804070 1198 4172
20.804105 1198 4172
20.804139 1198 4172
20.804174 1198 4172
20.804209 1198 4172
20.804246 110 4172
20.806867 1198 4172
20.806904 1198 4172
20.806943 1198 4172
20.806978 1198 4172
20.807013 1198 4172
20.807047 1198 4172
20.807083 1198 4172
20.807116 1198 4172
20.807153 1198 4172
20.807188 1198 4172
20.807224 638 4172
20.814963 1198 4172
20.814993 1198 4172
20.815032 1198 4172
20.815067 1198 4172
20.815103 1198 4172
20.815137 1198 4172
20.815170 1198 4172
20.815204 1198 4172
20.815238 1198 4172
20.815271 1198 4172
20.815305 1198 4172
20.815338 1022 4172
20.820928 1198 4172
20.820960 1198 4172
20.820991 1198 4172
20.821025 1198 4172
20.821053 1198 4172
20.821086 1198 4172
20.821114 1198 4172
20.821146 1198 4172
20.821174 1198 4172
20.821207 1198 4172
20.821236 1198 4172
20.821268 1198 4172
20.821294 654 4172
20.821328 1198 4172
20.821354 1198 4172
20.821387 1198 4172
20.829403 1198 4172
20.829437 1198 4172
20.829476 1198 4172
20.829509 1198 4172
20.829544 1198 4172
20.829578 1198 4172
20.829611 1006 4172
20.832970 1198 4172
20.833004 1198 4172
20.833041 1198 4172
20.833076 1198 4172
20.838972 1198 4172
20.839029 1198 4172
20.839068 1198 4172
20.839123 1198 4172
20.839157 974 4172
20.844889 1198 4172
20.844913 1198 4172
20.844944 1198 4172
20.844971 1198 4172
20.845016 1198 4172
20.850927 1198 4172
20.850961 1198 4172
20.851004 1198 4172
20.851038 1198 4172
20.851072 846 4172
20.871972 1198 4172
20.872109 1198 4172
20.872231 1198 4172
20.872275 1198 4172
20.872311 1198 4172
20.886127 1198 4172
20.886385 1198 4172
20.886443 1198 4172
20.886498 1198 4172
20.886551 1198 4172
20.886594 446 4172
20.886621 1198 4172
20.886659 1198 4172
20.886768 1198 4172
20.886817 1198 4172
20.886851 1198 4172
20.886881 1198 4172
20.886915 1198 4172
20.887451 1198 4172
20.888409 1198 4172
20.888522 1198 4172
20.888636 1198 4172
20.888775 686 4172
20.888891 1198 4172
20.903701 1198 4172
20.903901 1198 4172
20.904240 1198 4172
20.904338 1198 4172
20.904379 1198 4172
20.904416 1198 4172
20.904546 1198 4172
20.904908 1198 4172
20.904946 1198 4172
20.904979 1198 4172
20.905018 398 4172
20.905053 1198 4172
20.914266 1198 4172
20.914310 1198 4172
20.914347 1198 4172
20.914397 1198 4172
20.916865 1198 4172
20.916890 1198 4172
20.916922 1198 4172
20.916952 1166 4172
20.916985 1198 4172
20.917012 1198 4172
20.917039 1198 4172
20.917066 1198 4172
20.917098 1198 4172
20.917126 1198 4172
20.917154 1198 4172
20.927736 1198 4172
20.927814 1198 4172
20.927852 526 4172
20.927890 1198 4172
20.930164 1198 4172
20.930224 1198 4172
20.934971 1198 4172
20.935008 1198 4172
20.935048 1198 4172
20.935078 1198 4172
20.935113 1198 4172
20.935170 430 4172
20.935211 1198 4172
20.935244 1198 4172
20.935271 1198 4172
20.949356 1198 4172
20.949387 1198 4172
20.949427 1198 4172
20.949461 1198 4172
20.949495 1198 4172
20.950855 1198 4172
20.950894 334 4172
20.950932 1198 4172
20.950967 1198 4172
20.951002 1198 4172
20.951036 1198 4172
20.951070 1198 4172
20.957029 1070 4172
20.957063 1198 4172
20.957100 1198 4172
20.957135 1198 4172
20.957171 654 4172
20.957206 1198 4172
20.962868 1198 4172
20.962903 206 4172
20.962942 1198 4172
20.962977 1198 4172
20.964287 1198 4172
20.964326 1198 4172
20.964363 1198 4172
20.974942 1198 4172
20.974974 270 4172
20.975011 1198 4172
20.980933 1198 4172
20.980965 1198 4172
20.981001 718 4172
20.981056 1198 4172
20.981092 1198 4172
20.988635 1198 4172
20.988651 1198 4172
20.988682 1198 4172
20.989250 350 4172
20.989291 1198 4172
20.993869 1198 4172
20.993890 1198 4172
20.993918 1198 4172
21.001088 1198 4172
21.001124 686 4172
21.001159 1198 4172
21.001185 1198 4172
21.001217 1198 4172
21.001259 1198 4172
21.006432 1198 4172
21.006466 1198 4172
21.006500 1198 4172
21.008950 1198 4172
21.009026 110 4172
21.009063 1198 4172
21.009097 1198 4172
21.009125 1198 4172
21.009156 718 4172
21.018711 1198 4172
21.018756 670 4172
21.018792 1198 4172
21.018826 1198 4172
21.018855 1198 4172
21.018903 1198 4172
21.023865 1198 4172
21.029842 782 4172
21.029875 1198 4172
21.029902 1198 4172
21.035871 1198 4172
21.043606 1198 4172
21.044181 414 4172
21.044240 1198 4172
21.044288 1198 4172
21.048083 1198 4172
21.049763 1198 4172
21.049796 1198 4172
21.059889 126 4172
21.059900 1198 4172
21.059995 1198 4172
21.066346 1198 4172
21.066390 1198 4172
21.067357 718 4172
21.075082 1198 4172
21.076821 1198 4172
21.078506 1054 4172
21.079065 1198 4172
21.079858 1198 4172
21.081224 142 4172
21.083913 1198 4172
21.089869 1198 4172
21.089930 1198 4172
21.091380 1198 4172
21.091406 334 4172
21.091434 638 4172
21.101989 254 4172
21.102018 190 4172
21.102051 190 4172
21.102080 190 4172
21.102108 190 4172
21.102136 190 4172
21.102164 190 4172
21.102191 190 4172
21.102217 190 4172
21.102244 190 4172
21.102270 190 4172
21.102298 190 4172
21.107981 190 4172
21.108022 190 4172
21.108055 1198 4172
21.113987 878 4172
21.114019 846 4172
21.114050 334 4172
21.123545 590 4172
21.131068 190 4172
21.131108 1198 4172
21.131895 1198 4172
21.169663 1198 4172
21.169750 190 4172
21.173068 190 4172
21.175009 222 4172
21.175039 190 4172
21.183789 190 4172
21.183813 190 4172
21.185225 190 4172
21.185255 190 4172
21.185287 190 4172
21.185309 190 4172
21.185337 190 4172
21.185360 190 4172
21.185388 190 4172
21.185415 190 4172
21.185442 190 4172
21.185469 190 4172
21.185492 190 4172
21.185520 1198 4172
21.185553 1198 4172
21.185577 1198 4172
21.185604 238 4172
21.201571 462 4172
21.201866 190 4172
21.201889 190 4172
21.201919 190 4172
21.201946 190 4172
21.201974 190 4172
21.202001 190 4172
21.202029 190 4172
21.202059 190 4172
21.202085 190 4172
21.202112 190 4172
21.212154 190 4172
21.213812 222 4172
21.213867 190 4172
21.213900 190 4172
21.213937 190 4172
21.213976 1198 4172
21.214014 1198 4172
21.214050 1198 4172
21.214086 382 4172
21.234055 254 4172
21.234080 190 4172
21.234113 190 4172
21.234148 190 4172
21.234171 190 4172
21.234199 190 4172
21.234227 190 4172
21.234253 190 4172
21.234281 190 4172
21.234308 190 4172
21.235497 190 4172
21.235738 190 4172
21.236891 190 4172
21.254891 1198 4172
21.254972 1198 4172
21.254999 1198 4172
21.255033 974 4172
21.255062 190 4172
21.266932 190 4172
21.266964 254 4172
21.266997 190 4172
21.267043 190 4172
21.267072 190 4172
21.267982 190 4172
21.277743 110 4172
21.277838 110 4172
21.296440 110 4172
21.296503 190 4172
21.296532 190 4172
21.296557 190 4172
21.296633 190 4172
21.296659 190 4172
21.296687 190 4172
21.296712 190 4172
21.296735 190 4172
21.296760 190 4172
21.296785 190 4172
21.296810 1198 4172
21.296842 1198 4172
21.296869 1198 4172
21.296914 1198 4172
21.296938 238 4172
21.296975 254 4172
21.297956 190 4172
21.298003 190 4172
21.299141 190 4172
21.299172 190 4172
21.299811 190 4172
21.301043 190 4172
21.301073 190 4172
21.302204 190 4172
21.302236 190 4172
21.303020 190 4172
21.305947 190 4172
21.306020 190 4172
21.312607 60 60000
21.331403 190 4172
21.331430 190 4172
21.331504 1198 4172
21.331522 1198 4172
21.331551 1198 4172
21.331580 606 4172
21.331954 174 4172
21.331988 174 4172
21.332016 174 4172
21.332044 174 4172
21.332073 174 4172
21.332100 174 4172
21.332127 174 4172
21.332156 174 4172
21.332183 174 4172
21.335589 174 4172
21.335628 174 4172
21.336334 174 4172
21.336364 174 4172
21.336392 174 4172
21.336422 1198 4172
21.342341 1198 4172
21.342388 1198 4172
21.342419 1198 4172
21.342448 1198 4172
21.342479 606 4172
21.355482 174 4172
21.405805 1198 4172
21.405840 1198 4172
21.405873 1198 4172
21.405904 1198 4172
21.405933 1198 4172
21.405965 638 4172
21.405991 1198 4172
21.406019 1198 4172
21.406047 1198 4172
21.406076 1198 4172
21.406104 1198 4172
21.406132 894 4172
21.406160 1198 4172
21.406189 1198 4172
21.406217 974 4172
21.406244 126 4172
21.410866 174 4172
21.410904 174 4172
21.410934 174 4172
21.410958 174 4172
21.410984 174 4172
21.411011 174 4172
21.411041 174 4172
21.411069 1198 4172
21.411100 1198 4172
21.411124 542 4172
21.411151 1198 4172
21.411177 1198 4172
21.411205 1198 4172
21.411230 686 4172
21.411255 1198 4172
21.411287 894 4172
21.411312 174 4172
21.411339 174 4172
21.411364 174 4172
21.411389 174 4172
21.411414 174 4172
21.411441 1198 4172
21.411470 1198 4172
21.411495 1198 4172
21.411520 1198 4172
21.411547 654 4172
21.411578 1198 4172
21.411604 1198 4172
21.411629 1198 4172
21.411654 1198 4172
21.411682 1198 4172
21.411758 1198 4172
21.411791 1198 4172
21.411835 1198 4172
21.413122 862 4172
21.416887 110 4172
21.416933 1198 4172
21.461322 1198 4172
21.461359 654 4172
21.520730 110 4172
21.563677 110 4172
21.563728 110 4172
21.563795 110 4172
21.590566 1198 4172
21.590811 1198 4172
21.591047 1198 4172
21.591076 1198 4172
21.591102 126 4172
21.593749 1198 4172
21.613186 1198 4172
21.613259 1198 4172
21.613289 1150 4172
21.626186 110 4172
21.631816 1198 4172
21.631822 1198 4172
21.631837 158 4172
21.717554 1198 4172
21.717667 1198 4172
21.717774 366 4172
21.717833 302 4172
21.717901 238 4172
21.758142 1198 4172
21.758207 1198 4172
21.758233 446 4172
21.758767 1198 4172
21.758801 174 4172
21.799849 1198 4172
21.799864 510 4172
21.840882 110 4172
21.840923 110 4172
21.840961 110 4172
22.086983 110 4172
22.087064 110 4172
22.087096 110 4172
22.373815 110 4172
22.414800 110 4172
22.537920 110 4172
22.619886 110 4172
22.865929 110 4172
23.152902 110 4172
23.413061 110 4172
23.438846 110 4172
23.520882 110 4172
23.684772 110 4172
23.929746 110 4172
24.216903 110 4172
24.421741 110 4172
24.504015 110 4172
24.544823 110 4172
25.446869 110 4172
25.528819 110 4172
26.429845 110 4172
26.552061 110 4172
27.163797 110 4172
27.450780 110 4172
27.532771 110 4172
28.434736 110 4172
28.516717 110 4172
29.415713 110 4172
29.537858 110 4172
29.824727 110 4172
30.519699 110 4172
31.418690 110 4172
31.541705 110 4172
32.443712 110 4172
32.484640 110 4172
32.525718 110 4172
33.426625 110 4172
33.549629 110 4172
34.451631 110 4172
34.533652 110 4172
35.148605 110 4172
35.435654 110 4172
35.517624 110 4172
35.599593 414 4172
35.599645 318 4172
36.418524 110 4172
36.541634 110 4172
37.442618 110 4172
37.524550 110 4172
37.811506 110 4172
38.426570 110 4172
38.549564 110 4172
39.450427 110 4172
39.532452 110 4172
40.433564 110 4172
40.474512 110 4172
40.515504 110 4172
41.421353 110 4172
41.503492 1198 4172
41.503495 1198 4172
41.503519 1198 4172
41.503551 1198 4172
41.503583 1198 4172
41.503618 1198 4172
41.503648 1198 4172
41.503685 1198 4172
41.503716 1198 4172
41.503746 1198 4172
41.503777 1198 4172
41.503807 1198 4172
41.515833 1198 4172
41.515870 1198 4172
41.515897 1198 4172
41.515921 1198 4172
41.515945 1198 4172
41.515969 1198 4172
41.515991 1198 4172
41.516016 1198 4172
41.516048 1198 4172
41.523983 1198 4172
41.524019 414 4172
41.524043 110 4172
41.524066 1198 4172
41.524088 1198 4172
41.524111 1198 4172
41.524134 1198 4172
41.524156 1198 4172
41.527596 1198 4172
41.527627 1198 4172
41.533515 1198 4172
41.533548 1198 4172
41.533577 1198 4172
41.539382 1198 4172
41.539428 814 4172
41.544315 1198 4172
41.544355 1198 4172
41.551525 1198 4172
41.551559 1198 4172
41.551590 1198 4172
41.557480 1198 4172
41.557518 1198 4172
41.563497 1198 4172
41.563529 1198 4172
41.569366 1198 4172
41.569404 862 4172
41.570415 60 60000
41.575548 1198 4172
41.575593 1198 4172
41.581405 1198 4172
41.581439 1198 4172
41.585347 1198 4172
41.585382 1198 4172
41.593435 1198 4172
41.593465 1198 4172
41.599549 1198 4172
41.599594 1198 4172
41.605387 894 4172
41.605422 1198 4172
41.605467 1198 4172
41.611511 1198 4172
41.611564 1198 4172
41.617385 1198 4172
41.617426 1198 4172
41.623524 1198 4172
41.626389 1198 4172
41.626428 1198 4172
41.635508 1198 4172
41.641376 910 4172
41.641415 1198 4172
41.647452 1198 4172
41.647484 1198 4172
41.653536 1198 4172
41.659412 1198 4172
41.665413 1198 4172
41.665449 1198 4172
41.667384 1198 4172
41.677403 1198 4172
41.677489 206 4172
41.677491 1198 4172
41.683379 1198 4172
41.689457 1198 4172
41.695455 1198 4172
41.701411 1198 4172
41.701441 1198 4172
41.707418 1198 4172
41.708283 1198 4172
41.708314 1198 4172
41.719601 846 4172
41.725508 1198 4172
41.725546 1198 4172
41.731378 1198 4172
41.737435 1198 4172
41.737465 1198 4172
41.743475 1198 4172
41.749454 1198 4172
41.749491 1198 4172
41.755488 1198 4172
41.761385 1198 4172
41.761422 1198 4172
41.767662 1198 4172
41.773375 1198 4172
41.773410 110 4172
41.773438 270 4172
41.773485 1198 4172
41.779425 1198 4172
41.785409 1198 4172
41.785435 1198 4172
41.790329 1198 4172
41.797454 1198 4172
41.797484 1198 4172
41.803456 1198 4172
41.809416 1198 4172
41.816466 1198 4172
41.821405 1198 4172
41.821451 910 4172
41.827400 1198 4172
41.831392 1198 4172
41.831427 1198 4172
41.839437 1198 4172
41.845435 1198 4172
41.845477 1198 4172
41.851441 1198 4172
41.857385 1198 4172
41.857412 1198 4172
41.863476 1198 4172
41.872711 1198 4172
41.872736 1198 4172
41.875151 382 4172
41.875179 1198 4172
41.883156 1198 4172
41.883197 1198 4172
41.888195 1198 4172
41.893393 1198 4172
41.893424 1198 4172
41.899391 1198 4172
41.905394 1198 4172
41.911583 1198 4172
41.923962 1198 4172
41.924002 1198 4172
41.929765 1198 4172
41.929789 126 4172
41.929822 1198 4172
41.935400 1198 4172
41.941405 974 4172
41.941429 1198 4172
41.949340 478 4172
41.949375 1198 4172
41.955894 1198 4172
41.955930 1198 4172
41.969649 1198 4172
41.971401 1198 4172
41.971442 1198 4172
41.971482 1198 4172
41.972415 1198 4172
41.972464 1198 4172
41.983520 766 4172
41.995207 1198 4172
41.995245 1198 4172
41.995474 1198 4172
42.001669 1198 4172
42.001698 1198 4172
42.009508 1198 4172
42.009574 1198 4172
42.013515 1198 4172
42.019387 1198 4172
42.031569 926 4172
42.031948 1198 4172
42.037628 1198 4172
42.037659 1198 4172
42.037698 1198 4172
42.043427 1198 4172
42.043463 1198 4172
42.052335 110 4172
42.052377 654 4172
42.052396 830 4172
42.055472 1198 4172
42.062826 1198 4172
42.062897 1198 4172
42.069238 1198 4172
42.069310 1198 4172
42.071541 1198 4172
42.080865 910 4172
42.081014 1198 4172
42.086859 1198 4172
42.093686 1198 4172
42.093717 1198 4172
42.101434 1198 4172
42.101459 1198 4172
42.105990 174 4172
42.106022 1198 4172
42.116073 1198 4172
42.116124 1198 4172
42.117445 1198 4172
42.123786 1198 4172
42.127199 1198 4172
42.134961 894 4172
42.142408 1198 4172
42.143289 1198 4172
42.149678 1198 4172
42.149726 1198 4172
42.149756 1198 4172
42.153416 1198 4172
42.160056 1198 4172
42.160091 718 4172
42.160804 1198 4172
42.160849 1198 4172
42.173061 1198 4172
42.177425 1198 4172
42.177469 1198 4172
42.183439 1198 4172
42.189572 1198 4172
42.189610 1198 4172
42.195391 1198 4172
42.201523 1198 4172
42.208384 1198 4172
42.208407 1198 4172
42.210651 1198 4172
42.224899 1198 4172
42.225204 1198 4172
42.225361 1086 4172
42.232024 510 4172
42.232101 1198 4172
42.232123 1198 4172
42.238304 1198 4172
42.238480 1198 4172
42.243414 1198 4172
42.249635 1198 4172
42.256652 1198 4172
42.256673 174 4172
42.256725 1198 4172
42.258229 1198 4172
42.268999 1198 4172
42.269028 1198 4172
42.273389 1198 4172
42.291623 1198 4172
42.291663 1198 4172
42.305644 1086 4172
42.305757 1198 4172
42.305818 1198 4172
42.305887 1198 4172
42.305922 1198 4172
42.309423 1198 4172
42.309467 1198 4172
42.309504 1198 4172
42.320232 110 4172
42.320442 1198 4172
42.320477 1198 4172
42.320523 270 4172
42.321366 1198 4172
42.324424 1198 4172
42.333861 1198 4172
42.333897 1198 4172
42.339400 1198 4172
42.345498 1198 4172
42.351397 1198 4172
42.351417 862 4172
42.357390 1198 4172
42.357394 60 60000
42.357419 1198 4172
42.363371 1198 4172
42.366412 1198 4172
42.366451 1198 4172
42.375373 1198 4172
42.375414 1198 4172
42.381332 1198 4172
42.387382 1198 4172
42.387432 702 4172
42.393383 1198 4172
42.393423 1198 4172
42.399354 1198 4172
42.405323 1198 4172
42.405360 1198 4172
42.407333 1198 4172
42.417505 1198 4172
42.417583 526 4172
42.417630 1198 4172
42.423566 1198 4172
42.429385 110 4172
42.430317 1198 4172
42.442364 1198 4172
42.463384 142 4172
42.468849 1198 4172
42.477764 1198 4172
42.483493 1198 4172
42.483503 1198 4172
42.483537 1198 4172
42.483573 1198 4172
42.483609 174 4172
42.483640 1198 4172
42.483668 1198 4172
42.483698 1198 4172
42.483730 1198 4172
42.483770 1198 4172
42.483803 766 4172
42.490320 1198 4172
42.490363 1198 4172
42.496661 1198 4172
42.502112 1198 4172
42.502136 1198 4172
42.502244 1198 4172
42.507559 1198 4172
42.513444 654 4172
42.513483 174 4172
42.513515 174 4172
42.521367 110 4172
42.521417 174 4172
42.521447 174 4172
42.521481 174 4172
42.521515 174 4172
42.521549 174 4172
42.521582 1198 4172
42.525532 830 4172
42.525572 1198 4172
42.529353 1198 4172
42.529415 1102 4172
42.537400 1198 4172
42.537437 174 4172
42.543445 174 4172
42.543467 174 4172
42.543497 174 4172
42.543858 174 4172
42.543892 174 4172
42.543922 1198 4172
42.549404 1198 4172
42.549429 1198 4172
42.555385 1198 4172
42.555415 558 4172
42.570340 686 4172
42.611465 110 4172
42.651963 110 4172
42.652263 1198 4172
42.652303 542 4172
42.689284 1198 4172
42.689367 1198 4172
42.689404 606 4172
42.693722 1038 4172
42.724740 110 4172
42.725371 1198 4172
42.725409 366 4172
42.725496 302 4172
42.737620 1198 4172
42.778399 222 4172
42.789136 1198 4172
42.813144 350 4172
42.819289 110 4172
42.838391 1166 4172
42.855815 110 4172
42.860291 286 4172
42.891333 318 4172
42.891373 1198 4172
42.901406 462 4172
42.922603 110 4172
42.942387 414 4172
42.983573 286 4172
43.024453 110 4172
43.147491 110 4172
43.393446 110 4172
43.434453 110 4172
43.639661 110 4172
43.926430 110 4172
44.172464 110 4172
44.418383 110 4172
44.459446 110 4172
44.541399 110 4172
44.705438 110 4172
44.991333 110 4172
45.237420 110 4172
45.442435 110 4172
45.524384 110 4172
46.426456 110 4172
47.451402 110 4172
47.533374 110 4172
47.902330 110 4172
48.435329 110 4172
48.517366 110 4172
49.418323 110 4172
49.540341 110 4172
50.442324 110 4172
50.524263 110 4172
50.565265 110 4172
51.426279 110 4172
51.549169 110 4172
52.451258 110 4172
52.533248 110 4172
53.230244 110 4172
53.435245 110 4172
53.517201 110 4172
54.419194 110 4172
54.542222 110 4172
55.444102 110 4172
55.526189 110 4172
55.895169 110 4172
56.428178 110 4172
56.551130 110 4172
57.452115 110 4172
57.534268 110 4172
58.435103 110 4172
58.517075 110 4172
58.558147 110 4172
59.418106 110 4172
59.541110 110 4172
60.441009 110 4172
60.523069 110 4172
61.219131 110 4172
61.424072 110 4172
61.547006 110 4172
62.424200 110 4172
62.446641 1198 4172
62.446666 1198 4172
62.446695 942 4172
62.527981 110 4172
62.618059 60 60000
62.633728 110 4172
62.634079 270 4172
62.634938 254 4172
62.634972 270 4172
62.636112 318 4172
62.636147 238 4172
62.637212 1198 4172
62.637248 574 4172
62.637277 238 4172
62.638138 302 4172
62.638169 238 4172
62.638964 302 4172
62.638997 254 4172
62.639991 270 4172
62.640022 334 4172
62.640049 286 4172
62.643250 334 4172
62.643303 558 4172
62.651320 1198 4172
62.651412 1198 4172
62.651464 1198 4172
62.651531 1198 4172
62.651563 1198 4172
62.651592 1198 4172
62.651620 1198 4172
62.651648 1198 4172
62.651698 590 4172
62.690245 1198 4172
62.692019 142 4172
62.732971 174 4172
62.759172 622 4172
62.774015 606 4172
62.774033 142 4172
62.815058 174 4172
62.815142 110 4172
62.856293 158 4172
62.891198 174 4172
62.896872 158 4172
62.937921 158 4172
62.982566 142 4172
62.982633 158 4172
63.026844 142 4172
63.027174 158 4172
63.063813 158 4172
63.063966 158 4172
63.063981 158 4172
63.064012 158 4172
63.064039 158 4172
63.064067 158 4172
63.064094 158 4172
63.064122 142 4172
63.064163 318 4172
63.070585 110 4172
63.105655 1198 4172
63.105694 1198 4172
63.105725 1198 4172
63.105757 1198 4172
63.105862 1198 4172
63.105893 1198 4172
63.105917 1198 4172
63.105947 1198 4172
63.105977 574 4172
63.106023 1198 4172
63.117913 1198 4172
63.118683 1198 4172
63.118712 1198 4172
63.118744 1198 4172
63.118769 1198 4172
63.118896 1198 4172
63.118921 1198 4172
63.118961 1198 4172
63.120114 1198 4172
63.120160 318 4172
63.120894 1198 4172
63.120935 1198 4172
63.120967 1198 4172
63.120996 1198 4172
63.142126 1198 4172
63.142324 1198 4172
63.142356 1198 4172
63.142385 1198 4172
63.142414 126 4172
63.147171 1198 4172
63.152948 750 4172
63.152985 1198 4172
63.165346 1198 4172
63.165387 1198 4172
63.170569 1198 4172
63.170613 1198 4172
63.170647 1198 4172
63.177088 1198 4172
63.177128 1198 4172
63.182935 1198 4172
63.188956 734 4172
63.188996 1198 4172
63.202523 1198 4172
63.203642 1198 4172
63.204257 1198 4172
63.208765 1198 4172
63.208823 1198 4172
63.208922 1198 4172
63.212752 1198 4172
63.219444 782 4172
63.219482 1198 4172
63.227335 1198 4172
63.227396 1198 4172
63.230995 1198 4172
63.237210 1198 4172
63.237352 1198 4172
63.243013 1198 4172
63.251421 1198 4172
63.251457 1198 4172
63.258446 1198 4172
63.260948 1198 4172
63.260981 1198 4172
63.270674 1198 4172
63.270755 958 4172
63.276220 430 4172
63.278924 1198 4172
63.278962 1198 4172
63.278989 1198 4172
63.284923 1198 4172
63.291034 1198 4172
63.291072 1198 4172
63.296971 654 4172
63.303299 1198 4172
63.303345 1198 4172
63.309101 1198 4172
63.309331 1198 4172
63.312324 1198 4172
63.324963 1198 4172
63.325535 110 4172
63.325578 1198 4172
63.326999 1198 4172
63.332971 1198 4172
63.333016 1198 4172
63.339011 1198 4172
63.339044 318 4172
63.344989 1198 4172
63.345026 1198 4172
63.360797 1198 4172
63.363554 1198 4172
63.363606 1198 4172
63.364610 1198 4172
63.364646 1198 4172
63.364680 1198 4172
63.364710 1198 4172
63.380958 1006 4172
63.381046 1198 4172
63.381074 1198 4172
63.392296 1198 4172
63.392720 1198 4172
63.396517 1198 4172
63.399227 1198 4172
63.399268 1198 4172
63.405130 1198 4172
63.405165 1198 4172
63.417066 558 4172
63.417104 1198 4172
63.423060 110 4172
63.423100 1198 4172
63.423134 1198 4172
63.428978 1198 4172
63.429015 1198 4172
63.435112 1198 4172
63.440946 1198 4172
63.440977 1198 4172
63.447966 1198 4172
63.448033 782 4172
63.455831 1198 4172
63.455879 1198 4172
63.462429 1198 4172
63.465285 1198 4172
63.465320 1198 4172
63.470945 1198 4172
63.476928 1198 4172
63.476957 1198 4172
63.477042 60 60000
63.482932 334 4172
63.482965 1198 4172
63.487195 1198 4172
63.487235 1198 4172
63.494940 1198 4172
63.500965 1198 4172
63.507238 1198 4172
63.507274 1198 4172
63.513320 526 4172
63.513358 1198 4172
63.520592 1198 4172
63.520622 1198 4172
63.527757 1198 4172
63.527815 1198 4172
63.527859 110 4172
63.531371 1198 4172
63.536942 1198 4172
63.536976 1198 4172
63.546375 1198 4172
63.550339 1198 4172
63.550359 622 4172
63.550388 1198 4172
63.554939 1198 4172
63.572335 1198 4172
63.575674 1198 4172
63.575762 1198 4172
63.575880 862 4172
63.581204 1198 4172
63.581242 1198 4172
63.581408 174 4172
63.581440 174 4172
63.589060 174 4172
63.589099 110 4172
63.589131 174 4172
63.589162 1198 4172
63.589191 1198 4172
63.589215 1198 4172
63.592946 1198 4172
63.599195 494 4172
63.599232 1198 4172
63.604934 606 4172
63.604974 174 4172
63.605011 1198 4172
63.611092 1198 4172
63.611129 1198 4172
63.616912 142 4172
63.616948 1198 4172
63.616977 1198 4172
63.622934 1198 4172
63.628992 1198 4172
63.629014 110 4172
63.629043 1198 4172
63.634965 1198 4172
63.634997 1198 4172
63.640948 238 4172
63.640985 1198 4172
63.646900 1198 4172
63.646942 1198 4172
63.653267 1198 4172
63.657859 1198 4172
63.657896 1198 4172
63.665044 1198 4172
63.665090 990 4172
63.672826 1198 4172
63.676990 1198 4172
63.682917 1198 4172
63.682956 1198 4172
63.697439 1198 4172
63.697482 910 4172
63.698804 1198 4172
63.698866 1198 4172
63.700963 1198 4172
63.706920 1102 4172
63.713635 1198 4172
63.713671 1198 4172
63.722276 942 4172
63.722312 174 4172
63.722343 174 4172
63.722415 174 4172
63.729091 110 4172
63.729132 238 4172
63.729165 894 4172
63.729956 1198 4172
63.729994 1198 4172
63.730038 1198 4172
63.743926 1134 4172
63.772860 174 4172
63.773025 174 4172
63.775914 174 4172
63.775973 174 4172
63.776028 174 4172
63.780811 174 4172
63.780924 174 4172
63.782595 174 4172
63.782645 174 4172
63.788557 174 4172
63.790261 174 4172
63.790296 174 4172
63.790327 174 4172
63.790355 174 4172
63.792186 174 4172
63.795662 222 4172
63.796188 1198 4172
63.796249 1198 4172
63.796292 1198 4172
63.796378 1198 4172
63.797522 1198 4172
63.797558 1198 4172
63.797586 1198 4172
63.797611 1198 4172
63.797637 846 4172
63.837921 110 4172
63.861841 110 4172
63.879110 174 4172
63.893950 206 4172
63.894008 174 4172
63.894039 174 4172
63.894069 158 4172
63.894139 158 4172
63.913106 158 4172
63.913156 158 4172
63.913189 158 4172
63.913220 158 4172
63.913248 142 4172
63.919863 110 4172
63.955408 1198 4172
63.955411 478 4172
63.960887 174 4172
64.001959 1198 4172
64.002019 1198 4172
64.002153 350 4172
64.043051 110 4172
64.113173 110 4172
64.113189 110 4172
64.113228 110 4172
64.122696 110 4172
64.124850 414 4172
64.163927 174 4172
64.165458 174 4172
64.165787 174 4172
64.168758 174 4172
64.171074 174 4172
64.172209 174 4172
64.173371 174 4172
64.174452 174 4172
64.175477 174 4172
64.176591 174 4172
64.178021 174 4172
64.179378 174 4172
64.179408 174 4172
64.180652 174 4172
64.181677 174 4172
64.184491 222 4172
64.206889 1198 4172
64.206926 1198 4172
64.206981 1198 4172
64.207021 1198 4172
64.207056 1198 4172
64.207090 1198 4172
64.207122 1198 4172
64.207155 1198 4172
64.207189 846 4172
64.328401 174 4172
64.329877 1198 4172
64.329929 670 4172
64.371051 1198 4172
64.371122 1198 4172
64.371124 446 4172
64.411967 110 4172
64.411982 110 4172
64.412108 110 4172
64.453026 110 4172
64.535186 110 4172
64.658077 110 4172
64.944973 110 4172
65.191187 110 4172
65.435989 110 4172
65.476927 110 4172
65.517810 110 4172
66.009930 110 4172
66.255929 110 4172
66.419984 110 4172
66.542922 110 4172
66.542962 110 4172
67.444822 110 4172
67.527093 110 4172
68.428893 110 4172
68.551223 110 4172
69.164926 110 4172
69.451869 110 4172
69.533840 110 4172
70.433814 110 4172
70.515783 110 4172
71.416827 110 4172
71.539839 110 4172
72.439779 110 4172
72.521656 110 4172
73.421738 110 4172
73.543820 110 4172
74.443655 110 4172
74.513306 110 4172
74.525644 110 4172
75.427706 110 4172
75.549772 110 4172
76.451776 110 4172
76.533750 110 4172
77.186817 110 4172
77.431695 110 4172
77.513739 110 4172
78.414663 110 4172
78.537695 110 4172
79.439679 110 4172
79.521619 110 4172
79.849627 110 4172
80.423655 110 4172
80.545553 110 4172
81.444465 110 4172
81.526587 110 4172
82.427610 110 4172
82.529680 110 4172
82.550515 110 4172
83.451651 110 4172
83.518805 110 4172
83.729820 270 4172
83.729897 254 4172
83.729899 270 4172
83.730736 318 4172
83.730770 238 4172
83.731746 318 4172
83.731778 238 4172
83.732465 60 60000
83.732704 238 4172
83.732810 238 4172
83.733701 302 4172
83.733729 254 4172
83.736099 270 4172
83.736130 334 4172
83.764610 286 4172
83.764646 334 4172
83.764696 510 4172
83.764748 750 4172
83.887634 142 4172
83.901852 174 4172
83.909814 158 4172
83.918888 174 4172
83.924842 158 4172
83.928428 174 4172
83.928462 254 4172
83.928486 494 4172
84.094599 158 4172
84.095982 158 4172
84.114625 158 4172
84.129570 142 4172
84.129593 142 4172
84.137597 1198 4172
84.137638 1198 4172
84.137670 1198 4172
84.137700 1198 4172
84.137737 1198 4172
84.137767 1198 4172
84.137797 1198 4172
84.137828 1198 4172
84.137854 1198 4172
84.137880 1198 4172
84.137925 222 4172
84.137955 126 4172
84.143572 1198 4172
84.143600 1198 4172
84.143631 1198 4172
84.143662 1198 4172
84.143695 1198 4172
84.143721 1198 4172
84.149533 1198 4172
84.149554 1198 4172
84.149588 1198 4172
84.149616 1198 4172
84.155681 158 4172
84.156156 1198 4172
84.156194 1198 4172
84.156250 1198 4172
84.161550 1198 4172
84.161576 1198 4172
84.167705 1198 4172
84.167736 1198 4172
84.173551 1198 4172
84.173579 1198 4172
84.178766 1198 4172
84.186212 590 4172
84.186237 1198 4172
84.186325 1198 4172
84.191579 1198 4172
84.206846 1198 4172
84.206880 1198 4172
84.209824 1198 4172
84.209856 1198 4172
84.209888 1198 4172
84.209918 1198 4172
84.215564 1198 4172
84.220792 1198 4172
84.229337 1198 4172
84.229497 1198 4172
84.229537 1198 4172
84.240339 1198 4172
84.242141 1198 4172
84.245848 1198 4172
84.259617 1198 4172
84.260183 702 4172
84.260215 1198 4172
84.260248 1198 4172
84.263558 1198 4172
84.263625 814 4172
84.263753 1198 4172
84.269506 1198 4172
84.269535 1198 4172
84.276161 1198 4172
84.276181 1198 4172
84.278927 1198 4172
84.278956 1198 4172
84.290555 1198 4172
84.290582 1198 4172
84.295582 510 4172
84.295637 1198 4172
84.299609 1198 4172
84.299633 1198 4172
84.306794 1198 4172
84.308880 1198 4172
84.313012 1198 4172
84.317513 1198 4172
84.319443 862 4172
84.319486 1198 4172
84.330353 1198 4172
84.330367 1198 4172
84.330465 1198 4172
84.340567 1198 4172
84.341547 1198 4172
84.341575 1198 4172
84.347604 1198 4172
84.353683 1198 4172
84.353709 1198 4172
84.359682 510 4172
84.359714 1198 4172
84.359747 1198 4172
84.365579 1198 4172
84.372377 1198 4172
84.378455 1198 4172
84.378507 1198 4172
84.382986 1198 4172
84.383019 110 4172
84.383044 1198 4172
84.383072 1198 4172
84.389517 1198 4172
84.395601 1198 4172
84.395625 302 4172
84.395657 1198 4172
84.401892 1198 4172
84.402147 1198 4172
84.407819 1198 4172
84.413583 1198 4172
84.419535 1198 4172
84.419553 110 4172
84.419584 1198 4172
84.433868 1198 4172
84.433887 1198 4172
84.437370 1198 4172
84.437483 526 4172
84.437518 1198 4172
84.437545 1198 4172
84.443518 1198 4172
84.443543 1198 4172
84.449496 1198 4172
84.449521 1198 4172
84.455642 1198 4172
84.461584 1198 4172
84.461609 1198 4172
84.467528 1198 4172
84.467555 1198 4172
84.473594 606 4172
84.478943 1198 4172
84.478990 1198 4172
84.485571 1198 4172
84.485607 1198 4172
84.492585 1198 4172
84.492625 1198 4172
84.497516 1198 4172
84.504266 1086 4172
84.504296 1198 4172
84.510288 1198 4172
84.510318 1198 4172
84.512843 1198 4172
84.515550 1198 4172
84.519763 1198 4172
84.519817 110 4172
84.519852 1198 4172
84.527540 1198 4172
84.528062 60 60000
84.533521 1198 4172
84.533559 526 4172
84.533599 1198 4172
84.539526 1198 4172
84.539554 1198 4172
84.545549 1198 4172
84.545581 1198 4172
84.551508 1198 4172
84.558227 1198 4172
84.558261 1198 4172
84.560418 670 4172
84.560493 1198 4172
84.560555 1198 4172
84.569780 1198 4172
84.577601 1198 4172
84.577604 1198 4172
84.581821 1198 4172
84.581884 1198 4172
84.587526 1198 4172
84.587538 1198 4172
84.593510 350 4172
84.593534 1198 4172
84.599540 1198 4172
84.599582 1198 4172
84.601459 1198 4172
84.601503 1198 4172
84.611519 1198 4172
84.611543 1198 4172
84.617571 382 4172
84.617600 334 4172
84.617630 174 4172
84.617661 174 4172
84.617689 174 4172
84.617717 1198 4172
84.623539 110 4172
84.623582 334 4172
84.623616 1198 4172
84.629524 1198 4172
84.629557 990 4172
84.635706 1198 4172
84.635759 1198 4172
84.642875 1022 4172
84.642905 1198 4172
84.651703 110 4172
84.651798 1198 4172
84.651883 1038 4172
84.655781 1198 4172
84.655840 1198 4172
84.659932 1022 4172
84.659964 1198 4172
84.666038 1198 4172
84.666067 1070 4172
84.672624 1198 4172
84.673495 1198 4172
84.673556 1198 4172
84.680824 270 4172
84.680858 1198 4172
84.683542 1198 4172
84.683568 1198 4172
84.690201 574 4172
84.690226 1198 4172
84.695597 1198 4172
84.695629 1198 4172
84.701963 286 4172
84.701996 1198 4172
84.702030 1198 4172
84.707494 718 4172
84.707530 174 4172
84.707562 174 4172
84.707591 1198 4172
84.724475 1198 4172
84.730074 254 4172
84.730241 430 4172
84.762158 414 4172
84.771011 558 4172
84.772371 430 4172
84.788318 782 4172
84.797310 894 4172
84.806308 1102 4172
84.814181 1198 4172
84.814219 110 4172
84.814361 1198 4172
84.823305 910 4172
84.823907 1198 4172
84.856870 1198 4172
84.856873 142 4172
84.897518 446 4172
84.938965 110 4172
84.939046 1198 4172
84.939128 1198 4172
84.939208 302 4172
84.939210 638 4172
84.939233 238 4172
84.979462 686 4172
84.993647 1198 4172
84.993664 1166 4172
84.995431 318 4172
84.995462 174 4172
84.997726 366 4172
84.997761 1198 4172
84.997790 334 4172
85.000507 1198 4172
85.000555 1054 4172
85.002923 1198 4172
85.002953 1198 4172
85.002984 1022 4172
85.005480 1198 4172
85.005523 1198 4172
85.005552 1038 4172
85.007873 1198 4172
85.007907 1198 4172
85.007937 1070 4172
85.010367 1198 4172
85.010393 1198 4172
85.010420 1198 4172
85.010445 1070 4172
85.010487 1198 4172
85.012816 1198 4172
85.012851 1198 4172
85.012882 270 4172
85.018504 1198 4172
85.018523 1198 4172
85.018554 1198 4172
85.018598 638 4172
85.020368 1198 4172
85.020398 1198 4172
85.031978 1198 4172
85.031980 270 4172
85.031993 1198 4172
85.036456 1198 4172
85.036477 718 4172
85.042481 174 4172
85.042506 174 4172
85.042533 1198 4172
85.042563 1198 4172
85.048480 414 4172
85.048510 1198 4172
85.048540 1198 4172
85.054526 1198 4172
85.054562 1198 4172
85.060478 830 4172
85.060512 558 4172
85.061409 126 4172
85.102394 126 4172
85.143533 126 4172
85.173648 126 4172
85.184419 110 4172
85.184470 110 4172
85.184510 110 4172
85.320857 126 4172
85.329880 126 4172
85.338998 126 4172
85.347506 126 4172
85.355915 206 4172
85.365198 126 4172
85.375788 814 4172
85.381814 1198 4172
85.381859 1198 4172
85.381895 318 4172
85.388427 206 4172
85.399425 1086 4172
85.407473 830 4172
85.413161 1054 4172
85.415513 110 4172
85.423415 1166 4172
85.429469 1182 4172
85.440612 1198 4172
85.440642 366 4172
85.449681 1198 4172
85.449707 1198 4172
85.449760 318 4172
85.449801 110 4172
85.449836 110 4172
85.449872 110 4172
85.458529 1198 4172
85.458569 1198 4172
85.458611 878 4172
85.467526 1198 4172
85.467571 1198 4172
85.467609 222 4172
85.470454 1198 4172
85.470488 910 4172
85.486886 1150 4172
85.494108 1070 4172
85.502583 1198 4172
85.511380 1198 4172
85.511416 1198 4172
85.511452 110 4172
85.513232 1198 4172
85.513267 1198 4172
85.513315 910 4172
85.515355 110 4172
85.519743 670 4172
85.528832 1198 4172
85.528865 1198 4172
85.528916 1198 4172
85.528954 366 4172
85.537845 1198 4172
85.537898 1198 4172
85.537946 1198 4172
85.537985 654 4172
85.546080 1198 4172
85.546129 1198 4172
85.546171 1198 4172
85.546207 1198 4172
85.546243 286 4172
85.552521 1198 4172
85.552558 1198 4172
85.552592 1198 4172
85.552626 1198 4172
85.552659 1198 4172
85.552697 1198 4172
85.552729 414 4172
85.563994 1198 4172
85.564043 1198 4172
85.564082 1198 4172
85.564116 1198 4172
85.564151 1198 4172
85.564185 1198 4172
85.564220 1198 4172
85.564253 142 4172
85.572846 1198 4172
85.572895 1198 4172
85.572937 1198 4172
85.572973 1198 4172
85.573009 1198 4172
85.573040 1198 4172
85.580332 1198 4172
85.580421 1198 4172
85.580459 1198 4172
85.580504 1198 4172
85.580538 1198 4172
85.580573 1102 4172
85.589851 974 4172
85.593472 1198 4172
85.593516 350 4172
85.606818 1198 4172
85.606906 174 4172
85.613176 1198 4172
85.613222 1198 4172
85.613257 782 4172
85.615968 110 4172
85.623972 1198 4172
85.624020 1198 4172
85.624054 1198 4172
85.624097 494 4172
85.632971 1198 4172
85.633007 1198 4172
85.633048 1198 4172
85.633085 1038 4172
85.634394 1198 4172
85.634432 1198 4172
85.634467 1198 4172
85.634502 1198 4172
85.634538 366 4172
85.651308 1198 4172
85.651376 1198 4172
85.651421 1198 4172
85.651456 1198 4172
85.651492 942 4172
85.651539 1198 4172
85.660397 1198 4172
85.660440 1198 4172
85.660478 1198 4172
85.660513 1198 4172
85.660548 1198 4172
85.660584 462 4172
85.660633 1198 4172
85.665558 1198 4172
85.665589 1198 4172
85.665641 1198 4172
85.671552 1198 4172
85.675481 1198 4172
85.675525 510 4172
85.675562 1198 4172
85.683581 1198 4172
85.683631 1198 4172
85.689515 1198 4172
85.689555 1198 4172
85.689592 590 4172
85.695471 1198 4172
85.695509 1198 4172
85.701124 1198 4172
85.701168 1198 4172
85.706511 1198 4172
85.706553 766 4172
85.706591 1198 4172
85.712526 126 4172
85.712564 110 4172
85.712599 110 4172
85.712633 110 4172
85.712669 1198 4172
85.716522 686 4172
85.716558 1198 4172
85.716601 462 4172
85.716642 110 4172
85.727132 1198 4172
85.727168 1198 4172
85.727204 366 4172
85.757421 398 4172
85.839546 110 4172
85.921492 110 4172
86.003466 110 4172
86.003505 110 4172
86.249519 110 4172
86.249588 110 4172
86.249592 110 4172
86.413389 110 4172
86.536453 110 4172
86.536499 110 4172
86.536546 110 4172
86.536587 110 4172
86.781567 110 4172
87.068577 110 4172
87.318697 110 4172
87.441526 110 4172
87.523448 110 4172
87.605493 110 4172
87.892513 110 4172
88.138405 110 4172
88.413237 110 4172
88.424449 110 4172
88.547544 110 4172
89.449399 110 4172
89.531491 110 4172
90.431304 110 4172
90.554351 110 4172
91.453366 110 4172
91.535353 110 4172
92.435361 110 4172
92.517306 110 4172
93.418244 110 4172
93.541399 110 4172
93.746413 110 4172
94.441459 110 4172
94.523276 110 4172
95.548189 110 4172
95.559304 398 4172
95.589361 286 4172
95.671286 158 4172
96.409339 110 4172
96.450375 110 4172
96.532260 110 4172
97.433154 110 4172
97.515283 110 4172
98.416221 110 4172
98.539218 110 4172
99.071232 110 4172
99.440129 110 4172
99.522150 110 4172
100.424119 110 4172
101.449168 110 4172
101.531156 110 4172
101.736268 110 4172
102.433147 110 4172
102.515158 110 4172
103.415074 110 4172
103.537211 110 4172
104.397078 110 4172
104.438195 110 4172
104.520159 110 4172
104.639151 1198 4172
104.639176 1198 4172
104.639216 1198 4172
104.639250 1198 4172
104.639286 1198 4172
104.639320 1198 4172
104.639354 1198 4172
104.639387 1198 4172
104.639421 254 4172
104.641712 1198 4172
104.641748 1198 4172
104.641783 1198 4172
104.641817 1198 4172
104.641850 1198 4172
104.641884 478 4172
104.641953 1198 4172
104.641985 1198 4172
104.642019 1198 4172
104.642055 1198 4172
104.644819 1198 4172
104.644860 1118 4172
104.648551 1198 4172
104.648591 1198 4172
104.648629 1198 4172
104.648664 1198 4172
104.648696 1198 4172
104.664175 1198 4172
104.664192 750 4172
104.664229 1198 4172
104.664262 1198 4172
104.664294 1198 4172
104.664345 1198 4172
104.664378 1166 4172
104.670173 1198 4172
104.676164 1198 4172
104.676215 1198 4172
104.682144 1198 4172
104.682185 1198 4172
104.689464 1198 4172
104.689517 1198 4172
104.694142 1198 4172
104.694186 1198 4172
104.694230 1198 4172
104.700105 1198 4172
104.700149 1198 4172
104.706187 1166 4172
104.706229 1198 4172
104.712273 1198 4172
104.718197 1198 4172
104.718249 1198 4172
104.724068 1198 4172
104.724101 766 4172
104.724136 1198 4172
104.730156 1198 4172
104.730198 1198 4172
104.736100 1198 4172
104.736144 1198 4172
104.742170 1198 4172
104.742213 1198 4172
104.748209 366 4172
104.748262 1198 4172
104.748306 1198 4172
104.754155 1198 4172
104.754206 1198 4172
104.760104 1198 4172
104.760138 1198 4172
104.766094 446 4172
104.766143 1198 4172
104.766185 1198 4172
104.771012 1198 4172
104.771042 1198 4172
104.778169 1198 4172
104.778205 1198 4172
104.778254 526 4172
104.780188 60 60000
104.784167 1198 4172
104.784202 1198 4172
104.790170 1198 4172
104.790200 1198 4172
104.796110 1198 4172
104.796151 1198 4172
104.796192 558 4172
104.802058 1198 4172
104.802104 1198 4172
104.811255 1198 4172
104.811287 1198 4172
104.812159 1198 4172
104.812192 1118 4172
104.812231 1198 4172
104.820227 1198 4172
104.820275 1198 4172
104.826195 1198 4172
104.826214 1198 4172
104.832157 1166 4172
104.832187 1198 4172
104.838256 1198 4172
104.838281 1198 4172
104.838321 1198 4172
104.844208 1198 4172
104.844258 670 4172
104.850061 1198 4172
104.850105 1198 4172
104.853199 1198 4172
104.853242 1198 4172
104.853279 1198 4172
104.862145 1198 4172
104.862192 1086 4172
104.868090 1198 4172
104.868139 1198 4172
104.874147 1198 4172
104.874188 1198 4172
104.880043 1198 4172
104.880086 1198 4172
104.886691 1198 4172
104.886738 110 4172
104.886782 1198 4172
104.886821 1198 4172
104.892126 1198 4172
104.892174 1198 4172
104.894077 1198 4172
104.894119 1198 4172
104.904123 1198 4172
104.904164 222 4172
104.904211 1198 4172
104.910123 1198 4172
104.910144 1198 4172
104.916111 1198 4172
104.916149 1198 4172
104.922101 1198 4172
104.922140 1198 4172
104.928133 286 4172
104.928158 1198 4172
104.928196 1198 4172
104.934235 1198 4172
104.934270 1198 4172
104.934318 1198 4172
104.935121 1198 4172
104.935180 1198 4172
104.946017 398 4172
104.946055 1198 4172
104.946087 1198 4172
104.952169 1198 4172
104.952218 1198 4172
104.958134 1198 4172
104.958165 1198 4172
104.964061 1198 4172
104.964096 254 4172
104.964132 1198 4172
104.970117 1198 4172
104.970165 1198 4172
104.976092 1198 4172
104.976138 1198 4172
104.984042 974 4172
104.984086 1198 4172
104.988164 1198 4172
104.988178 1198 4172
104.994115 1198 4172
104.994130 1198 4172
105.000094 1198 4172
105.000121 590 4172
105.000174 1198 4172
105.006104 1198 4172
105.006154 1198 4172
105.012125 1198 4172
105.012173 1198 4172
105.017144 1198 4172
105.017188 1198 4172
105.017230 478 4172
105.024057 1198 4172
105.024099 1198 4172
105.030164 1198 4172
105.030213 1198 4172
105.030257 1198 4172
105.036180 1198 4172
105.036216 1198 4172
105.042107 1198 4172
105.042211 542 4172
105.042249 1198 4172
105.048113 1198 4172
105.048126 1198 4172
105.054081 1198 4172
105.054115 1198 4172
105.058048 1198 4172
105.058071 1198 4172
105.066079 942 4172
105.066106 1198 4172
105.072100 1198 4172
105.072124 1198 4172
105.078382 1198 4172
105.078403 1198 4172
105.084181 1198 4172
105.084209 430 4172
105.084244 1198 4172
105.090245 1198 4172
105.090278 1198 4172
105.096122 1198 4172
105.096154 1198 4172
105.099044 1198 4172
105.099087 1198 4172
105.099124 350 4172
105.108109 1198 4172
105.108130 1198 4172
105.108163 1198 4172
105.114107 1198 4172
105.114128 1198 4172
105.120139 1198 4172
105.120162 638 4172
105.120198 1198 4172
105.126103 1198 4172
105.126135 1198 4172
105.132113 1198 4172
105.132143 1198 4172
105.138129 1198 4172
105.138150 814 4172
105.138190 1198 4172
105.140035 1198 4172
105.140070 1198 4172
105.150314 1198 4172
105.150349 1198 4172
105.156134 1198 4172
105.156164 1198 4172
105.162908 398 4172
105.163207 1198 4172
105.163286 1198 4172
105.163334 1198 4172
105.171124 1198 4172
105.171155 1198 4172
105.172362 382 4172
105.172402 510 4172
105.181311 1198 4172
105.181341 1198 4172
105.182287 1198 4172
105.182321 1198 4172
105.190549 1198 4172
105.190893 1198 4172
105.191772 254 4172
105.197538 1198 4172
105.197541 1198 4172
105.202615 1198 4172
105.202643 1198 4172
105.202680 1198 4172
105.208182 1198 4172
105.208186 1198 4172
105.214128 1198 4172
105.214133 254 4172
105.214155 1198 4172
105.220154 1198 4172
105.220186 1198 4172
105.223266 1198 4172
105.223269 1198 4172
105.223270 1198 4172
105.235201 1198 4172
105.235235 478 4172
105.247851 1198 4172
105.247879 1198 4172
105.247910 1198 4172
105.247991 1198 4172
105.250075 1198 4172
105.250119 1198 4172
105.250148 1198 4172
105.257892 574 4172
105.257960 1198 4172
105.257993 1198 4172
105.258040 1198 4172
105.264137 1198 4172
105.268085 1198 4172
105.268120 1198 4172
105.268150 1198 4172
105.274470 318 4172
105.274528 1198 4172
105.274595 1198 4172
105.280101 1198 4172
105.280132 1198 4172
105.290679 1198 4172
105.297162 1198 4172
105.297584 1022 4172
105.298064 1198 4172
105.298091 1198 4172
105.298124 1198 4172
105.298160 1198 4172
105.304130 1198 4172
105.304166 1198 4172
105.306094 734 4172
105.306137 1198 4172
105.306169 1198 4172
105.316181 1198 4172
105.322124 1198 4172
105.322160 1198 4172
105.322191 526 4172
105.331031 1198 4172
105.331075 1198 4172
105.331103 1198 4172
105.333198 1198 4172
105.349571 1198 4172
105.354708 1198 4172
105.355312 126 4172
105.358102 1198 4172
105.358136 1198 4172
105.358167 1198 4172
105.358197 510 4172
105.358226 1198 4172
105.358256 1198 4172
105.358283 1198 4172
105.358314 1198 4172
105.364085 1198 4172
105.364115 1198 4172
105.364146 1198 4172
105.370328 862 4172
105.370372 1198 4172
105.377992 1198 4172
105.380909 1198 4172
105.381053 1198 4172
105.381101 1198 4172
105.383530 1198 4172
105.392716 1198 4172
105.392799 558 4172
105.393520 1198 4172
105.393562 1198 4172
105.394393 1198 4172
105.400633 1198 4172
105.400666 1198 4172
105.415187 1198 4172
105.415329 510 4172
105.417488 1198 4172
105.428387 1198 4172
105.432758 1198 4172
105.432797 1198 4172
105.432834 1198 4172
105.432861 110 4172
105.432888 1198 4172
105.433523 798 4172
105.434040 1198 4172
105.434512 1198 4172
105.434914 110 4172
105.435415 1198 4172
105.435512 1198 4172
105.435548 1198 4172
105.436238 1198 4172
105.442193 910 4172
105.442236 1198 4172
105.447495 1198 4172
105.447526 1198 4172
105.447557 1198 4172
105.454074 1198 4172
105.454136 1198 4172
105.460086 1198 4172
105.460106 462 4172
105.460132 1198 4172
105.467137 1198 4172
105.467176 1198 4172
105.472090 1198 4172
105.472120 1198 4172
105.482705 1198 4172
105.482758 974 4172
105.482948 1198 4172
105.483002 1198 4172
105.489022 1198 4172
105.489064 1022 4172
105.489090 1198 4172
105.502862 1198 4172
105.502900 334 4172
105.502954 1166 4172
105.502994 1198 4172
105.508122 190 4172
105.508152 1198 4172
105.508180 622 4172
105.508207 1198 4172
105.508234 1198 4172
105.515587 1198 4172
105.519069 1006 4172
105.519177 1198 4172
105.520386 1198 4172
105.528429 110 4172
105.528454 1198 4172
105.528486 558 4172
105.528514 1198 4172
105.530014 1198 4172
105.530054 1198 4172
105.538130 1198 4172
105.538152 542 4172
105.544184 1198 4172
105.544215 1198 4172
105.544246 1198 4172
105.550106 1198 4172
105.550187 1198 4172
105.556104 974 4172
105.556145 206 4172
105.556179 1198 4172
105.566234 1198 4172
105.567011 1198 4172
105.567044 910 4172
105.567087 1198 4172
105.568069 1198 4172
105.573786 1198 4172
105.573808 990 4172
105.573842 1198 4172
105.583503 1198 4172
105.583534 254 4172
105.583575 1166 4172
105.586109 974 4172
105.586152 750 4172
105.586189 1198 4172
105.601223 1198 4172
105.601228 590 4172
105.601324 494 4172
105.605119 254 4172
105.605150 190 4172
105.605177 190 4172
105.605202 190 4172
105.605228 190 4172
105.605253 190 4172
105.605283 190 4172
105.605305 190 4172
105.605368 190 4172
105.605394 190 4172
105.605418 190 4172
105.605457 190 4172
105.605469 190 4172
105.605501 190 4172
105.605519 190 4172
105.605543 1198 4172
105.605568 1198 4172
105.605594 558 4172
105.609448 254 4172
105.609477 190 4172
105.609510 1198 4172
105.609543 878 4172
105.613999 1198 4172
105.614032 1198 4172
105.614065 1198 4172
105.621078 1198 4172
105.621105 110 4172
105.621135 318 4172
105.628968 1198 4172
105.628999 1198 4172
105.629029 1198 4172
105.629072 1198 4172
105.633128 574 4172
105.639177 1198 4172
105.639195 1198 4172
105.639224 1198 4172
105.645081 1198 4172
105.645112 462 4172
105.645142 1198 4172
105.650983 60 60000
105.651061 1198 4172
105.651097 1198 4172
105.657065 1198 4172
105.657095 814 4172
105.657131 1198 4172
105.663073 1198 4172
105.663106 1198 4172
105.670853 1198 4172
105.670924 1134 4172
105.670946 1198 4172
105.670995 1198 4172
105.674013 1198 4172
105.681084 110 4172
105.681121 1198 4172
105.681146 910 4172
105.681178 1198 4172
105.688096 1198 4172
105.688127 1198 4172
105.694185 1198 4172
105.694218 1182 4172
105.699107 1198 4172
105.699156 1198 4172
105.699200 1198 4172
105.706404 1198 4172
105.706437 782 4172
105.711057 1198 4172
105.711106 1198 4172
105.711154 1198 4172
105.716480 1198 4172
105.716537 942 4172
105.723801 1198 4172
105.723840 1198 4172
105.723871 1198 4172
105.723984 110 4172
105.724027 1198 4172
105.724059 558 4172
105.733029 1198 4172
105.735064 1198 4172
105.735102 1198 4172
105.744252 1006 4172
105.744323 190 4172
105.744356 1198 4172
105.747052 1198 4172
105.747084 686 4172
105.747123 174 4172
105.747150 174 4172
105.747179 878 4172
105.753107 1198 4172
105.753129 1198 4172
105.757413 1198 4172
105.757455 1198 4172
105.757487 1166 4172
105.765070 1198 4172
105.765118 1198 4172
105.771088 1198 4172
105.771121 1198 4172
105.771154 1198 4172
105.779179 174 4172
105.779203 1198 4172
105.779247 1198 4172
105.787586 1198 4172
105.787627 1198 4172
105.790212 1198 4172
105.795068 1054 4172
105.795101 1198 4172
105.795132 1198 4172
105.795160 1198 4172
105.798615 1198 4172
105.798636 1198 4172
105.807651 1198 4172
105.807703 446 4172
105.807728 1198 4172
105.807800 1198 4172
105.815536 1198 4172
105.815569 1198 4172
105.819091 1198 4172
105.819122 1166 4172
105.819155 1198 4172
105.825091 1198 4172
105.825120 110 4172
105.825149 1198 4172
105.831073 1198 4172
105.831143 1134 4172
105.837292 1198 4172
105.837317 1198 4172
105.837348 1198 4172
105.839122 1198 4172
105.839164 1198 4172
105.850348 430 4172
105.850391 1198 4172
105.850411 1198 4172
105.855126 1198 4172
105.855167 1198 4172
105.855192 1198 4172
105.862383 1198 4172
105.867343 1198 4172
105.873067 1198 4172
105.873093 1022 4172
105.873121 1198 4172
105.879148 1198 4172
105.879197 1198 4172
105.880020 1054 4172
105.880069 1198 4172
105.880113 1182 4172
105.894701 1198 4172
105.894739 1198 4172
105.897764 1198 4172
105.897812 1198 4172
105.897855 446 4172
105.897948 174 4172
105.903243 1198 4172
105.903286 830 4172
105.909959 1198 4172
105.910060 638 4172
105.910107 1198 4172
105.925655 350 4172
105.944641 1198 4172
105.966081 110 4172
106.023563 1198 4172
106.050722 1086 4172
106.091223 1198 4172
106.091244 702 4172
106.132030 1198 4172
106.132067 1198 4172
106.132097 366 4172
106.132130 302 4172
106.132157 1198 4172
106.132193 1198 4172
106.132219 654 4172
106.132248 238 4172
106.157291 1198 4172
106.157294 1054 4172
106.164810 1198 4172
106.164839 1198 4172
106.164870 1198 4172
106.164894 1198 4172
106.164991 1198 4172
106.165024 1198 4172
106.165057 1198 4172
106.165088 1134 4172
106.165133 1198 4172
106.172143 1198 4172
106.172170 1198 4172
106.172206 1198 4172
106.172238 1198 4172
106.172267 1198 4172
106.172303 718 4172
106.172979 1198 4172
106.173012 1198 4172
106.173037 1198 4172
106.173069 1198 4172
106.173099 1198 4172
106.173129 1198 4172
106.173156 1198 4172
106.173183 1198 4172
106.173222 766 4172
106.180402 1198 4172
106.186125 1198 4172
106.186194 1198 4172
106.186225 1198 4172
106.186251 1198 4172
106.186289 1198 4172
106.186315 1198 4172
106.186343 1198 4172
106.188414 1198 4172
106.188451 766 4172
106.194038 1198 4172
106.194073 1198 4172
106.200071 1198 4172
106.200098 1198 4172
106.206065 1198 4172
106.206084 1198 4172
106.206112 1198 4172
106.212005 638 4172
106.212050 110 4172
106.212079 1198 4172
106.214269 1198 4172
106.214392 1198 4172
106.214431 1198 4172
106.224103 1198 4172
106.224127 1198 4172
106.230277 1198 4172
106.230376 1198 4172
106.231104 334 4172
106.231166 1198 4172
106.236050 1198 4172
106.236089 1198 4172
106.242072 1198 4172
106.242114 1198 4172
106.248177 1198 4172
106.248228 1198 4172
106.254016 766 4172
106.254063 1198 4172
106.254098 1198 4172
106.255110 1198 4172
106.255151 1198 4172
106.255188 1198 4172
106.266156 1198 4172
106.266193 1198 4172
106.272105 1198 4172
106.272146 1198 4172
106.278511 270 4172
106.278562 1198 4172
106.278604 1198 4172
106.278640 1198 4172
106.284103 1198 4172
106.284143 1198 4172
106.290126 1198 4172
106.290171 1198 4172
106.296124 718 4172
106.296169 1198 4172
106.296208 1198 4172
106.302043 1198 4172
106.302082 1198 4172
106.308129 1198 4172
106.308173 1198 4172
106.308210 1198 4172
106.314153 1086 4172
106.314202 1198 4172
106.320028 1198 4172
106.320134 1198 4172
106.320180 1198 4172
106.326725 1198 4172
106.326770 1198 4172
106.337107 478 4172
106.337147 158 4172
106.337187 126 4172
106.378071 142 4172
106.413194 126 4172
106.419114 110 4172
106.501154 110 4172
106.542087 110 4172
106.554556 142 4172
106.563511 158 4172
106.571902 158 4172
106.582541 1150 4172
106.582994 1198 4172
106.583065 174 4172
106.597488 302 4172
106.606500 126 4172
106.613148 126 4172
106.614543 110 4172
106.623506 142 4172
106.623969 142 4172
106.641304 1198 4172
106.641349 1198 4172
106.641396 1198 4172
106.641440 1086 4172
106.649352 1198 4172
106.649388 1198 4172
106.649418 1198 4172
106.649469 750 4172
106.658264 1198 4172
106.658306 1198 4172
106.658356 974 4172
106.664983 1198 4172
106.665034 1198 4172
106.665077 1198 4172
106.665119 414 4172
106.676162 1198 4172
106.676174 1198 4172
106.676215 1070 4172
106.676256 1198 4172
106.683804 1198 4172
106.683886 1198 4172
106.683901 382 4172
106.683954 1198 4172
106.692844 286 4172
106.703561 1022 4172
106.706025 1198 4172
106.706065 622 4172
106.714386 462 4172
106.718030 110 4172
106.727162 1198 4172
106.727201 1198 4172
106.727251 590 4172
106.736330 1198 4172
106.736383 1198 4172
106.736423 782 4172
106.744352 1198 4172
106.744386 1198 4172
106.744438 1198 4172
106.744478 286 4172
106.744514 110 4172
106.744548 110 4172
106.744580 110 4172
106.747083 1198 4172
106.747115 1198 4172
106.747156 1198 4172
106.747192 686 4172
106.761678 1198 4172
106.761762 1198 4172
106.761794 1198 4172
106.761831 1198 4172
106.761862 1198 4172
106.761899 1198 4172
106.761933 1198 4172
106.761968 1134 4172
106.762018 1198 4172
106.770784 1198 4172
106.770853 1198 4172
106.770898 1198 4172
106.770978 1198 4172
106.771021 1198 4172
106.771058 446 4172
106.771107 1198 4172
106.773329 1198 4172
106.773368 1198 4172
106.773403 1198 4172
106.773439 1198 4172
106.773471 1198 4172
106.773505 1198 4172
106.773538 1198 4172
106.773571 366 4172
106.787631 1198 4172
106.787722 1198 4172
106.787751 1198 4172
106.787790 1198 4172
106.787826 1198 4172
106.787871 1198 4172
106.787913 190 4172
106.787959 1198 4172
106.793194 1198 4172
106.793238 1198 4172
106.793274 1198 4172
106.793309 1198 4172
106.795335 1198 4172
106.795370 622 4172
106.801110 1198 4172
106.807095 1198 4172
106.807136 1198 4172
106.807169 1198 4172
106.813182 1198 4172
106.813230 222 4172
106.813267 1198 4172
106.819203 1198 4172
106.819246 110 4172
106.819280 1198 4172
106.821568 718 4172
106.821609 1198 4172
106.821644 174 4172
106.829006 1198 4172
106.829056 958 4172
106.835133 1198 4172
106.835169 1198 4172
106.835216 1198 4172
106.841096 1198 4172
106.841147 1198 4172
106.841183 510 4172
106.847099 1198 4172
106.847141 1198 4172
106.853191 1198 4172
106.853229 1198 4172
106.859143 1198 4172
106.859183 1198 4172
106.865130 1198 4172
106.865166 1198 4172
106.870198 1198 4172
106.870245 1198 4172
106.870286 1198 4172
106.877140 1134 4172
106.877177 1198 4172
106.883110 958 4172
106.883151 1198 4172
106.883187 1198 4172
106.889095 1198 4172
106.889136 1198 4172
106.895158 1198 4172
106.895194 1198 4172
106.895238 654 4172
106.901058 1198 4172
106.901093 510 4172
106.901136 1198 4172
106.911096 1198 4172
106.911139 702 4172
106.926406 110 4172
106.952075 1198 4172
107.013353 110 4172
107.013402 110 4172
107.013439 110 4172
107.034116 110 4172
107.116070 110 4172
107.320220 110 4172
107.320272 110 4172
107.320310 110 4172
107.443162 110 4172
107.565978 110 4172
107.566018 110 4172
107.851951 110 4172
107.851986 110 4172
107.852014 110 4172
108.097202 110 4172
108.383287 110 4172
108.547108 110 4172
108.629167 110 4172
108.916025 110 4172
109.162102 110 4172
109.449135 110 4172
109.449149 110 4172
109.531107 110 4172
109.695097 110 4172
109.982157 110 4172
110.433077 110 4172
110.515021 110 4172
111.415921 110 4172
111.539115 110 4172
112.441046 110 4172
112.523045 110 4172
112.645904 110 4172
113.425904 110 4172
113.548989 110 4172
114.448988 110 4172
114.530959 110 4172
115.307916 110 4172
115.431032 110 4172
115.554041 110 4172
116.414910 110 4172
116.537901 110 4172
117.438992 110 4172
117.520969 110 4172
117.930813 110 4172
118.422877 110 4172
118.545929 110 4172
119.445930 110 4172
119.527866 110 4172
120.428901 110 4172
120.550991 110 4172
120.591816 110 4172
121.450862 110 4172
121.532836 110 4172
121.568512 366 4172
121.570372 174 4172
121.573439 958 4172
121.573636 1198 4172
121.573674 1198 4172
121.573707 1198 4172
121.573738 1198 4172
121.573774 1118 4172
121.579698 1198 4172
121.579730 1198 4172
121.579760 1198 4172
121.579796 1198 4172
121.579825 942 4172
121.582866 1198 4172
121.582903 1198 4172
121.582933 1198 4172
121.582962 1198 4172
121.582990 1198 4172
121.583019 1166 4172
121.585834 1198 4172
121.585866 1198 4172
121.585891 1198 4172
121.585924 1198 4172
121.585956 1198 4172
121.585987 1198 4172
121.586017 158 4172
121.591808 1198 4172
121.591848 1198 4172
121.591883 1198 4172
121.591916 1198 4172
121.591950 1198 4172
121.591984 1198 4172
121.595026 110 4172
121.598048 1198 4172
121.598077 1198 4172
121.598106 1198 4172
121.598136 1198 4172
121.598166 1198 4172
121.598195 254 4172
121.603801 1198 4172
121.603832 1198 4172
121.609805 1198 4172
121.609839 1198 4172
121.609875 1198 4172
121.614695 814 4172
121.614737 1198 4172
121.621717 1198 4172
121.621784 1198 4172
121.621818 1198 4172
121.627879 1198 4172
121.627932 862 4172
121.627986 1198 4172
121.633813 1198 4172
121.639767 1198 4172
121.639807 1198 4172
121.639843 414 4172
121.645781 1198 4172
121.645824 1198 4172
121.645860 1198 4172
121.651709 1198 4172
121.651750 1198 4172
121.655679 1198 4172
121.655723 174 4172
121.655757 1198 4172
121.663805 1198 4172
121.663849 1198 4172
121.663884 398 4172
121.663918 174 4172
121.669801 190 4172
121.669838 1198 4172
121.669872 1198 4172
121.669906 1198 4172
121.675800 1198 4172
121.675834 1198 4172
121.696836 734 4172
121.724141 1198 4172
121.724226 782 4172
121.733029 1198 4172
121.733088 1198 4172
121.733121 1038 4172
121.737758 1198 4172
121.737790 1198 4172
121.737820 1198 4172
121.737858 318 4172
121.750238 1198 4172
121.750246 1198 4172
121.750323 1198 4172
121.750324 1198 4172
121.750355 494 4172
121.752466 1198 4172
121.752507 1198 4172
121.752540 1198 4172
121.752574 1198 4172
121.752612 590 4172
121.759176 1198 4172
121.767180 1198 4172
121.767209 1198 4172
121.767254 1198 4172
121.767292 1198 4172
121.767328 526 4172
121.776222 1198 4172
121.776311 1198 4172
121.776313 1198 4172
121.776348 1150 4172
121.778808 1198 4172
121.778835 1198 4172
121.778873 1198 4172
121.778909 1198 4172
121.778944 670 4172
121.793122 1198 4172
121.793185 1198 4172
121.793220 1198 4172
121.793254 1198 4172
121.793295 1038 4172
121.801946 1198 4172
121.802064 1198 4172
121.802066 1198 4172
121.802102 1198 4172
121.802135 526 4172
121.809705 1198 4172
121.809742 1198 4172
121.809781 1198 4172
121.809817 398 4172
121.818137 1198 4172
121.818235 1198 4172
121.818238 894 4172
121.819738 190 4172
121.836256 1198 4172
121.836332 1198 4172
121.836367 302 4172
121.845235 1198 4172
121.845357 1198 4172
121.845358 1198 4172
121.845393 1198 4172
121.845427 1198 4172
121.845460 782 4172
121.853421 1198 4172
121.853465 1198 4172
121.853507 1198 4172
121.853548 1198 4172
121.853581 1198 4172
121.853621 1182 4172
121.853666 1198 4172
121.860698 1198 4172
121.860737 1198 4172
121.860775 1198 4172
121.860808 1198 4172
121.860844 1198 4172
121.860876 366 4172
121.869687 1198 4172
121.869735 1198 4172
121.869785 1198 4172
121.869824 1198 4172
121.869860 1198 4172
121.869895 1198 4172
121.869929 958 4172
121.875773 1198 4172
121.875814 1198 4172
121.875848 1198 4172
121.875881 1198 4172
121.875915 1198 4172
121.881793 1198 4172
121.881834 1198 4172
121.887799 1198 4172
121.887835 1198 4172
121.887876 1198 4172
121.893662 302 4172
121.893701 1198 4172
121.893735 1198 4172
121.899828 1198 4172
121.899870 1198 4172
121.899906 1198 4172
121.911779 1198 4172
121.911817 814 4172
121.911853 1198 4172
121.917688 1198 4172
121.917726 1198 4172
121.917776 1198 4172
121.923679 1198 4172
121.923723 1198 4172
121.929692 1198 4172
121.929729 1198 4172
121.929773 110 4172
121.929811 1198 4172
121.935786 1198 4172
121.935834 526 4172
121.935867 1198 4172
121.941755 1198 4172
121.941800 1198 4172
121.942776 1198 4172
121.942816 1198 4172
121.942850 1198 4172
121.953819 1198 4172
121.953821 430 4172
121.953895 1198 4172
121.959862 1198 4172
121.959908 1198 4172
121.959944 1198 4172
121.965796 1198 4172
121.965830 1198 4172
121.971826 798 4172
121.971866 1198 4172
121.971902 1198 4172
121.977804 1198 4172
121.977842 1198 4172
121.977882 1198 4172
121.983689 494 4172
121.983736 1198 4172
121.993268 1134 4172
121.993315 1198 4172
121.993346 414 4172
122.002394 1198 4172
122.002510 670 4172
122.004484 1198 4172
122.004518 1198 4172
122.004561 462 4172
122.024893 1198 4172
122.229832 110 4172
122.229893 110 4172
122.229946 110 4172
122.434910 110 4172
122.475789 110 4172
122.761809 110 4172
123.007771 110 4172
123.294885 110 4172
123.417627 110 4172
123.528898 110 4172
123.827757 110 4172
124.358785 110 4172
124.440781 110 4172
124.522820 110 4172
124.604885 110 4172
125.424698 110 4172
125.547870 110 4172
125.759747 542 4172
125.893192 126 4172
125.912671 60 60000
125.923664 158 4172
125.938780 1198 4172
125.938804 1198 4172
125.938838 1198 4172
125.938868 1198 4172
125.938897 1198 4172
125.938928 1198 4172
125.938956 1198 4172
125.938984 1198 4172
125.939012 238 4172
125.948611 1198 4172
125.948688 1198 4172
125.948718 1198 4172
125.948749 1198 4172
125.948811 1198 4172
125.948841 1198 4172
125.948869 1198 4172
125.948902 1198 4172
125.948934 830 4172
125.959638 1198 4172
125.959664 1198 4172
125.959694 1198 4172
125.959723 1198 4172
125.959751 1198 4172
125.959772 1198 4172
125.959802 1198 4172
125.959830 414 4172
125.962396 1198 4172
125.962433 1198 4172
125.962462 1198 4172
125.962486 1198 4172
125.962524 1198 4172
125.962549 1198 4172
125.962578 1198 4172
125.962605 1198 4172
125.962633 654 4172
125.962675 1198 4172
125.964597 1198 4172
125.964632 1198 4172
125.964661 1198 4172
125.964687 1198 4172
125.964713 1198 4172
125.973823 1198 4172
125.973887 1198 4172
125.979720 718 4172
125.979755 1198 4172
125.985717 1198 4172
125.985750 1198 4172
125.992268 1198 4172
125.992302 1198 4172
125.997712 1198 4172
125.997755 1198 4172
125.997783 270 4172
125.997813 1198 4172
126.003745 1198 4172
126.003779 1198 4172
126.005780 1198 4172
126.005822 1198 4172
126.005855 1198 4172
126.015968 1198 4172
126.016002 1198 4172
126.024159 1198 4172
126.024185 142 4172
126.024211 1198 4172
126.024246 1198 4172
126.027796 1198 4172
126.033751 1198 4172
126.033791 1198 4172
126.039748 1198 4172
126.045751 1198 4172
126.045787 894 4172
126.046658 1198 4172
126.057742 1198 4172
126.057815 1198 4172
126.063707 1198 4172
126.069731 1198 4172
126.069769 1198 4172
126.075681 1198 4172
126.081674 1198 4172
126.087657 1198 4172
126.087689 814 4172
126.093706 1198 4172
126.093739 1198 4172
126.099810 1198 4172
126.105811 1198 4172
126.111764 1198 4172
126.111808 1198 4172
126.117771 1198 4172
126.123645 1198 4172
126.123677 1198 4172
126.128665 958 4172
126.135749 1198 4172
126.135751 1198 4172
126.141693 1198 4172
126.147707 1198 4172
126.147762 1198 4172
126.153755 1198 4172
126.159673 1198 4172
126.159703 1198 4172
126.165996 734 4172
126.166033 1198 4172
126.169642 1198 4172
126.177704 1198 4172
126.183748 1198 4172
126.189753 1198 4172
126.189789 1198 4172
126.195716 1198 4172
126.201660 1198 4172
126.201690 1198 4172
126.207720 1198 4172
126.210602 110 4172
126.219724 1198 4172
126.219766 1198 4172
126.225691 1198 4172
126.231752 174 4172
126.231776 1198 4172
126.231807 1198 4172
126.237699 1198 4172
126.243667 1198 4172
126.243695 1198 4172
126.249698 1198 4172
126.253120 1198 4172
126.253164 1198 4172
126.261849 686 4172
126.261887 1198 4172
126.267762 1198 4172
126.274794 1198 4172
126.274832 1198 4172
126.279689 1198 4172
126.285656 1198 4172
126.285712 1198 4172
126.291674 1198 4172
126.297060 334 4172
126.297120 1198 4172
126.309231 1198 4172
126.309342 1198 4172
126.312680 1198 4172
126.312756 1198 4172
126.315723 1198 4172
126.322932 1198 4172
126.327684 1134 4172
126.327717 558 4172
126.333684 1198 4172
126.333719 1198 4172
126.338306 1198 4172
126.345751 302 4172
126.345793 126 4172
126.345820 1086 4172
126.345847 1182 4172
126.352011 894 4172
126.357767 910 4172
126.357811 814 4172
126.370755 1198 4172
126.372237 1198 4172
126.372427 1198 4172
126.372634 462 4172
126.375834 1198 4172
126.375869 878 4172
126.381852 670 4172
126.381887 1198 4172
126.382686 1198 4172
126.393793 1198 4172
126.393874 1198 4172
126.400000 1198 4172
126.405869 1198 4172
126.405903 750 4172
126.411900 1198 4172
126.411941 1198 4172
126.418106 1198 4172
126.424683 1198 4172
126.425476 1198 4172
126.425571 110 4172
126.427144 1198 4172
126.435665 670 4172
126.435703 1198 4172
126.441723 1198 4172
126.448352 1198 4172
126.448385 1198 4172
126.456795 1198 4172
126.459814 1198 4172
126.459836 990 4172
126.467002 1198 4172
126.482374 1198 4172
126.484297 110 4172
126.485332 1198 4172
126.494421 1198 4172
126.494879 1198 4172
126.495280 1198 4172
126.495421 126 4172
126.495667 1198 4172
126.501231 1198 4172
126.501272 1198 4172
126.507846 1198 4172
126.507876 1198 4172
126.513739 1198 4172
126.520207 1198 4172
126.520235 110 4172
126.520269 1198 4172
126.530941 270 4172
126.530944 1198 4172
126.531720 1198 4172
126.531751 1198 4172
126.537731 1198 4172
126.542426 1198 4172
126.542464 1054 4172
126.550391 1198 4172
126.557404 1198 4172
126.557442 1198 4172
126.561696 1198 4172
126.571209 1198 4172
126.574377 1198 4172
126.579663 1198 4172
126.579692 1198 4172
126.584863 1198 4172
126.591673 1198 4172
126.591706 862 4172
126.599368 1198 4172
126.599404 1198 4172
126.610494 846 4172
126.610581 1198 4172
126.610659 1198 4172
126.617607 1198 4172
126.617647 1198 4172
126.621714 1198 4172
126.625780 110 4172
126.625818 798 4172
126.625847 1198 4172
126.638498 1198 4172
126.638745 1198 4172
126.674946 1198 4172
126.675756 1198 4172
126.676816 1198 4172
126.676851 590 4172
126.676885 1198 4172
126.676914 1198 4172
126.676942 1198 4172
126.676971 1198 4172
126.677000 1198 4172
126.677055 1198 4172
126.677082 606 4172
126.677110 1198 4172
126.677137 1198 4172
126.696046 1198 4172
126.696049 1198 4172
126.696078 1198 4172
126.699702 1198 4172
126.699726 414 4172
126.706253 1198 4172
126.706286 1198 4172
126.715657 1198 4172
126.717680 1198 4172
126.717716 1198 4172
126.723666 1198 4172
126.731653 302 4172
126.731686 1198 4172
126.731716 1198 4172
126.735716 1198 4172
126.741703 110 4172
126.741729 1198 4172
126.741756 1198 4172
126.745329 1198 4172
126.753716 446 4172
126.753759 1198 4172
126.759646 1198 4172
126.759676 1198 4172
126.760809 60 60000
126.765751 1198 4172
126.775396 1198 4172
126.777639 478 4172
126.777665 1198 4172
126.783593 1198 4172
126.783624 1198 4172
126.789647 1198 4172
126.797165 1198 4172
126.797200 1086 4172
126.801632 174 4172
126.801666 1198 4172
126.801695 1198 4172
126.807604 1198 4172
126.813755 1198 4172
126.813790 206 4172
126.813825 1198 4172
126.816052 1198 4172
126.825790 1198 4172
126.825822 1198 4172
126.831678 1198 4172
126.839384 862 4172
126.839426 1198 4172
126.839616 1198 4172
126.843723 1198 4172
126.849755 1198 4172
126.855706 1198 4172
126.855750 1198 4172
126.861660 126 4172
126.861702 1198 4172
126.862790 1198 4172
126.862829 1198 4172
126.873685 1198 4172
126.879666 1198 4172
126.879696 1198 4172
126.885734 478 4172
126.885769 1198 4172
126.891670 1198 4172
126.891698 1198 4172
126.897694 1198 4172
126.903904 1198 4172
126.904101 1198 4172
126.911679 638 4172
126.911778 1198 4172
126.915805 1198 4172
126.915860 1198 4172
126.921699 1198 4172
126.927698 1198 4172
126.927779 1198 4172
126.933939 350 4172
126.934001 1198 4172
126.939763 1198 4172
126.939813 1198 4172
126.945701 1198 4172
126.952716 1198 4172
126.952793 1198 4172
126.957734 158 4172
126.957768 1198 4172
126.963670 1198 4172
126.963705 1198 4172
126.969667 1198 4172
126.975853 1198 4172
126.975881 622 4172
126.981817 1198 4172
126.982893 1198 4172
126.990567 1198 4172
126.995524 1198 4172
126.995643 1198 4172
126.995689 430 4172
127.010830 1198 4172
127.011621 1198 4172
127.011651 1198 4172
127.011687 1198 4172
127.011715 110 4172
127.017648 398 4172
127.017679 1198 4172
127.023658 1198 4172
127.029890 1198 4172
127.029991 1198 4172
127.035750 1198 4172
127.035777 286 4172
127.041679 1198 4172
127.041722 1198 4172
127.047641 1198 4172
127.058917 1198 4172
127.059610 1102 4172
127.059646 1198 4172
127.065656 1198 4172
127.071663 1198 4172
127.071691 1198 4172
127.088133 1070 4172
127.088163 1198 4172
127.089599 1198 4172
127.089657 1198 4172
127.089708 1198 4172
127.091730 1198 4172
127.101642 1198 4172
127.101675 414 4172
127.101728 1198 4172
127.107636 1198 4172
127.116451 1198 4172
127.116552 1198 4172
127.116635 638 4172
127.119662 494 4172
127.119697 1198 4172
127.127950 1198 4172
127.131639 190 4172
127.131677 1198 4172
127.131709 1198 4172
127.137658 1198 4172
127.140494 350 4172
127.154040 1198 4172
127.154078 1198 4172
127.155611 1198 4172
127.155648 1198 4172
127.168467 1198 4172
127.168535 878 4172
127.177843 1198 4172
127.183501 1198 4172
127.183590 1198 4172
127.183687 1198 4172
127.185667 1198 4172
127.185692 1198 4172
127.189432 1198 4172
127.203634 1198 4172
127.203657 1198 4172
127.219365 1198 4172
127.219412 1198 4172
127.219446 1198 4172
127.219759 1198 4172
127.233763 1198 4172
127.233795 1198 4172
127.233839 1198 4172
127.233866 1198 4172
127.240252 126 4172
127.240349 1198 4172
127.249726 1198 4172
127.249926 638 4172
127.249977 1198 4172
127.251659 1198 4172
127.251697 478 4172
127.251732 1198 4172
127.258324 1198 4172
127.258364 1198 4172
127.263636 1198 4172
127.273976 350 4172
127.274098 1198 4172
127.274190 1198 4172
127.275390 110 4172
127.275446 1198 4172
127.281647 1198 4172
127.281693 1198 4172
127.289032 1198 4172
127.289077 158 4172
127.289821 1198 4172
127.297687 1198 4172
127.299716 1198 4172
127.299830 1198 4172
127.309446 1198 4172
127.309604 622 4172
127.311617 1198 4172
127.311650 1198 4172
127.315592 1198 4172
127.331188 1198 4172
127.331227 1198 4172
127.336880 414 4172
127.346514 1198 4172
127.346610 1198 4172
127.346648 1198 4172
127.346697 1198 4172
127.347670 1198 4172
127.347707 382 4172
127.347831 1198 4172
127.360377 1198 4172
127.360518 1198 4172
127.360556 1198 4172
127.360596 1198 4172
127.367580 286 4172
127.367635 1198 4172
127.371667 1198 4172
127.377623 1198 4172
127.377651 1198 4172
127.390259 1070 4172
127.390290 1198 4172
127.395636 1198 4172
127.395664 1198 4172
127.395691 1198 4172
127.407070 1054 4172
127.407104 1198 4172
127.407582 1198 4172
127.414084 1198 4172
127.419684 1198 4172
127.419734 1198 4172
127.425674 110 4172
127.425704 398 4172
127.425738 1198 4172
127.425770 1198 4172
127.450500 718 4172
127.450582 126 4172
127.491557 126 4172
127.491591 1198 4172
127.495336 1198 4172
127.495361 1198 4172
127.495391 1198 4172
127.495422 1198 4172
127.495460 718 4172
127.495510 1198 4172
127.504217 1198 4172
127.504304 1198 4172
127.504341 1198 4172
127.504376 1198 4172
127.504410 1198 4172
127.504457 1198 4172
127.504493 1166 4172
127.504572 1198 4172
127.511632 1198 4172
127.511665 1198 4172
127.511703 1198 4172
127.511738 1198 4172
127.515652 1198 4172
127.515676 1198 4172
127.515711 1198 4172
127.521596 110 4172
127.521633 798 4172
127.521670 1198 4172
127.527657 1198 4172
127.527683 1198 4172
127.532597 1198 4172
127.539712 1198 4172
127.545722 1198 4172
127.545759 110 4172
127.545797 1198 4172
127.551610 1198 4172
127.557880 526 4172
127.557957 1198 4172
127.558050 1198 4172
127.563711 1198 4172
127.569699 1198 4172
127.569739 1198 4172
127.573926 1198 4172
127.573970 1198 4172
127.581687 1198 4172
127.587692 1198 4172
127.593619 670 4172
127.593656 1198 4172
127.599568 1198 4172
127.599613 1198 4172
127.605926 1198 4172
127.611690 1198 4172
127.611726 1198 4172
127.614578 1198 4172
127.614621 1198 4172
127.623705 1198 4172
127.629694 1102 4172
127.629741 110 4172
127.629787 1198 4172
127.635564 1198 4172
127.635610 1198 4172
127.641703 1198 4172
127.647565 1198 4172
127.647604 1198 4172
127.653843 1198 4172
127.653892 1198 4172
127.655637 846 4172
127.655688 1198 4172
127.665648 1198 4172
127.671689 1198 4172
127.671726 1198 4172
127.677652 1198 4172
127.683689 1198 4172
127.683736 1198 4172
127.689609 718 4172
127.689638 1198 4172
127.695703 1198 4172
127.695739 1198 4172
127.696689 1198 4172
127.707842 1198 4172
127.707867 1198 4172
127.713659 1198 4172
127.713694 238 4172
127.713751 1198 4172
127.719706 1198 4172
127.725621 1198 4172
127.725657 110 4172
127.725705 1198 4172
127.731675 1198 4172
127.737656 1198 4172
127.737700 1198 4172
127.743571 318 4172
127.743614 1198 4172
127.749962 1198 4172
127.750011 1198 4172
127.755676 1198 4172
127.761685 1198 4172
127.767633 1166 4172
127.767672 1198 4172
127.773700 1198 4172
127.773726 1198 4172
127.778691 1198 4172
127.785692 1198 4172
127.785737 1198 4172
127.791668 1198 4172
127.791710 238 4172
127.791748 1198 4172
127.797933 1198 4172
127.803666 1198 4172
127.803709 1198 4172
127.809658 110 4172
127.809703 1198 4172
127.815593 1198 4172
127.815629 206 4172
127.815671 1198 4172
127.819626 110 4172
127.819667 1198 4172
127.827611 1198 4172
127.827632 1198 4172
127.833656 1198 4172
127.833685 1198 4172
127.839568 1150 4172
127.845810 1198 4172
127.845847 1198 4172
127.851550 1198 4172
127.851585 190 4172
127.851620 1198 4172
127.857624 1070 4172
127.860742 1198 4172
127.860780 1198 4172
127.869585 1198 4172
127.869624 1198 4172
127.875674 1198 4172
127.881750 894 4172
127.881799 1198 4172
127.887685 1198 4172
127.887737 1198 4172
127.893849 1198 4172
127.893899 1198 4172
127.899673 1198 4172
127.901557 1198 4172
127.901595 1182 4172
127.911764 1198 4172
127.911767 1198 4172
127.917586 1198 4172
127.923681 1198 4172
127.923738 1198 4172
127.929666 1198 4172
127.935662 1198 4172
127.935705 1198 4172
127.941962 814 4172
127.942008 1198 4172
127.942653 1198 4172
127.942701 1198 4172
127.953725 1198 4172
127.959690 1198 4172
127.959739 1198 4172
127.965674 1198 4172
127.965720 1198 4172
127.971666 1198 4172
127.977588 542 4172
127.977640 1198 4172
127.977681 1198 4172
127.983685 1198 4172
127.990172 1198 4172
127.995686 1198 4172
127.995737 1198 4172
128.001674 1198 4172
128.007693 1198 4172
128.007747 702 4172
128.013658 1198 4172
128.013701 1198 4172
128.019721 1198 4172
128.019765 1198 4172
128.024690 1198 4172
128.031675 1198 4172
128.031728 1198 4172
128.037880 1198 4172
128.043669 1198 4172
128.043718 1118 4172
128.049669 1198 4172
128.049711 1198 4172
128.055579 1198 4172
128.055624 1198 4172
128.061661 1198 4172
128.065620 1198 4172
128.065674 1198 4172
128.073671 110 4172
128.073716 1198 4172
128.079688 862 4172
128.079719 1198 4172
128.085888 1198 4172
128.085941 1198 4172
128.091681 1198 4172
128.091736 1198 4172
128.097678 1198 4172
128.103672 1198 4172
128.103716 750 4172
128.106681 1198 4172
128.106727 1198 4172
128.115668 1198 4172
128.115758 1198 4172
128.121642 1198 4172
128.127674 1198 4172
128.127736 1198 4172
128.133871 254 4172
128.133919 1198 4172
128.139578 1198 4172
128.139622 1198 4172
128.145672 1198 4172
128.145725 1198 4172
128.147617 1198 4172
128.157686 1198 4172
128.157743 334 4172
128.157787 1198 4172
128.163666 1198 4172
128.169610 1198 4172
128.169658 1198 4172
128.175671 1198 4172
128.175720 1198 4172
128.181846 1198 4172
128.187677 1198 4172
128.187731 1198 4172
128.188577 1198 4172
128.188620 1198 4172
128.199699 1198 4172
128.205576 1198 4172
128.205608 270 4172
128.205650 1198 4172
128.211660 1198 4172
128.217672 1198 4172
128.217727 1198 4172
128.223658 1198 4172
128.223699 1198 4172
128.229874 222 4172
128.229922 1198 4172
128.235671 1198 4172
128.235724 1198 4172
128.241683 1198 4172
128.247596 1198 4172
128.247646 1198 4172
128.253634 1182 4172
128.253680 1198 4172
128.259678 1198 4172
128.265670 1198 4172
128.265717 1198 4172
128.270659 1198 4172
128.270707 1198 4172
128.277856 110 4172
128.277880 1198 4172
128.283703 1198 4172
128.283749 1198 4172
128.289595 1198 4172
128.289641 1198 4172
128.295741 814 4172
128.295790 126 4172
128.297129 126 4172
128.306088 126 4172
128.311648 126 4172
128.323122 126 4172
128.331162 126 4172
128.339103 126 4172
128.339157 110 4172
128.348728 126 4172
128.352663 1198 4172
128.352708 1198 4172
128.352747 1198 4172
128.352785 1198 4172
128.352828 1198 4172
128.352868 1198 4172
128.352904 254 4172
128.365100 1198 4172
128.365120 1198 4172
128.365158 1198 4172
128.365196 430 4172
128.367502 606 4172
128.373096 1198 4172
128.382100 126 4172
128.391134 126 4172
128.393513 126 4172
128.407073 126 4172
128.413291 126 4172
128.415964 110 4172
128.425569 126 4172
128.433438 1198 4172
128.433492 1198 4172
128.433534 1198 4172
128.433575 1102 4172
128.433632 1198 4172
128.434662 1198 4172
128.434702 1198 4172
128.450436 1198 4172
128.450449 1198 4172
128.450549 1198 4172
128.450593 190 4172
128.450647 1198 4172
128.452451 1198 4172
128.452550 1198 4172
128.452590 366 4172
128.459424 558 4172
128.459500 1198 4172
128.459555 1198 4172
128.467287 1198 4172
128.467337 206 4172
128.475534 1198 4172
128.475579 1198 4172
128.475619 622 4172
128.485414 1198 4172
128.485508 1198 4172
128.485762 606 4172
128.485830 1198 4172
128.492970 1198 4172
128.493021 1198 4172
128.493063 382 4172
128.503206 1198 4172
128.503258 1198 4172
128.503300 1070 4172
128.508969 1198 4172
128.509016 702 4172
128.513298 302 4172
128.516664 1198 4172
128.527507 1198 4172
128.527560 1198 4172
128.527619 1198 4172
128.536617 1198 4172
128.536651 1198 4172
128.536688 590 4172
128.545601 1198 4172
128.545687 1198 4172
128.545690 1198 4172
128.545730 1086 4172
128.547505 1198 4172
128.547551 1198 4172
128.547587 1198 4172
128.547623 1198 4172
128.547659 734 4172
128.553687 110 4172
128.557514 1198 4172
128.557557 1198 4172
128.557595 1198 4172
128.557632 1198 4172
128.567678 1198 4172
128.567737 1198 4172
128.567769 1198 4172
128.567807 1198 4172
128.576692 1198 4172
128.576777 1198 4172
128.576780 1198 4172
128.582727 1198 4172
128.588722 590 4172
128.588767 1198 4172
128.594688 1198 4172
128.594731 318 4172
128.594770 1198 4172
128.598615 126 4172
128.598668 1198 4172
128.606717 1198 4172
128.606758 110 4172
128.606796 110 4172
128.606833 110 4172
128.606875 1198 4172
128.612766 1198 4172
128.612813 702 4172
128.618714 1198 4172
128.618765 1198 4172
128.624689 1198 4172
128.630745 1198 4172
128.630799 1198 4172
128.636700 110 4172
128.636745 206 4172
128.636787 1198 4172
128.636826 1198 4172
128.639503 1198 4172
128.648588 1198 4172
128.648635 1198 4172
128.654711 558 4172
128.654753 1198 4172
128.660703 1198 4172
128.660748 1198 4172
128.666734 1198 4172
128.666778 1198 4172
128.672750 286 4172
128.672791 1198 4172
128.678723 1198 4172
128.678776 1198 4172
128.680698 1198 4172
128.680752 334 4172
128.680790 1198 4172
128.690630 1198 4172
128.696746 1198 4172
128.696782 1198 4172
128.702689 462 4172
128.702733 1198 4172
128.702774 1198 4172
128.708728 1198 4172
128.715297 1198 4172
128.715332 1198 4172
128.720750 110 4172
128.720801 430 4172
128.720847 1198 4172
128.721554 1198 4172
128.721593 1102 4172
128.732658 1198 4172
128.732707 1198 4172
128.738731 1198 4172
128.744662 1198 4172
128.750749 574 4172
128.750814 1198 4172
128.750862 1198 4172
128.756715 1198 4172
128.762708 398 4172
128.762756 1198 4172
128.762800 1198 4172
128.768720 1198 4172
128.768760 814 4172
128.774667 1198 4172
128.774715 1198 4172
128.780686 1198 4172
128.786774 1198 4172
128.786820 1198 4172
128.792688 1198 4172
128.792729 350 4172
128.792771 1198 4172
128.798597 1198 4172
128.803608 1198 4172
128.803662 1198 4172
128.810641 1198 4172
128.810696 1198 4172
128.816736 1198 4172
128.816782 110 4172
128.816828 1198 4172
128.822725 1198 4172
128.828683 110 4172
128.828732 1198 4172
128.828774 1198 4172
128.834698 1198 4172
128.834739 1198 4172
128.840707 974 4172
128.840746 1198 4172
128.844568 1198 4172
128.844613 1198 4172
128.852684 1198 4172
128.858742 1198 4172
128.858793 1198 4172
128.864670 494 4172
128.864718 1198 4172
128.864759 1198 4172
128.870672 1198 4172
128.876738 1198 4172
128.876781 110 4172
128.876825 110 4172
128.876865 110 4172
128.876906 1198 4172
128.882712 1198 4172
128.882759 1198 4172
128.885765 1198 4172
128.885823 1198 4172
128.894677 958 4172
128.900713 1198 4172
128.900753 1198 4172
128.906693 1198 4172
128.912635 1198 4172
128.912690 1198 4172
128.918770 1198 4172
128.918816 1198 4172
128.924712 1198 4172
128.926662 1198 4172
128.926706 110 4172
128.926746 318 4172
128.926787 1198 4172
128.936715 1198 4172
128.936764 1198 4172
128.942686 1198 4172
128.948599 1198 4172
128.948647 1198 4172
128.954702 1198 4172
128.954754 1198 4172
128.960700 782 4172
128.960741 1198 4172
128.966697 1198 4172
128.966747 1198 4172
128.967598 1198 4172
128.967637 1198 4172
128.978715 1198 4172
128.978758 1198 4172
128.984796 1198 4172
128.990626 1198 4172
128.990673 206 4172
128.990718 1198 4172
128.996745 1198 4172
128.996791 1198 4172
129.002699 1198 4172
129.002749 1198 4172
129.008686 1198 4172
129.014735 1198 4172
129.014780 1198 4172
129.020893 110 4172
129.020933 862 4172
129.020973 1198 4172
129.026655 1198 4172
129.026701 1198 4172
129.032720 1198 4172
129.032768 1198 4172
129.038705 1198 4172
129.038752 1198 4172
129.044672 254 4172
129.044712 1198 4172
129.049509 1198 4172
129.049554 1198 4172
129.056717 1198 4172
129.056761 1198 4172
129.062713 1198 4172
129.062767 1198 4172
129.068688 334 4172
129.068728 1198 4172
129.074698 1198 4172
129.074746 1198 4172
129.080687 1198 4172
129.080732 1198 4172
129.086762 1198 4172
129.086808 1198 4172
129.090679 1198 4172
129.090723 494 4172
129.098618 1198 4172
129.098670 1198 4172
129.101615 590 4172
129.101659 414 4172
129.107647 1198 4172
129.107691 1198 4172
129.113541 1198 4172
129.113593 1198 4172
129.119719 110 4172
129.119762 1198 4172
129.125871 990 4172
129.125918 1198 4172
129.131611 1198 4172
129.131656 110 4172
129.131700 110 4172
129.131741 110 4172
129.131782 1198 4172
129.137565 1198 4172
129.137604 1198 4172
129.143672 1198 4172
129.149636 1198 4172
129.149680 1198 4172
129.155642 1102 4172
129.155690 1198 4172
129.161655 1198 4172
129.161699 1198 4172
129.167678 1198 4172
129.167737 1198 4172
129.172581 1198 4172
129.172630 1198 4172
129.179693 1198 4172
129.179744 1198 4172
129.185645 638 4172
129.185687 1198 4172
129.191717 1198 4172
129.191773 1198 4172
129.197648 1198 4172
129.203567 1198 4172
129.203614 1198 4172
129.209652 1198 4172
129.213497 1198 4172
129.213543 1198 4172
129.221792 430 4172
129.221840 110 4172
129.221880 1198 4172
129.227585 1198 4172
129.227632 1198 4172
129.233644 1198 4172
129.239566 1198 4172
129.239617 1198 4172
129.245650 1198 4172
129.251650 1198 4172
129.251693 1198 4172
129.254681 1198 4172
129.254725 286 4172
129.263643 1198 4172
129.263690 1198 4172
129.269901 1198 4172
129.269958 1198 4172
129.275643 1198 4172
129.281636 1198 4172
129.281684 1198 4172
129.287685 1198 4172
129.287743 1198 4172
129.295606 830 4172
129.336573 110 4172
129.404740 1198 4172
129.413293 110 4172
129.413339 110 4172
129.413378 110 4172
129.418592 110 4172
129.540905 110 4172
129.663668 110 4172
129.663689 110 4172
129.663742 110 4172
129.949731 110 4172
129.949741 110 4172
129.949827 110 4172
130.236685 110 4172
130.441730 110 4172
130.482650 110 4172
130.523654 110 4172
131.015655 110 4172
131.260638 110 4172
131.424642 110 4172
131.529667 110 4172
131.547580 110 4172
131.834628 110 4172
132.080660 110 4172
132.326597 110 4172
132.449610 110 4172
132.531603 110 4172
133.432638 110 4172
133.514611 110 4172
134.417521 110 4172
134.540687 110 4172
134.990583 110 4172
135.441513 110 4172
135.522527 110 4172
136.424484 110 4172
136.547573 110 4172
137.448630 110 4172
137.530525 110 4172
137.652486 110 4172
138.429472 110 4172
138.552514 110 4172
139.452485 110 4172
139.534447 110 4172
140.352520 110 4172
140.434502 110 4172
140.516479 110 4172
141.417478 110 4172
141.540455 110 4172
142.441503 110 4172
142.523422 110 4172
142.972485 110 4172
143.422403 110 4172
143.545422 110 4172
144.447476 110 4172
144.529454 110 4172
145.428318 110 4172
145.551391 110 4172
145.633392 110 4172
146.453403 110 4172
146.534391 110 4172
146.829572 238 4172
146.993424 158 4172
147.034200 270 4172
147.035704 254 4172
147.035738 270 4172
147.036477 318 4172
147.036510 222 4172
147.037807 222 4172
147.037839 302 4172
147.039471 222 4172
147.039502 222 4172
147.040397 238 4172
147.040422 270 4172
147.041255 334 4172
147.041282 238 4172
147.044417 270 4172
147.053649 1198 4172
147.053686 238 4172
147.053719 1198 4172
147.053757 1198 4172
147.053786 1198 4172
147.053837 1198 4172
147.053861 1198 4172
147.053889 1198 4172
147.053917 590 4172
147.075347 1198 4172
147.075357 1198 4172
147.075389 1198 4172
147.075413 1198 4172
147.075442 1198 4172
147.162769 126 4172
147.181500 126 4172
147.187555 1198 4172
147.187643 1198 4172
147.196589 158 4172
147.203242 174 4172
147.213781 110 4172
147.226246 174 4172
147.231336 1198 4172
147.231380 1198 4172
147.231416 1198 4172
147.231450 718 4172
147.231486 1198 4172
147.231520 1198 4172
147.231555 1198 4172
147.231588 1198 4172
147.231623 1198 4172
147.231657 1198 4172
147.231690 1198 4172
147.231723 1198 4172
147.231756 1198 4172
147.231788 1198 4172
147.232289 638 4172
147.232333 1086 4172
147.238416 1198 4172
147.238444 1198 4172
147.244371 1198 4172
147.244414 1198 4172
147.244447 1198 4172
147.244476 1198 4172
147.250253 1198 4172
147.250290 174 4172
147.250327 1198 4172
147.250361 1198 4172
147.256343 1198 4172
147.256372 1198 4172
147.262390 1198 4172
147.262421 654 4172
147.262452 1198 4172
147.268316 1198 4172
147.274466 1198 4172
147.280304 1198 4172
147.280351 1198 4172
147.285195 1198 4172
147.285287 1198 4172
147.292282 1198 4172
147.292319 1198 4172
147.298287 1198 4172
147.298344 1198 4172
147.304371 1198 4172
147.310256 1198 4172
147.310281 894 4172
147.316270 1198 4172
147.316330 1198 4172
147.322270 1198 4172
147.322301 1198 4172
147.326196 1198 4172
147.334524 1198 4172
147.334564 1198 4172
147.340301 1198 4172
147.340319 1198 4172
147.346337 1198 4172
147.346377 1198 4172
147.352356 1198 4172
147.352393 734 4172
147.352430 1198 4172
147.358234 1198 4172
147.364244 1198 4172
147.364287 1198 4172
147.367184 1198 4172
147.367225 1198 4172
147.376228 1198 4172
147.376253 1198 4172
147.382465 814 4172
147.382530 1198 4172
147.388250 1198 4172
147.388280 1198 4172
147.394218 1198 4172
147.394252 1198 4172
147.400251 1198 4172
147.400283 1198 4172
147.406201 1198 4172
147.406232 1198 4172
147.408169 302 4172
147.408195 1198 4172
147.418322 1198 4172
147.418358 1198 4172
147.424278 1198 4172
147.424312 1198 4172
147.430326 206 4172
147.430385 110 4172
147.430407 558 4172
147.430432 1022 4172
147.430458 174 4172
147.430529 174 4172
147.430562 910 4172
147.431293 174 4172
147.431322 206 4172
147.431356 158 4172
147.431385 174 4172
147.431414 158 4172
147.431440 494 4172
147.437215 1070 4172
147.449169 142 4172
147.449196 158 4172
147.470308 174 4172
147.489166 110 4172
147.489215 158 4172
147.490207 190 4172
147.533039 110 4172
147.533984 174 4172
147.563625 750 4172
147.563665 1198 4172
147.563693 158 4172
147.563719 350 4172
147.563744 158 4172
147.563769 158 4172
147.563794 910 4172
147.563822 174 4172
147.563846 142 4172
147.568825 1198 4172
147.568856 1198 4172
147.568905 1198 4172
147.568930 1198 4172
147.568955 1198 4172
147.568983 1198 4172
147.569009 1198 4172
147.569034 1198 4172
147.569058 1198 4172
147.569088 206 4172
147.569123 1198 4172
147.575823 1198 4172
147.575856 1198 4172
147.575886 1198 4172
147.575915 622 4172
147.575944 1198 4172
147.575973 1198 4172
147.576002 1198 4172
147.576028 1198 4172
147.576055 1198 4172
147.576194 1198 4172
147.576229 1198 4172
147.576263 110 4172
147.576288 1198 4172
147.582579 1198 4172
147.582615 1198 4172
147.587718 1198 4172
147.587756 1198 4172
147.587780 1198 4172
147.594706 1198 4172
147.594743 478 4172
147.594771 1198 4172
147.599204 1198 4172
147.599233 1198 4172
147.610188 1198 4172
147.610300 1198 4172
147.610327 1198 4172
147.611218 1198 4172
147.617213 1198 4172
147.617245 1198 4172
147.623300 1198 4172
147.623328 1198 4172
147.629226 1198 4172
147.629256 110 4172
147.629288 1198 4172
147.635757 1198 4172
147.635799 1198 4172
147.643857 1198 4172
147.643890 1198 4172
147.647216 254 4172
147.647248 1198 4172
147.647277 1198 4172
147.659639 1198 4172
147.659680 1198 4172
147.665233 1198 4172
147.665269 1198 4172
147.665301 1198 4172
147.665330 1198 4172
147.675909 1198 4172
147.675968 1102 4172
147.677179 1198 4172
147.677213 1198 4172
147.683764 1198 4172
147.683799 1198 4172
147.689932 1198 4172
147.689961 1198 4172
147.695179 1198 4172
147.695216 814 4172
147.695246 1198 4172
147.700181 1198 4172
147.700216 1198 4172
147.713371 1198 4172
147.713440 1198 4172
147.713465 1198 4172
147.713489 1198 4172
147.725161 622 4172
147.733252 158 4172
147.740229 1198 4172
147.740432 1198 4172
147.741564 1198 4172
147.746008 110 4172
147.749452 1198 4172
147.749507 1198 4172
147.749550 1198 4172
147.749593 110 4172
147.749632 1198 4172
147.749675 1198 4172
147.749714 430 4172
147.749761 1198 4172
147.749805 1198 4172
147.755383 1198 4172
147.755441 1198 4172
147.761271 1198 4172
147.761340 1198 4172
147.767541 958 4172
147.769318 1198 4172
147.774031 1198 4172
147.774225 1198 4172
147.774758 1198 4172
147.783483 1198 4172
147.785012 1198 4172
147.789688 1198 4172
147.795205 1198 4172
147.798337 1022 4172
147.812308 1198 4172
147.812595 1198 4172
147.815502 1198 4172
147.815547 1198 4172
147.815591 318 4172
147.820631 1198 4172
147.820659 1198 4172
147.820685 1198 4172
147.820712 1198 4172
147.820737 462 4172
147.820763 110 4172
147.820789 1198 4172
147.827245 1198 4172
147.827266 318 4172
147.827298 1198 4172
147.833961 1198 4172
147.839213 1198 4172
147.839244 1198 4172
147.847405 1198 4172
147.847439 302 4172
147.847470 1198 4172
147.851204 1198 4172
147.851241 1198 4172
147.857352 1198 4172
147.857393 366 4172
147.857424 158 4172
147.861387 142 4172
147.861424 830 4172
147.861459 1198 4172
147.861496 430 4172
147.869338 1198 4172
147.869372 1198 4172
147.869418 1198 4172
147.875189 1198 4172
147.881385 1198 4172
147.881430 1198 4172
147.887324 446 4172
147.887367 1198 4172
147.887413 974 4172
147.893276 1198 4172
147.893324 1198 4172
147.899337 1198 4172
147.899378 382 4172
147.899414 1198 4172
147.902298 1022 4172
147.902344 1198 4172
147.911286 1086 4172
147.911330 1198 4172
147.917289 1198 4172
147.917335 302 4172
147.917371 1198 4172
147.923219 1198 4172
147.923253 1198 4172
147.929306 110 4172
147.929350 1198 4172
147.929388 1198 4172
147.935240 270 4172
147.935283 1198 4172
147.935317 1198 4172
147.941396 814 4172
147.941433 1198 4172
147.942923 702 4172
147.942959 1198 4172
147.943128 270 4172
147.944691 254 4172
147.944724 270 4172
147.950271 1118 4172
147.951438 222 4172
147.951467 238 4172
147.951495 238 4172
147.951524 238 4172
147.951550 238 4172
147.951577 222 4172
147.951604 238 4172
147.952228 270 4172
147.952257 334 4172
147.955671 238 4172
147.955704 270 4172
147.961340 1198 4172
147.961373 1198 4172
147.967332 270 4172
147.967368 1198 4172
147.967403 1198 4172
147.973337 1198 4172
147.973378 1198 4172
147.979297 1198 4172
147.979339 766 4172
147.979376 1198 4172
147.990298 1198 4172
147.990335 1198 4172
147.991223 1198 4172
147.991261 1198 4172
147.997282 1198 4172
147.997320 702 4172
147.997358 702 4172
148.013400 494 4172
148.013447 862 4172
148.013484 174 4172
148.023893 110 4172
148.023971 110 4172
148.024023 110 4172
148.024065 110 4172
148.031255 174 4172
148.154406 110 4172
148.185732 174 4172
148.194725 174 4172
148.195128 174 4172
148.220666 110 4172
148.228610 158 4172
148.236371 126 4172
148.245678 126 4172
148.254426 126 4172
148.264845 862 4172
148.266515 1198 4172
148.266560 1150 4172
148.271656 158 4172
148.271696 174 4172
148.271737 110 4172
148.271765 110 4172
148.277258 286 4172
148.318342 110 4172
148.348608 142 4172
148.357481 158 4172
148.359142 158 4172
148.375460 1198 4172
148.375580 334 4172
148.382537 1198 4172
148.382568 1198 4172
148.382593 142 4172
148.390553 254 4172
148.399527 1134 4172
148.400162 494 4172
148.413253 430 4172
148.416557 110 4172
148.424273 1118 4172
148.441177 494 4172
148.441218 766 4172
148.482226 206 4172
148.482267 1198 4172
148.482298 542 4172
148.482327 1038 4172
148.513345 206 4172
148.523543 110 4172
148.541304 1198 4172
148.541307 1198 4172
148.541338 430 4172
148.558014 110 4172
148.558017 110 4172
148.560302 190 4172
148.564280 1198 4172
148.564314 1198 4172
148.564361 782 4172
148.605148 158 4172
148.658668 782 4172
148.659407 1198 4172
148.659459 1198 4172
148.659493 1198 4172
148.659531 1054 4172
148.659569 1198 4172
148.659606 1198 4172
148.659680 558 4172
148.686415 1198 4172
148.686468 1198 4172
148.686531 894 4172
148.686574 1198 4172
148.686629 1198 4172
148.686669 1198 4172
148.686706 830 4172
148.713405 254 4172
148.727277 110 4172
148.768334 222 4172
148.807310 382 4172
148.809234 110 4172
148.809298 110 4172
148.809338 110 4172
148.850293 110 4172
148.931299 110 4172
148.955718 318 4172
148.963640 446 4172
148.972313 142 4172
