0.022077 110 4172
0.066034 1198 4172
0.066082 1198 4172
0.066124 126 4172
0.066166 1198 4172
0.066203 1198 4172
0.066239 334 4172
0.282136 110 4172
0.545924 110 4172
0.602078 1198 4172
0.602136 558 4172
0.602164 1150 4172
0.602191 1198 4172
0.602282 558 4172
0.602313 1102 4172
0.617007 974 4172
0.617054 1198 4172
0.617088 1198 4172
0.617126 286 4172
0.617164 1198 4172
0.617192 1198 4172
0.617222 1198 4172
0.617252 542 4172
0.617283 174 4172
0.617313 158 4172
0.617345 1198 4172
0.619095 110 4172
0.631796 142 4172
0.634026 1198 4172
0.634073 1198 4172
0.634118 1198 4172
0.634158 1198 4172
0.634201 318 4172
0.634232 1198 4172
0.634268 1198 4172
0.634308 1198 4172
0.634341 1198 4172
0.634383 1198 4172
0.634418 1198 4172
0.634455 1198 4172
0.634491 1198 4172
0.634528 1198 4172
0.634564 1198 4172
0.634600 1198 4172
0.634635 1198 4172
0.634670 1198 4172
0.634705 1198 4172
0.646087 1134 4172
0.646136 1198 4172
0.646177 1198 4172
0.646216 1198 4172
0.655746 1198 4172
0.655790 1198 4172
0.655822 1198 4172
0.655856 1198 4172
0.655882 1198 4172
0.655912 1198 4172
0.662103 1198 4172
0.662133 1198 4172
0.662166 1198 4172
0.662202 1198 4172
0.670178 1198 4172
0.670220 1198 4172
0.670253 1198 4172
0.678083 782 4172
0.678134 1198 4172
0.678192 1198 4172
0.678245 1198 4172
0.687702 1198 4172
0.687749 1198 4172
0.687783 1198 4172
0.694139 1198 4172
0.694184 1198 4172
0.694233 1198 4172
0.702169 1198 4172
0.702210 1198 4172
0.702243 1198 4172
0.710159 1198 4172
0.710199 1198 4172
0.710230 1198 4172
0.719801 1198 4172
0.719864 1198 4172
0.719906 510 4172
0.719944 1198 4172
0.722074 1198 4172
0.722116 1198 4172
0.722161 1198 4172
0.735208 110 4172
0.735284 1198 4172
0.735318 1198 4172
0.735357 1198 4172
0.742093 1198 4172
0.742148 1198 4172
0.742191 1198 4172
0.750157 1198 4172
0.750193 1198 4172
0.750229 1198 4172
0.758159 1198 4172
0.758204 1198 4172
0.758243 1198 4172
0.767185 1198 4172
0.774114 1198 4172
0.774162 1198 4172
0.774192 1198 4172
0.782194 1198 4172
0.782237 782 4172
0.782282 1198 4172
0.782320 1198 4172
0.790095 1198 4172
0.790139 1198 4172
0.790178 1198 4172
0.798119 1198 4172
0.798158 1198 4172
0.798193 110 4172
0.798228 1198 4172
0.806074 1198 4172
0.806117 1198 4172
0.806164 1198 4172
0.810051 1198 4172
0.810073 510 4172
0.810111 1198 4172
0.822137 1198 4172
0.822176 1198 4172
0.822212 1198 4172
0.831233 1198 4172
0.831275 1198 4172
0.831306 1134 4172
0.838173 1198 4172
0.838212 1198 4172
0.838246 1198 4172
0.838281 1198 4172
0.848582 1198 4172
0.848634 1198 4172
0.848668 1198 4172
0.854067 1102 4172
0.854105 398 4172
0.854147 1198 4172
0.854198 270 4172
0.854256 174 4172
0.898045 158 4172
0.898069 158 4172
0.898132 158 4172
0.898184 590 4172
0.898222 238 4172
0.898260 158 4172
0.898297 158 4172
0.898331 142 4172
0.898368 926 4172
0.942172 110 4172
1.029996 110 4172
1.331056 110 4172
1.334022 1198 4172
1.334065 574 4172
1.500533 1198 4172
1.500567 718 4172
1.510022 1198 4172
1.510069 1198 4172
1.510110 398 4172
1.598117 110 4172
1.642130 110 4172
1.730185 110 4172
1.906108 110 4172
2.170194 110 4172
2.429941 110 4172
2.642099 110 4172
2.686217 110 4172
2.730363 110 4172
2.950129 110 4172
3.214050 110 4172
3.478194 110 4172
3.566148 142 4172
3.654128 110 4172
3.731855 110 4172
3.742065 142 4172
4.178181 142 4172
4.178339 142 4172
4.354125 142 4172
4.354143 142 4172
4.617997 110 4172
4.750157 110 4172
5.190054 142 4172
5.190126 142 4172
5.406034 142 4172
5.406141 142 4172
5.626021 110 4172
5.758632 110 4172
6.146145 110 4172
6.234093 142 4172
6.234141 142 4172
6.410013 142 4172
6.410133 142 4172
6.629919 110 4172
6.718041 110 4172
7.026104 142 4172
7.026162 142 4172
7.242130 142 4172
7.242255 142 4172
7.617223 142 4172
7.617333 142 4172
7.637994 110 4172
7.726075 110 4172
7.814033 142 4172
7.814158 142 4172
7.858091 110 4172
8.210059 142 4172
8.210135 142 4172
8.474112 142 4172
8.474135 142 4172
8.650140 110 4172
8.738054 110 4172
8.826103 110 4172
9.266066 142 4172
9.266157 142 4172
9.438026 142 4172
9.438060 142 4172
9.654065 110 4172
9.742026 110 4172
10.090121 142 4172
10.090295 142 4172
10.261981 142 4172
10.481935 142 4172
10.570052 142 4172
10.658058 110 4172
10.701971 142 4172
10.745938 110 4172
10.834000 110 4172
11.269949 142 4172
11.269990 142 4172
11.485952 142 4172
11.486047 142 4172
11.530016 110 4172
11.617922 110 4172
11.750067 110 4172
12.101854 142 4172
12.101894 142 4172
12.541832 142 4172
12.541885 142 4172
12.617206 142 4172
12.617254 142 4172
12.629931 110 4172
12.717330 142 4172
12.717393 142 4172
12.717820 110 4172
12.850074 110 4172
13.109820 142 4172
13.329844 142 4172
13.638003 110 4172
13.717346 142 4172
13.725902 110 4172
13.901908 142 4172
14.161908 110 4172
14.554041 142 4172
14.554114 142 4172
14.641863 110 4172
14.729848 110 4172
14.773979 142 4172
14.774021 142 4172
15.169988 142 4172
15.170098 142 4172
15.346022 142 4172
15.346122 142 4172
15.654099 110 4172
15.741930 110 4172
16.138000 142 4172
16.138082 142 4172
16.358008 142 4172
16.358088 142 4172
16.617956 110 4172
16.749945 110 4172
16.837962 110 4172
17.189970 142 4172
17.190081 142 4172
17.405914 142 4172
17.405994 142 4172
17.621905 110 4172
17.753960 110 4172
18.229800 142 4172
18.229830 142 4172
18.405949 142 4172
18.406043 142 4172
18.625881 110 4172
18.757924 110 4172
19.021912 142 4172
19.241967 142 4172
19.593950 110 4172
19.617297 142 4172
19.617356 142 4172
19.637877 110 4172
19.725824 110 4172
19.831703 110 4172
19.858004 142 4172
19.858107 142 4172
20.249921 142 4172
20.249960 142 4172
20.469893 142 4172
20.469911 142 4172
20.565968 60 60000
20.645826 110 4172
20.718175 174 4172
20.718214 350 4172
20.718248 686 4172
20.718276 158 4172
20.718303 158 4172
20.718341 158 4172
20.718373 158 4172
20.718403 158 4172
20.729922 110 4172
20.735169 126 4172
20.780015 1198 4172
20.780050 1198 4172
20.780077 1198 4172
20.780106 1198 4172
20.780133 1198 4172
20.780162 1198 4172
20.780197 1198 4172
20.780256 1198 4172
20.780284 1198 4172
20.780311 1198 4172
20.780340 334 4172
20.784526 1198 4172
20.784570 1198 4172
20.784604 1198 4172
20.784634 1198 4172
20.784667 1198 4172
20.784697 1198 4172
20.784728 1198 4172
20.784757 1198 4172
20.784786 1198 4172
20.784814 1198 4172
20.784843 158 4172
20.792589 1198 4172
20.792621 1198 4172
20.792649 1198 4172
20.792676 1198 4172
20.792702 1198 4172
20.792729 1198 4172
20.792756 1198 4172
20.792784 1198 4172
20.792810 1198 4172
20.799232 1198 4172
20.799284 654 4172
20.799315 1198 4172
20.799351 1198 4172
20.799377 1198 4172
20.799404 1198 4172
20.805901 1198 4172
20.805934 1198 4172
20.813952 1198 4172
20.813992 1198 4172
20.814017 1198 4172
20.821830 1198 4172
20.821865 702 4172
20.821902 1198 4172
20.821927 1198 4172
20.829922 1198 4172
20.829954 1198 4172
20.829989 1198 4172
20.837986 1198 4172
20.838425 1198 4172
20.838672 1198 4172
20.838719 1198 4172
20.846452 1198 4172
20.846495 894 4172
20.864132 1198 4172
20.868593 1198 4172
20.869444 1198 4172
20.874651 1198 4172
20.877857 1198 4172
20.877887 1198 4172
20.877918 1198 4172
20.877943 1198 4172
20.877969 1198 4172
20.877994 734 4172
20.878021 1198 4172
20.878047 1198 4172
20.878072 1198 4172
20.886368 1198 4172
20.886525 1198 4172
20.886557 1198 4172
20.893936 1198 4172
20.893981 862 4172
20.894001 1198 4172
20.894026 1198 4172
20.902482 1198 4172
20.902489 1198 4172
20.902520 1198 4172
20.909789 1198 4172
20.909828 126 4172
20.909857 1198 4172
20.909890 1198 4172
20.917916 1198 4172
20.917955 1198 4172
20.917987 1198 4172
20.925348 638 4172
20.925386 1198 4172
20.925419 1198 4172
20.925449 1198 4172
20.934013 1198 4172
20.934061 1198 4172
20.934091 1198 4172
20.942958 1198 4172
20.942982 1198 4172
20.943014 1198 4172
20.943044 1198 4172
20.949827 1198 4172
20.949852 430 4172
20.958040 1198 4172
20.960353 1198 4172
20.972076 1198 4172
20.972393 1198 4172
20.973934 1198 4172
20.974380 1198 4172
20.981810 1198 4172
20.981853 1198 4172
20.989824 1198 4172
20.989855 1198 4172
20.997824 1198 4172
20.997867 606 4172
21.007426 1198 4172
21.007650 1198 4172
21.013980 1198 4172
21.014031 1198 4172
21.020470 1198 4172
21.020513 1198 4172
21.032069 1198 4172
21.038043 1198 4172
21.038098 1198 4172
21.046850 1118 4172
21.046953 1198 4172
21.053829 1198 4172
21.053865 1198 4172
21.061947 1198 4172
21.061979 1198 4172
21.065760 1198 4172
21.065799 1198 4172
21.077953 1198 4172
21.077987 1198 4172
21.085894 686 4172
21.097659 1198 4172
21.097714 1198 4172
21.097757 1198 4172
21.111355 1198 4172
21.117816 1198 4172
21.117855 1198 4172
21.125957 1198 4172
21.125984 398 4172
21.126011 1198 4172
21.133806 1198 4172
21.141876 1198 4172
21.141963 1198 4172
21.149817 1198 4172
21.158509 110 4172
21.158634 1198 4172
21.158936 1198 4172
21.165827 1198 4172
21.173934 814 4172
21.181817 1198 4172
21.181847 1198 4172
21.189816 1198 4172
21.189845 1198 4172
21.198854 1198 4172
21.198891 1198 4172
21.203270 1198 4172
21.203316 1198 4172
21.213892 1198 4172
21.213962 1198 4172
21.221866 1198 4172
21.221906 1198 4172
21.228132 60 60000
21.234419 222 4172
21.234468 1198 4172
21.237821 1198 4172
21.237859 1198 4172
21.245874 1198 4172
21.245916 1198 4172
21.253832 1198 4172
21.253872 174 4172
21.253907 174 4172
21.253938 174 4172
21.253968 174 4172
21.263596 174 4172
21.263652 174 4172
21.265254 174 4172
21.265395 1198 4172
21.265434 1198 4172
21.270110 1198 4172
21.270152 718 4172
21.277815 126 4172
21.277849 1198 4172
21.277882 1198 4172
21.315188 782 4172
21.315739 1198 4172
21.315812 446 4172
21.317789 174 4172
21.317820 174 4172
21.317851 174 4172
21.317883 174 4172
21.317914 174 4172
21.317947 1198 4172
21.317974 1198 4172
21.318006 1198 4172
21.318043 1198 4172
21.318065 302 4172
21.318090 862 4172
21.318119 1198 4172
21.318146 1198 4172
21.318172 1198 4172
21.325892 1198 4172
21.325932 1198 4172
21.333805 1198 4172
21.333839 1198 4172
21.342434 654 4172
21.342566 1198 4172
21.357918 1198 4172
21.357928 1198 4172
21.369574 1198 4172
21.369622 1198 4172
21.369686 846 4172
21.374532 1198 4172
21.382237 1198 4172
21.382277 1038 4172
21.389804 1198 4172
21.389842 1198 4172
21.397830 1086 4172
21.397877 174 4172
21.397912 174 4172
21.397943 174 4172
21.397973 174 4172
21.405873 1198 4172
21.405911 174 4172
21.405944 174 4172
21.405974 174 4172
21.406002 1198 4172
21.413830 1198 4172
21.413866 1198 4172
21.421827 542 4172
21.421867 1198 4172
21.421905 1198 4172
21.429898 110 4172
21.429946 1198 4172
21.429976 686 4172
21.437846 1198 4172
21.437890 894 4172
21.437919 174 4172
21.448761 174 4172
21.448904 174 4172
21.448920 174 4172
21.448946 174 4172
21.448993 1198 4172
21.449021 1198 4172
21.453815 1198 4172
21.453856 1198 4172
21.470451 638 4172
21.471111 1198 4172
21.477914 1198 4172
21.477948 1198 4172
21.477979 1198 4172
21.478009 1198 4172
21.485826 1198 4172
21.496282 286 4172
21.496367 1198 4172
21.496377 1198 4172
21.501825 1198 4172
21.501866 1198 4172
21.509805 1198 4172
21.509840 126 4172
21.514697 1198 4172
21.514736 1198 4172
21.530088 1198 4172
21.530107 1150 4172
21.557848 1198 4172
21.558165 1198 4172
21.558205 158 4172
21.596425 1198 4172
21.596446 1198 4172
21.596483 1198 4172
21.596516 366 4172
21.596558 302 4172
21.596593 318 4172
21.602063 1198 4172
21.602118 190 4172
21.627928 110 4172
21.646045 1166 4172
21.666780 1198 4172
21.666866 1198 4172
21.666867 350 4172
21.666896 318 4172
21.666926 174 4172
21.669834 174 4172
21.669870 174 4172
21.669906 174 4172
21.669934 174 4172
21.669964 1198 4172
21.669993 1198 4172
21.670024 1198 4172
21.670052 542 4172
21.670081 1198 4172
21.670109 1198 4172
21.670138 1198 4172
21.670169 686 4172
21.673955 1198 4172
21.673981 894 4172
21.674014 174 4172
21.674041 174 4172
21.674066 174 4172
21.674093 174 4172
21.674124 174 4172
21.682059 1198 4172
21.682128 1198 4172
21.682168 1198 4172
21.689846 1198 4172
21.689918 110 4172
21.689952 1198 4172
21.689991 1198 4172
21.690027 1198 4172
21.698042 1198 4172
21.698083 1198 4172
21.698128 1198 4172
21.705827 1198 4172
21.705887 1198 4172
21.717339 734 4172
21.717352 366 4172
21.717394 126 4172
21.733305 110 4172
21.733755 1198 4172
21.733757 1198 4172
21.733784 350 4172
21.738043 174 4172
21.738079 174 4172
21.738118 174 4172
21.738154 174 4172
21.738192 174 4172
21.746091 1198 4172
21.746135 1198 4172
21.746168 1198 4172
21.746200 542 4172
21.746240 1198 4172
21.746275 1198 4172
21.746318 1198 4172
21.753926 318 4172
21.753975 686 4172
21.754018 1198 4172
21.762150 894 4172
21.762200 174 4172
21.762239 174 4172
21.762278 174 4172
21.769830 174 4172
21.769867 174 4172
21.769929 1198 4172
21.769977 1198 4172
21.778181 1198 4172
21.778241 1198 4172
21.785888 734 4172
21.785923 1198 4172
21.786027 1198 4172
21.794547 1198 4172
21.794595 1198 4172
21.801875 1198 4172
21.801915 1198 4172
21.810077 1198 4172
21.810121 1198 4172
21.817309 366 4172
21.817358 126 4172
21.817396 126 4172
21.821793 110 4172
21.865758 126 4172
21.950037 110 4172
21.954002 110 4172
21.954009 110 4172
21.954090 110 4172
21.997773 126 4172
22.006476 126 4172
22.017347 1198 4172
22.017360 1198 4172
22.017401 158 4172
22.018592 110 4172
22.028074 1166 4172
22.034774 1198 4172
22.034830 382 4172
22.041842 1198 4172
22.041887 1198 4172
22.041922 1198 4172
22.041956 1198 4172
22.041992 126 4172
22.054783 1198 4172
22.054787 1198 4172
22.054870 1198 4172
22.054872 1150 4172
22.068345 1198 4172
22.085860 1198 4172
22.085902 1198 4172
22.174037 414 4172
22.217783 110 4172
22.217806 110 4172
22.217846 110 4172
22.217890 110 4172
22.350060 110 4172
22.482102 110 4172
22.482227 110 4172
22.482228 110 4172
22.658088 110 4172
22.746070 110 4172
23.045773 110 4172
23.305930 110 4172
23.565833 110 4172
23.653824 110 4172
23.741815 110 4172
23.829860 110 4172
24.137849 110 4172
24.397832 110 4172
24.633988 110 4172
24.657985 110 4172
24.745920 110 4172
25.625797 110 4172
25.757974 110 4172
26.633818 110 4172
26.721817 110 4172
27.337882 110 4172
27.641869 110 4172
27.729784 110 4172
28.641790 110 4172
28.729765 110 4172
29.649846 110 4172
29.737848 110 4172
29.997798 110 4172
30.653809 110 4172
30.741770 110 4172
31.617644 110 4172
31.749850 110 4172
32.625864 110 4172
32.669645 110 4172
32.753817 110 4172
33.625791 110 4172
33.757744 110 4172
34.074526 350 4172
34.074570 174 4172
34.074603 174 4172
34.074633 174 4172
34.078421 174 4172
34.078451 174 4172
34.078484 174 4172
34.082484 1198 4172
34.082518 1198 4172
34.082550 1198 4172
34.082577 542 4172
34.082605 1198 4172
34.082634 1198 4172
34.082659 1198 4172
34.082685 686 4172
34.082712 1198 4172
34.082738 894 4172
34.086494 174 4172
34.086529 174 4172
34.086560 174 4172
34.091296 174 4172
34.091334 174 4172
34.091381 430 4172
34.097608 1198 4172
34.097649 1198 4172
34.097682 1198 4172
34.097713 1198 4172
34.097745 1198 4172
34.097775 1198 4172
34.097804 1198 4172
34.109675 430 4172
34.153581 1198 4172
34.241749 1198 4172
34.241752 1198 4172
34.241837 1198 4172
34.241838 1198 4172
34.241873 126 4172
34.285592 110 4172
34.373669 1198 4172
34.373717 1198 4172
34.373753 1198 4172
34.373794 1150 4172
34.382109 1198 4172
34.382211 1198 4172
34.382258 158 4172
34.395977 286 4172
34.404030 1198 4172
34.404085 382 4172
34.417624 1198 4172
34.417763 1182 4172
34.549756 110 4172
34.637619 110 4172
34.725797 110 4172
34.809826 110 4172
35.073802 110 4172
35.337738 110 4172
35.601726 110 4172
35.645591 110 4172
35.733760 110 4172
36.653680 110 4172
36.741729 110 4172
37.657792 110 4172
37.745690 110 4172
38.261712 110 4172
38.657723 110 4172
38.745690 110 4172
39.657663 110 4172
39.745625 110 4172
40.625635 110 4172
40.973667 110 4172
41.441761 1198 4172
41.441837 1198 4172
41.441840 1198 4172
41.441872 1198 4172
41.441916 1198 4172
41.441946 1198 4172
41.441980 1198 4172
41.442014 1198 4172
41.442049 1198 4172
41.442082 1198 4172
41.442115 1198 4172
41.449536 414 4172
41.449586 1198 4172
41.449620 1198 4172
41.449657 1198 4172
41.449687 1198 4172
41.449718 1198 4172
41.464040 1198 4172
41.464078 1198 4172
41.464107 1198 4172
41.464140 1198 4172
41.464169 1198 4172
41.473648 1198 4172
41.473776 1198 4172
41.473821 1198 4172
41.481669 1198 4172
41.481717 1198 4172
41.483930 60 60000
41.489659 1198 4172
41.489707 1198 4172
41.489741 1198 4172
41.493610 1198 4172
41.505607 574 4172
41.505640 1198 4172
41.513730 1118 4172
41.513779 1198 4172
41.513819 1198 4172
41.521641 1198 4172
41.521695 1198 4172
41.529667 1198 4172
41.529713 1198 4172
41.537606 1198 4172
41.537656 1198 4172
41.545626 1198 4172
41.545687 1198 4172
41.553614 1198 4172
41.553654 990 4172
41.553700 1198 4172
41.561634 1198 4172
41.569634 1198 4172
41.569679 1198 4172
41.577685 1198 4172
41.581609 1198 4172
41.581663 1198 4172
41.593713 1198 4172
41.601615 1198 4172
41.601641 1198 4172
41.617543 1198 4172
41.617584 270 4172
41.617617 1198 4172
41.625634 1198 4172
41.633591 110 4172
41.633623 1198 4172
41.633656 1198 4172
41.641707 1198 4172
41.649630 1198 4172
41.649677 1198 4172
41.657664 1198 4172
41.665690 1198 4172
41.665795 1198 4172
41.671062 1054 4172
41.671105 1198 4172
41.681627 1198 4172
41.689609 1198 4172
41.689645 1198 4172
41.697591 1198 4172
41.705595 1198 4172
41.705629 1198 4172
41.713533 1198 4172
41.721687 1198 4172
41.721700 478 4172
41.729741 1198 4172
41.729782 110 4172
41.729924 1198 4172
41.737594 1198 4172
41.737632 1198 4172
41.753598 110 4172
41.753689 1198 4172
41.753692 1198 4172
41.757520 1198 4172
41.769642 1198 4172
41.769662 1198 4172
41.777587 1006 4172
41.777636 1198 4172
41.786029 1198 4172
41.793688 1198 4172
41.793717 1198 4172
41.802911 1198 4172
41.809584 1198 4172
41.809624 1198 4172
41.819802 1198 4172
41.819838 1198 4172
41.825648 1198 4172
41.834761 110 4172
41.834800 1198 4172
41.834950 1198 4172
41.841812 1198 4172
41.849899 398 4172
41.850230 1198 4172
41.860512 1198 4172
41.862599 1198 4172
41.862632 1198 4172
41.873607 1198 4172
41.888495 1198 4172
41.889853 126 4172
41.901655 1198 4172
41.903037 1198 4172
41.903419 1198 4172
41.906763 1198 4172
41.906814 1198 4172
41.913793 1198 4172
41.922271 190 4172
41.922319 1198 4172
41.922349 1198 4172
41.944259 1198 4172
41.946088 1198 4172
41.946202 1198 4172
41.949996 1198 4172
41.950045 1198 4172
41.950099 1198 4172
41.962106 1198 4172
41.962363 1198 4172
41.976257 1198 4172
41.976287 1198 4172
41.977583 1118 4172
41.985842 1198 4172
41.985885 1198 4172
42.001089 1198 4172
42.001211 1198 4172
42.006662 1198 4172
42.009964 1198 4172
42.009994 1198 4172
42.017673 1198 4172
42.017794 110 4172
42.017822 1198 4172
42.025925 1118 4172
42.033622 1198 4172
42.033655 1198 4172
42.041899 110 4172
42.042035 1198 4172
42.051220 1198 4172
42.051238 1198 4172
42.057621 1198 4172
42.057659 1198 4172
42.062993 1198 4172
42.073862 606 4172
42.073911 1198 4172
42.073936 1198 4172
42.083357 1198 4172
42.094653 1198 4172
42.099127 1198 4172
42.099412 366 4172
42.108701 1198 4172
42.108736 1198 4172
42.108763 1198 4172
42.109828 1198 4172
42.109858 1198 4172
42.126432 382 4172
42.126479 1198 4172
42.132179 1198 4172
42.132199 846 4172
42.137660 398 4172
42.137696 1198 4172
42.145562 1166 4172
42.145614 1150 4172
42.153742 1070 4172
42.153745 1198 4172
42.159882 606 4172
42.159927 1198 4172
42.169711 1198 4172
42.177576 1198 4172
42.177611 110 4172
42.177645 1198 4172
42.185659 1198 4172
42.185690 1166 4172
42.193626 1198 4172
42.202464 1198 4172
42.202478 734 4172
42.206324 1198 4172
42.206351 1198 4172
42.218360 654 4172
42.218383 1198 4172
42.225686 1198 4172
42.233887 1198 4172
42.239811 60 60000
42.241593 846 4172
42.241627 1198 4172
42.249597 1198 4172
42.249638 1198 4172
42.257744 430 4172
42.257778 1198 4172
42.265626 1198 4172
42.265665 1198 4172
42.273616 1198 4172
42.273655 350 4172
42.282568 1198 4172
42.282652 1198 4172
42.289574 1006 4172
42.289619 110 4172
42.289653 1198 4172
42.297575 942 4172
42.317114 1198 4172
42.317195 750 4172
42.347557 1198 4172
42.348507 574 4172
42.348540 1198 4172
42.348573 1198 4172
42.352733 814 4172
42.352767 446 4172
42.352799 174 4172
42.352827 174 4172
42.352858 174 4172
42.352884 174 4172
42.352913 174 4172
42.352938 174 4172
42.352978 1086 4172
42.353007 1198 4172
42.353034 206 4172
42.353062 734 4172
42.353090 174 4172
42.353117 174 4172
42.353144 174 4172
42.353170 174 4172
42.353197 174 4172
42.354807 286 4172
42.354846 1198 4172
42.354875 350 4172
42.400686 174 4172
42.441541 1198 4172
42.441592 1198 4172
42.441622 1134 4172
42.488964 1022 4172
42.529546 126 4172
42.563481 110 4172
42.573604 254 4172
42.617590 398 4172
42.617635 174 4172
42.617670 1198 4172
42.617705 142 4172
42.617752 158 4172
42.627091 110 4172
42.662014 1198 4172
42.662047 1198 4172
42.662080 254 4172
42.698902 750 4172
42.705568 366 4172
42.728258 110 4172
42.749735 654 4172
42.793772 270 4172
42.813719 318 4172
42.817439 110 4172
42.827700 110 4172
42.837731 190 4172
42.881611 206 4172
42.925623 110 4172
43.026454 110 4172
43.057790 414 4172
43.101813 110 4172
43.361792 110 4172
43.617575 110 4172
43.625632 110 4172
43.757850 110 4172
43.885558 110 4172
44.189592 110 4172
44.449637 110 4172
44.625500 110 4172
44.713643 110 4172
44.757831 110 4172
44.977586 110 4172
45.637926 110 4172
45.725737 110 4172
46.646093 110 4172
46.733630 110 4172
47.649546 110 4172
47.693550 110 4172
47.737620 110 4172
48.653693 110 4172
48.741623 110 4172
49.621975 110 4172
49.753629 110 4172
50.369559 110 4172
50.633525 110 4172
50.721562 110 4172
51.641580 110 4172
51.729648 110 4172
52.653668 110 4172
52.737649 110 4172
53.041667 110 4172
53.653583 110 4172
53.737630 110 4172
54.649434 110 4172
54.737508 110 4172
55.657546 110 4172
55.701486 110 4172
55.745416 110 4172
56.621470 110 4172
56.753615 110 4172
57.621463 110 4172
57.753551 110 4172
57.978202 174 4172
57.981870 174 4172
57.981896 174 4172
57.981925 174 4172
57.986508 174 4172
57.986533 174 4172
57.986559 174 4172
57.986586 174 4172
57.990223 174 4172
57.990267 174 4172
57.990295 174 4172
57.990323 174 4172
57.990349 174 4172
57.995451 174 4172
57.995495 174 4172
57.995522 190 4172
58.013463 1198 4172
58.013504 1198 4172
58.013543 1198 4172
58.013581 862 4172
58.131990 190 4172
58.141814 1198 4172
58.141899 1198 4172
58.141928 1198 4172
58.141965 542 4172
58.145340 158 4172
58.163737 942 4172
58.175636 1198 4172
58.175679 142 4172
58.187770 1198 4172
58.187848 414 4172
58.189382 1198 4172
58.189426 1198 4172
58.189468 110 4172
58.365411 110 4172
58.617696 110 4172
58.629438 110 4172
58.761574 110 4172
59.633504 110 4172
59.721413 110 4172
60.637361 110 4172
60.725592 110 4172
61.549489 110 4172
61.637484 110 4172
61.725842 110 4172
62.347990 1198 4172
62.348015 1198 4172
62.348063 1198 4172
62.348097 1198 4172
62.348129 1198 4172
62.348160 1198 4172
62.348191 1166 4172
62.355956 1198 4172
62.355996 1198 4172
62.356030 1198 4172
62.356061 1198 4172
62.356091 894 4172
62.364338 1198 4172
62.364379 1198 4172
62.364415 1198 4172
62.364444 1198 4172
62.369297 1198 4172
62.369327 462 4172
62.369355 1198 4172
62.377409 1198 4172
62.381304 1198 4172
62.381338 1198 4172
62.393531 1198 4172
62.393561 830 4172
62.401451 1198 4172
62.401485 1198 4172
62.409442 1198 4172
62.417484 1198 4172
62.417576 1198 4172
62.425477 1198 4172
62.425503 222 4172
62.425535 1198 4172
62.433330 1198 4172
62.441368 1198 4172
62.449440 1198 4172
62.449539 190 4172
62.457527 1198 4172
62.457563 1198 4172
62.465402 1198 4172
62.465448 1198 4172
62.469383 1022 4172
62.469498 1198 4172
62.481436 1198 4172
62.489382 1198 4172
62.489418 1198 4172
62.497411 1198 4172
62.497457 1198 4172
62.497471 60 60000
62.505363 1166 4172
62.513302 1198 4172
62.513341 1198 4172
62.521355 1198 4172
62.521406 1198 4172
62.529378 1198 4172
62.537525 1198 4172
62.537560 622 4172
62.537587 1198 4172
62.545386 1198 4172
62.553356 1198 4172
62.553396 1198 4172
62.557363 1198 4172
62.557439 638 4172
62.569441 1198 4172
62.569491 1198 4172
62.577294 1198 4172
62.585318 1198 4172
62.593435 798 4172
62.593517 1198 4172
62.601293 1198 4172
62.601331 1198 4172
62.609289 1198 4172
62.609333 1198 4172
62.617344 110 4172
62.617391 1198 4172
62.625425 1198 4172
62.625457 494 4172
62.633424 1198 4172
62.633459 110 4172
62.633486 1198 4172
62.641458 1198 4172
62.641517 1198 4172
62.645378 1198 4172
62.657458 542 4172
62.657485 1198 4172
62.657516 1198 4172
62.665371 1198 4172
62.673362 1198 4172
62.673402 1198 4172
62.681504 446 4172
62.681542 1198 4172
62.689389 1198 4172
62.689452 1198 4172
62.697453 1198 4172
62.697497 1198 4172
62.705413 1198 4172
62.713376 1198 4172
62.713464 1198 4172
62.721331 1198 4172
62.721389 1198 4172
62.729439 1006 4172
62.729479 110 4172
62.733275 254 4172
62.733312 222 4172
62.733351 238 4172
62.733409 1198 4172
62.733449 1198 4172
62.745436 1198 4172
62.753333 1198 4172
62.753370 1198 4172
62.761372 1198 4172
62.761419 1070 4172
62.769427 1198 4172
62.777314 1198 4172
62.777347 1198 4172
62.785346 1198 4172
62.785378 1198 4172
62.801391 1102 4172
62.801488 1198 4172
62.809357 1198 4172
62.809385 1198 4172
62.817392 1198 4172
62.817430 1198 4172
62.823074 830 4172
62.823114 1198 4172
62.833656 1198 4172
62.841832 1198 4172
62.841866 1198 4172
62.849368 1198 4172
62.849405 1198 4172
62.857410 766 4172
62.857443 1198 4172
62.867401 1198 4172
62.872113 1198 4172
62.872145 1198 4172
62.881373 1198 4172
62.881422 430 4172
62.894014 110 4172
62.894062 1198 4172
62.894093 1198 4172
62.898844 1198 4172
62.898879 1198 4172
62.911343 1198 4172
62.913363 1198 4172
62.924502 430 4172
62.924564 1198 4172
62.929549 1198 4172
62.929587 1198 4172
62.937844 1198 4172
62.937895 1198 4172
62.945378 1182 4172
62.953598 1198 4172
62.953704 1198 4172
62.961712 126 4172
62.961747 1198 4172
62.961777 1198 4172
62.970073 1198 4172
62.985755 1198 4172
62.986708 1102 4172
63.000028 1198 4172
63.000080 1198 4172
63.000115 1198 4172
63.001365 1198 4172
63.007526 1198 4172
63.007561 510 4172
63.007591 1198 4172
63.020466 1198 4172
63.021280 1198 4172
63.025622 1198 4172
63.034619 1198 4172
63.045253 1198 4172
63.046146 1198 4172
63.053762 526 4172
63.054706 1198 4172
63.054743 1198 4172
63.057791 1198 4172
63.057824 1198 4172
63.065623 1198 4172
63.074454 1198 4172
63.074612 462 4172
63.074654 1198 4172
63.081629 1198 4172
63.089662 1198 4172
63.089712 1198 4172
63.097504 1198 4172
63.097549 1198 4172
63.109211 894 4172
63.110330 1198 4172
63.110411 1198 4172
63.113338 1198 4172
63.121415 1198 4172
63.130593 1102 4172
63.130771 446 4172
63.130799 1198 4172
63.137370 1198 4172
63.137408 574 4172
63.145349 1198 4172
63.145387 766 4172
63.154083 1198 4172
63.154136 1198 4172
63.161433 110 4172
63.161465 254 4172
63.161495 1198 4172
63.169408 1198 4172
63.169447 654 4172
63.169478 1198 4172
63.177518 1198 4172
63.185598 1198 4172
63.185625 846 4172
63.198557 1198 4172
63.198602 1198 4172
63.202495 1198 4172
63.202531 1198 4172
63.214539 1198 4172
63.217409 1198 4172
63.217429 222 4172
63.217461 1198 4172
63.230131 1198 4172
63.230541 1198 4172
63.235804 142 4172
63.235912 1198 4172
63.244329 414 4172
63.246148 1198 4172
63.246396 1198 4172
63.246450 1198 4172
63.249974 1198 4172
63.257473 430 4172
63.257506 1198 4172
63.277979 1198 4172
63.296566 1198 4172
63.296799 398 4172
63.296927 60 60000
63.299705 1198 4172
63.299754 606 4172
63.299786 1198 4172
63.299816 1198 4172
63.299850 1198 4172
63.309988 750 4172
63.310866 1198 4172
63.313349 1198 4172
63.313392 318 4172
63.313425 1198 4172
63.321351 1086 4172
63.339691 1198 4172
63.341161 1198 4172
63.341270 1198 4172
63.345363 526 4172
63.345397 1198 4172
63.345433 1198 4172
63.361043 574 4172
63.361388 510 4172
63.362203 270 4172
63.362444 174 4172
63.362497 174 4172
63.365315 174 4172
63.365350 174 4172
63.365379 1198 4172
63.365411 1198 4172
63.365439 734 4172
63.365467 1198 4172
63.372725 1198 4172
63.372760 702 4172
63.381645 1198 4172
63.381747 1198 4172
63.389355 1198 4172
63.389393 766 4172
63.398064 1198 4172
63.398140 1198 4172
63.405347 1198 4172
63.405380 1022 4172
63.413354 1198 4172
63.421398 1198 4172
63.429363 558 4172
63.429403 110 4172
63.429434 1198 4172
63.429465 1198 4172
63.437353 670 4172
63.437394 1198 4172
63.445445 814 4172
63.453667 174 4172
63.453716 174 4172
63.453747 174 4172
63.453776 1198 4172
63.453805 1198 4172
63.462370 798 4172
63.462434 1198 4172
63.481651 366 4172
63.569538 718 4172
63.595054 1198 4172
63.613317 1198 4172
63.613371 190 4172
63.640495 110 4172
63.645999 1198 4172
63.646047 1198 4172
63.646088 366 4172
63.646157 302 4172
63.657308 1198 4172
63.657403 558 4172
63.657447 238 4172
63.671385 1198 4172
63.671419 1198 4172
63.671450 1198 4172
63.671480 1198 4172
63.671508 1198 4172
63.671539 750 4172
63.683603 1198 4172
63.684561 1198 4172
63.684593 1198 4172
63.684639 126 4172
63.684678 1198 4172
63.684711 1198 4172
63.684745 1198 4172
63.684777 382 4172
63.691566 1198 4172
63.691610 1198 4172
63.691648 1198 4172
63.691683 622 4172
63.691720 110 4172
63.693754 1198 4172
63.693791 1198 4172
63.693825 1198 4172
63.693855 638 4172
63.701593 1198 4172
63.701689 1198 4172
63.701736 638 4172
63.709270 1198 4172
63.709318 1198 4172
63.717540 1198 4172
63.717617 1134 4172
63.726635 126 4172
63.726673 110 4172
63.745392 126 4172
63.789332 1118 4172
63.817818 318 4172
63.827367 110 4172
63.833259 126 4172
63.877653 126 4172
63.917852 126 4172
63.965437 110 4172
64.053603 110 4172
64.069794 126 4172
64.090073 510 4172
64.097418 782 4172
64.110052 974 4172
64.122138 814 4172
64.134268 462 4172
64.141338 494 4172
64.141396 126 4172
64.154349 1198 4172
64.154392 126 4172
64.166340 1198 4172
64.166412 254 4172
64.174255 1070 4172
64.185429 782 4172
64.198283 1198 4172
64.198321 542 4172
64.206220 1198 4172
64.206263 142 4172
64.218359 686 4172
64.229697 782 4172
64.229768 110 4172
64.229799 110 4172
64.229839 110 4172
64.238417 1198 4172
64.238472 798 4172
64.250448 1198 4172
64.250488 1070 4172
64.262504 1198 4172
64.262579 574 4172
64.273360 1198 4172
64.273402 302 4172
64.286288 1198 4172
64.286333 494 4172
64.298451 1022 4172
64.310560 1198 4172
64.310603 222 4172
64.317384 1198 4172
64.317442 1198 4172
64.317462 574 4172
64.330613 1198 4172
64.330643 1198 4172
64.330681 894 4172
64.342478 1198 4172
64.342567 1198 4172
64.342601 398 4172
64.354290 1198 4172
64.354338 1198 4172
64.354379 286 4172
64.361471 702 4172
64.374772 1198 4172
64.374869 1198 4172
64.374903 110 4172
64.386757 1198 4172
64.386918 1198 4172
64.386951 1198 4172
64.386996 654 4172
64.394671 1198 4172
64.394717 1198 4172
64.394757 1198 4172
64.394794 942 4172
64.394833 1198 4172
64.405642 1198 4172
64.405684 1198 4172
64.405719 1198 4172
64.405753 382 4172
64.493316 110 4172
64.493439 110 4172
64.493564 110 4172
64.621291 110 4172
64.749524 110 4172
64.753237 110 4172
64.753285 110 4172
64.753327 110 4172
65.061482 110 4172
65.061630 110 4172
65.061763 110 4172
65.325592 110 4172
65.581482 110 4172
65.625451 110 4172
65.757370 110 4172
65.845548 110 4172
66.102067 110 4172
66.365423 110 4172
66.625440 110 4172
66.625530 110 4172
66.757571 110 4172
67.629242 110 4172
67.761382 110 4172
68.633270 110 4172
68.721324 110 4172
69.289285 110 4172
69.641399 110 4172
69.729220 110 4172
70.645307 110 4172
70.733363 110 4172
71.645261 110 4172
71.733365 110 4172
71.997258 110 4172
72.653421 110 4172
73.621315 110 4172
73.753291 110 4172
74.629204 110 4172
74.629401 110 4172
74.761271 110 4172
75.641327 110 4172
75.729254 110 4172
76.645325 110 4172
76.733279 110 4172
77.305167 110 4172
77.657271 110 4172
77.745374 110 4172
78.657355 110 4172
78.745335 110 4172
79.625751 110 4172
79.757255 110 4172
79.973378 110 4172
80.625328 110 4172
80.757246 110 4172
81.633332 110 4172
81.761436 110 4172
82.637191 110 4172
82.637291 110 4172
82.725245 110 4172
83.488436 1198 4172
83.488527 1198 4172
83.488560 1198 4172
83.488589 1198 4172
83.488621 1198 4172
83.488651 1198 4172
83.488681 1198 4172
83.488711 254 4172
83.500505 1198 4172
83.500597 1198 4172
83.500626 1198 4172
83.500662 1198 4172
83.500695 1198 4172
83.500725 1198 4172
83.500755 1134 4172
83.510625 1198 4172
83.510660 1198 4172
83.510695 1198 4172
83.510731 1198 4172
83.510766 1198 4172
83.517199 1198 4172
83.517239 1038 4172
83.525210 1198 4172
83.525267 1198 4172
83.533098 1198 4172
83.533146 1198 4172
83.541239 1198 4172
83.541285 1198 4172
83.549203 1198 4172
83.549241 366 4172
83.549727 60 60000
83.557214 1198 4172
83.557245 1198 4172
83.561071 1198 4172
83.561123 1198 4172
83.573249 1198 4172
83.573262 1198 4172
83.581239 1198 4172
83.581288 222 4172
83.581323 1198 4172
83.590195 1198 4172
83.590233 1198 4172
83.597193 1198 4172
83.605321 1198 4172
83.605356 1198 4172
83.613201 1166 4172
83.613242 1198 4172
83.621691 1198 4172
83.621730 1198 4172
83.629264 1198 4172
83.629308 1198 4172
83.637199 110 4172
83.637249 1198 4172
83.637285 1198 4172
83.645182 510 4172
83.645235 1198 4172
83.649128 1198 4172
83.649169 1198 4172
83.661324 1198 4172
83.661455 1198 4172
83.669256 1198 4172
83.669293 1198 4172
83.677165 814 4172
83.677225 1198 4172
83.685638 1198 4172
83.685675 1198 4172
83.693187 1198 4172
83.693206 110 4172
83.701189 1198 4172
83.709237 798 4172
83.709290 1198 4172
83.717282 1198 4172
83.717308 1198 4172
83.725117 1198 4172
83.725191 1198 4172
83.733705 1198 4172
83.733791 1198 4172
83.737200 1198 4172
83.737306 110 4172
83.737350 1198 4172
83.749266 1198 4172
83.749346 190 4172
83.757177 1198 4172
83.757216 1198 4172
83.767167 1198 4172
83.767515 1198 4172
83.773132 1198 4172
83.773171 1198 4172
83.781191 1198 4172
83.781234 1166 4172
83.789090 1198 4172
83.789141 1198 4172
83.797948 1198 4172
83.797995 1198 4172
83.805144 1198 4172
83.805203 1198 4172
83.814468 830 4172
83.814496 1198 4172
83.821127 1198 4172
83.821158 1198 4172
83.825095 1198 4172
83.837176 110 4172
83.837195 1198 4172
83.837231 702 4172
83.837258 1198 4172
83.845151 1198 4172
83.845197 1198 4172
83.854098 1198 4172
83.854180 1198 4172
83.863941 1198 4172
83.863996 1198 4172
83.870087 574 4172
83.870263 1198 4172
83.877577 1198 4172
83.885212 1198 4172
83.885268 1198 4172
83.893748 1198 4172
83.893910 1070 4172
83.902350 1198 4172
83.902384 1198 4172
83.914312 1198 4172
83.914362 1198 4172
83.914386 862 4172
83.917178 1198 4172
83.917219 1198 4172
83.922013 1198 4172
83.922048 1198 4172
83.935155 510 4172
83.935186 1198 4172
83.941723 1198 4172
83.941765 1198 4172
83.941799 1198 4172
83.949873 1198 4172
83.949916 110 4172
83.949943 1198 4172
83.957217 1198 4172
83.957262 1198 4172
83.965160 110 4172
83.965197 1198 4172
83.965226 1198 4172
83.975531 1198 4172
83.975579 958 4172
83.982087 1198 4172
83.983777 1198 4172
83.990458 1198 4172
83.990875 1198 4172
83.997227 1198 4172
83.997267 1198 4172
84.005423 1070 4172
84.007390 1198 4172
84.023847 1198 4172
84.024106 1198 4172
84.029157 1198 4172
84.029184 1198 4172
84.029220 1198 4172
84.029248 1198 4172
84.029277 334 4172
84.042552 1198 4172
84.042616 1198 4172
84.045141 1198 4172
84.045177 1198 4172
84.045207 1198 4172
84.054170 1198 4172
84.054240 1198 4172
84.064848 782 4172
84.064887 1198 4172
84.068163 1198 4172
84.070063 1198 4172
84.082100 1198 4172
84.082411 1198 4172
84.088684 1166 4172
84.088721 1198 4172
84.093971 1198 4172
84.094043 1198 4172
84.104144 1198 4172
84.104196 1198 4172
84.104231 1198 4172
84.109123 126 4172
84.109164 254 4172
84.109198 1198 4172
84.117187 1198 4172
84.117223 1198 4172
84.125306 1198 4172
84.125330 1198 4172
84.125364 1054 4172
84.134578 1198 4172
84.134603 1198 4172
84.139937 1198 4172
84.139957 1198 4172
84.155839 1198 4172
84.155866 1198 4172
84.155909 1198 4172
84.157344 1198 4172
84.174087 158 4172
84.174107 1198 4172
84.174138 1198 4172
84.194068 1198 4172
84.194313 1198 4172
84.194347 1198 4172
84.194379 1198 4172
84.222476 1006 4172
84.224211 1198 4172
84.224254 1198 4172
84.224285 1198 4172
84.224314 1198 4172
84.241444 1198 4172
84.241785 1198 4172
84.241814 1086 4172
84.241850 1198 4172
84.241879 110 4172
84.241907 1198 4172
84.241961 1198 4172
84.241997 1198 4172
84.242025 1198 4172
84.250480 958 4172
84.254711 1198 4172
84.254739 1198 4172
84.254771 1198 4172
84.254817 1198 4172
84.260912 1198 4172
84.270740 1198 4172
84.270777 510 4172
84.270840 1198 4172
84.286476 1198 4172
84.287306 1198 4172
84.287336 1198 4172
84.287369 1198 4172
84.300273 1198 4172
84.300311 1198 4172
84.300341 590 4172
84.300370 1198 4172
84.300398 1198 4172
84.301126 1198 4172
84.301157 1198 4172
84.312304 1198 4172
84.316405 1198 4172
84.316471 1182 4172
84.317059 1198 4172
84.333345 1198 4172
84.333372 1198 4172
84.341089 606 4172
84.341125 382 4172
84.341162 270 4172
84.341190 190 4172
84.341219 190 4172
84.341262 1198 4172
84.341289 590 4172
84.341318 1198 4172
84.341346 1198 4172
84.351580 1198 4172
84.351611 126 4172
84.351643 1198 4172
84.357112 1198 4172
84.357141 1198 4172
84.370799 238 4172
84.370826 1198 4172
84.370863 1198 4172
84.373109 1198 4172
84.373153 286 4172
84.373186 1198 4172
84.381217 1198 4172
84.381254 1198 4172
84.389135 286 4172
84.389157 1198 4172
84.389186 1198 4172
84.390060 60 60000
84.397210 1198 4172
84.397263 350 4172
84.405148 1198 4172
84.405192 1198 4172
84.405222 1198 4172
84.413124 878 4172
84.413148 1198 4172
84.421338 1198 4172
84.421382 1198 4172
84.429257 1198 4172
84.429281 286 4172
84.429309 1198 4172
84.434994 1198 4172
84.435021 1198 4172
84.445225 862 4172
84.445242 1198 4172
84.445278 1198 4172
84.453208 1182 4172
84.453264 190 4172
84.453290 190 4172
84.467964 1198 4172
84.467984 1198 4172
84.469964 670 4172
84.470025 510 4172
84.470060 222 4172
84.470092 174 4172
84.470132 1198 4172
84.470162 638 4172
84.477176 1198 4172
84.477207 1198 4172
84.491849 1198 4172
84.491870 174 4172
84.491903 110 4172
84.491932 1198 4172
84.493990 1198 4172
84.494125 1198 4172
84.501161 302 4172
84.501188 1198 4172
84.501236 1198 4172
84.509104 174 4172
84.509139 1198 4172
84.509174 350 4172
84.517427 1198 4172
84.517476 1198 4172
84.523590 1198 4172
84.523630 366 4172
84.523664 1198 4172
84.533385 1198 4172
84.533484 1198 4172
84.541140 478 4172
84.541171 1198 4172
84.541202 1198 4172
84.551647 1198 4172
84.551820 1118 4172
84.557145 1198 4172
84.557173 1198 4172
84.565173 1198 4172
84.565238 1198 4172
84.565272 606 4172
84.573141 1198 4172
84.573170 1198 4172
84.581522 1198 4172
84.583301 1134 4172
84.589149 1198 4172
84.589180 1198 4172
84.589214 1198 4172
84.597384 254 4172
84.597417 174 4172
84.597452 174 4172
84.597484 1198 4172
84.609083 1198 4172
84.609116 798 4172
84.609148 126 4172
84.628718 110 4172
84.653086 1198 4172
84.653121 1198 4172
84.653151 1198 4172
84.653186 510 4172
84.695668 1198 4172
84.695694 1198 4172
84.695728 366 4172
84.695761 302 4172
84.695792 126 4172
84.695837 238 4172
84.697107 126 4172
84.730857 110 4172
84.741875 126 4172
84.762290 110 4172
84.785139 126 4172
84.818002 126 4172
84.826275 110 4172
84.828988 126 4172
84.873064 126 4172
84.917277 126 4172
84.926912 110 4172
84.961128 126 4172
85.049081 110 4172
85.049117 110 4172
85.102150 126 4172
85.115300 1118 4172
85.118053 1182 4172
85.121730 110 4172
85.130186 798 4172
85.137097 558 4172
85.150127 670 4172
85.162184 750 4172
85.174244 750 4172
85.181108 974 4172
85.198385 1198 4172
85.198445 558 4172
85.210224 1198 4172
85.210287 878 4172
85.218042 1198 4172
85.218103 478 4172
85.222132 110 4172
85.225001 1198 4172
85.225060 286 4172
85.243452 974 4172
85.253830 1198 4172
85.253907 382 4172
85.266128 798 4172
85.269302 862 4172
85.290325 1086 4172
85.290406 110 4172
85.290458 110 4172
85.290510 110 4172
85.302248 1198 4172
85.302311 158 4172
85.310310 1198 4172
85.310372 254 4172
85.313123 1198 4172
85.313185 558 4172
85.322411 110 4172
85.334550 1198 4172
85.334615 1198 4172
85.334665 446 4172
85.342436 1198 4172
85.342501 1198 4172
85.342556 990 4172
85.354336 1198 4172
85.354406 1198 4172
85.354459 590 4172
85.357113 1198 4172
85.357168 382 4172
85.379514 1198 4172
85.379584 142 4172
85.389756 1198 4172
85.389826 1134 4172
85.398315 1102 4172
85.398407 1198 4172
85.401098 1198 4172
85.401213 526 4172
85.418025 1198 4172
85.418053 1086 4172
85.430547 110 4172
85.430645 1198 4172
85.430674 1198 4172
85.430716 350 4172
85.442499 1198 4172
85.442583 1198 4172
85.442615 590 4172
85.445307 1198 4172
85.445347 1198 4172
85.445390 974 4172
85.462889 1198 4172
85.462925 1198 4172
85.462969 1198 4172
85.463014 1198 4172
85.463049 126 4172
85.474539 1198 4172
85.474583 1198 4172
85.474622 1198 4172
85.474659 1198 4172
85.474696 430 4172
85.482503 1198 4172
85.482555 1198 4172
85.482599 766 4172
85.489095 1198 4172
85.489136 1198 4172
85.489176 1198 4172
85.489216 894 4172
85.494036 1198 4172
85.501736 494 4172
85.513821 382 4172
85.518087 1198 4172
85.518138 174 4172
85.522421 110 4172
85.530565 1198 4172
85.530609 1198 4172
85.530642 798 4172
85.533096 1198 4172
85.533141 1198 4172
85.533183 1198 4172
85.533222 494 4172
85.533260 1198 4172
85.550650 1198 4172
85.550683 1198 4172
85.550723 1198 4172
85.550763 1038 4172
85.558830 1198 4172
85.558877 1198 4172
85.558921 1198 4172
85.558959 1198 4172
85.559001 110 4172
85.559038 110 4172
85.559074 110 4172
85.571113 1198 4172
85.571250 1198 4172
85.571251 1198 4172
85.571323 1198 4172
85.571327 942 4172
85.573331 1198 4172
85.573366 1198 4172
85.573402 1198 4172
85.573439 1198 4172
85.573483 1198 4172
85.573527 1198 4172
85.573563 462 4172
85.577138 382 4172
85.585078 1198 4172
85.585122 1198 4172
85.585159 1198 4172
85.593208 1198 4172
85.601201 1198 4172
85.601385 1198 4172
85.609182 542 4172
85.609223 1198 4172
85.609257 1198 4172
85.617088 1198 4172
85.617140 1198 4172
85.621114 1198 4172
85.621354 606 4172
85.621402 1198 4172
85.633180 1198 4172
85.633298 1198 4172
85.641160 110 4172
85.641210 1198 4172
85.641248 1198 4172
85.665199 766 4172
85.753219 110 4172
85.818144 110 4172
85.818209 110 4172
85.818253 110 4172
85.841254 110 4172
86.105150 110 4172
86.105210 110 4172
86.369209 110 4172
86.369258 110 4172
86.369293 110 4172
86.618203 110 4172
86.633412 110 4172
86.721153 110 4172
86.897188 110 4172
87.161298 110 4172
87.425182 110 4172
87.718256 110 4172
87.729128 110 4172
87.993218 110 4172
88.257195 110 4172
88.653206 110 4172
88.741270 110 4172
89.657431 110 4172
89.745189 110 4172
90.624985 110 4172
90.757064 110 4172
90.885106 110 4172
91.633059 110 4172
91.721068 110 4172
92.645135 110 4172
92.733130 110 4172
93.653204 110 4172
93.741116 110 4172
94.041024 174 4172
94.041054 174 4172
94.041106 174 4172
94.045028 174 4172
94.045059 174 4172
94.045091 174 4172
94.045120 174 4172
94.049390 174 4172
94.049421 174 4172
94.049450 174 4172
94.049479 174 4172
94.049508 174 4172
94.053261 174 4172
94.053284 174 4172
94.053314 174 4172
94.085180 302 4172
94.085224 1198 4172
94.085272 1198 4172
94.085304 1198 4172
94.085370 1198 4172
94.085409 1102 4172
94.173137 414 4172
94.299269 1198 4172
94.299324 1198 4172
94.299370 1086 4172
94.305039 1198 4172
94.305095 142 4172
94.315422 1198 4172
94.315470 414 4172
94.349076 1198 4172
94.349137 1198 4172
94.349185 110 4172
94.392944 110 4172
94.658141 110 4172
94.658144 110 4172
94.741170 110 4172
94.917248 110 4172
95.657122 110 4172
95.745098 110 4172
96.625107 110 4172
96.757385 110 4172
97.585047 110 4172
97.629062 110 4172
97.761054 110 4172
98.641056 110 4172
98.729036 110 4172
99.729005 110 4172
100.257052 110 4172
100.653055 110 4172
100.741163 110 4172
101.621017 110 4172
101.753074 110 4172
102.624974 110 4172
102.753113 110 4172
102.928942 110 4172
103.633053 110 4172
103.720948 110 4172
104.580170 1198 4172
104.580205 1198 4172
104.580252 1198 4172
104.580291 1198 4172
104.580330 1198 4172
104.580377 1198 4172
104.580412 1198 4172
104.580445 382 4172
104.592127 1198 4172
104.592193 1198 4172
104.592234 1198 4172
104.592293 1198 4172
104.592329 1198 4172
104.592362 1198 4172
104.592396 1198 4172
104.592434 126 4172
104.604505 1198 4172
104.604535 1198 4172
104.604572 1198 4172
104.604607 1198 4172
104.604639 1198 4172
104.604674 1198 4172
104.604713 894 4172
104.604802 1198 4172
104.614372 1198 4172
104.614403 1198 4172
104.614434 1198 4172
104.614466 1198 4172
104.614501 1198 4172
104.617696 1198 4172
104.617732 286 4172
104.625003 1198 4172
104.625056 1198 4172
104.632983 1198 4172
104.633016 1198 4172
104.640953 110 4172
104.640991 1198 4172
104.641036 1198 4172
104.645020 60 60000
104.648896 862 4172
104.648948 1198 4172
104.648989 1198 4172
104.656914 1198 4172
104.656960 1198 4172
104.664921 1198 4172
104.664961 1198 4172
104.679539 1166 4172
104.679658 1198 4172
104.679693 1198 4172
104.680877 1198 4172
104.680909 1198 4172
104.688913 1198 4172
104.688939 1198 4172
104.693023 1198 4172
104.693054 1198 4172
104.704958 1198 4172
104.704982 1198 4172
104.705017 1198 4172
104.713034 1198 4172
104.713079 1198 4172
104.720957 1198 4172
104.720989 606 4172
104.721035 1198 4172
104.728982 1198 4172
104.729026 1198 4172
104.736949 1198 4172
104.736996 110 4172
104.737035 1198 4172
104.744940 1198 4172
104.752926 510 4172
104.752973 1198 4172
104.753018 1198 4172
104.761085 1198 4172
104.761121 1198 4172
104.768900 1198 4172
104.768936 1198 4172
104.768991 1198 4172
104.776938 798 4172
104.776969 1198 4172
104.780824 1198 4172
104.780872 1198 4172
104.780910 1198 4172
104.793128 110 4172
104.793203 1198 4172
104.793244 1198 4172
104.801083 1198 4172
104.801105 1198 4172
104.808983 974 4172
104.809027 1198 4172
104.809073 1198 4172
104.816935 1198 4172
104.816986 1198 4172
104.824987 1198 4172
104.825017 1198 4172
104.832934 574 4172
104.832964 1198 4172
104.832997 1198 4172
104.840977 1198 4172
104.841012 1198 4172
104.848967 1198 4172
104.849015 1198 4172
104.849058 494 4172
104.856877 1198 4172
104.856928 1198 4172
104.864955 1198 4172
104.864995 1198 4172
104.868854 1198 4172
104.868900 558 4172
104.868944 1198 4172
104.880960 1198 4172
104.881021 1198 4172
104.888961 1198 4172
104.889017 1198 4172
104.896931 1198 4172
104.896972 1198 4172
104.897021 1102 4172
104.904976 1198 4172
104.912864 1198 4172
104.918599 350 4172
104.918630 478 4172
104.918667 206 4172
104.918715 158 4172
104.918745 158 4172
104.920993 158 4172
104.921030 158 4172
104.921116 158 4172
104.921145 158 4172
104.921180 158 4172
104.921216 1198 4172
104.921253 1198 4172
104.921285 158 4172
104.956867 158 4172
104.956909 158 4172
104.956939 158 4172
104.956975 158 4172
104.957009 158 4172
104.957044 158 4172
104.957077 158 4172
104.957111 318 4172
104.994649 142 4172
105.012039 142 4172
105.054145 110 4172
105.073910 158 4172
105.073959 174 4172
105.074010 158 4172
105.074053 158 4172
105.074096 158 4172
105.106780 158 4172
105.106811 158 4172
105.106848 158 4172
105.106885 158 4172
105.106921 398 4172
105.118674 1198 4172
105.118723 1198 4172
105.118748 1198 4172
105.118779 1198 4172
105.118807 1198 4172
105.118836 846 4172
105.129363 1198 4172
105.129393 1198 4172
105.129434 1198 4172
105.129470 1198 4172
105.129505 1198 4172
105.129542 1198 4172
105.129576 1198 4172
105.129609 462 4172
105.142858 1198 4172
105.144386 1198 4172
105.144873 1198 4172
105.145084 1198 4172
105.145182 1198 4172
105.145213 1198 4172
105.145266 1198 4172
105.145278 478 4172
105.152719 1198 4172
105.152770 1198 4172
105.152802 1198 4172
105.152832 1198 4172
105.152860 1198 4172
105.152888 1198 4172
105.152918 990 4172
105.152961 1198 4172
105.160990 1198 4172
105.161016 1198 4172
105.186868 1198 4172
105.188116 1198 4172
105.192972 1198 4172
105.192999 1198 4172
105.193030 1198 4172
105.193066 1198 4172
105.193096 606 4172
105.193135 1198 4172
105.193166 1198 4172
105.193198 1198 4172
105.197323 1198 4172
105.197372 1198 4172
105.212736 1198 4172
105.212814 126 4172
105.212847 878 4172
105.212878 1198 4172
105.212922 1198 4172
105.217265 1198 4172
105.225196 1198 4172
105.225305 1198 4172
105.235836 1198 4172
105.235885 942 4172
105.235902 1198 4172
105.244971 1198 4172
105.252530 1198 4172
105.256684 1198 4172
105.257473 1198 4172
105.265483 1198 4172
105.265512 1102 4172
105.265545 1198 4172
105.265575 1198 4172
105.265603 1198 4172
105.265632 1198 4172
105.273703 1198 4172
105.273736 1198 4172
105.283296 1198 4172
105.283595 1198 4172
105.288964 1134 4172
105.288985 1198 4172
105.289016 1198 4172
105.297319 1198 4172
105.297372 1198 4172
105.303065 1198 4172
105.303127 1198 4172
105.312900 1198 4172
105.312932 110 4172
105.312968 958 4172
105.313002 1198 4172
105.325626 1198 4172
105.325717 1198 4172
105.328915 1198 4172
105.328951 1198 4172
105.328981 1198 4172
105.337152 1198 4172
105.337180 1198 4172
105.344957 398 4172
105.344990 1198 4172
105.345030 1198 4172
105.360465 1198 4172
105.360542 1198 4172
105.360580 1198 4172
105.360933 1198 4172
105.375874 318 4172
105.375939 1198 4172
105.375976 1198 4172
105.376871 1198 4172
105.376914 1198 4172
105.376953 1198 4172
105.391854 1198 4172
105.392061 782 4172
105.395154 1198 4172
105.395189 1198 4172
105.395219 1198 4172
105.406714 1198 4172
105.406748 1198 4172
105.408909 1198 4172
105.408942 1198 4172
105.408975 894 4172
105.421939 1198 4172
105.421990 1198 4172
105.425242 1198 4172
105.425274 1198 4172
105.425309 1198 4172
105.438747 1198 4172
105.438881 1198 4172
105.440903 270 4172
105.440942 1198 4172
105.440980 1198 4172
105.454093 1198 4172
105.454178 462 4172
105.454253 286 4172
105.454290 190 4172
105.454342 702 4172
105.459802 1198 4172
105.459839 1198 4172
105.459870 1198 4172
105.459900 1198 4172
105.470676 462 4172
105.470727 1198 4172
105.470759 1198 4172
105.474061 1198 4172
105.475211 60 60000
105.483344 1198 4172
105.483388 574 4172
105.483427 1198 4172
105.488974 1198 4172
105.489142 1198 4172
105.489175 1198 4172
105.496959 1198 4172
105.496994 622 4172
105.508558 1198 4172
105.515806 1198 4172
105.515921 1198 4172
105.515981 1198 4172
105.523681 1198 4172
105.523759 942 4172
105.523854 1198 4172
105.523890 1198 4172
105.529190 1198 4172
105.529225 1198 4172
105.536905 1198 4172
105.536949 1198 4172
105.536979 318 4172
105.547679 1198 4172
105.547713 1198 4172
105.547744 1198 4172
105.552835 1198 4172
105.552871 1198 4172
105.564415 462 4172
105.564452 1198 4172
105.564482 1198 4172
105.568865 1198 4172
105.568904 1198 4172
105.568934 1198 4172
105.576881 958 4172
105.576903 110 4172
105.576934 1198 4172
105.584932 1198 4172
105.584960 1198 4172
105.584996 1198 4172
105.592947 1198 4172
105.592972 846 4172
105.600930 1198 4172
105.600970 1198 4172
105.601004 1198 4172
105.608902 1198 4172
105.608931 1198 4172
105.620440 126 4172
105.620480 1198 4172
105.620513 1198 4172
105.620544 1198 4172
105.624978 1198 4172
105.625014 862 4172
105.631454 110 4172
105.631496 1198 4172
105.631529 1198 4172
105.631559 1198 4172
105.649053 206 4172
105.649100 174 4172
105.649169 1198 4172
105.649208 1198 4172
105.649261 1198 4172
105.656894 542 4172
105.656924 606 4172
105.656957 206 4172
105.656988 174 4172
105.657020 782 4172
105.657052 1198 4172
105.657081 1198 4172
105.664913 1198 4172
105.664942 1198 4172
105.672976 1198 4172
105.673003 142 4172
105.673041 1198 4172
105.680928 1198 4172
105.680955 1198 4172
105.680986 1198 4172
105.688897 1198 4172
105.688945 126 4172
105.688985 1198 4172
105.696921 1198 4172
105.696947 1198 4172
105.704945 1198 4172
105.704974 1198 4172
105.705007 1198 4172
105.712915 254 4172
105.712950 1198 4172
105.712980 1198 4172
105.718107 1198 4172
105.718246 1198 4172
105.728840 1198 4172
105.728873 110 4172
105.728906 1198 4172
105.728942 862 4172
105.736956 1198 4172
105.736985 1198 4172
105.737018 1198 4172
105.744964 1198 4172
105.745008 1198 4172
105.754423 1198 4172
105.754468 1198 4172
105.763470 270 4172
105.763689 1198 4172
105.764115 1198 4172
105.764150 1198 4172
105.768909 1198 4172
105.768946 1198 4172
105.776915 1198 4172
105.776950 622 4172
105.776985 1198 4172
105.784941 1198 4172
105.785618 1198 4172
105.792984 1198 4172
105.793016 1198 4172
105.793046 1198 4172
105.801080 878 4172
105.801108 1198 4172
105.805245 1198 4172
105.805310 1198 4172
105.805349 1198 4172
105.819157 1198 4172
105.819190 1198 4172
105.825485 654 4172
105.825691 1198 4172
105.825731 1198 4172
105.834498 1198 4172
105.834592 1198 4172
105.834613 1198 4172
105.840886 110 4172
105.840923 1182 4172
105.840960 1198 4172
105.851031 1198 4172
105.851054 1198 4172
105.856882 1198 4172
105.856916 1198 4172
105.865663 1198 4172
105.869929 1198 4172
105.869976 622 4172
105.882836 174 4172
105.885796 382 4172
105.886186 1198 4172
105.886213 462 4172
105.886273 670 4172
105.893429 158 4172
105.893473 1118 4172
105.900883 382 4172
105.900905 174 4172
105.911149 1198 4172
105.911178 830 4172
105.911214 1198 4172
105.911244 1198 4172
105.911273 1198 4172
105.911301 1198 4172
105.911330 1198 4172
105.911361 1198 4172
105.911404 238 4172
105.916914 1198 4172
105.916942 1198 4172
105.916974 1198 4172
105.925162 1198 4172
105.925214 1198 4172
105.932928 1198 4172
105.932956 1198 4172
105.932995 1198 4172
105.936793 158 4172
105.936836 1198 4172
105.936875 1198 4172
105.948972 1198 4172
105.948989 1198 4172
105.957088 1198 4172
105.957158 1198 4172
105.957620 1198 4172
105.964926 1198 4172
105.964949 1198 4172
105.974181 1198 4172
105.974205 1198 4172
105.974231 1198 4172
105.980866 1198 4172
105.980897 1198 4172
105.989113 1198 4172
105.989170 1198 4172
105.996921 526 4172
105.996951 1198 4172
105.996984 1198 4172
106.005099 190 4172
106.005134 1198 4172
106.005427 1198 4172
106.005464 1198 4172
106.013016 1198 4172
106.013058 1198 4172
106.021985 1198 4172
106.022030 190 4172
106.022066 1198 4172
106.024919 1198 4172
106.024975 1198 4172
106.025019 1198 4172
106.037246 1198 4172
106.037333 1198 4172
106.044933 1198 4172
106.044984 414 4172
106.045029 1198 4172
106.053135 1198 4172
106.053173 1198 4172
106.053210 1198 4172
106.061027 1198 4172
106.061073 1198 4172
106.069197 1198 4172
106.069244 862 4172
106.069285 1198 4172
106.076963 1198 4172
106.076999 1198 4172
106.077040 1198 4172
106.085385 1198 4172
106.085429 1198 4172
106.093014 1198 4172
106.093062 1198 4172
106.101529 558 4172
106.101565 1198 4172
106.101603 1198 4172
106.108861 110 4172
106.108905 1198 4172
106.108941 1198 4172
106.108975 1198 4172
106.112864 1198 4172
106.112905 1198 4172
106.124931 878 4172
106.124986 1198 4172
106.125033 1198 4172
106.133159 1198 4172
106.133198 1198 4172
106.140905 1198 4172
106.140959 1198 4172
106.141004 1150 4172
106.148977 1198 4172
106.149020 1198 4172
106.156931 1198 4172
106.156965 1198 4172
106.157019 1198 4172
106.200959 254 4172
106.201015 142 4172
106.288947 142 4172
106.305285 174 4172
106.313289 190 4172
106.325606 350 4172
106.332871 638 4172
106.345449 478 4172
106.357435 174 4172
106.369409 158 4172
106.377048 174 4172
106.377088 110 4172
106.389433 158 4172
106.397363 158 4172
106.409428 142 4172
106.421270 142 4172
106.434049 1198 4172
106.434101 1198 4172
106.434135 174 4172
106.441974 1198 4172
106.442025 1006 4172
106.453739 1198 4172
106.453793 670 4172
106.464878 1006 4172
106.477292 382 4172
106.486044 398 4172
106.494020 1198 4172
106.494062 782 4172
106.502200 1198 4172
106.502248 910 4172
106.508871 1198 4172
106.508918 1198 4172
106.508959 222 4172
106.522247 1198 4172
106.522323 1198 4172
106.522364 382 4172
106.534158 1198 4172
106.534209 558 4172
106.546169 1198 4172
106.546216 1198 4172
106.546257 398 4172
106.552767 1198 4172
106.552819 1198 4172
106.552863 510 4172
106.558259 1198 4172
106.570244 1198 4172
106.570303 1198 4172
106.570347 1198 4172
106.570389 174 4172
106.582147 1198 4172
106.582239 1198 4172
106.582283 974 4172
106.589633 1198 4172
106.589684 1198 4172
106.589725 430 4172
106.597113 1198 4172
106.597160 398 4172
106.614171 1198 4172
106.614229 1198 4172
106.614273 494 4172
106.618247 1198 4172
106.618295 1198 4172
106.618335 686 4172
106.626250 110 4172
106.634363 1198 4172
106.634448 1198 4172
106.634491 1198 4172
106.634532 222 4172
106.640885 1198 4172
106.640934 1198 4172
106.640975 1198 4172
106.641015 382 4172
106.641056 110 4172
106.641095 110 4172
106.641143 110 4172
106.654320 1198 4172
106.654408 1198 4172
106.654452 1198 4172
106.654493 542 4172
106.666403 1198 4172
106.666462 1198 4172
106.666502 1198 4172
106.666543 286 4172
106.678479 1198 4172
106.678525 1198 4172
106.678574 1198 4172
106.678616 718 4172
106.684899 1198 4172
106.684941 1198 4172
106.684984 1198 4172
106.685023 1198 4172
106.685063 366 4172
106.698252 1198 4172
106.698305 1198 4172
106.698347 1054 4172
106.709936 1198 4172
106.709983 1198 4172
106.710031 1198 4172
106.710073 142 4172
106.718171 1198 4172
106.718214 750 4172
106.718259 1198 4172
106.728906 1198 4172
106.728952 1198 4172
106.728994 1198 4172
106.729034 350 4172
106.729073 110 4172
106.742439 1198 4172
106.742493 1198 4172
106.742536 590 4172
106.754533 1198 4172
106.754584 1198 4172
106.754622 1198 4172
106.754664 1198 4172
106.754704 190 4172
106.762596 1198 4172
106.762641 1198 4172
106.762684 1198 4172
106.762727 1198 4172
106.773262 1198 4172
106.773304 1198 4172
106.773345 1198 4172
106.773386 1198 4172
106.773421 942 4172
106.773457 1198 4172
106.786561 1198 4172
106.786616 1198 4172
106.786658 1198 4172
106.786700 1198 4172
106.786740 590 4172
106.786782 638 4172
106.816939 1198 4172
106.817007 1198 4172
106.817050 1198 4172
106.817091 1198 4172
106.817132 1006 4172
106.860824 110 4172
106.918371 110 4172
106.918430 110 4172
106.918474 110 4172
106.949073 110 4172
107.036908 110 4172
107.212981 110 4172
107.213019 110 4172
107.477200 110 4172
107.477259 110 4172
107.477306 110 4172
107.653200 110 4172
107.718347 110 4172
108.005174 110 4172
108.268997 110 4172
108.533229 110 4172
108.620870 110 4172
108.752994 110 4172
108.796966 110 4172
109.061705 110 4172
109.324804 110 4172
109.618330 110 4172
109.628877 110 4172
109.761008 110 4172
110.640887 110 4172
110.729189 110 4172
111.648964 110 4172
111.736876 110 4172
112.264910 110 4172
112.656892 110 4172
112.744865 110 4172
113.620807 110 4172
113.752835 110 4172
114.629084 110 4172
114.761037 110 4172
114.980739 110 4172
115.636910 110 4172
115.724831 110 4172
116.644908 110 4172
116.732897 110 4172
117.612865 110 4172
117.656910 110 4172
117.744846 110 4172
118.624765 110 4172
118.756825 110 4172
119.636732 110 4172
119.724993 110 4172
120.296853 110 4172
120.648805 110 4172
120.736736 110 4172
121.656753 110 4172
121.744822 110 4172
122.624812 110 4172
122.756799 110 4172
122.976804 110 4172
123.636763 110 4172
123.724732 110 4172
124.648822 110 4172
124.736764 110 4172
125.613044 110 4172
125.656827 110 4172
125.684411 1198 4172
125.684465 1198 4172
125.684517 1198 4172
125.684556 1198 4172
125.684592 1198 4172
125.684629 1198 4172
125.684665 1198 4172
125.684699 622 4172
125.684748 1198 4172
125.696043 1198 4172
125.696126 1198 4172
125.696160 1198 4172
125.696195 1198 4172
125.696227 1198 4172
125.696260 830 4172
125.700678 1198 4172
125.700725 1198 4172
125.700775 1198 4172
125.700823 1198 4172
125.700860 1198 4172
125.700899 1198 4172
125.700938 622 4172
125.716752 1198 4172
125.716843 1198 4172
125.716874 1198 4172
125.716909 1198 4172
125.716945 1198 4172
125.716980 1198 4172
125.717014 1198 4172
125.722102 846 4172
125.722145 110 4172
125.728702 1198 4172
125.728750 1198 4172
125.728792 1198 4172
125.732688 60 60000
125.737180 1198 4172
125.737220 1198 4172
125.744602 1198 4172
125.744639 1198 4172
125.744670 1198 4172
125.752676 1198 4172
125.752708 1198 4172
125.761052 894 4172
125.761095 1198 4172
125.761123 1198 4172
125.771602 1198 4172
125.771637 1198 4172
125.776674 1198 4172
125.776704 1198 4172
125.776736 1198 4172
125.784948 1198 4172
125.785004 1198 4172
125.788585 174 4172
125.788648 1198 4172
125.788705 1198 4172
125.788739 1198 4172
125.800842 1198 4172
125.800892 1198 4172
125.808752 1198 4172
125.808794 1198 4172
125.808829 1198 4172
125.816763 1198 4172
125.816826 830 4172
125.816865 1198 4172
125.824791 1198 4172
125.824836 1198 4172
125.833843 1198 4172
125.833942 1198 4172
125.840735 110 4172
125.840785 1198 4172
125.840825 1198 4172
125.848832 1198 4172
125.848900 654 4172
125.849005 1198 4172
125.856786 1198 4172
125.856830 1198 4172
125.856864 1198 4172
125.864742 1198 4172
125.864787 1198 4172
125.872678 1198 4172
125.872716 1198 4172
125.872748 1198 4172
125.876607 1086 4172
125.888787 1198 4172
125.888843 110 4172
125.888891 1198 4172
125.888930 1198 4172
125.896783 1198 4172
125.896820 1198 4172
125.904655 1198 4172
125.904688 1198 4172
125.904718 1198 4172
125.912785 1198 4172
125.912821 1198 4172
125.920741 1198 4172
125.920784 462 4172
125.920825 1198 4172
125.931003 1198 4172
125.931049 110 4172
125.931083 1198 4172
125.936683 1198 4172
125.936721 1198 4172
125.936755 1198 4172
125.944749 1198 4172
125.952737 1198 4172
125.952836 1198 4172
125.952882 606 4172
125.960844 1198 4172
125.960887 1198 4172
125.960920 1198 4172
125.964613 1198 4172
125.964768 1198 4172
125.964894 1198 4172
125.979118 1198 4172
125.979462 1198 4172
125.984688 510 4172
125.984725 1198 4172
125.984763 1198 4172
125.984793 1198 4172
125.992887 1198 4172
125.992929 1198 4172
126.000672 1198 4172
126.000715 830 4172
126.000756 1198 4172
126.008618 1198 4172
126.008654 1198 4172
126.008753 1198 4172
126.016688 1198 4172
126.016735 1198 4172
126.025768 990 4172
126.025820 1198 4172
126.025852 1198 4172
126.032672 1198 4172
126.032716 110 4172
126.040724 1198 4172
126.040760 1198 4172
126.048676 798 4172
126.048713 1198 4172
126.048741 1198 4172
126.052631 1198 4172
126.052673 1198 4172
126.064760 1198 4172
126.064764 1198 4172
126.074583 1198 4172
126.074866 1198 4172
126.076395 1166 4172
126.084327 1198 4172
126.087452 1198 4172
126.091252 1198 4172
126.091588 1198 4172
126.091646 1198 4172
126.097729 1198 4172
126.097777 318 4172
126.097807 1198 4172
126.097836 1198 4172
126.104703 1198 4172
126.104749 1198 4172
126.113735 1198 4172
126.113773 1198 4172
126.113799 798 4172
126.123457 1198 4172
126.123559 1198 4172
126.123755 1198 4172
126.128682 1198 4172
126.128720 110 4172
126.128748 1198 4172
126.140417 1198 4172
126.140457 1198 4172
126.140548 622 4172
126.140605 110 4172
126.144671 1198 4172
126.144712 1198 4172
126.144743 1198 4172
126.161308 1198 4172
126.161343 1198 4172
126.169206 1198 4172
126.169248 1198 4172
126.169278 878 4172
126.169308 1198 4172
126.169336 1198 4172
126.169375 1198 4172
126.177318 1198 4172
126.177369 1198 4172
126.177399 1198 4172
126.185319 1198 4172
126.187577 1150 4172
126.189765 1198 4172
126.196905 1198 4172
126.196946 1198 4172
126.201578 1198 4172
126.201627 1198 4172
126.208738 1198 4172
126.208777 1198 4172
126.208806 1198 4172
126.216745 878 4172
126.216784 1198 4172
126.216818 1198 4172
126.229253 1198 4172
126.229300 1198 4172
126.250740 1198 4172
126.251604 1198 4172
126.251649 1198 4172
126.253476 110 4172
126.253538 750 4172
126.253572 1198 4172
126.253603 1198 4172
126.253633 1198 4172
126.253724 1198 4172
126.253755 1198 4172
126.265858 926 4172
126.266058 1198 4172
126.273671 1198 4172
126.274550 1198 4172
126.288850 1198 4172
126.295210 1198 4172
126.306554 1198 4172
126.307119 1198 4172
126.307812 1198 4172
126.308740 718 4172
126.312993 1198 4172
126.313037 1198 4172
126.313159 1198 4172
126.313189 1198 4172
126.313218 1198 4172
126.313346 1198 4172
126.313349 1198 4172
126.313349 1198 4172
126.313358 1198 4172
126.320701 1198 4172
126.320740 622 4172
126.320771 1198 4172
126.333811 1198 4172
126.333857 1198 4172
126.333885 1198 4172
126.336718 1198 4172
126.336749 1198 4172
126.344808 1198 4172
126.344858 1198 4172
126.344891 1166 4172
126.356389 1198 4172
126.356784 1198 4172
126.356952 1198 4172
126.357003 1198 4172
126.362450 1198 4172
126.368685 1198 4172
126.368721 1198 4172
126.368755 1198 4172
126.388761 1022 4172
126.388900 1198 4172
126.388930 1198 4172
126.397070 1198 4172
126.397104 1198 4172
126.397139 1198 4172
126.397168 1198 4172
126.400656 686 4172
126.400692 1198 4172
126.400724 1198 4172
126.417463 1198 4172
126.418205 1198 4172
126.418286 1198 4172
126.434130 110 4172
126.434180 1198 4172
126.434377 734 4172
126.434660 1198 4172
126.434800 1198 4172
126.434839 1198 4172
126.434869 1198 4172
126.454578 1198 4172
126.454615 1198 4172
126.454645 1198 4172
126.454687 1006 4172
126.454706 1198 4172
126.469826 1198 4172
126.469867 1198 4172
126.469901 1198 4172
126.469931 1198 4172
126.469958 1198 4172
126.469987 1198 4172
126.485195 1198 4172
126.485673 1198 4172
126.485701 1198 4172
126.485736 830 4172
126.485767 414 4172
126.501772 270 4172
126.501958 1198 4172
126.501996 1198 4172
126.502024 1198 4172
126.502057 1198 4172
126.502092 318 4172
126.502128 1198 4172
126.505770 1198 4172
126.505834 1198 4172
126.505862 1198 4172
126.505897 958 4172
126.517382 1198 4172
126.517418 942 4172
126.517467 1198 4172
126.526213 1198 4172
126.526255 1198 4172
126.526285 1198 4172
126.528734 1198 4172
126.528775 1198 4172
126.528809 1198 4172
126.537955 1198 4172
126.538043 1198 4172
126.538072 1198 4172
126.544763 1198 4172
126.544786 1198 4172
126.544853 606 4172
126.552801 1198 4172
126.552831 1198 4172
126.552865 1198 4172
126.560850 158 4172
126.560895 1198 4172
126.560924 1198 4172
126.568657 1198 4172
126.568686 782 4172
126.568723 1198 4172
126.568756 1198 4172
126.576638 1198 4172
126.576673 1198 4172
126.584659 1198 4172
126.584698 1198 4172
126.584728 590 4172
126.584757 1198 4172
126.592668 1198 4172
126.592715 1198 4172
126.600651 1198 4172
126.600672 1198 4172
126.600711 1198 4172
126.608578 1198 4172
126.608625 1198 4172
126.608660 222 4172
126.608691 1198 4172
126.616657 1198 4172
126.616687 1198 4172
126.624668 1198 4172
126.624693 1198 4172
126.624723 1198 4172
126.632541 60 60000
126.632716 1198 4172
126.632781 1198 4172
126.632813 110 4172
126.632843 718 4172
126.637787 1198 4172
126.637826 1198 4172
126.637864 1198 4172
126.648788 1198 4172
126.648835 1198 4172
126.648869 1198 4172
126.657085 1198 4172
126.657110 1198 4172
126.657145 798 4172
126.664872 1198 4172
126.664908 1198 4172
126.672729 1198 4172
126.672763 1198 4172
126.672794 1198 4172
126.683169 110 4172
126.683553 1198 4172
126.683593 1086 4172
126.690144 1198 4172
126.690191 1198 4172
126.690222 1198 4172
126.696688 1198 4172
126.696721 1198 4172
126.696752 1198 4172
126.705446 1198 4172
126.705474 1198 4172
126.705510 910 4172
126.716456 1198 4172
126.716494 1198 4172
126.716579 1198 4172
126.716631 1198 4172
126.720657 1198 4172
126.720682 1198 4172
126.724717 1198 4172
126.724748 1198 4172
126.736925 750 4172
126.737029 110 4172
126.737031 1198 4172
126.737055 1198 4172
126.737083 1198 4172
126.744740 1198 4172
126.744790 1198 4172
126.752845 1198 4172
126.753276 1198 4172
126.753316 1198 4172
126.765568 382 4172
126.765595 1198 4172
126.765640 1198 4172
126.765673 1198 4172
126.768547 1198 4172
126.768611 1198 4172
126.777330 1198 4172
126.783742 1198 4172
126.783792 1054 4172
126.784657 1198 4172
126.784692 1198 4172
126.797773 1198 4172
126.797803 1198 4172
126.797833 1198 4172
126.800641 1198 4172
126.800683 1198 4172
126.800716 1198 4172
126.809007 686 4172
126.809064 606 4172
126.809126 222 4172
126.809163 1198 4172
126.809193 1198 4172
126.812570 1198 4172
126.812611 1198 4172
126.812667 1198 4172
126.820847 366 4172
126.831161 1198 4172
126.831363 1198 4172
126.832629 1198 4172
126.832678 1198 4172
126.832713 1198 4172
126.841281 110 4172
126.841311 1198 4172
126.844106 1198 4172
126.844145 542 4172
126.848683 1198 4172
126.848767 1198 4172
126.848803 1198 4172
126.866214 1198 4172
126.869081 1198 4172
126.869115 1198 4172
126.869208 1198 4172
126.882583 1038 4172
126.883000 1198 4172
126.883031 1198 4172
126.883060 1198 4172
126.900666 1198 4172
126.900717 1198 4172
126.900751 1198 4172
126.900779 1198 4172
126.900815 558 4172
126.900844 1198 4172
126.920134 1198 4172
126.920155 1198 4172
126.920187 1198 4172
126.920219 1198 4172
126.920251 1198 4172
126.920277 1198 4172
126.932136 1198 4172
126.932170 1198 4172
126.932197 782 4172
126.932225 1198 4172
126.932252 1198 4172
126.932279 1198 4172
126.934205 1198 4172
126.934261 1198 4172
126.934299 110 4172
126.934360 110 4172
126.934395 1198 4172
126.934455 1198 4172
126.934488 334 4172
126.952517 1198 4172
126.955910 1198 4172
126.967634 1198 4172
126.971347 1198 4172
126.971521 1198 4172
126.984316 1198 4172
126.984389 1198 4172
126.984420 1198 4172
126.984448 1198 4172
126.984476 1198 4172
126.987209 1198 4172
126.987281 1198 4172
126.995274 1198 4172
126.995530 1198 4172
126.995849 1198 4172
126.996075 1198 4172
126.996111 1198 4172
126.996141 1198 4172
126.996171 1198 4172
126.996208 1198 4172
126.998049 1198 4172
126.998151 894 4172
126.998222 1198 4172
127.014838 1198 4172
127.014892 1198 4172
127.014953 1198 4172
127.025428 1198 4172
127.025502 1198 4172
127.025571 910 4172
127.037389 1198 4172
127.038247 1198 4172
127.038301 1198 4172
127.038336 110 4172
127.038366 1198 4172
127.038417 1198 4172
127.038446 1198 4172
127.040883 686 4172
127.040952 1198 4172
127.040982 1198 4172
127.059633 1198 4172
127.059636 1198 4172
127.059741 1198 4172
127.077053 1070 4172
127.077155 1198 4172
127.077254 1198 4172
127.077352 1198 4172
127.077390 1198 4172
127.080850 1070 4172
127.080894 1198 4172
127.080923 1198 4172
127.080954 1198 4172
127.080982 1198 4172
127.081011 1198 4172
127.088594 1198 4172
127.088666 798 4172
127.088782 1198 4172
127.099993 1198 4172
127.110739 1198 4172
127.110835 1198 4172
127.110897 1198 4172
127.113008 1198 4172
127.113638 1198 4172
127.113703 1198 4172
127.113738 702 4172
127.113772 1198 4172
127.113798 1198 4172
127.113845 302 4172
127.123562 1198 4172
127.123590 1198 4172
127.123618 1198 4172
127.127931 1198 4172
127.127962 1198 4172
127.127992 526 4172
127.136296 1198 4172
127.136333 1198 4172
127.136366 1198 4172
127.143618 1198 4172
127.143646 1198 4172
127.143674 1198 4172
127.158252 1198 4172
127.158279 558 4172
127.158425 1198 4172
127.158454 1198 4172
127.159876 1198 4172
127.159913 1198 4172
127.159944 1198 4172
127.167899 1198 4172
127.167922 1198 4172
127.167951 1054 4172
127.175887 1198 4172
127.175909 1198 4172
127.175942 1198 4172
127.184028 1198 4172
127.184069 1198 4172
127.184096 1198 4172
127.191911 1198 4172
127.191943 1198 4172
127.191976 574 4172
127.199928 1198 4172
127.199954 1198 4172
127.199984 1198 4172
127.207879 110 4172
127.207918 1198 4172
127.207952 1198 4172
127.207985 1198 4172
127.215893 1198 4172
127.215923 1198 4172
127.215954 766 4172
127.215986 1198 4172
127.223870 1198 4172
127.223898 1198 4172
127.223932 1198 4172
127.229223 1198 4172
127.229271 1198 4172
127.229305 1198 4172
127.239927 1198 4172
127.239949 350 4172
127.239984 1198 4172
127.247875 1198 4172
127.247910 1198 4172
127.247946 1198 4172
127.255861 1198 4172
127.255896 1198 4172
127.263894 1198 4172
127.263919 126 4172
127.263951 1198 4172
127.263982 1198 4172
127.271910 1198 4172
127.271946 1198 4172
127.271978 1198 4172
127.279906 1198 4172
127.279938 1198 4172
127.287894 126 4172
127.287953 1198 4172
127.287990 1198 4172
127.288021 1198 4172
127.295903 1198 4172
127.295931 1198 4172
127.295952 1198 4172
127.303981 1198 4172
127.304032 894 4172
127.304077 1198 4172
127.311879 1198 4172
127.311914 1198 4172
127.311943 1198 4172
127.315912 1198 4172
127.315955 1198 4172
127.315997 910 4172
127.328022 1198 4172
127.328063 1198 4172
127.328099 1198 4172
127.335913 1198 4172
127.335952 1198 4172
127.335994 1198 4172
127.343870 670 4172
127.343907 1198 4172
127.343941 1198 4172
127.343979 1198 4172
127.351859 1198 4172
127.351896 1198 4172
127.351933 1054 4172
127.360018 1198 4172
127.360053 1198 4172
127.360100 1198 4172
127.367901 1198 4172
127.368186 1198 4172
127.368229 1054 4172
127.375961 1198 4172
127.376005 1198 4172
127.376047 1198 4172
127.383911 1198 4172
127.383936 1198 4172
127.383976 1198 4172
127.384014 798 4172
127.391981 1198 4172
127.392021 1198 4172
127.392061 1198 4172
127.399914 1198 4172
127.399947 1198 4172
127.404118 1198 4172
127.404153 1198 4172
127.404189 1198 4172
127.415956 766 4172
127.415999 238 4172
127.416035 1198 4172
127.416072 1198 4172
127.423900 1198 4172
127.423938 1198 4172
127.423975 1198 4172
127.431921 1198 4172
127.431967 718 4172
127.432016 1198 4172
127.432055 1198 4172
127.439900 1198 4172
127.439930 1198 4172
127.439956 1198 4172
127.447936 1198 4172
127.447984 1198 4172
127.448024 1166 4172
127.455954 1198 4172
127.455993 1198 4172
127.456027 1198 4172
127.463939 1198 4172
127.463995 1198 4172
127.464039 1198 4172
127.471935 1198 4172
127.471997 1198 4172
127.472031 110 4172
127.472071 798 4172
127.472113 1198 4172
127.479902 1198 4172
127.479948 1198 4172
127.479993 1198 4172
127.488041 1198 4172
127.488080 1198 4172
127.488115 1198 4172
127.491899 1198 4172
127.491948 1198 4172
127.491992 526 4172
127.504001 1198 4172
127.504038 1198 4172
127.504081 1198 4172
127.511956 1198 4172
127.512001 1198 4172
127.512038 1198 4172
127.512077 1198 4172
127.519946 1198 4172
127.519986 1198 4172
127.520027 670 4172
127.527939 1198 4172
127.528003 1198 4172
127.528052 1198 4172
127.535844 1198 4172
127.535883 1198 4172
127.535917 1198 4172
127.543901 1198 4172
127.544008 1198 4172
127.544062 1102 4172
127.551947 1198 4172
127.551983 1198 4172
127.552019 1198 4172
127.559968 1198 4172
127.560018 1198 4172
127.560067 1198 4172
127.560108 1198 4172
127.567926 1198 4172
127.567975 846 4172
127.568019 1198 4172
127.575809 1198 4172
127.575845 1198 4172
127.575883 1198 4172
127.580049 1198 4172
127.580105 1198 4172
127.580150 1198 4172
127.592071 718 4172
127.592161 1198 4172
127.592195 1198 4172
127.592231 1198 4172
127.599935 1198 4172
127.599985 1198 4172
127.600027 1198 4172
127.607961 1198 4172
127.608008 238 4172
127.608050 1198 4172
127.615914 1198 4172
127.615961 1198 4172
127.615996 1198 4172
127.616032 1198 4172
127.623904 1198 4172
127.623952 1198 4172
127.623991 318 4172
127.631949 110 4172
127.631989 1198 4172
127.632028 1198 4172
127.632063 1198 4172
127.639936 1198 4172
127.639981 1198 4172
127.640022 1198 4172
127.648283 1166 4172
127.648372 1198 4172
127.648398 1198 4172
127.648436 1198 4172
127.655935 1198 4172
127.655988 1198 4172
127.656026 1198 4172
127.663954 238 4172
127.663996 1198 4172
127.664034 1198 4172
127.664067 1198 4172
127.667737 1198 4172
127.667777 1198 4172
127.667814 1198 4172
127.679933 206 4172
127.679976 1198 4172
127.680030 1198 4172
127.687906 1198 4172
127.687952 1198 4172
127.687993 1198 4172
127.695919 1150 4172
127.695970 1198 4172
127.696013 1198 4172
127.703933 1198 4172
127.703982 1198 4172
127.704021 1198 4172
127.711904 1198 4172
127.711942 1198 4172
127.711978 1198 4172
127.719970 1198 4172
127.720016 1198 4172
127.720056 1198 4172
127.728078 174 4172
127.728185 974 4172
127.728231 110 4172
127.728271 1198 4172
127.728308 1198 4172
127.740444 510 4172
127.740544 110 4172
127.740576 302 4172
127.740613 126 4172
127.740652 126 4172
127.752339 126 4172
127.755915 126 4172
127.772410 126 4172
127.784400 126 4172
127.792353 126 4172
127.799855 126 4172
127.816387 126 4172
127.828457 126 4172
127.828579 110 4172
127.836373 126 4172
127.843884 126 4172
127.860421 126 4172
127.872391 126 4172
127.885148 126 4172
127.887872 1198 4172
127.887914 1198 4172
127.887952 142 4172
127.905375 1198 4172
127.905515 382 4172
127.917967 1198 4172
127.918056 1198 4172
127.918100 110 4172
127.925759 1198 4172
127.925804 1198 4172
127.925843 590 4172
127.925884 110 4172
127.932050 1198 4172
127.932095 1086 4172
127.937838 1198 4172
127.949873 1198 4172
127.949945 1198 4172
127.949988 1198 4172
127.950027 1198 4172
127.950070 734 4172
127.961750 1198 4172
127.961829 1198 4172
127.961873 1198 4172
127.961911 1198 4172
127.961949 590 4172
127.961986 1198 4172
127.962029 1198 4172
127.969757 1198 4172
127.969802 1198 4172
127.969842 1198 4172
127.969879 1198 4172
127.969916 126 4172
127.975851 1198 4172
127.975888 1198 4172
127.975932 1198 4172
127.975972 1102 4172
127.993591 1198 4172
127.993680 1198 4172
127.993724 1198 4172
127.993764 558 4172
128.001670 1198 4172
128.001718 1198 4172
128.001761 1198 4172
128.001799 190 4172
128.001842 110 4172
128.001878 110 4172
128.001914 110 4172
128.013702 1198 4172
128.013749 1198 4172
128.013785 1198 4172
128.013823 366 4172
128.018416 1198 4172
128.018462 1198 4172
128.018500 1198 4172
128.018537 206 4172
128.019882 110 4172
128.033631 1198 4172
128.033800 1198 4172
128.033801 622 4172
128.045828 1198 4172
128.045907 1198 4172
128.045944 606 4172
128.053259 1198 4172
128.053285 1198 4172
128.053325 1198 4172
128.053363 382 4172
128.063814 1198 4172
128.063890 1198 4172
128.073500 1198 4172
128.073583 1134 4172
128.082000 1198 4172
128.082093 1198 4172
128.082095 1198 4172
128.082132 574 4172
128.083752 1198 4172
128.083801 1198 4172
128.083847 1198 4172
128.083884 1198 4172
128.083948 1198 4172
128.083968 814 4172
128.106319 1198 4172
128.106406 1198 4172
128.106449 1198 4172
128.106492 1198 4172
128.106533 1198 4172
128.106572 1198 4172
128.106611 350 4172
128.108070 1198 4172
128.108114 1198 4172
128.108168 1198 4172
128.108212 1198 4172
128.108255 1198 4172
128.108296 1198 4172
128.108337 1198 4172
128.108377 110 4172
128.118475 1198 4172
128.118559 1198 4172
128.118598 1198 4172
128.118638 1198 4172
128.118677 1198 4172
128.118715 1198 4172
128.118755 974 4172
128.126339 110 4172
128.134225 1198 4172
128.134276 1198 4172
128.134322 1198 4172
128.134364 1198 4172
128.134406 1198 4172
128.134447 1198 4172
128.134488 494 4172
128.146076 1198 4172
128.146133 1198 4172
128.146178 1198 4172
128.146219 1198 4172
128.146260 1198 4172
128.146301 1198 4172
128.146341 318 4172
128.151870 1198 4172
128.151916 1198 4172
128.151957 1198 4172
128.151995 1198 4172
128.152034 1198 4172
128.152073 702 4172
128.170022 1198 4172
128.170115 1198 4172
128.170151 1198 4172
128.170200 1198 4172
128.170239 1198 4172
128.170280 206 4172
128.177976 1198 4172
128.178028 1198 4172
128.178076 1198 4172
128.178119 1198 4172
128.178160 1198 4172
128.178202 558 4172
128.189841 1198 4172
128.189926 1198 4172
128.189974 1198 4172
128.190015 1198 4172
128.190059 1198 4172
128.190101 286 4172
128.195849 1198 4172
128.195891 1198 4172
128.195932 1198 4172
128.195972 1198 4172
128.196010 334 4172
128.210013 1198 4172
128.210101 1198 4172
128.210145 1198 4172
128.210187 1198 4172
128.210228 462 4172
128.218455 1198 4172
128.218503 1198 4172
128.218545 1198 4172
128.218584 1198 4172
128.218623 1198 4172
128.218662 430 4172
128.220988 110 4172
128.232551 1198 4172
128.232621 1198 4172
128.232659 590 4172
128.238746 382 4172
128.239852 1070 4172
128.258554 1198 4172
128.258638 1198 4172
128.258679 1198 4172
128.258720 1198 4172
128.258760 1198 4172
128.258800 990 4172
128.270625 1198 4172
128.270664 1198 4172
128.270700 1198 4172
128.270745 1198 4172
128.270786 1198 4172
128.270827 1198 4172
128.270866 1198 4172
128.270905 1198 4172
128.270944 1102 4172
128.275919 1198 4172
128.275965 1198 4172
128.276001 1198 4172
128.276038 1198 4172
128.276076 110 4172
128.276115 110 4172
128.276153 110 4172
128.276191 1198 4172
128.276229 1198 4172
128.284069 1198 4172
128.284133 1198 4172
128.291974 1198 4172
128.292024 638 4172
128.292068 1198 4172
128.292110 1198 4172
128.300193 1198 4172
128.300243 1198 4172
128.300284 1198 4172
128.307938 1198 4172
128.307984 1198 4172
128.308028 1198 4172
128.316086 1198 4172
128.316125 1198 4172
128.316181 430 4172
128.316226 1198 4172
128.323905 1198 4172
128.323948 1198 4172
128.323994 1198 4172
128.327967 1198 4172
128.328016 1198 4172
128.328059 1198 4172
128.339965 1198 4172
128.340051 1198 4172
128.340100 1198 4172
128.340142 286 4172
128.348012 1198 4172
128.348073 1198 4172
128.348112 1198 4172
128.348154 1198 4172
128.355986 1198 4172
128.356037 1198 4172
128.356083 1198 4172
128.364066 1198 4172
128.364136 1198 4172
128.364178 830 4172
128.371795 1198 4172
128.371840 1198 4172
128.371886 1198 4172
128.371927 1198 4172
128.380036 1198 4172
128.380092 1198 4172
128.380135 1198 4172
128.387923 1198 4172
128.387971 1198 4172
128.388013 958 4172
128.396001 1198 4172
128.396047 1198 4172
128.403951 1198 4172
128.404001 1198 4172
128.404044 1198 4172
128.412208 1198 4172
128.412254 1198 4172
128.412300 318 4172
128.415884 1198 4172
128.415933 1198 4172
128.415980 1198 4172
128.428053 1198 4172
128.428099 1198 4172
128.428144 1198 4172
128.435953 1198 4172
128.435992 1198 4172
128.436035 1198 4172
128.444052 1198 4172
128.444099 782 4172
128.444137 1198 4172
128.444182 1198 4172
128.451912 1198 4172
128.451961 1198 4172
128.452004 1198 4172
128.460106 1198 4172
128.460164 1198 4172
128.460208 1198 4172
128.467790 1198 4172
128.467838 206 4172
128.467884 1198 4172
128.467924 1198 4172
128.476332 1198 4172
128.476368 1198 4172
128.476413 1198 4172
128.483957 1198 4172
128.484059 1198 4172
128.484167 862 4172
128.492101 1198 4172
128.492162 1198 4172
128.492197 1198 4172
128.492233 1198 4172
128.499915 1198 4172
128.499959 1198 4172
128.500010 1198 4172
128.503865 1198 4172
128.503933 1198 4172
128.503975 1198 4172
128.515894 1198 4172
128.515940 1198 4172
128.515981 1198 4172
128.524081 1198 4172
128.524121 1198 4172
128.524163 334 4172
128.524202 1198 4172
128.531914 254 4172
128.531953 1198 4172
128.531992 110 4172
128.532029 110 4172
128.532067 110 4172
128.532103 1198 4172
128.532141 1198 4172
128.540098 1198 4172
128.540143 1198 4172
128.540195 1198 4172
128.548084 1198 4172
128.548135 494 4172
128.636073 110 4172
128.723927 110 4172
128.812075 110 4172
128.812158 110 4172
129.075923 110 4172
129.075961 110 4172
129.075998 110 4172
129.340048 110 4172
129.340088 110 4172
129.599925 110 4172
129.644163 110 4172
129.731922 110 4172
129.907956 110 4172
130.127916 110 4172
130.435894 110 4172
130.656068 110 4172
130.699900 110 4172
130.743801 110 4172
130.963957 110 4172
131.227997 110 4172
131.492012 110 4172
131.623880 110 4172
131.751964 110 4172
131.755841 110 4172
132.635836 110 4172
132.723815 110 4172
133.639901 110 4172
133.727930 110 4172
134.475911 110 4172
134.647861 110 4172
134.735901 110 4172
135.655840 110 4172
135.743832 110 4172
136.623902 110 4172
136.755915 110 4172
137.104118 110 4172
137.631873 110 4172
137.719831 110 4172
138.643887 110 4172
138.731855 110 4172
139.655888 110 4172
139.743877 110 4172
139.787820 110 4172
140.619748 110 4172
140.751906 110 4172
141.627802 110 4172
141.759845 110 4172
142.463786 110 4172
142.639743 110 4172
142.727989 110 4172
143.735772 110 4172
144.659865 110 4172
144.747826 110 4172
145.187752 110 4172
145.627834 110 4172
145.759933 110 4172
146.643120 110 4172
146.728023 110 4172
146.805855 1198 4172
146.805914 1198 4172
146.805948 1198 4172
146.805977 1198 4172
146.806008 1198 4172
146.806038 1198 4172
146.806066 1198 4172
146.806102 1086 4172
146.813418 1198 4172
146.813452 1198 4172
146.813489 1198 4172
146.813520 1198 4172
146.813550 1198 4172
146.813589 1198 4172
146.813624 1198 4172
146.813654 926 4172
146.815779 1198 4172
146.815808 1198 4172
146.815839 1198 4172
146.815869 1198 4172
146.815897 1198 4172
146.815935 1198 4172
146.815966 1038 4172
146.829275 1198 4172
146.829358 1198 4172
146.829395 1198 4172
146.829429 1198 4172
146.829462 1134 4172
146.837413 1198 4172
146.837449 1198 4172
146.837484 1198 4172
146.837517 1198 4172
146.837548 1198 4172
146.837579 1198 4172
146.837616 1198 4172
146.837647 1198 4172
146.837680 510 4172
146.843795 1198 4172
146.843831 1198 4172
146.843867 1198 4172
146.843903 1198 4172
146.851759 1198 4172
146.851793 1198 4172
146.851827 1198 4172
146.859771 1198 4172
146.859807 1198 4172
146.867792 750 4172
146.867847 1198 4172
146.867885 1198 4172
146.867921 1198 4172
146.875731 1198 4172
146.875770 1198 4172
146.875815 1198 4172
146.883734 1198 4172
146.883775 1198 4172
146.883808 1198 4172
146.883844 1022 4172
146.891841 1198 4172
146.891875 1198 4172
146.891908 1198 4172
146.899686 1198 4172
146.899736 1198 4172
146.899775 1198 4172
146.903596 1198 4172
146.903649 1198 4172
146.903691 1198 4172
146.903730 446 4172
146.917633 1198 4172
146.917745 1198 4172
146.917816 1198 4172
146.917854 1198 4172
146.923777 1198 4172
146.923781 1198 4172
146.923810 1198 4172
146.931664 1198 4172
146.931710 1198 4172
146.931737 494 4172
146.931767 1198 4172
146.940123 1198 4172
146.940336 1198 4172
146.948313 1198 4172
146.948345 1198 4172
146.948378 1198 4172
146.948408 1198 4172
146.955672 1198 4172
146.955713 254 4172
146.955738 1198 4172
146.955765 1198 4172
146.963730 1198 4172
146.963769 1198 4172
146.963797 1198 4172
146.972113 1198 4172
146.972147 1198 4172
146.972182 1198 4172
146.981363 1198 4172
146.981394 1198 4172
146.981420 270 4172
146.981455 1198 4172
146.981481 1198 4172
146.987665 1198 4172
146.987696 1198 4172
146.987727 1198 4172
146.997005 126 4172
146.997009 1198 4172
146.997034 1198 4172
146.997067 126 4172
146.997095 1198 4172
147.003647 1198 4172
147.003685 1198 4172
147.003713 1198 4172
147.011647 1198 4172
147.011683 1198 4172
147.011723 126 4172
147.011755 1198 4172
147.011782 1198 4172
147.019688 110 4172
147.019706 1198 4172
147.019741 1198 4172
147.019772 1198 4172
147.027865 1198 4172
147.027894 142 4172
147.027925 1198 4172
147.027952 1198 4172
147.035686 1198 4172
147.035727 1198 4172
147.035768 1198 4172
147.045082 1198 4172
147.045131 1182 4172
147.045161 1198 4172
147.045189 1198 4172
147.047711 1198 4172
147.047761 1198 4172
147.047792 622 4172
147.047823 606 4172
147.059798 270 4172
147.059828 254 4172
147.059860 270 4172
147.059889 318 4172
147.059921 1198 4172
147.059949 1150 4172
147.059978 1198 4172
147.067731 1198 4172
147.067778 1198 4172
147.067818 846 4172
147.076865 1198 4172
147.076892 1198 4172
147.076925 1198 4172
147.083745 1022 4172
147.083781 1198 4172
147.083827 1198 4172
147.083865 1198 4172
147.094017 1198 4172
147.094055 1198 4172
147.094088 318 4172
147.094124 1198 4172
147.099715 1198 4172
147.099767 1198 4172
147.099806 1198 4172
147.107809 734 4172
147.107850 1198 4172
147.107890 1198 4172
147.107925 1198 4172
147.115686 1198 4172
147.115777 222 4172
147.115837 1198 4172
147.115902 1198 4172
147.123686 1198 4172
147.123722 1198 4172
147.123754 638 4172
147.131724 1198 4172
147.131757 926 4172
147.131791 238 4172
147.131821 270 4172
147.131848 654 4172
147.137512 1198 4172
147.137577 1198 4172
147.137606 1198 4172
147.137636 1198 4172
147.147634 1198 4172
147.147722 1198 4172
147.147748 1198 4172
147.155665 334 4172
147.155702 926 4172
147.155735 1198 4172
147.155765 1198 4172
147.163592 1198 4172
147.163654 1198 4172
147.163682 1038 4172
147.163714 1198 4172
147.171705 1198 4172
147.171727 1198 4172
147.171781 1198 4172
147.179714 1198 4172
147.179753 1198 4172
147.179793 1198 4172
147.187799 1198 4172
147.187840 1198 4172
147.187877 1198 4172
147.187910 1102 4172
147.195685 1198 4172
147.195738 1198 4172
147.203665 1198 4172
147.203703 1198 4172
147.203744 1198 4172
147.211591 1198 4172
147.211620 1198 4172
147.211653 1198 4172
147.219672 1198 4172
147.219706 1198 4172
147.219733 1198 4172
147.223538 1198 4172
147.223569 1198 4172
147.223602 1198 4172
147.223631 190 4172
147.223661 1198 4172
147.235660 1198 4172
147.235762 1198 4172
147.235780 1198 4172
147.243649 1198 4172
147.243703 1198 4172
147.243777 1198 4172
147.243821 1198 4172
147.251643 1198 4172
147.251665 1198 4172
147.251697 1198 4172
147.259698 1198 4172
147.259742 1198 4172
147.259774 1198 4172
147.267642 1198 4172
147.267677 1198 4172
147.275616 782 4172
147.275642 1198 4172
147.275676 1198 4172
147.275706 1198 4172
147.283612 1198 4172
147.283652 1198 4172
147.283681 1198 4172
147.291636 110 4172
147.291674 1198 4172
147.291706 1198 4172
147.291736 1198 4172
147.291766 1198 4172
147.299623 1198 4172
147.299653 1198 4172
147.299685 1198 4172
147.307589 1198 4172
147.307627 558 4172
147.307660 1198 4172
147.307690 1198 4172
147.312134 1198 4172
147.312170 1198 4172
147.312197 1198 4172
147.323641 1198 4172
147.323697 1198 4172
147.323726 1198 4172
147.323758 798 4172
147.331629 1198 4172
147.331660 1198 4172
147.331691 1198 4172
147.331721 1198 4172
147.339680 1198 4172
147.339719 1198 4172
147.339753 1198 4172
147.349111 1198 4172
147.349184 1198 4172
147.349414 734 4172
147.362788 1198 4172
147.363110 1198 4172
147.363147 1198 4172
147.363364 1198 4172
147.367744 718 4172
147.367780 478 4172
147.367812 1198 4172
147.367839 1086 4172
147.372048 270 4172
147.372078 254 4172
147.372114 270 4172
147.372150 318 4172
147.372179 222 4172
147.372207 238 4172
147.372291 1022 4172
147.384843 1198 4172
147.384872 542 4172
147.384921 238 4172
147.388267 222 4172
147.388300 238 4172
147.388331 1198 4172
147.388361 270 4172
147.388390 334 4172
147.388419 238 4172
147.388449 270 4172
147.388477 414 4172
147.388507 1198 4172
147.388534 1198 4172
147.401979 1198 4172
147.402018 1198 4172
147.402055 1198 4172
147.402089 1198 4172
147.408458 126 4172
147.408489 1022 4172
147.408518 174 4172
147.408546 574 4172
147.408573 574 4172
147.408601 334 4172
147.408630 158 4172
147.408653 158 4172
147.408679 590 4172
147.408705 174 4172
147.408734 1198 4172
147.408763 1198 4172
147.415629 638 4172
147.415666 1198 4172
147.415695 1198 4172
147.415723 1198 4172
147.428635 1198 4172
147.428751 638 4172
147.428790 1198 4172
147.428806 1198 4172
147.433517 1198 4172
147.433554 1198 4172
147.433586 1198 4172
147.433616 1198 4172
147.446539 878 4172
147.446633 1198 4172
147.446657 1198 4172
147.446684 1198 4172
147.447612 1198 4172
147.447646 1198 4172
147.447673 1198 4172
147.461726 1198 4172
147.461824 782 4172
147.461845 1198 4172
147.461881 1198 4172
147.465422 1198 4172
147.465452 1198 4172
147.465482 1198 4172
147.465551 1198 4172
147.471761 1198 4172
147.471798 1198 4172
147.471836 974 4172
147.471866 1198 4172
147.479650 1198 4172
147.479678 1198 4172
147.479708 1198 4172
147.493767 1198 4172
147.493796 1198 4172
147.493824 574 4172
147.493853 1198 4172
147.496840 1198 4172
147.496882 1198 4172
147.496913 1198 4172
147.496943 1198 4172
147.507037 910 4172
147.507068 1198 4172
147.507097 1198 4172
147.507124 1198 4172
147.511621 1198 4172
147.511651 1198 4172
147.511683 1198 4172
147.519847 910 4172
147.523055 1198 4172
147.523092 1198 4172
147.523127 1198 4172
147.527679 238 4172
147.527720 270 4172
147.527751 1198 4172
147.527781 1198 4172
147.527811 1198 4172
147.541373 1198 4172
147.541392 1118 4172
147.541421 1198 4172
147.541452 1198 4172
147.543603 1198 4172
147.543641 1198 4172
147.543678 286 4172
147.543710 1198 4172
147.557007 1198 4172
147.557041 110 4172
147.557070 1198 4172
147.557103 1198 4172
147.559655 494 4172
147.559695 1198 4172
147.559726 1198 4172
147.559760 1198 4172
147.568040 1198 4172
147.570844 1198 4172
147.570880 1198 4172
147.570907 1198 4172
147.575608 510 4172
147.575646 1198 4172
147.575679 1198 4172
147.575711 1198 4172
147.583685 1198 4172
147.583716 1198 4172
147.583745 1198 4172
147.583772 222 4172
147.591725 1198 4172
147.591758 1198 4172
147.591787 1198 4172
147.591817 1198 4172
147.600024 1198 4172
147.600105 1198 4172
147.600195 558 4172
147.602852 1198 4172
147.607612 1198 4172
147.607718 1198 4172
147.607765 1198 4172
147.607794 1198 4172
147.618344 926 4172
147.618373 1198 4172
147.618402 1198 4172
147.623635 1198 4172
147.623668 1198 4172
147.623701 174 4172
147.623731 1198 4172
147.631863 366 4172
147.631911 638 4172
147.631945 110 4172
147.631988 1198 4172
147.632017 1198 4172
147.632090 1198 4172
147.639926 1198 4172
147.640171 878 4172
147.640215 1198 4172
147.643657 1118 4172
147.643698 1198 4172
147.643732 558 4172
147.643777 1198 4172
147.655752 1198 4172
147.655809 926 4172
147.655851 1198 4172
147.655903 1150 4172
147.663832 1198 4172
147.663880 1198 4172
147.663928 1198 4172
147.671809 1182 4172
147.671850 1198 4172
147.671887 1198 4172
147.679811 1198 4172
147.679853 190 4172
147.679889 1198 4172
147.679929 1198 4172
147.679974 1022 4172
147.687798 1198 4172
147.687832 1198 4172
147.687866 158 4172
147.687898 318 4172
147.687930 782 4172
147.696266 1198 4172
147.696301 1198 4172
147.696334 926 4172
147.696370 1198 4172
147.703693 1150 4172
147.703749 1198 4172
147.703799 446 4172
147.703844 1166 4172
147.711731 766 4172
147.711779 1198 4172
147.711821 670 4172
147.711857 1198 4172
147.719771 1102 4172
147.719814 1198 4172
147.719855 1198 4172
147.729689 846 4172
147.729784 110 4172
147.729807 1118 4172
147.729844 510 4172
147.729880 1006 4172
147.729918 526 4172
147.731690 478 4172
147.731740 462 4172
147.731827 1006 4172
147.731881 1198 4172
147.731924 1198 4172
147.731961 1198 4172
147.744004 1198 4172
147.744721 1198 4172
147.744757 1198 4172
147.765445 350 4172
147.775726 814 4172
147.775812 158 4172
147.775853 846 4172
147.811771 126 4172
147.811854 158 4172
147.811883 798 4172
147.818782 110 4172
147.818839 110 4172
147.818882 110 4172
147.819653 110 4172
147.863671 126 4172
147.951766 110 4172
147.995700 126 4172
148.013868 398 4172
148.018730 1198 4172
148.018804 302 4172
148.020332 110 4172
148.032313 510 4172
148.039653 1198 4172
148.039711 222 4172
148.052950 1198 4172
148.053007 1198 4172
148.053063 1198 4172
148.053113 1198 4172
148.053160 222 4172
148.064998 1198 4172
148.065045 1198 4172
148.065091 1198 4172
148.065132 1198 4172
148.065173 174 4172
148.076075 1198 4172
148.076124 1198 4172
148.076164 1198 4172
148.076204 1198 4172
148.076247 1198 4172
148.076290 542 4172
148.076334 1198 4172
148.083663 254 4172
148.083711 110 4172
148.083752 110 4172
148.097030 1198 4172
148.097115 238 4172
148.108091 1198 4172
148.108147 1198 4172
148.108191 1198 4172
148.108236 1198 4172
148.108275 382 4172
148.116009 254 4172
148.124019 142 4172
148.124070 110 4172
148.127690 158 4172
148.146046 158 4172
148.152190 1198 4172
148.152245 798 4172
148.165002 510 4172
148.171667 1198 4172
148.171714 1198 4172
148.171750 1198 4172
148.171790 510 4172
148.184400 1198 4172
148.184456 1198 4172
148.184498 782 4172
148.196105 670 4172
148.204602 302 4172
148.215677 1198 4172
148.215797 974 4172
148.228217 1198 4172
148.228255 1198 4172
148.228287 254 4172
148.228319 110 4172
148.259615 750 4172
148.303606 318 4172
148.329060 110 4172
148.347540 398 4172
148.361055 110 4172
148.361111 110 4172
148.361139 110 4172
148.391640 206 4172
148.391691 1198 4172
148.391747 542 4172
148.435702 110 4172
148.479634 190 4172
148.523684 110 4172
148.563801 782 4172
148.563830 1198 4172
148.563868 1198 4172
148.567621 1198 4172
148.567667 1198 4172
148.567713 478 4172
148.567751 1198 4172
148.567788 1198 4172
148.567824 894 4172
148.567860 1198 4172
148.567896 1198 4172
148.567931 1198 4172
148.567966 878 4172
148.603614 1198 4172
148.603644 846 4172
148.603908 270 4172
148.608597 254 4172
148.608646 110 4172
148.608681 110 4172
148.608713 110 4172
148.608744 270 4172
148.608786 1198 4172
148.608817 862 4172
148.608849 1198 4172
148.608881 1198 4172
148.608913 1198 4172
148.608944 1198 4172
148.608976 366 4172
148.611575 1198 4172
148.611629 1198 4172
148.611667 638 4172
148.611703 1198 4172
148.611744 1198 4172
148.611781 1038 4172
148.611816 222 4172
148.611851 222 4172
148.617231 238 4172
148.617276 270 4172
148.617317 334 4172
148.617358 238 4172
148.617396 270 4172
148.617433 1198 4172
148.617470 238 4172
148.655830 1198 4172
148.655961 1198 4172
148.655967 1198 4172
148.656018 1198 4172
148.656059 1198 4172
148.656126 1198 4172
148.656166 1086 4172
148.656207 110 4172
148.656241 222 4172
148.696261 494 4172
148.699644 174 4172
148.743744 110 4172
148.831639 110 4172
148.868185 174 4172
148.875641 158 4172
148.875689 110 4172
148.875727 110 4172
148.875763 110 4172
148.891983 174 4172
148.899836 158 4172
148.919524 158 4172
148.931957 158 4172
148.945744 190 4172
148.955904 1198 4172
148.955940 382 4172
148.963584 238 4172
148.963627 142 4172
148.967935 910 4172
