0.033517 126 4172
0.074923 110 4172
0.077405 1198 4172
0.077454 1198 4172
0.077490 1198 4172
0.077527 366 4172
0.077563 622 4172
0.165420 110 4172
0.253547 110 4172
0.253599 110 4172
0.253639 110 4172
0.297407 110 4172
0.517275 110 4172
0.517327 110 4172
0.517364 110 4172
0.561359 126 4172
0.613472 1198 4172
0.613476 1054 4172
0.613514 1134 4172
0.613546 1102 4172
0.613620 1198 4172
0.613649 382 4172
0.613678 1198 4172
0.613708 158 4172
0.613734 1198 4172
0.613799 222 4172
0.613834 1198 4172
0.613863 430 4172
0.613893 1198 4172
0.613920 1198 4172
0.613947 446 4172
0.643944 158 4172
0.644009 174 4172
0.644040 158 4172
0.644072 1198 4172
0.649377 1198 4172
0.649428 1198 4172
0.649467 1198 4172
0.649504 1198 4172
0.649541 1198 4172
0.649613 1198 4172
0.649653 1198 4172
0.649693 990 4172
0.649731 1198 4172
0.649767 1198 4172
0.649802 1198 4172
0.649837 1198 4172
0.649872 1198 4172
0.649907 1198 4172
0.649942 1198 4172
0.649977 1198 4172
0.650011 1198 4172
0.650049 1198 4172
0.650081 1198 4172
0.661577 1198 4172
0.661660 1198 4172
0.661704 1198 4172
0.661737 1198 4172
0.661774 814 4172
0.661807 1198 4172
0.661841 1198 4172
0.669498 1198 4172
0.669542 1198 4172
0.669574 1198 4172
0.669606 1198 4172
0.669639 1198 4172
0.677408 1198 4172
0.677450 1198 4172
0.677487 1198 4172
0.677522 1198 4172
0.677557 958 4172
0.685416 1198 4172
0.685464 1198 4172
0.685503 1198 4172
0.693384 1198 4172
0.693430 1198 4172
0.701441 1198 4172
0.701469 1198 4172
0.709371 1198 4172
0.709414 1198 4172
0.717422 1198 4172
0.717466 1198 4172
0.725453 1198 4172
0.725502 1198 4172
0.733432 1198 4172
0.733471 1198 4172
0.737453 1198 4172
0.737500 1198 4172
0.737533 1198 4172
0.749453 1198 4172
0.749584 462 4172
0.749628 1198 4172
0.757433 1198 4172
0.765411 1198 4172
0.765502 1198 4172
0.773471 110 4172
0.773514 1198 4172
0.773547 1198 4172
0.773578 1198 4172
0.781376 1198 4172
0.781421 1198 4172
0.789371 1198 4172
0.789429 1198 4172
0.797407 1198 4172
0.797453 1198 4172
0.797500 1198 4172
0.805408 1198 4172
0.805517 1198 4172
0.813418 1198 4172
0.821350 1102 4172
0.821387 1198 4172
0.821425 1198 4172
0.825369 1198 4172
0.825429 1198 4172
0.837518 1198 4172
0.837612 1198 4172
0.837651 1198 4172
0.845409 1198 4172
0.845445 1198 4172
0.853460 1198 4172
0.853507 1198 4172
0.861546 1198 4172
0.861589 1198 4172
0.869470 1198 4172
0.869523 1198 4172
0.877398 1198 4172
0.877439 1198 4172
0.885430 1198 4172
0.893443 1198 4172
0.893504 1198 4172
0.901390 1198 4172
0.901440 1198 4172
0.909399 1198 4172
0.910219 1198 4172
0.910263 1198 4172
0.915236 1198 4172
0.915277 1198 4172
0.925449 1198 4172
0.925521 238 4172
0.925562 1198 4172
0.933431 558 4172
0.933474 1198 4172
0.941444 1198 4172
0.949494 1198 4172
0.949583 446 4172
0.949618 1198 4172
0.957360 1086 4172
0.957443 158 4172
0.957477 158 4172
0.957513 158 4172
0.957549 1198 4172
0.965437 1198 4172
0.965478 1198 4172
0.965520 702 4172
0.974162 1198 4172
0.974258 270 4172
0.974298 158 4172
0.974336 142 4172
0.974371 638 4172
1.001422 430 4172
1.010095 782 4172
1.029461 366 4172
1.045425 110 4172
1.073317 110 4172
1.089297 622 4172
1.177414 110 4172
1.265401 110 4172
1.309410 110 4172
1.309503 110 4172
1.309548 110 4172
1.485457 142 4172
1.617589 110 4172
1.837418 110 4172
2.097596 110 4172
2.101341 110 4172
2.189272 110 4172
2.409474 110 4172
2.673411 110 4172
2.717457 142 4172
2.849418 142 4172
2.937434 110 4172
3.069479 110 4172
3.201448 110 4172
3.201527 110 4172
3.465438 110 4172
3.509342 142 4172
3.509412 142 4172
3.685361 142 4172
3.729450 110 4172
3.905435 142 4172
3.993377 142 4172
4.075410 110 4172
4.169353 110 4172
4.345422 142 4172
4.433228 142 4172
4.521395 142 4172
4.913462 142 4172
4.913583 142 4172
5.089324 110 4172
5.133458 142 4172
5.133568 142 4172
5.177365 110 4172
5.305391 110 4172
5.745375 142 4172
5.745471 142 4172
5.921418 142 4172
5.921553 142 4172
6.097544 110 4172
6.181488 110 4172
6.401388 110 4172
6.753354 142 4172
6.753415 142 4172
6.973285 142 4172
6.973290 142 4172
7.105480 110 4172
7.193207 110 4172
7.545336 142 4172
7.545381 142 4172
7.765433 142 4172
7.765436 142 4172
8.073320 110 4172
8.201422 110 4172
8.549302 142 4172
8.549349 142 4172
8.809293 142 4172
8.809298 142 4172
9.073317 110 4172
9.117349 110 4172
9.201393 110 4172
9.593347 142 4172
9.593458 142 4172
9.813323 142 4172
9.813393 142 4172
10.077358 110 4172
10.165195 110 4172
10.645315 142 4172
10.645392 142 4172
10.817278 142 4172
10.817337 142 4172
11.081363 110 4172
11.169410 110 4172
11.649319 142 4172
11.649362 142 4172
11.781347 110 4172
11.825270 142 4172
11.825332 142 4172
12.089256 110 4172
12.177334 110 4172
12.485295 142 4172
12.657403 142 4172
13.053314 142 4172
13.053388 142 4172
13.097424 110 4172
13.181342 110 4172
13.265353 142 4172
13.265439 142 4172
13.661407 142 4172
13.661440 142 4172
13.877333 142 4172
13.877409 142 4172
14.093242 110 4172
14.181361 110 4172
14.445351 110 4172
14.489372 142 4172
14.489442 142 4172
14.709220 142 4172
14.709223 142 4172
15.075302 110 4172
15.105287 142 4172
15.193302 110 4172
15.281186 142 4172
15.281226 142 4172
15.369276 142 4172
15.501281 142 4172
15.893286 142 4172
15.981287 142 4172
16.069315 110 4172
16.113232 142 4172
16.113303 142 4172
16.201237 110 4172
16.275103 110 4172
16.289348 142 4172
16.725241 142 4172
16.725267 142 4172
16.897336 142 4172
16.897443 142 4172
17.073158 110 4172
17.117166 110 4172
17.205302 110 4172
17.513234 142 4172
17.513274 142 4172
17.733280 142 4172
17.949165 142 4172
18.037265 142 4172
18.081297 110 4172
18.125252 142 4172
18.169211 110 4172
18.297228 110 4172
18.773143 142 4172
18.773172 142 4172
18.945121 142 4172
18.945165 142 4172
19.077119 110 4172
19.165250 110 4172
19.597351 142 4172
19.597396 142 4172
19.817171 142 4172
19.817174 110 4172
19.817218 142 4172
20.073192 110 4172
20.205251 110 4172
20.565241 60 60000
20.597227 142 4172
20.597320 142 4172
20.773671 174 4172
20.773688 350 4172
20.773765 606 4172
20.773779 158 4172
20.773809 158 4172
20.773848 158 4172
20.773875 158 4172
20.781999 126 4172
20.814175 126 4172
20.824781 126 4172
20.824888 1198 4172
20.824922 1198 4172
20.824959 1198 4172
20.824987 1198 4172
20.825053 1198 4172
20.825084 1198 4172
20.825118 1198 4172
20.825145 1198 4172
20.825175 606 4172
20.825220 1198 4172
20.829241 1198 4172
20.829275 1198 4172
20.829305 1198 4172
20.829335 1198 4172
20.829362 1198 4172
20.829390 1198 4172
20.829418 1198 4172
20.829445 1198 4172
20.829471 1198 4172
20.839792 318 4172
20.839887 158 4172
20.839904 1198 4172
20.839935 1198 4172
20.839970 1198 4172
20.839995 1198 4172
20.840023 1198 4172
20.847043 1198 4172
20.847081 1198 4172
20.866056 1198 4172
20.869859 702 4172
20.869904 1198 4172
20.869937 1198 4172
20.869967 1198 4172
20.869997 1198 4172
20.877168 1198 4172
20.885223 1198 4172
20.885262 1198 4172
20.885303 1198 4172
20.893887 1198 4172
20.901180 1198 4172
20.901218 686 4172
20.901257 1198 4172
20.909173 1198 4172
20.918305 1198 4172
20.918398 1198 4172
20.922417 1198 4172
20.940808 1198 4172
20.941736 1198 4172
20.949181 1198 4172
20.958035 1198 4172
20.965249 1198 4172
20.973339 1198 4172
20.982366 990 4172
20.982443 1198 4172
20.989556 1198 4172
20.997225 1198 4172
21.007903 1198 4172
21.013211 1198 4172
21.020994 1198 4172
21.029286 1198 4172
21.037245 1198 4172
21.037291 1198 4172
21.045248 126 4172
21.045288 1198 4172
21.053124 622 4172
21.061207 1198 4172
21.069185 1198 4172
21.069223 1198 4172
21.077176 1198 4172
21.093269 1198 4172
21.101158 110 4172
21.101203 1198 4172
21.109258 1198 4172
21.115801 1070 4172
21.125242 1198 4172
21.125304 1198 4172
21.133202 1198 4172
21.143553 1198 4172
21.150387 1198 4172
21.162073 1198 4172
21.188043 1198 4172
21.189273 1198 4172
21.193288 110 4172
21.193328 1198 4172
21.193363 494 4172
21.193397 1198 4172
21.204131 1198 4172
21.205925 1198 4172
21.215150 60 60000
21.218384 1198 4172
21.218436 1198 4172
21.225233 1198 4172
21.233243 1198 4172
21.260782 1198 4172
21.261355 1198 4172
21.265482 1198 4172
21.265509 1198 4172
21.265539 1198 4172
21.274897 526 4172
21.282743 1198 4172
21.284583 110 4172
21.284632 1198 4172
21.290704 1198 4172
21.297401 1198 4172
21.305404 1198 4172
21.315292 1198 4172
21.319625 1198 4172
21.329936 1198 4172
21.330000 1198 4172
21.337202 1198 4172
21.346223 1198 4172
21.353437 638 4172
21.353489 1198 4172
21.362115 1198 4172
21.369210 1198 4172
21.377907 1198 4172
21.385211 1198 4172
21.396119 110 4172
21.397144 110 4172
21.397182 1198 4172
21.397275 1198 4172
21.401142 1198 4172
21.405100 1198 4172
21.417214 1198 4172
21.425564 1150 4172
21.433199 1198 4172
21.449234 1198 4172
21.449298 1198 4172
21.460194 1198 4172
21.465183 1198 4172
21.473211 1198 4172
21.481170 1198 4172
21.489724 1198 4172
21.489756 1198 4172
21.493118 750 4172
21.506287 1198 4172
21.513155 1198 4172
21.521647 1198 4172
21.521677 1198 4172
21.529179 1198 4172
21.538015 1198 4172
21.545184 1198 4172
21.553394 1198 4172
21.561118 334 4172
21.572147 1198 4172
21.577208 1198 4172
21.577262 1198 4172
21.581240 1198 4172
21.593202 1198 4172
21.601543 1198 4172
21.609131 1198 4172
21.617398 1198 4172
21.617497 814 4172
21.625190 1198 4172
21.633540 1198 4172
21.641260 1198 4172
21.641320 1198 4172
21.649396 110 4172
21.649444 1198 4172
21.657089 1198 4172
21.665463 1198 4172
21.669180 1198 4172
21.681332 1198 4172
21.689244 1198 4172
21.689285 734 4172
21.697404 1198 4172
21.705198 1198 4172
21.713424 1198 4172
21.721130 1198 4172
21.721158 1198 4172
21.730353 494 4172
21.737368 334 4172
21.737406 1198 4172
21.746336 1198 4172
21.746386 350 4172
21.753177 318 4172
21.753216 174 4172
21.753257 174 4172
21.753295 174 4172
21.753330 174 4172
21.753366 174 4172
21.757171 1198 4172
21.769259 1198 4172
21.769296 1198 4172
21.777414 542 4172
21.785321 1198 4172
21.785360 1198 4172
21.793457 1198 4172
21.801317 686 4172
21.809732 1198 4172
21.809827 894 4172
21.817225 174 4172
21.817276 174 4172
21.817317 174 4172
21.817354 174 4172
21.825711 1198 4172
21.833163 1198 4172
21.841347 1198 4172
21.845176 606 4172
21.857362 174 4172
21.857457 1198 4172
21.865117 1198 4172
21.873280 1198 4172
21.881260 1198 4172
21.881302 1198 4172
21.889384 126 4172
21.889433 974 4172
21.933209 110 4172
21.977222 1198 4172
21.977351 1198 4172
21.977410 1198 4172
21.977455 1150 4172
21.985981 1198 4172
21.986027 1198 4172
21.986065 158 4172
21.993702 1054 4172
22.006084 430 4172
22.017728 1198 4172
22.017822 286 4172
22.021036 270 4172
22.065412 110 4172
22.197245 110 4172
22.501279 110 4172
22.761159 110 4172
23.021127 110 4172
23.065099 110 4172
23.197322 110 4172
23.329633 110 4172
23.589248 110 4172
23.849296 110 4172
24.069135 110 4172
24.113311 110 4172
24.201216 110 4172
24.373373 110 4172
25.069259 110 4172
25.201354 110 4172
26.065316 110 4172
26.193234 110 4172
27.061997 110 4172
27.069193 110 4172
27.197235 110 4172
28.073247 110 4172
28.201315 110 4172
29.069217 110 4172
29.201273 110 4172
29.681197 110 4172
30.201124 110 4172
31.077065 110 4172
31.165181 110 4172
32.393070 110 4172
33.093001 110 4172
33.181233 110 4172
34.101035 110 4172
34.189121 110 4172
35.062209 110 4172
35.065014 110 4172
35.196995 110 4172
36.105022 110 4172
36.189031 110 4172
37.064894 110 4172
37.197094 110 4172
37.725076 110 4172
38.076957 110 4172
38.164907 110 4172
39.085008 110 4172
39.172952 110 4172
40.093017 110 4172
40.181017 110 4172
40.445088 110 4172
41.105151 110 4172
41.193050 110 4172
41.453167 1198 4172
41.453246 1198 4172
41.453248 1198 4172
41.453286 1198 4172
41.453340 1198 4172
41.453369 1198 4172
41.461036 1198 4172
41.461075 1198 4172
41.461111 350 4172
41.468986 1198 4172
41.469043 1198 4172
41.469093 1198 4172
41.472907 1198 4172
41.472989 60 60000
41.485066 1198 4172
41.493061 1198 4172
41.493070 1198 4172
41.501028 1198 4172
41.508986 1198 4172
41.525124 526 4172
41.525220 1198 4172
41.532940 1198 4172
41.532993 1198 4172
41.540910 1198 4172
41.549054 1198 4172
41.557112 1198 4172
41.560965 1198 4172
41.561077 1198 4172
41.573167 1198 4172
41.581068 1198 4172
41.589049 270 4172
41.589076 1198 4172
41.596973 1198 4172
41.605093 1198 4172
41.612970 1198 4172
41.613053 1198 4172
41.620986 1198 4172
41.629060 1198 4172
41.637021 1198 4172
41.645006 894 4172
41.648920 1198 4172
41.660999 1198 4172
41.661039 1198 4172
41.669168 1198 4172
41.677003 1198 4172
41.685110 1198 4172
41.692983 1198 4172
41.693020 1198 4172
41.701036 1198 4172
41.708973 1198 4172
41.718724 1198 4172
41.724952 1070 4172
41.725001 1198 4172
41.733007 1198 4172
41.736898 1198 4172
41.749036 1198 4172
41.756953 110 4172
41.756986 1198 4172
41.765374 1198 4172
41.765447 1198 4172
41.772976 1198 4172
41.781007 1198 4172
41.788978 1198 4172
41.799698 1198 4172
41.805087 1198 4172
41.805098 1198 4172
41.817083 1198 4172
41.821928 1198 4172
41.824934 126 4172
41.824974 1198 4172
41.837223 494 4172
41.837250 1198 4172
41.845584 782 4172
41.852960 1198 4172
41.860999 1198 4172
41.870089 1198 4172
41.876984 1198 4172
41.877018 1198 4172
41.885021 1198 4172
41.901443 126 4172
41.901515 1198 4172
41.912328 1198 4172
41.916262 1198 4172
41.916959 574 4172
41.926377 1198 4172
41.938183 1198 4172
41.939133 1198 4172
41.956262 1198 4172
41.961468 1198 4172
41.961503 1198 4172
41.961538 1198 4172
41.990065 1198 4172
41.997177 1198 4172
41.997219 1198 4172
41.997256 1198 4172
41.997288 1198 4172
42.007776 126 4172
42.008348 1198 4172
42.009717 1198 4172
42.021965 110 4172
42.029006 1198 4172
42.038477 1198 4172
42.038557 958 4172
42.049954 1198 4172
42.053002 1198 4172
42.061947 1198 4172
42.062021 1198 4172
42.069247 1198 4172
42.077135 734 4172
42.085141 1198 4172
42.085169 1198 4172
42.092946 126 4172
42.092990 110 4172
42.093029 1198 4172
42.100986 1198 4172
42.110246 1198 4172
42.118450 1198 4172
42.125798 1198 4172
42.141134 1198 4172
42.149733 1198 4172
42.158074 1198 4172
42.158134 1198 4172
42.164191 1198 4172
42.190477 846 4172
42.190752 1198 4172
42.208250 110 4172
42.208295 1198 4172
42.208336 382 4172
42.208370 1198 4172
42.208417 1198 4172
42.211122 334 4172
42.211165 1198 4172
42.222624 1198 4172
42.231083 1198 4172
42.241287 1198 4172
42.244091 398 4172
42.246675 1198 4172
42.246851 1198 4172
42.252975 734 4172
42.261012 398 4172
42.261048 254 4172
42.261078 190 4172
42.261105 190 4172
42.265360 190 4172
42.265399 190 4172
42.265426 190 4172
42.265453 110 4172
42.265479 190 4172
42.272945 1070 4172
42.272984 1198 4172
42.281000 110 4172
42.281041 718 4172
42.281196 60 60000
42.286252 190 4172
42.286283 190 4172
42.286316 190 4172
42.286349 174 4172
42.292926 174 4172
42.292963 1198 4172
42.292994 1198 4172
42.316918 142 4172
42.321064 126 4172
42.329062 462 4172
42.329099 174 4172
42.329133 174 4172
42.329164 174 4172
42.329194 174 4172
42.329228 174 4172
42.329254 174 4172
42.329282 174 4172
42.329313 1086 4172
42.329343 1198 4172
42.329373 206 4172
42.329403 734 4172
42.329431 174 4172
42.333311 174 4172
42.333343 174 4172
42.333372 174 4172
42.333401 174 4172
42.333429 1198 4172
42.344958 1198 4172
42.362198 238 4172
42.362282 126 4172
42.376931 110 4172
42.464973 110 4172
42.481370 126 4172
42.489287 126 4172
42.503748 318 4172
42.507147 126 4172
42.508868 1198 4172
42.508911 1038 4172
42.552955 110 4172
42.571462 110 4172
42.601151 1198 4172
42.601208 1198 4172
42.601243 366 4172
42.601277 174 4172
42.601307 766 4172
42.606268 654 4172
42.638883 638 4172
42.645206 974 4172
42.670460 110 4172
42.689077 1198 4172
42.689161 1198 4172
42.689162 1198 4172
42.689193 526 4172
42.732955 1182 4172
42.762409 1118 4172
42.771578 110 4172
42.776964 398 4172
42.821216 110 4172
42.821292 1198 4172
42.821312 766 4172
42.862217 958 4172
42.864878 110 4172
43.013926 1198 4172
43.014072 110 4172
43.041117 462 4172
43.081180 110 4172
43.084921 110 4172
43.084962 110 4172
43.085004 110 4172
43.129178 1198 4172
43.393500 110 4172
43.657016 110 4172
43.913136 110 4172
44.088861 110 4172
44.162289 110 4172
44.176977 110 4172
44.441028 110 4172
44.705038 110 4172
45.100942 110 4172
45.189206 110 4172
46.105133 110 4172
46.192986 110 4172
47.068937 110 4172
47.200973 110 4172
47.420914 110 4172
48.076996 110 4172
48.164942 110 4172
49.076920 110 4172
49.164947 110 4172
50.088994 110 4172
50.132904 110 4172
50.176906 110 4172
51.096960 110 4172
51.184780 110 4172
52.064866 110 4172
52.197037 110 4172
52.805002 110 4172
53.068863 110 4172
53.200951 110 4172
54.080897 110 4172
54.168940 110 4172
55.088901 110 4172
55.484937 110 4172
56.092930 110 4172
56.180991 110 4172
57.100921 110 4172
57.189046 110 4172
58.068814 110 4172
58.200816 110 4172
58.200903 110 4172
58.720877 366 4172
58.720927 174 4172
58.725711 174 4172
58.725742 174 4172
58.725771 174 4172
58.725798 174 4172
58.728741 174 4172
58.728768 174 4172
58.728800 174 4172
58.733386 174 4172
58.733416 174 4172
58.733447 174 4172
58.733478 174 4172
58.739186 174 4172
58.739236 174 4172
58.739273 270 4172
58.772915 1198 4172
58.773009 1198 4172
58.773066 638 4172
58.873305 1198 4172
58.873366 1198 4172
58.873410 1198 4172
58.873448 782 4172
58.904797 398 4172
59.036915 1198 4172
59.036969 910 4172
59.058804 206 4172
59.062374 1070 4172
59.071017 110 4172
59.080814 1198 4172
59.080860 206 4172
59.124820 1198 4172
59.124908 1006 4172
59.168777 110 4172
59.256810 110 4172
59.300794 110 4172
59.516890 110 4172
59.824733 110 4172
60.088855 110 4172
60.176826 110 4172
61.097891 110 4172
61.184784 110 4172
62.064768 110 4172
62.196920 110 4172
62.386478 1198 4172
62.386547 1198 4172
62.386575 1198 4172
62.386604 1198 4172
62.386650 1198 4172
62.386678 1198 4172
62.386706 158 4172
62.392701 1198 4172
62.392732 1198 4172
62.392764 942 4172
62.407781 1198 4172
62.407903 1198 4172
62.407930 318 4172
62.407964 1198 4172
62.412780 1198 4172
62.420785 1198 4172
62.428866 1198 4172
62.436842 1198 4172
62.436891 542 4172
62.444799 1198 4172
62.453150 1198 4172
62.453220 1198 4172
62.460769 110 4172
62.468723 1198 4172
62.476759 126 4172
62.476801 1198 4172
62.480627 1198 4172
62.480659 1198 4172
62.492709 990 4172
62.500837 1198 4172
62.508722 1198 4172
62.516687 1198 4172
62.516757 1198 4172
62.524882 1198 4172
62.532817 206 4172
62.532873 1198 4172
62.540678 1198 4172
62.540786 60 60000
62.548981 1198 4172
62.556748 1198 4172
62.556776 750 4172
62.566679 1198 4172
62.568688 1198 4172
62.568727 1198 4172
62.583305 1198 4172
62.588757 1198 4172
62.596912 574 4172
62.596942 1198 4172
62.604888 1198 4172
62.620859 942 4172
62.629303 1198 4172
62.636801 1198 4172
62.644869 1198 4172
62.652810 1198 4172
62.652841 382 4172
62.656736 1198 4172
62.656779 1198 4172
62.668837 1198 4172
62.677294 1198 4172
62.684837 1198 4172
62.692834 1198 4172
62.692893 1198 4172
62.700755 654 4172
62.710788 1198 4172
62.710845 1198 4172
62.716803 110 4172
62.716853 1198 4172
62.724874 1198 4172
62.732798 174 4172
62.732852 1198 4172
62.740861 1198 4172
62.744675 1006 4172
62.756892 1198 4172
62.764906 1198 4172
62.772973 494 4172
62.773011 1198 4172
62.780766 1198 4172
62.796825 1198 4172
62.796853 1198 4172
62.805032 1182 4172
62.813456 270 4172
62.813495 254 4172
62.813532 270 4172
62.813567 318 4172
62.824830 238 4172
62.824873 238 4172
62.824917 1198 4172
62.824955 222 4172
62.832775 222 4172
62.832821 222 4172
62.832859 222 4172
62.832895 238 4172
62.838358 270 4172
62.838400 286 4172
62.838438 222 4172
62.838474 270 4172
62.838509 254 4172
62.838545 366 4172
62.871170 126 4172
62.871205 126 4172
62.876658 126 4172
62.920739 126 4172
63.007693 110 4172
63.011803 174 4172
63.011843 158 4172
63.011876 158 4172
63.011905 158 4172
63.011935 158 4172
63.011964 158 4172
63.011989 158 4172
63.012016 158 4172
63.053166 1198 4172
63.053191 1198 4172
63.053220 1198 4172
63.053248 1198 4172
63.053274 1198 4172
63.053320 1198 4172
63.053350 526 4172
63.069586 126 4172
63.069920 1198 4172
63.070520 1198 4172
63.070755 1198 4172
63.072781 110 4172
63.072815 1198 4172
63.072846 1198 4172
63.082005 638 4172
63.082159 1198 4172
63.088799 1198 4172
63.110742 1198 4172
63.111986 1198 4172
63.114712 1198 4172
63.114825 1198 4172
63.120994 1198 4172
63.121036 814 4172
63.129339 1198 4172
63.141971 1198 4172
63.144995 1198 4172
63.145027 1198 4172
63.153698 1198 4172
63.162678 1198 4172
63.166772 910 4172
63.169922 1198 4172
63.176883 110 4172
63.176940 1198 4172
63.187294 1198 4172
63.194360 1198 4172
63.194393 1198 4172
63.208870 414 4172
63.208973 1198 4172
63.219823 1198 4172
63.225116 1198 4172
63.225146 1198 4172
63.232867 1198 4172
63.241600 222 4172
63.241661 126 4172
63.241694 1198 4172
63.250560 1198 4172
63.256849 1198 4172
63.256884 1198 4172
63.264760 110 4172
63.264790 1198 4172
63.277953 1198 4172
63.280719 526 4172
63.280763 1198 4172
63.289266 110 4172
63.289304 1198 4172
63.289379 1198 4172
63.296816 1198 4172
63.304945 1150 4172
63.314236 1198 4172
63.314433 1198 4172
63.320837 1198 4172
63.328774 1198 4172
63.328805 1198 4172
63.336901 1102 4172
63.344738 1198 4172
63.358165 1198 4172
63.360759 1198 4172
63.373944 1198 4172
63.374182 766 4172
63.382982 1198 4172
63.384722 1198 4172
63.384762 1198 4172
63.392801 1198 4172
63.402447 1198 4172
63.408767 190 4172
63.408812 1198 4172
63.416797 1198 4172
63.416831 1198 4172
63.424725 1198 4172
63.432779 1198 4172
63.442246 1198 4172
63.442343 1198 4172
63.448759 302 4172
63.448791 1198 4172
63.456789 1198 4172
63.456834 1198 4172
63.460922 60 60000
63.460996 1198 4172
63.472777 1198 4172
63.472793 1198 4172
63.480693 526 4172
63.480734 1198 4172
63.488705 1198 4172
63.496738 1198 4172
63.504752 1198 4172
63.504780 1198 4172
63.510484 1198 4172
63.520771 414 4172
63.520872 1198 4172
63.528768 1198 4172
63.536909 110 4172
63.536944 1198 4172
63.547880 1198 4172
63.547919 1198 4172
63.552980 542 4172
63.553021 1198 4172
63.560761 1198 4172
63.574772 1198 4172
63.574889 1198 4172
63.580269 446 4172
63.580312 1198 4172
63.584876 1198 4172
63.590463 590 4172
63.590495 174 4172
63.590523 174 4172
63.590554 174 4172
63.590583 126 4172
63.590613 126 4172
63.594304 174 4172
63.594398 174 4172
63.597173 1198 4172
63.597211 1198 4172
63.608737 366 4172
63.608780 1198 4172
63.616763 1198 4172
63.625108 190 4172
63.625144 1198 4172
63.625175 1198 4172
63.632877 846 4172
63.642725 1198 4172
63.648019 1198 4172
63.649126 926 4172
63.656792 1198 4172
63.656826 1198 4172
63.664750 686 4172
63.664786 1198 4172
63.672809 1198 4172
63.682290 206 4172
63.682328 1198 4172
63.682363 510 4172
63.685004 174 4172
63.685042 174 4172
63.685076 174 4172
63.685104 286 4172
63.685132 462 4172
63.692754 1198 4172
63.706579 1198 4172
63.706632 126 4172
63.728783 542 4172
63.738231 126 4172
63.738261 126 4172
63.738289 126 4172
63.775605 398 4172
63.775618 174 4172
63.775648 366 4172
63.781386 1198 4172
63.781428 1198 4172
63.781511 1198 4172
63.781547 1198 4172
63.806340 110 4172
63.824695 1198 4172
63.824733 766 4172
63.850971 1198 4172
63.851011 1198 4172
63.851044 1198 4172
63.851077 1198 4172
63.851109 302 4172
63.852961 1198 4172
63.852993 1198 4172
63.853022 574 4172
63.857429 1198 4172
63.857459 734 4172
63.857492 1198 4172
63.857518 1198 4172
63.857544 846 4172
63.864874 1198 4172
63.864909 1198 4172
63.868790 622 4172
63.868817 1198 4172
63.880822 1198 4172
63.880870 1198 4172
63.888727 174 4172
63.888772 1198 4172
63.896847 1198 4172
63.896890 190 4172
63.907025 174 4172
63.912751 190 4172
64.044829 126 4172
64.088789 110 4172
64.132899 174 4172
64.132950 174 4172
64.169164 110 4172
64.176732 254 4172
64.193227 1198 4172
64.193278 414 4172
64.201216 158 4172
64.213783 158 4172
64.220793 926 4172
64.233652 1070 4172
64.245640 846 4172
64.257365 446 4172
64.262416 334 4172
64.264616 110 4172
64.282912 158 4172
64.289532 1006 4172
64.297634 414 4172
64.309078 462 4172
64.317782 1198 4172
64.317819 142 4172
64.325798 1198 4172
64.325856 286 4172
64.325901 110 4172
64.337579 1102 4172
64.345339 526 4172
64.352776 510 4172
64.362449 1198 4172
64.362503 190 4172
64.369544 110 4172
64.381577 574 4172
64.389799 510 4172
64.396797 1198 4172
64.396848 830 4172
64.405798 1198 4172
64.405851 1102 4172
64.417673 1198 4172
64.417774 638 4172
64.425423 814 4172
64.439104 702 4172
64.440629 1198 4172
64.440688 910 4172
64.457658 830 4172
64.462436 814 4172
64.469992 110 4172
64.481943 1198 4172
64.481993 1198 4172
64.482027 590 4172
64.484864 1198 4172
64.484916 1198 4172
64.484974 942 4172
64.497712 1198 4172
64.497764 1198 4172
64.497800 478 4172
64.509431 1198 4172
64.509521 366 4172
64.521469 894 4172
64.528737 382 4172
64.545731 1182 4172
64.554197 1198 4172
64.554254 254 4172
64.562430 1198 4172
64.562475 1198 4172
64.562518 526 4172
64.572741 1198 4172
64.572793 1198 4172
64.572838 750 4172
64.577963 1198 4172
64.585867 1198 4172
64.585902 1198 4172
64.585947 1198 4172
64.585985 270 4172
64.586022 1198 4172
64.597523 1198 4172
64.597572 1198 4172
64.597615 142 4172
64.597654 110 4172
64.597691 110 4172
64.605701 1198 4172
64.605754 270 4172
64.616755 1198 4172
64.616803 814 4172
64.661003 1198 4172
64.661050 1150 4172
64.704908 110 4172
64.792778 110 4172
64.862567 110 4172
64.862629 110 4172
64.862670 110 4172
64.880759 110 4172
65.100784 110 4172
65.144771 110 4172
65.144825 110 4172
65.408797 110 4172
65.408893 110 4172
65.408947 110 4172
65.672825 110 4172
65.936843 110 4172
66.069038 110 4172
66.180933 110 4172
66.200774 110 4172
66.464810 110 4172
66.773155 110 4172
67.080775 110 4172
67.168859 110 4172
68.088882 110 4172
68.176836 110 4172
69.184856 110 4172
69.404697 110 4172
70.064690 110 4172
70.197049 110 4172
71.076709 110 4172
71.164795 110 4172
72.080839 110 4172
72.124818 110 4172
72.168739 110 4172
73.092735 110 4172
73.180813 110 4172
74.104751 110 4172
74.192763 110 4172
74.808704 110 4172
75.072729 110 4172
75.204872 110 4172
76.084788 110 4172
76.172768 110 4172
77.092927 110 4172
77.180667 110 4172
77.488707 110 4172
78.100779 110 4172
78.188671 110 4172
79.064634 110 4172
79.185482 110 4172
79.189245 174 4172
79.189273 174 4172
79.189301 174 4172
79.192589 174 4172
79.192620 174 4172
79.192650 174 4172
79.196506 174 4172
79.196540 174 4172
79.196570 174 4172
79.196600 174 4172
79.200536 174 4172
79.200569 174 4172
79.200596 174 4172
79.205821 174 4172
79.205860 174 4172
79.205892 190 4172
79.240632 1198 4172
79.240683 1198 4172
79.240721 1182 4172
79.403367 190 4172
79.416685 1198 4172
79.416789 1198 4172
79.416792 1198 4172
79.416832 1198 4172
79.504842 1198 4172
79.504845 686 4172
79.529145 1198 4172
79.529215 686 4172
79.537210 1198 4172
79.537251 574 4172
79.545223 1198 4172
79.545269 430 4172
79.545307 302 4172
79.548582 1198 4172
79.548648 814 4172
79.562975 1198 4172
79.562982 974 4172
79.573251 206 4172
79.585220 1198 4172
79.585338 1198 4172
79.592478 1086 4172
79.609335 1198 4172
79.609468 1198 4172
79.609470 414 4172
79.609510 110 4172
79.621429 1198 4172
79.621431 1198 4172
79.621509 638 4172
79.621511 1198 4172
79.629346 1102 4172
79.629393 142 4172
79.636595 1198 4172
79.636663 462 4172
79.636710 1198 4172
79.654975 1198 4172
79.655028 1182 4172
79.665418 1198 4172
79.673377 1198 4172
79.673472 1006 4172
79.680560 1198 4172
79.680625 718 4172
79.697466 1198 4172
79.697550 1198 4172
79.697582 1198 4172
79.697619 1118 4172
79.705357 1198 4172
79.705406 1198 4172
79.705444 1198 4172
79.705482 1198 4172
79.705519 158 4172
79.705556 1006 4172
79.713388 1198 4172
79.713439 1198 4172
79.713480 1198 4172
79.713517 814 4172
79.721191 1198 4172
79.721235 686 4172
79.724563 638 4172
79.745484 1198 4172
79.745527 1198 4172
79.753481 1198 4172
79.753528 894 4172
79.765533 1198 4172
79.765573 1198 4172
79.765609 1198 4172
79.765642 1198 4172
79.765674 606 4172
79.768484 1198 4172
79.768529 1198 4172
79.780630 1198 4172
79.780734 1198 4172
79.788613 1198 4172
79.796600 222 4172
79.796698 1198 4172
79.796732 1198 4172
79.804657 1198 4172
79.812630 1198 4172
79.812673 350 4172
79.820665 1198 4172
79.820712 1198 4172
79.828616 974 4172
79.836620 1150 4172
79.836687 1198 4172
79.844634 1198 4172
79.844677 590 4172
79.856576 1038 4172
79.856621 1182 4172
79.865235 958 4172
79.877055 782 4172
79.877091 110 4172
79.877128 110 4172
79.877165 110 4172
79.885192 254 4172
79.900667 606 4172
80.076597 110 4172
80.162719 110 4172
80.162757 110 4172
80.162796 110 4172
80.165073 110 4172
80.424772 110 4172
80.424810 110 4172
80.424848 110 4172
80.688611 110 4172
80.996683 110 4172
81.172728 110 4172
81.260691 110 4172
81.520698 110 4172
81.824672 110 4172
82.088570 110 4172
82.176560 110 4172
83.100636 110 4172
83.184682 110 4172
83.696388 1198 4172
83.696416 1198 4172
83.696459 1198 4172
83.696518 1198 4172
83.696539 1198 4172
83.696571 1198 4172
83.696603 1198 4172
83.696655 1198 4172
83.704658 1198 4172
83.704697 1198 4172
83.704729 1198 4172
83.708492 1198 4172
83.708543 1198 4172
83.708584 238 4172
83.716647 1198 4172
83.716686 1198 4172
83.716778 60 60000
83.720446 1198 4172
83.720488 1198 4172
83.732499 174 4172
83.732566 1198 4172
83.740536 1198 4172
83.748684 1198 4172
83.748738 1134 4172
83.756587 1198 4172
83.764623 1198 4172
83.764686 1198 4172
83.772693 1198 4172
83.781264 1198 4172
83.781333 1198 4172
83.788615 1198 4172
83.796624 254 4172
83.796737 1198 4172
83.796800 1198 4172
83.804669 1198 4172
83.808461 1198 4172
83.808529 1198 4172
83.820600 1198 4172
83.828567 1198 4172
83.828639 270 4172
83.828692 1198 4172
83.836767 1198 4172
83.844555 1198 4172
83.844677 1198 4172
83.852579 1198 4172
83.860644 1198 4172
83.860755 1070 4172
83.868773 1198 4172
83.878199 1198 4172
83.878324 1198 4172
83.884632 1198 4172
83.892621 1198 4172
83.892698 1198 4172
83.896544 1198 4172
83.908583 1022 4172
83.908666 1198 4172
83.924653 1198 4172
83.924729 1198 4172
83.932545 110 4172
83.932569 1198 4172
83.940628 1198 4172
83.940698 1198 4172
83.948653 782 4172
83.948685 1198 4172
83.956657 1198 4172
83.964613 1198 4172
83.964717 1198 4172
83.975381 1198 4172
83.980592 1198 4172
83.980625 1198 4172
83.984493 1198 4172
83.996616 846 4172
83.996687 1198 4172
84.005336 1198 4172
84.005401 1198 4172
84.012557 1198 4172
84.020532 1198 4172
84.020614 1198 4172
84.028535 1198 4172
84.036676 1150 4172
84.036736 1198 4172
84.044572 1198 4172
84.044594 1198 4172
84.061237 1198 4172
84.061418 1198 4172
84.071468 1118 4172
84.072676 110 4172
84.072717 1198 4172
84.072735 1198 4172
84.089660 1198 4172
84.089720 1198 4172
84.092529 1198 4172
84.100745 1198 4172
84.119893 1198 4172
84.123357 1022 4172
84.123405 1198 4172
84.124507 1198 4172
84.124540 1198 4172
84.124577 1198 4172
84.140276 126 4172
84.140545 1198 4172
84.140594 1198 4172
84.169863 766 4172
84.169945 1198 4172
84.174675 1198 4172
84.175745 1198 4172
84.175786 1198 4172
84.175817 110 4172
84.175848 1198 4172
84.175876 622 4172
84.184219 1198 4172
84.184262 1198 4172
84.189407 1198 4172
84.199980 1198 4172
84.202485 1198 4172
84.202961 1198 4172
84.209437 110 4172
84.209471 382 4172
84.213173 1198 4172
84.213218 1198 4172
84.220526 766 4172
84.220566 398 4172
84.220597 1198 4172
84.247196 1198 4172
84.249089 1198 4172
84.249848 1198 4172
84.252537 1198 4172
84.252579 830 4172
84.252613 1198 4172
84.252642 1198 4172
84.257013 1198 4172
84.257053 1198 4172
84.271844 1198 4172
84.277800 110 4172
84.277838 622 4172
84.277874 1198 4172
84.277903 1198 4172
84.285233 1198 4172
84.292793 1198 4172
84.303942 1198 4172
84.304263 702 4172
84.311980 1198 4172
84.312029 1198 4172
84.312057 1198 4172
84.316547 1198 4172
84.316585 1198 4172
84.326188 1198 4172
84.332573 494 4172
84.332603 1198 4172
84.332633 1198 4172
84.340988 1198 4172
84.347360 1198 4172
84.347404 1198 4172
84.367148 1198 4172
84.367518 574 4172
84.367569 126 4172
84.374061 1198 4172
84.374321 1198 4172
84.374363 1198 4172
84.374391 1198 4172
84.381419 110 4172
84.381453 1198 4172
84.389404 190 4172
84.389442 1198 4172
84.389587 1198 4172
84.396989 1198 4172
84.397021 1198 4172
84.408535 1006 4172
84.408653 1198 4172
84.415764 1198 4172
84.421852 1198 4172
84.421938 1198 4172
84.431234 1102 4172
84.437656 1198 4172
84.437696 1198 4172
84.445495 1198 4172
84.449059 1198 4172
84.449121 1198 4172
84.449145 1198 4172
84.472885 1150 4172
84.472914 1198 4172
84.477795 1198 4172
84.477823 1198 4172
84.486471 110 4172
84.486517 1198 4172
84.486549 734 4172
84.492590 1198 4172
84.492623 1198 4172
84.502386 1198 4172
84.508530 1198 4172
84.508568 1198 4172
84.517867 1198 4172
84.517975 1198 4172
84.524547 142 4172
84.524588 1198 4172
84.534183 1198 4172
84.535640 1198 4172
84.540543 1198 4172
84.540579 1198 4172
84.548541 1198 4172
84.548569 382 4172
84.556532 1198 4172
84.556564 1198 4172
84.565385 1198 4172
84.569135 60 60000
84.572619 1198 4172
84.580820 942 4172
84.580861 1198 4172
84.588814 1198 4172
84.588846 1198 4172
84.602653 1198 4172
84.602695 1198 4172
84.604606 766 4172
84.604647 1198 4172
84.615407 1198 4172
84.615522 1198 4172
84.620651 1198 4172
84.628602 1198 4172
84.628649 1198 4172
84.633630 830 4172
84.633656 1198 4172
84.644722 1198 4172
84.644763 1198 4172
84.652627 1198 4172
84.652661 734 4172
84.657727 398 4172
84.657759 270 4172
84.657789 174 4172
84.657819 126 4172
84.657845 126 4172
84.657873 126 4172
84.668529 1198 4172
84.668568 334 4172
84.668609 1198 4172
84.679052 1198 4172
84.679158 990 4172
84.684545 1198 4172
84.684586 1198 4172
84.692563 1022 4172
84.692615 1198 4172
84.703471 1198 4172
84.711304 1038 4172
84.712895 1198 4172
84.713034 1198 4172
84.716684 1022 4172
84.720519 1198 4172
84.720563 1198 4172
84.735039 1070 4172
84.735154 1198 4172
84.748548 1198 4172
84.748581 1198 4172
84.758876 270 4172
84.758947 1198 4172
84.758978 110 4172
84.759006 1198 4172
84.759037 1198 4172
84.764540 574 4172
84.764587 1198 4172
84.774626 1198 4172
84.774699 1198 4172
84.780539 286 4172
84.780596 1198 4172
84.780624 1198 4172
84.789888 718 4172
84.796573 174 4172
84.796607 174 4172
84.796642 1198 4172
84.796674 1198 4172
84.810135 238 4172
84.811558 526 4172
84.813847 750 4172
84.845817 1198 4172
84.845861 366 4172
84.845897 302 4172
84.845932 1006 4172
84.845965 238 4172
84.856721 174 4172
84.856851 350 4172
84.856892 1198 4172
84.900812 222 4172
84.938580 302 4172
84.944491 670 4172
84.988643 494 4172
85.032642 270 4172
85.032731 110 4172
85.062639 238 4172
85.075162 110 4172
85.076743 382 4172
85.120604 414 4172
85.164467 110 4172
85.265426 110 4172
85.273602 462 4172
85.281747 878 4172
85.281791 110 4172
85.293728 1198 4172
85.293817 366 4172
85.296503 1198 4172
85.296548 702 4172
85.317546 1070 4172
85.329369 878 4172
85.337213 1118 4172
85.340520 590 4172
85.361534 606 4172
85.369516 462 4172
85.381637 606 4172
85.384527 654 4172
85.401709 718 4172
85.413924 1198 4172
85.414047 430 4172
85.425904 1198 4172
85.425915 1198 4172
85.425991 158 4172
85.428756 1198 4172
85.428813 1198 4172
85.428855 702 4172
85.445547 1198 4172
85.445593 622 4172
85.453286 1198 4172
85.453339 622 4172
85.465120 958 4172
85.472696 286 4172
85.485520 782 4172
85.493592 654 4172
85.505603 942 4172
85.516801 1102 4172
85.525869 1198 4172
85.525926 110 4172
85.533979 1198 4172
85.534031 1198 4172
85.534081 590 4172
85.546131 1198 4172
85.546180 1198 4172
85.546222 1198 4172
85.546262 654 4172
85.546301 110 4172
85.546340 110 4172
85.546378 110 4172
85.557938 1198 4172
85.558023 1198 4172
85.558057 1198 4172
85.558093 1166 4172
85.560531 1198 4172
85.560593 1198 4172
85.560637 846 4172
85.577300 1198 4172
85.577388 1198 4172
85.577428 862 4172
85.585145 1198 4172
85.585178 110 4172
85.593618 942 4172
85.604967 1134 4172
85.617752 1198 4172
85.617814 686 4172
85.625816 1198 4172
85.625871 1070 4172
85.634100 1198 4172
85.634145 1198 4172
85.646360 1198 4172
85.646449 1198 4172
85.646491 1198 4172
85.646536 1198 4172
85.646576 446 4172
85.648518 1198 4172
85.648566 1198 4172
85.648608 1198 4172
85.648647 1198 4172
85.648714 1198 4172
85.648794 814 4172
85.658311 238 4172
85.666006 1198 4172
85.666061 1198 4172
85.666105 1198 4172
85.666161 1198 4172
85.666191 1134 4172
85.676586 1198 4172
85.676650 1198 4172
85.676692 1198 4172
85.676729 1102 4172
85.684918 1198 4172
85.684973 1198 4172
85.685014 1198 4172
85.692607 1198 4172
85.700751 430 4172
85.700848 1198 4172
85.700905 462 4172
85.705715 1150 4172
85.717939 1198 4172
85.718022 990 4172
85.725923 1198 4172
85.725973 1198 4172
85.726016 1070 4172
85.732872 1198 4172
85.732918 1198 4172
85.732969 1198 4172
85.736518 574 4172
85.736581 1198 4172
85.748760 1198 4172
85.748857 1198 4172
85.756576 1038 4172
85.756624 1198 4172
85.764708 222 4172
85.764758 1198 4172
85.772621 1086 4172
85.772675 1198 4172
85.780896 606 4172
85.780938 1198 4172
85.780976 1198 4172
85.788601 1198 4172
85.788657 1198 4172
85.796780 782 4172
85.796874 1198 4172
85.804614 1198 4172
85.804661 1198 4172
85.813624 110 4172
85.813671 110 4172
85.813716 110 4172
85.813757 1198 4172
85.821306 126 4172
85.821354 766 4172
85.821397 1198 4172
85.821437 926 4172
85.824499 1198 4172
85.824545 302 4172
85.829368 1198 4172
85.841245 1198 4172
85.841291 270 4172
85.868654 1198 4172
86.088585 110 4172
86.088687 110 4172
86.088730 110 4172
86.176579 110 4172
86.352562 110 4172
86.352605 110 4172
86.352642 110 4172
86.656543 110 4172
86.656599 110 4172
86.656682 110 4172
86.920523 110 4172
87.096650 110 4172
87.162766 110 4172
87.184538 110 4172
87.448782 110 4172
87.972889 110 4172
88.104687 110 4172
88.192516 110 4172
88.236707 110 4172
89.072608 110 4172
89.204692 110 4172
90.172574 110 4172
90.920599 110 4172
91.180634 110 4172
92.100536 110 4172
92.188617 110 4172
93.200413 110 4172
93.596597 110 4172
94.080604 110 4172
94.168567 110 4172
95.088462 110 4172
95.176510 110 4172
96.096475 110 4172
96.184529 110 4172
96.272598 110 4172
97.104488 110 4172
97.192458 110 4172
98.068674 110 4172
98.200457 110 4172
98.940537 110 4172
99.072581 110 4172
99.204622 110 4172
100.200386 110 4172
101.072452 110 4172
101.204474 110 4172
101.600881 110 4172
102.080464 110 4172
102.168274 110 4172
103.092476 110 4172
103.180288 110 4172
104.096393 110 4172
104.184379 110 4172
104.268401 110 4172
104.792700 1198 4172
104.792790 1198 4172
104.792826 1198 4172
104.792872 1198 4172
104.792904 1198 4172
104.792941 1198 4172
104.808592 1198 4172
104.808632 1198 4172
104.808677 1198 4172
104.808718 1198 4172
104.808758 1198 4172
104.808798 814 4172
104.816381 1198 4172
104.816420 1198 4172
104.816457 1198 4172
104.816494 1198 4172
104.816531 1198 4172
104.816568 1198 4172
104.816606 782 4172
104.820944 622 4172
104.828428 1198 4172
104.828467 1198 4172
104.828504 1198 4172
104.828997 60 60000
104.836415 1198 4172
104.836461 1198 4172
104.844267 1198 4172
104.844308 1054 4172
104.852356 1198 4172
104.852397 1198 4172
104.861308 1198 4172
104.861373 1198 4172
104.868404 1198 4172
104.868438 1198 4172
104.876337 1198 4172
104.876377 526 4172
104.880242 1198 4172
104.880283 1198 4172
104.892344 1198 4172
104.892394 1198 4172
104.900460 1198 4172
104.900506 1198 4172
104.908413 798 4172
104.908436 1198 4172
104.908477 1198 4172
104.917461 1198 4172
104.917549 1198 4172
104.924265 1198 4172
104.924321 1198 4172
104.932851 894 4172
104.932917 1198 4172
104.940415 1198 4172
104.940459 1198 4172
104.948409 1198 4172
104.948446 1198 4172
104.956391 1198 4172
104.964436 206 4172
104.964465 1198 4172
104.968297 1198 4172
104.968320 1198 4172
104.980446 1198 4172
104.980507 1198 4172
104.990122 1198 4172
104.990183 654 4172
104.990215 1198 4172
104.996506 1198 4172
104.996544 1198 4172
105.004475 1198 4172
105.004518 1198 4172
105.012445 1198 4172
105.020417 718 4172
105.020461 1198 4172
105.028840 1198 4172
105.028888 1198 4172
105.036378 1198 4172
105.036431 1198 4172
105.046476 1198 4172
105.046513 1038 4172
105.052359 110 4172
105.052387 1198 4172
105.052422 1198 4172
105.056249 1198 4172
105.056284 1198 4172
105.068339 1198 4172
105.076750 1198 4172
105.076777 1198 4172
105.084316 222 4172
105.084364 110 4172
105.084406 1198 4172
105.092486 1198 4172
105.100353 1198 4172
105.108377 1198 4172
105.108407 1198 4172
105.116374 1198 4172
105.124406 190 4172
105.124431 1198 4172
105.133719 1198 4172
105.144263 1198 4172
105.144323 1198 4172
105.144361 1198 4172
105.156417 1198 4172
105.165298 318 4172
105.165343 1198 4172
105.165372 1198 4172
105.173434 110 4172
105.173473 1198 4172
105.180335 1198 4172
105.191181 1198 4172
105.196331 1198 4172
105.196378 798 4172
105.205609 1198 4172
105.207584 1198 4172
105.216085 1198 4172
105.232912 414 4172
105.232991 398 4172
105.233025 174 4172
105.233071 158 4172
105.245859 158 4172
105.246133 158 4172
105.246171 158 4172
105.246204 158 4172
105.246234 158 4172
105.246263 158 4172
105.246292 174 4172
105.246321 158 4172
105.246349 158 4172
105.261133 158 4172
105.261205 158 4172
105.261235 158 4172
105.261261 158 4172
105.261288 158 4172
105.261318 238 4172
105.261348 1198 4172
105.261377 1198 4172
105.261427 1198 4172
105.261458 1198 4172
105.268389 1198 4172
105.268441 1198 4172
105.277831 574 4172
105.278322 1198 4172
105.282475 1198 4172
105.282511 1198 4172
105.293257 1198 4172
105.300559 126 4172
105.300636 1198 4172
105.309977 1198 4172
105.310122 382 4172
105.321418 1198 4172
105.321503 110 4172
105.321529 1198 4172
105.324441 1198 4172
105.340387 1198 4172
105.340403 126 4172
105.340434 1198 4172
105.352371 414 4172
105.352404 1198 4172
105.370705 1198 4172
105.376525 1198 4172
105.387377 1198 4172
105.387920 1198 4172
105.388014 1198 4172
105.388255 718 4172
105.388290 1198 4172
105.399940 1198 4172
105.404574 1198 4172
105.404713 1198 4172
105.412660 1198 4172
105.420762 1198 4172
105.420853 1198 4172
105.429676 334 4172
105.429758 1198 4172
105.436470 1198 4172
105.446318 1198 4172
105.452377 126 4172
105.452408 1198 4172
105.452437 1198 4172
105.464209 174 4172
105.464265 1198 4172
105.468338 1198 4172
105.481458 1198 4172
105.484571 1198 4172
105.492383 318 4172
105.500777 1198 4172
105.500846 1198 4172
105.509631 1198 4172
105.516413 1054 4172
105.524371 1198 4172
105.532919 1198 4172
105.540342 1198 4172
105.548334 1198 4172
105.556712 1198 4172
105.564580 1198 4172
105.564617 270 4172
105.564646 1198 4172
105.570598 110 4172
105.570632 1198 4172
105.580450 1198 4172
105.589499 1198 4172
105.589638 1198 4172
105.600964 1198 4172
105.605419 1198 4172
105.617410 510 4172
105.617558 1198 4172
105.621611 1198 4172
105.621943 1198 4172
105.628797 1198 4172
105.636486 1198 4172
105.644486 190 4172
105.644655 1198 4172
105.644688 1198 4172
105.657010 1198 4172
105.657542 60 60000
105.660354 1198 4172
105.673410 1198 4172
105.676345 1198 4172
105.676750 110 4172
105.688300 1198 4172
105.688336 1198 4172
105.688370 1198 4172
105.692555 1198 4172
105.700322 1198 4172
105.709709 1198 4172
105.711281 190 4172
105.716644 1198 4172
105.716686 1198 4172
105.724440 1198 4172
105.742582 1198 4172
105.743514 1198 4172
105.745597 206 4172
105.745648 1198 4172
105.756345 1198 4172
105.756441 1198 4172
105.764552 1198 4172
105.772527 1198 4172
105.781110 1198 4172
105.781282 1198 4172
105.788361 302 4172
105.788407 1198 4172
105.796388 1198 4172
105.804957 1198 4172
105.805002 1198 4172
105.817968 350 4172
105.818048 174 4172
105.818075 174 4172
105.818165 174 4172
105.818198 174 4172
105.828796 174 4172
105.828835 174 4172
105.835173 174 4172
105.835216 862 4172
105.835247 174 4172
105.835277 174 4172
105.835308 174 4172
105.835336 174 4172
105.835364 190 4172
105.835394 462 4172
105.876391 174 4172
105.877437 174 4172
105.877474 110 4172
105.920336 174 4172
106.010809 206 4172
106.010979 174 4172
106.011060 158 4172
106.012421 174 4172
106.012457 238 4172
106.012485 238 4172
106.012511 222 4172
106.012537 222 4172
106.041544 206 4172
106.041623 206 4172
106.041668 206 4172
106.041702 222 4172
106.041735 238 4172
106.041766 222 4172
106.041796 222 4172
106.041827 190 4172
106.056429 526 4172
106.056635 174 4172
106.073455 110 4172
106.100906 702 4172
106.137920 542 4172
106.138020 110 4172
106.188414 110 4172
106.404589 110 4172
106.668455 110 4172
106.932704 110 4172
107.064341 110 4172
107.196283 110 4172
107.196373 110 4172
107.460437 110 4172
107.724378 110 4172
107.988593 110 4172
108.076377 110 4172
108.164669 110 4172
109.088381 110 4172
109.176318 110 4172
110.100374 110 4172
110.188528 110 4172
110.892343 110 4172
111.064306 110 4172
111.108569 222 4172
111.163061 110 4172
111.196194 110 4172
111.376218 174 4172
111.376965 414 4172
111.437635 110 4172
111.464582 126 4172
111.521046 1198 4172
111.521066 1198 4172
111.521097 350 4172
111.524355 318 4172
111.524390 1198 4172
111.524423 590 4172
111.532221 1198 4172
111.532258 1198 4172
111.532292 1198 4172
111.532328 1198 4172
111.532363 1198 4172
111.540199 1198 4172
111.540232 334 4172
111.540266 670 4172
111.540302 1198 4172
111.540337 1198 4172
111.548253 1198 4172
111.548296 1198 4172
111.552250 126 4172
111.564190 1198 4172
111.564231 958 4172
111.572321 1198 4172
111.580296 1198 4172
111.580393 1198 4172
111.588311 1198 4172
111.596301 1198 4172
111.604375 1198 4172
111.604408 1198 4172
111.612299 1198 4172
111.620305 1102 4172
111.620349 1198 4172
111.628306 1198 4172
111.636412 1198 4172
111.636502 1198 4172
111.640281 1198 4172
111.652263 1198 4172
111.652350 1198 4172
111.660324 1198 4172
111.668198 750 4172
111.668259 1198 4172
111.684214 110 4172
111.684260 1198 4172
111.692310 1198 4172
111.692384 1198 4172
111.700388 1198 4172
111.708302 334 4172
111.708374 1198 4172
111.716306 1198 4172
111.716344 1182 4172
111.724191 1198 4172
111.728291 1198 4172
111.728329 1198 4172
111.740201 1198 4172
111.748245 1198 4172
111.748283 1198 4172
111.756348 1198 4172
111.764317 1198 4172
111.772214 1198 4172
111.772296 590 4172
111.780196 1198 4172
111.780241 1198 4172
111.788288 1198 4172
111.796301 1198 4172
111.796341 1198 4172
111.804397 1198 4172
111.812185 1198 4172
111.816270 1198 4172
111.816317 1006 4172
111.828358 1198 4172
111.836311 1198 4172
111.836359 1198 4172
111.844247 1198 4172
111.852321 1198 4172
111.852365 1198 4172
111.860304 1198 4172
111.868219 1198 4172
111.868264 430 4172
111.876295 1198 4172
111.876337 1198 4172
111.884304 1198 4172
111.892289 1198 4172
111.900288 1198 4172
111.900328 1198 4172
111.904345 1198 4172
111.916353 734 4172
111.916460 1198 4172
111.924289 1198 4172
111.924334 1198 4172
111.932309 1198 4172
111.940288 1198 4172
111.948257 1198 4172
111.948298 462 4172
111.956306 1198 4172
111.956350 110 4172
111.956387 1198 4172
111.964289 1198 4172
111.972231 1198 4172
111.972294 494 4172
111.980193 206 4172
111.980235 1198 4172
111.988299 1198 4172
111.988342 1198 4172
111.992255 1198 4172
112.004413 718 4172
112.004446 1198 4172
112.012339 1198 4172
112.020268 1198 4172
112.028321 1198 4172
112.036423 1198 4172
112.036464 926 4172
112.044289 990 4172
112.044333 1198 4172
112.052284 1198 4172
112.060364 1198 4172
112.068300 622 4172
112.068335 1198 4172
112.068371 1198 4172
112.076294 814 4172
112.080257 110 4172
112.080295 1198 4172
112.080333 1198 4172
112.092350 1198 4172
112.100185 286 4172
112.100232 1198 4172
112.108187 1198 4172
112.108233 1198 4172
112.116209 494 4172
112.116251 1198 4172
112.124132 1198 4172
112.132206 1198 4172
112.140365 590 4172
112.140413 1198 4172
112.148199 1198 4172
112.148253 1198 4172
112.156297 366 4172
112.156340 1198 4172
112.164237 1198 4172
112.168250 1198 4172
112.168293 750 4172
112.180292 110 4172
112.180340 1198 4172
112.180381 1198 4172
112.188290 1198 4172
112.196307 302 4172
112.196356 1198 4172
112.204274 1198 4172
112.204321 1086 4172
112.212175 110 4172
112.212620 1198 4172
112.220259 1198 4172
112.228317 542 4172
112.228358 1198 4172
112.236265 590 4172
112.236314 1150 4172
112.244315 1198 4172
112.244355 222 4172
112.252296 1198 4172
112.252337 1198 4172
112.256261 1198 4172
112.268195 686 4172
112.268238 1198 4172
112.276282 1198 4172
112.276324 110 4172
112.284201 1198 4172
112.284244 894 4172
112.292291 1198 4172
112.292339 1198 4172
112.300246 1198 4172
112.308172 1198 4172
112.308219 510 4172
112.316325 1198 4172
112.324265 1198 4172
112.324318 1198 4172
112.332192 1198 4172
112.340277 942 4172
112.340374 1198 4172
112.344141 1198 4172
112.356181 1198 4172
112.356230 1198 4172
112.364275 1118 4172
112.372441 1198 4172
112.372485 1198 4172
112.380178 1198 4172
112.388249 110 4172
112.388297 1198 4172
112.396312 718 4172
112.396351 1198 4172
112.396387 1198 4172
112.404191 1198 4172
112.412285 1198 4172
112.420300 1182 4172
112.420326 1198 4172
112.428337 1198 4172
112.432246 1198 4172
112.432289 1198 4172
112.444287 670 4172
112.453202 1198 4172
112.453251 1198 4172
112.460205 1198 4172
112.460255 1198 4172
112.468191 206 4172
112.468227 1198 4172
112.476332 1198 4172
112.484191 1198 4172
112.484236 446 4172
112.492288 110 4172
112.492730 110 4172
112.492777 1198 4172
112.492818 1118 4172
112.500319 1198 4172
112.508182 382 4172
112.508231 1198 4172
112.520149 1150 4172
112.564270 110 4172
112.696257 110 4172
112.784382 110 4172
112.784402 110 4172
112.784441 110 4172
113.048228 110 4172
113.092167 110 4172
113.180242 110 4172
113.312179 110 4172
113.576328 110 4172
113.840410 110 4172
114.080267 110 4172
114.364632 110 4172
114.660329 110 4172
114.924196 110 4172
115.100290 110 4172
115.188349 110 4172
116.100309 110 4172
117.104269 110 4172
117.188368 110 4172
117.584323 110 4172
118.104381 110 4172
118.192278 110 4172
118.676303 414 4172
118.752537 174 4172
118.752572 174 4172
118.752661 174 4172
118.752687 174 4172
118.752717 174 4172
118.756771 174 4172
118.756809 174 4172
118.756840 174 4172
118.756868 174 4172
118.756901 174 4172
118.760609 174 4172
118.760646 174 4172
118.760676 174 4172
118.760704 174 4172
118.764194 446 4172
118.764263 1198 4172
118.764301 174 4172
118.764341 1198 4172
118.764372 1198 4172
118.764401 1198 4172
118.764431 1198 4172
118.764461 1198 4172
118.764493 974 4172
118.940303 318 4172
119.026936 222 4172
119.028235 1198 4172
119.028306 222 4172
119.072224 110 4172
119.171555 206 4172
119.171577 110 4172
119.171653 110 4172
119.180639 1134 4172
119.189048 1198 4172
119.189055 734 4172
119.196950 1198 4172
119.196992 1198 4172
119.197046 1198 4172
119.197088 1198 4172
119.197134 1022 4172
119.204193 1198 4172
119.204253 1198 4172
119.204304 1198 4172
119.204348 1198 4172
119.204391 1198 4172
119.204430 830 4172
119.204469 1198 4172
119.216259 1198 4172
119.216270 1198 4172
119.216348 1198 4172
119.224265 1198 4172
119.232225 1198 4172
119.232279 1198 4172
119.240223 174 4172
119.240272 1198 4172
119.248168 1198 4172
119.256138 1198 4172
119.256195 1198 4172
119.264254 1198 4172
119.272211 142 4172
119.272298 1198 4172
119.272311 1198 4172
119.280145 1198 4172
119.288215 1198 4172
119.292103 1198 4172
119.292133 1198 4172
119.304283 1198 4172
119.312268 1198 4172
119.312289 206 4172
119.312335 1198 4172
119.320172 1198 4172
119.328211 862 4172
119.328300 1198 4172
119.336248 1198 4172
119.336294 1198 4172
119.344214 734 4172
119.344264 1198 4172
119.352227 1198 4172
119.360244 1198 4172
119.368130 1118 4172
119.376246 1198 4172
119.376331 1198 4172
119.380165 1198 4172
119.380212 1198 4172
119.392211 1198 4172
119.400177 1198 4172
119.400236 142 4172
119.400280 1198 4172
119.408167 1198 4172
119.408213 1198 4172
119.424249 1198 4172
119.424297 350 4172
119.424337 1198 4172
119.432415 110 4172
119.432454 1198 4172
119.440225 1198 4172
119.440266 1198 4172
119.448213 1198 4172
119.448254 1198 4172
119.456254 1198 4172
119.464218 142 4172
119.464267 1198 4172
119.464309 1198 4172
119.468181 1198 4172
119.480246 1118 4172
119.480258 1198 4172
119.488235 1198 4172
119.488322 1198 4172
119.496250 1198 4172
119.496298 1198 4172
119.504157 926 4172
119.512221 1198 4172
119.512260 1198 4172
119.520231 1198 4172
119.520270 1198 4172
119.528245 1118 4172
119.536264 1198 4172
119.536303 1198 4172
119.544230 1198 4172
119.544289 1198 4172
119.552220 1198 4172
119.556183 1198 4172
119.568213 1198 4172
119.568267 1198 4172
119.576252 1198 4172
119.576293 1198 4172
119.584202 846 4172
119.584256 1198 4172
119.592204 1070 4172
119.600157 1198 4172
119.600213 1198 4172
119.608272 1198 4172
119.608325 1198 4172
119.616215 638 4172
119.616259 1198 4172
119.624163 1198 4172
119.632248 1198 4172
119.632339 1198 4172
119.640282 1198 4172
119.640328 1134 4172
119.644189 1198 4172
119.656245 1198 4172
119.656301 1198 4172
119.664211 1198 4172
119.664250 1198 4172
119.672231 526 4172
119.672286 1198 4172
119.680221 1198 4172
119.680268 1198 4172
119.688205 1198 4172
119.696206 110 4172
119.696241 1198 4172
119.704181 1198 4172
119.704231 1198 4172
119.712214 1198 4172
119.720219 782 4172
119.720265 1198 4172
119.728185 1198 4172
119.728222 1198 4172
119.732207 1198 4172
119.744253 1198 4172
119.752115 446 4172
119.752164 1198 4172
119.752206 1198 4172
119.760171 1198 4172
119.768201 1198 4172
119.768287 1198 4172
119.776249 734 4172
119.776294 1198 4172
119.784149 1198 4172
119.784198 414 4172
119.792249 1198 4172
119.792292 1198 4172
119.800255 1198 4172
119.800296 1198 4172
119.808263 1198 4172
119.816227 1198 4172
119.816270 174 4172
119.816313 1198 4172
119.820253 1198 4172
119.820291 1198 4172
119.832267 1198 4172
119.840166 1198 4172
119.840225 1198 4172
119.848288 190 4172
119.848337 1198 4172
119.856194 1198 4172
119.856246 1198 4172
119.864228 1198 4172
119.864275 990 4172
119.872312 1198 4172
119.872348 1198 4172
119.880172 1198 4172
119.888144 1198 4172
119.888194 1198 4172
119.896221 1086 4172
119.896265 542 4172
119.904336 1198 4172
119.908177 1198 4172
119.908225 1198 4172
119.920263 1198 4172
119.928212 1198 4172
119.928304 270 4172
119.928305 1198 4172
119.936314 1198 4172
119.944230 1198 4172
119.944279 1198 4172
119.952204 1198 4172
119.960204 478 4172
119.960288 1198 4172
119.968232 1198 4172
119.976214 110 4172
119.976304 110 4172
119.976306 110 4172
119.976344 1198 4172
119.984164 1198 4172
119.984210 654 4172
119.992126 1198 4172
119.996182 1198 4172
120.008286 1198 4172
120.016241 1198 4172
120.016326 1198 4172
120.024262 1198 4172
120.024313 670 4172
120.032228 1198 4172
120.032277 1198 4172
120.040260 1198 4172
120.048215 1198 4172
120.048258 1198 4172
120.056315 1198 4172
120.064214 142 4172
120.064650 1198 4172
120.072206 1198 4172
120.072258 1198 4172
120.080139 1198 4172
120.080184 110 4172
120.080221 1198 4172
120.084182 990 4172
120.096262 1198 4172
120.096264 1198 4172
120.104326 894 4172
120.104410 1198 4172
120.112220 1198 4172
120.112265 462 4172
120.112307 1198 4172
120.128278 1198 4172
120.128295 1198 4172
120.136249 1198 4172
120.136304 398 4172
120.144210 1198 4172
120.152213 1198 4172
120.152251 1198 4172
120.160311 1198 4172
120.160347 1198 4172
120.168179 1198 4172
120.172204 1198 4172
120.172282 942 4172
120.184132 1198 4172
120.184188 110 4172
120.184230 1198 4172
120.192209 1198 4172
120.200207 1198 4172
120.200321 1198 4172
120.208242 622 4172
120.208288 1198 4172
120.208330 1198 4172
120.216245 1198 4172
120.224213 1054 4172
120.224328 1198 4172
120.232265 1198 4172
120.232324 1198 4172
120.240199 110 4172
120.240252 110 4172
120.240295 110 4172
120.240336 1198 4172
120.248498 1198 4172
120.248526 1198 4172
120.256200 1198 4172
120.256251 1198 4172
120.260197 1198 4172
120.260246 1198 4172
120.272233 350 4172
120.272377 110 4172
120.272391 1198 4172
120.280156 1198 4172
120.280213 1198 4172
120.288268 1198 4172
120.296275 526 4172
120.296355 1198 4172
120.296357 574 4172
120.304443 1198 4172
120.304495 318 4172
120.304538 430 4172
120.392287 110 4172
120.480290 110 4172
120.524317 110 4172
120.524444 110 4172
120.524463 110 4172
120.784289 110 4172
120.784347 110 4172
120.784391 110 4172
121.048380 110 4172
121.092304 110 4172
121.180243 110 4172
121.312247 110 4172
121.616197 110 4172
121.876225 110 4172
122.092262 110 4172
122.136367 110 4172
122.180256 110 4172
122.400338 110 4172
122.664165 110 4172
122.928188 110 4172
123.104292 110 4172
123.192155 110 4172
124.068099 110 4172
124.200170 110 4172
125.080154 110 4172
125.168231 110 4172
125.608220 110 4172
125.819773 1198 4172
125.819835 1198 4172
125.819878 1198 4172
125.819920 1198 4172
125.819974 1198 4172
125.820052 1198 4172
125.820093 1198 4172
125.820127 1198 4172
125.820162 1198 4172
125.820215 1198 4172
125.824155 1198 4172
125.824185 1198 4172
125.828024 206 4172
125.828052 1198 4172
125.828083 1198 4172
125.828110 1198 4172
125.840167 1198 4172
125.840204 1198 4172
125.840215 1198 4172
125.848132 1198 4172
125.848166 1198 4172
125.856122 1198 4172
125.856152 1198 4172
125.864184 1198 4172
125.864212 718 4172
125.872262 1198 4172
125.880157 1198 4172
125.880204 1198 4172
125.888183 1198 4172
125.896206 1198 4172
125.896250 1198 4172
125.904186 1198 4172
125.904239 1198 4172
125.908138 60 60000
125.912145 1198 4172
125.916090 1198 4172
125.916134 1198 4172
125.928161 1198 4172
125.936284 1198 4172
125.937026 1198 4172
125.946263 1198 4172
125.946341 1198 4172
125.952113 1198 4172
125.952149 1198 4172
125.960267 1198 4172
125.960294 1198 4172
125.968225 1198 4172
125.976243 1198 4172
125.976318 478 4172
125.976320 1198 4172
125.984175 1198 4172
125.984226 1198 4172
125.992173 1198 4172
125.992217 1198 4172
126.000123 1198 4172
126.004165 1198 4172
126.004208 1198 4172
126.016158 1198 4172
126.024292 1198 4172
126.024370 1198 4172
126.032159 206 4172
126.040230 1198 4172
126.048096 1198 4172
126.048148 1198 4172
126.056203 1198 4172
126.056246 1198 4172
126.064166 1198 4172
126.064219 1198 4172
126.072274 110 4172
126.072316 1198 4172
126.072379 1198 4172
126.080235 1198 4172
126.080303 1198 4172
126.088108 1198 4172
126.088148 1198 4172
126.092127 1198 4172
126.104441 1198 4172
126.104474 158 4172
126.104510 1198 4172
126.112213 1198 4172
126.112254 1198 4172
126.120641 1198 4172
126.128169 1198 4172
126.128211 1198 4172
126.136322 110 4172
126.136369 1198 4172
126.136403 1198 4172
126.144140 1198 4172
126.144208 1198 4172
126.152162 1198 4172
126.160217 1198 4172
126.160255 1054 4172
126.168487 1198 4172
126.168552 1198 4172
126.176130 1198 4172
126.176168 1198 4172
126.180049 1198 4172
126.180089 110 4172
126.180166 1198 4172
126.192155 1198 4172
126.192224 1198 4172
126.200966 1198 4172
126.200993 1198 4172
126.208146 1198 4172
126.208183 1198 4172
126.216188 1198 4172
126.216232 1038 4172
126.224078 1198 4172
126.224124 1198 4172
126.232878 1198 4172
126.233530 1198 4172
126.241552 1198 4172
126.241632 1198 4172
126.248345 1198 4172
126.248553 1198 4172
126.256772 1198 4172
126.256850 1198 4172
126.264226 1198 4172
126.264804 126 4172
126.264839 1198 4172
126.280280 1198 4172
126.280371 718 4172
126.280403 110 4172
126.280431 1198 4172
126.289435 1198 4172
126.289522 1198 4172
126.309750 1198 4172
126.309833 126 4172
126.312262 1054 4172
126.312310 1198 4172
126.312340 1198 4172
126.312368 1198 4172
126.325772 1198 4172
126.325814 1198 4172
126.333183 1198 4172
126.333235 1198 4172
126.333279 910 4172
126.336328 1198 4172
126.345254 1198 4172
126.345392 1198 4172
126.352169 1198 4172
126.352205 1198 4172
126.356677 750 4172
126.356750 1198 4172
126.369589 1198 4172
126.370070 1198 4172
126.376184 1198 4172
126.376211 1198 4172
126.384974 382 4172
126.385060 1198 4172
126.385071 1198 4172
126.392240 1198 4172
126.392312 1198 4172
126.400189 1198 4172
126.400223 366 4172
126.413305 110 4172
126.413963 1198 4172
126.413996 1198 4172
126.416179 1198 4172
126.416223 1198 4172
126.424193 1198 4172
126.424223 222 4172
126.424254 1198 4172
126.432642 1198 4172
126.432726 1198 4172
126.443898 1198 4172
126.459422 1198 4172
126.460587 606 4172
126.464224 414 4172
126.468043 1198 4172
126.468375 1198 4172
126.468500 1198 4172
126.468552 1198 4172
126.468869 1198 4172
126.469514 1134 4172
126.476771 1198 4172
126.481461 1198 4172
126.481493 1198 4172
126.489560 1198 4172
126.489659 1086 4172
126.500877 1198 4172
126.504273 1198 4172
126.504304 1198 4172
126.513893 1198 4172
126.513962 782 4172
126.520182 1198 4172
126.520230 1198 4172
126.526449 1198 4172
126.526502 1198 4172
126.540174 1198 4172
126.540246 1198 4172
126.540307 1198 4172
126.545350 158 4172
126.545386 126 4172
126.545417 1198 4172
126.561031 1198 4172
126.563811 1198 4172
126.568352 1198 4172
126.568390 1198 4172
126.568420 1198 4172
126.568446 814 4172
126.576142 1198 4172
126.576185 1198 4172
126.595853 1198 4172
126.595872 1198 4172
126.601214 1198 4172
126.601307 238 4172
126.608625 1198 4172
126.608652 1198 4172
126.608681 1198 4172
126.608727 1198 4172
126.629930 1198 4172
126.629974 238 4172
126.630013 1198 4172
126.630056 1198 4172
126.635595 1198 4172
126.635724 1150 4172
126.644180 1198 4172
126.644216 1198 4172
126.651482 1198 4172
126.653837 1198 4172
126.654524 1198 4172
126.656127 1198 4172
126.664839 1198 4172
126.664872 238 4172
126.664905 1198 4172
126.672265 1198 4172
126.672306 1198 4172
126.681310 1198 4172
126.681346 110 4172
126.692471 1198 4172
126.693277 1198 4172
126.708293 702 4172
126.708320 1198 4172
126.713285 1198 4172
126.713350 1198 4172
126.717891 1198 4172
126.717953 398 4172
126.720109 1198 4172
126.727765 1198 4172
126.727803 1198 4172
126.742280 1198 4172
126.742320 1198 4172
126.744328 1198 4172
126.744368 334 4172
126.744399 1198 4172
126.752169 1198 4172
126.752201 1198 4172
126.760108 1198 4172
126.760151 1198 4172
126.768097 1198 4172
126.768119 1198 4172
126.779543 926 4172
126.779570 1198 4172
126.783430 1198 4172
126.784126 1198 4172
126.786163 60 60000
126.792137 1198 4172
126.792179 1198 4172
126.800094 766 4172
126.800136 1198 4172
126.808132 1198 4172
126.808181 1198 4172
126.816239 1198 4172
126.816362 1198 4172
126.816397 814 4172
126.824258 1198 4172
126.824284 1198 4172
126.833277 1198 4172
126.833434 1198 4172
126.842705 1198 4172
126.842786 142 4172
126.842814 446 4172
126.842841 174 4172
126.842871 1198 4172
126.848549 1198 4172
126.848591 1198 4172
126.856492 542 4172
126.856525 1198 4172
126.864144 1198 4172
126.864187 1198 4172
126.868063 1198 4172
126.868106 798 4172
126.868138 1198 4172
126.880140 1198 4172
126.880223 1198 4172
126.888113 1022 4172
126.896143 1198 4172
126.904231 1198 4172
126.904259 1198 4172
126.915280 1086 4172
126.915412 1198 4172
126.920525 1198 4172
126.920565 1198 4172
126.928192 1198 4172
126.928252 1198 4172
126.928296 206 4172
126.936303 1198 4172
126.936340 1198 4172
126.936377 110 4172
126.944135 1198 4172
126.944171 1198 4172
126.944200 1198 4172
126.956467 1198 4172
126.956521 1166 4172
126.960107 1198 4172
126.960145 1198 4172
126.968171 1198 4172
126.968310 1198 4172
126.977627 1102 4172
126.977696 1198 4172
126.990984 1198 4172
126.993155 1198 4172
126.993214 1198 4172
127.003537 766 4172
127.003572 1198 4172
127.003607 1198 4172
127.003671 1198 4172
127.011894 1198 4172
127.011979 638 4172
127.012038 1198 4172
127.012086 1198 4172
127.018131 1198 4172
127.026655 1198 4172
127.026699 574 4172
127.033933 1198 4172
127.040292 1198 4172
127.040327 1198 4172
127.040378 1198 4172
127.050085 494 4172
127.050150 1198 4172
127.060424 1198 4172
127.060510 1198 4172
127.060560 382 4172
127.064325 1198 4172
127.064363 1198 4172
127.072362 1198 4172
127.072385 1198 4172
127.072406 110 4172
127.072433 366 4172
127.080243 1198 4172
127.080535 1198 4172
127.085827 1198 4172
127.094329 1198 4172
127.105048 1198 4172
127.105766 590 4172
127.155076 1198 4172
127.155370 862 4172
127.155409 302 4172
127.155453 734 4172
127.184381 110 4172
127.193523 462 4172
127.193571 1198 4172
127.193601 1198 4172
127.193632 1198 4172
127.193663 622 4172
127.193693 1198 4172
127.193727 1198 4172
127.193753 1198 4172
127.193780 1198 4172
127.193809 782 4172
127.196169 1198 4172
127.196226 1198 4172
127.196336 1198 4172
127.196399 1198 4172
127.196585 110 4172
127.196619 1006 4172
127.213104 1198 4172
127.220765 1198 4172
127.220782 1198 4172
127.220811 1198 4172
127.220841 1086 4172
127.220870 1198 4172
127.220898 1198 4172
127.220937 1198 4172
127.220973 1198 4172
127.220999 1198 4172
127.221041 1198 4172
127.234301 1198 4172
127.234417 1198 4172
127.234435 1198 4172
127.234466 1150 4172
127.236159 1198 4172
127.236200 1198 4172
127.240575 1198 4172
127.240620 1198 4172
127.252106 1086 4172
127.252156 1198 4172
127.265522 206 4172
127.265563 1198 4172
127.265591 1198 4172
127.268097 734 4172
127.268140 1198 4172
127.280725 110 4172
127.280933 1198 4172
127.280964 1198 4172
127.284092 1198 4172
127.284136 622 4172
127.284159 1198 4172
127.296062 1198 4172
127.296101 1198 4172
127.300117 1198 4172
127.300157 1198 4172
127.314704 558 4172
127.314787 1198 4172
127.314818 1198 4172
127.316081 1198 4172
127.316114 1198 4172
127.324120 478 4172
127.324167 1198 4172
127.324195 1198 4172
127.328048 1198 4172
127.328080 1198 4172
127.340163 366 4172
127.340313 1198 4172
127.340327 1198 4172
127.348103 1198 4172
127.348138 1198 4172
127.356171 350 4172
127.356195 1198 4172
127.356228 1198 4172
127.364103 1198 4172
127.364146 1198 4172
127.372157 574 4172
127.372194 1198 4172
127.372219 1198 4172
127.380138 654 4172
127.380167 158 4172
127.380202 1198 4172
127.380230 1198 4172
127.388111 1198 4172
127.388135 574 4172
127.396080 1198 4172
127.396113 1198 4172
127.396144 1198 4172
127.404153 1198 4172
127.412132 1198 4172
127.412213 1198 4172
127.417034 1198 4172
127.417181 1198 4172
127.417240 1198 4172
127.428151 110 4172
127.428270 1198 4172
127.428294 1198 4172
127.436260 910 4172
127.436306 1198 4172
127.444169 1198 4172
127.444203 1198 4172
127.444237 238 4172
127.452182 1198 4172
127.452255 1198 4172
127.460131 1198 4172
127.460180 1198 4172
127.468092 110 4172
127.468130 414 4172
127.468169 1198 4172
127.468204 1198 4172
127.476170 1198 4172
127.476225 1198 4172
127.484182 1198 4172
127.484226 1198 4172
127.492173 142 4172
127.492213 1198 4172
127.492254 1198 4172
127.500143 1198 4172
127.500192 1198 4172
127.500225 1182 4172
127.504212 1198 4172
127.504259 1198 4172
127.516139 1198 4172
127.516174 1198 4172
127.516211 782 4172
127.524166 1198 4172
127.524217 1198 4172
127.532160 1198 4172
127.532214 1198 4172
127.532258 670 4172
127.540086 1198 4172
127.540117 1198 4172
127.548203 1198 4172
127.548251 1198 4172
127.548286 590 4172
127.556158 1198 4172
127.556206 1198 4172
127.564144 1198 4172
127.564196 1198 4172
127.564239 510 4172
127.572171 1198 4172
127.572199 1198 4172
127.572227 1198 4172
127.580195 1198 4172
127.580250 382 4172
127.580293 1198 4172
127.588154 1198 4172
127.592500 1198 4172
127.592550 366 4172
127.592581 1198 4172
127.604245 1198 4172
127.604343 1198 4172
127.612181 1198 4172
127.612233 590 4172
127.612273 1198 4172
127.620166 1198 4172
127.620204 1198 4172
127.620241 1006 4172
127.636254 126 4172
127.764162 110 4172
127.780672 126 4172
127.788865 126 4172
127.800746 1198 4172
127.800803 1198 4172
127.800841 1198 4172
127.800878 1198 4172
127.800918 1198 4172
127.800959 1038 4172
127.808113 702 4172
127.808148 1198 4172
127.820556 126 4172
127.832603 126 4172
127.844605 126 4172
127.852111 126 4172
127.864678 126 4172
127.876628 126 4172
127.888704 126 4172
127.896301 126 4172
127.912673 126 4172
127.933549 126 4172
127.940092 910 4172
127.953561 862 4172
127.964965 1150 4172
127.976899 430 4172
127.984132 494 4172
127.984179 126 4172
127.997565 1070 4172
127.997659 110 4172
127.997700 110 4172
127.997740 110 4172
128.009622 1198 4172
128.009668 398 4172
128.017620 1198 4172
128.017704 574 4172
128.028132 1198 4172
128.028171 910 4172
128.041645 1198 4172
128.041777 862 4172
128.049550 1198 4172
128.049597 686 4172
128.061606 1198 4172
128.061640 526 4172
128.072475 174 4172
128.072508 110 4172
128.085605 1118 4172
128.093679 1198 4172
128.105747 1150 4172
128.116067 1198 4172
128.116109 318 4172
128.129670 1198 4172
128.129743 334 4172
128.129764 1198 4172
128.140888 1198 4172
128.140950 782 4172
128.152667 718 4172
128.161507 222 4172
128.173810 1198 4172
128.173852 446 4172
128.173894 110 4172
128.185829 1198 4172
128.185913 1198 4172
128.185981 142 4172
128.197816 1198 4172
128.197894 1198 4172
128.197961 414 4172
128.204239 1198 4172
128.204317 782 4172
128.217812 1198 4172
128.217890 798 4172
128.225730 1198 4172
128.225800 1198 4172
128.225862 558 4172
128.237673 1198 4172
128.237745 1198 4172
128.237807 542 4172
128.237868 1198 4172
128.245624 1198 4172
128.245693 1150 4172
128.248279 1198 4172
128.248350 926 4172
128.263209 1198 4172
128.263278 1006 4172
128.263341 110 4172
128.263401 110 4172
128.263460 110 4172
128.269663 110 4172
128.277784 1198 4172
128.277862 894 4172
128.289778 1198 4172
128.289861 1198 4172
128.289926 622 4172
128.292098 1198 4172
128.292167 1198 4172
128.292230 606 4172
128.308971 1198 4172
128.309058 1198 4172
128.309123 1198 4172
128.309185 382 4172
128.317517 1198 4172
128.317594 158 4172
128.329962 1198 4172
128.330038 1198 4172
128.330102 110 4172
128.336131 1198 4172
128.336207 1198 4172
128.336274 1198 4172
128.336339 590 4172
128.350064 1198 4172
128.350136 1198 4172
128.350198 1198 4172
128.350259 1086 4172
128.362204 1198 4172
128.362285 1198 4172
128.362350 1198 4172
128.362411 1198 4172
128.362470 734 4172
128.369985 1198 4172
128.370055 1198 4172
128.370121 1198 4172
128.370180 1198 4172
128.370238 590 4172
128.370301 110 4172
128.378093 1198 4172
128.378183 1198 4172
128.378250 1198 4172
128.378314 1198 4172
128.378374 126 4172
128.380094 1198 4172
128.380161 1198 4172
128.380221 1198 4172
128.380279 1102 4172
128.380337 1198 4172
128.397969 1198 4172
128.398057 1198 4172
128.398122 1198 4172
128.398185 558 4172
128.405930 1198 4172
128.406006 1198 4172
128.406068 1198 4172
128.406131 190 4172
128.413881 1198 4172
128.413961 1198 4172
128.414025 1198 4172
128.414086 366 4172
128.424453 1198 4172
128.424529 1198 4172
128.424595 1198 4172
128.424657 206 4172
128.434019 1198 4172
128.434090 1198 4172
128.434153 1198 4172
128.434215 334 4172
128.446175 1198 4172
128.446244 1198 4172
128.446302 1198 4172
128.446349 1198 4172
128.446395 462 4172
128.448325 1198 4172
128.448376 1198 4172
128.448422 1198 4172
128.448466 1198 4172
128.448509 1198 4172
128.448554 430 4172
128.457042 1198 4172
128.465670 1198 4172
128.465727 734 4172
128.468100 1198 4172
128.468159 1198 4172
128.468206 1198 4172
128.468252 574 4172
128.480129 1198 4172
128.480194 1198 4172
128.480249 1198 4172
128.480297 1198 4172
128.488283 1198 4172
128.488337 814 4172
128.496184 1198 4172
128.496229 1198 4172
128.504377 1198 4172
128.504439 1198 4172
128.504489 1198 4172
128.512095 1198 4172
128.512144 1198 4172
128.520401 1198 4172
128.520454 1198 4172
128.528161 1198 4172
128.528216 110 4172
128.528263 110 4172
128.528312 110 4172
128.528355 1198 4172
128.528401 1198 4172
128.536264 1198 4172
128.536315 110 4172
128.536360 1198 4172
128.544138 350 4172
128.544198 1198 4172
128.544245 1198 4172
128.552261 1198 4172
128.552313 1198 4172
128.556082 1198 4172
128.556135 974 4172
128.556196 1198 4172
128.568292 1198 4172
128.568346 1198 4172
128.576193 1198 4172
128.576264 1198 4172
128.584584 494 4172
128.584645 1198 4172
128.584689 1198 4172
128.592122 1198 4172
128.592185 1198 4172
128.592232 1198 4172
128.600364 1198 4172
128.600422 1198 4172
128.608165 318 4172
128.608233 1198 4172
128.608282 1198 4172
128.616351 1198 4172
128.616412 1198 4172
128.616461 1198 4172
128.624161 702 4172
128.624214 1198 4172
128.624259 1198 4172
128.632486 1198 4172
128.632541 1198 4172
128.640126 1198 4172
128.640180 206 4172
128.640228 1198 4172
128.640274 1198 4172
128.644092 1198 4172
128.644151 1198 4172
128.656134 1198 4172
128.656187 558 4172
128.656228 1198 4172
128.664417 1198 4172
128.664461 1198 4172
128.664499 1198 4172
128.672390 1198 4172
128.672434 286 4172
128.672472 1198 4172
128.672507 1198 4172
128.680178 1198 4172
128.680219 1198 4172
128.688077 1198 4172
128.688120 1198 4172
128.696410 1198 4172
128.696450 254 4172
128.696488 1198 4172
128.704141 1198 4172
128.704203 1198 4172
128.712330 1198 4172
128.712376 1198 4172
128.720129 1198 4172
128.720174 334 4172
128.720234 1198 4172
128.720276 1198 4172
128.728705 1198 4172
128.728754 1198 4172
128.732082 1198 4172
128.732126 1198 4172
128.732159 1198 4172
128.744284 1198 4172
128.744365 1198 4172
128.752128 494 4172
128.752182 1198 4172
128.752223 1198 4172
128.760453 590 4172
128.760503 1198 4172
128.760532 1198 4172
128.768177 1198 4172
128.768252 1198 4172
128.768290 1198 4172
128.776292 990 4172
128.776345 1198 4172
128.784131 1198 4172
128.784179 1198 4172
128.784225 1198 4172
128.792364 110 4172
128.792410 110 4172
128.792453 110 4172
128.792491 1198 4172
128.792530 1198 4172
128.800132 1198 4172
128.800173 1198 4172
128.800211 1102 4172
128.808328 1198 4172
128.808371 1198 4172
128.816221 1198 4172
128.816255 1198 4172
128.816291 1198 4172
128.820089 1198 4172
128.820134 1198 4172
128.832177 1198 4172
128.832271 1198 4172
128.832313 638 4172
128.840273 1198 4172
128.840315 1198 4172
128.840354 1198 4172
128.848163 1198 4172
128.848208 1198 4172
128.856235 1198 4172
128.856289 1198 4172
128.863986 1198 4172
128.864039 1198 4172
128.872308 430 4172
128.872351 1198 4172
128.872405 1198 4172
128.880127 1198 4172
128.880185 1198 4172
128.880227 1198 4172
128.888223 1198 4172
128.888276 1198 4172
128.896183 1198 4172
128.896215 1198 4172
128.896248 1198 4172
128.904269 1198 4172
128.904313 286 4172
128.904351 1198 4172
128.908129 1198 4172
128.908172 1198 4172
128.920563 1198 4172
128.920608 1198 4172
128.928150 1198 4172
128.928224 1198 4172
128.928285 1198 4172
128.936297 830 4172
128.936381 1198 4172
128.944121 1198 4172
128.944171 1198 4172
128.944211 1198 4172
128.952410 1198 4172
128.952450 1198 4172
128.960131 1198 4172
128.960181 1198 4172
128.960223 1198 4172
128.968225 1198 4172
128.968414 958 4172
128.968458 1198 4172
128.976135 1198 4172
128.976193 1198 4172
128.984500 1198 4172
128.984532 1198 4172
128.984571 1198 4172
128.992140 1198 4172
128.992189 1198 4172
128.992230 1198 4172
128.996073 318 4172
128.996121 1198 4172
128.996163 1198 4172
129.008168 1198 4172
129.008225 1198 4172
129.016390 1198 4172
129.016435 1198 4172
129.016471 1198 4172
129.024167 1198 4172
129.024207 1198 4172
129.032307 1198 4172
129.032363 1198 4172
129.040169 1198 4172
129.040214 1198 4172
129.048293 1198 4172
129.048341 1198 4172
129.048378 1198 4172
129.056124 782 4172
129.056175 110 4172
129.056223 110 4172
129.056261 110 4172
129.056299 206 4172
129.056332 1198 4172
129.064272 1198 4172
129.064315 1198 4172
129.064352 1198 4172
129.072219 1198 4172
129.072255 1198 4172
129.080442 1198 4172
129.080581 110 4172
129.080625 1198 4172
129.080663 1198 4172
129.084077 862 4172
129.172238 110 4172
129.304403 110 4172
129.348141 110 4172
129.348166 110 4172
129.348266 110 4172
129.612210 110 4172
129.612343 110 4172
129.876151 110 4172
129.876223 110 4172
129.876270 110 4172
130.096242 110 4172
130.140182 110 4172
130.184418 110 4172
130.448176 110 4172
130.664446 110 4172
130.928210 110 4172
131.104279 110 4172
131.192324 110 4172
131.236270 110 4172
131.500217 110 4172
131.764204 110 4172
132.028398 110 4172
132.072450 110 4172
132.204162 110 4172
133.084110 110 4172
133.172253 110 4172
134.176154 110 4172
134.660084 110 4172
135.100137 110 4172
135.188159 110 4172
136.068066 110 4172
136.200134 110 4172
137.080132 110 4172
137.344034 110 4172
138.092135 110 4172
138.180279 110 4172
139.100037 110 4172
139.188024 110 4172
140.024091 110 4172
140.067978 110 4172
141.080028 110 4172
141.168933 110 4172
142.092065 110 4172
142.179958 110 4172
142.704035 110 4172
143.100067 110 4172
143.188179 110 4172
144.063993 110 4172
144.196047 110 4172
145.204028 110 4172
145.380032 110 4172
146.075991 110 4172
146.163814 110 4172
147.019630 1198 4172
147.019707 1198 4172
147.019709 1198 4172
147.019756 1198 4172
147.019822 1198 4172
147.019861 1198 4172
147.019894 1198 4172
147.019939 1198 4172
147.032258 1198 4172
147.032414 1198 4172
147.032420 1198 4172
147.032465 1198 4172
147.032508 1054 4172
147.035973 1198 4172
147.036029 1198 4172
147.036074 1198 4172
147.036116 1198 4172
147.036157 1198 4172
147.036201 670 4172
147.045221 1198 4172
147.051898 1198 4172
147.051950 1198 4172
147.051987 1198 4172
147.052019 1198 4172
147.052055 1198 4172
147.052086 1198 4172
147.052117 814 4172
147.056141 1198 4172
147.063416 1198 4172
147.063469 1198 4172
147.063502 1198 4172
147.063534 1198 4172
147.063564 1198 4172
147.063595 1198 4172
147.063636 430 4172
147.068083 110 4172
147.076695 1198 4172
147.077128 1198 4172
147.080409 1198 4172
147.080509 1198 4172
147.080960 1198 4172
147.083928 1198 4172
147.083962 1198 4172
147.091935 1198 4172
147.091974 1198 4172
147.099932 1198 4172
147.099970 1198 4172
147.099995 1198 4172
147.116053 1198 4172
147.116182 1198 4172
147.116199 174 4172
147.116227 1198 4172
147.123929 1198 4172
147.123968 1198 4172
147.124005 1198 4172
147.124034 126 4172
147.124063 1198 4172
147.124091 1198 4172
147.131915 1198 4172
147.132032 494 4172
147.132064 126 4172
147.132096 1198 4172
147.139872 1198 4172
147.139931 1198 4172
147.139961 1198 4172
147.147978 1198 4172
147.148025 1198 4172
147.155852 1198 4172
147.155889 1198 4172
147.155917 590 4172
147.155944 1198 4172
147.165217 1198 4172
147.171956 110 4172
147.171988 1198 4172
147.172017 1198 4172
147.172046 1198 4172
147.179939 1198 4172
147.179976 670 4172
147.187910 1198 4172
147.187946 1198 4172
147.187980 1198 4172
147.196165 1198 4172
147.196211 1198 4172
147.203965 1198 4172
147.203989 1198 4172
147.204024 1022 4172
147.211941 1198 4172
147.211980 1198 4172
147.212006 1198 4172
147.215887 1198 4172
147.215927 1198 4172
147.228010 1198 4172
147.228082 1198 4172
147.228117 334 4172
147.228154 1198 4172
147.236103 1198 4172
147.236148 1198 4172
147.236183 1198 4172
147.244067 1198 4172
147.251961 110 4172
147.252026 750 4172
147.252073 1198 4172
147.252113 1198 4172
147.260059 1198 4172
147.260092 1198 4172
147.260123 1198 4172
147.267941 1198 4172
147.267989 686 4172
147.268029 1198 4172
147.276371 1198 4172
147.276416 1198 4172
147.276455 1198 4172
147.284039 110 4172
147.284074 1198 4172
147.284108 1198 4172
147.291945 1198 4172
147.291983 734 4172
147.292019 1198 4172
147.292051 1198 4172
147.299922 1198 4172
147.299961 798 4172
147.310922 494 4172
147.311013 1198 4172
147.311080 1198 4172
147.311266 1198 4172
147.314828 1198 4172
147.314881 1198 4172
147.314913 286 4172
147.314955 126 4172
147.314989 1198 4172
147.327942 1198 4172
147.327985 1198 4172
147.328028 1198 4172
147.336056 1198 4172
147.336105 1198 4172
147.336133 1166 4172
147.343900 1198 4172
147.343934 1198 4172
147.343966 1198 4172
147.351898 1198 4172
147.351939 1198 4172
147.351976 1198 4172
147.355854 1150 4172
147.355900 1198 4172
147.372221 1198 4172
147.372262 1198 4172
147.372290 1198 4172
147.372317 1198 4172
147.375867 1198 4172
147.375904 110 4172
147.375936 1198 4172
147.383928 158 4172
147.383961 126 4172
147.383989 1198 4172
147.384019 1198 4172
147.391856 1198 4172
147.391896 126 4172
147.391927 1198 4172
147.399928 1198 4172
147.399966 1118 4172
147.407922 126 4172
147.407956 1198 4172
147.407983 1198 4172
147.408009 1198 4172
147.415903 1198 4172
147.415940 1198 4172
147.423868 1198 4172
147.423904 1198 4172
147.423932 126 4172
147.423959 238 4172
147.424026 1198 4172
147.431878 1198 4172
147.431914 1198 4172
147.431946 126 4172
147.431974 1198 4172
147.439832 1198 4172
147.439869 1198 4172
147.439903 1198 4172
147.443784 1198 4172
147.443860 270 4172
147.443907 1198 4172
147.455904 1198 4172
147.455970 126 4172
147.456002 1198 4172
147.456032 1198 4172
147.464399 1198 4172
147.464435 1198 4172
147.464464 1198 4172
147.471854 126 4172
147.471896 1198 4172
147.471932 1198 4172
147.471962 110 4172
147.480274 1198 4172
147.480316 1198 4172
147.480346 1198 4172
147.487832 1198 4172
147.487874 126 4172
147.487907 1198 4172
147.487941 686 4172
147.496498 1198 4172
147.496627 1198 4172
147.496638 1198 4172
147.503879 1198 4172
147.503924 126 4172
147.503948 1198 4172
147.503979 1198 4172
147.511990 1198 4172
147.512007 462 4172
147.512057 110 4172
147.512095 1198 4172
147.512167 1198 4172
147.520076 1198 4172
147.520463 1198 4172
147.520540 126 4172
147.532782 1198 4172
147.533143 1198 4172
147.535964 1198 4172
147.535992 126 4172
147.536023 622 4172
147.536055 1198 4172
147.536088 1198 4172
147.555184 1198 4172
147.555214 1198 4172
147.555246 1198 4172
147.567401 1198 4172
147.567436 1198 4172
147.567463 606 4172
147.567490 1198 4172
147.567516 1198 4172
147.567541 1198 4172
147.568272 1198 4172
147.568304 1198 4172
147.568336 1198 4172
147.581166 510 4172
147.581199 110 4172
147.581226 1198 4172
147.581252 1198 4172
147.583878 1198 4172
147.583913 1198 4172
147.583940 126 4172
147.583968 1198 4172
147.598323 1198 4172
147.598362 798 4172
147.598389 1198 4172
147.598415 1198 4172
147.599887 1198 4172
147.599920 1198 4172
147.614202 1198 4172
147.614225 1198 4172
147.614249 1198 4172
147.616374 494 4172
147.616409 1198 4172
147.616435 1198 4172
147.616460 1198 4172
147.630336 782 4172
147.630431 414 4172
147.630453 1198 4172
147.630485 1166 4172
147.631863 1198 4172
147.631900 1198 4172
147.631935 1198 4172
147.639902 1198 4172
147.639937 1198 4172
147.639965 1198 4172
147.647930 1198 4172
147.647967 1198 4172
147.647996 174 4172
147.662713 1198 4172
147.662749 1198 4172
147.662776 1198 4172
147.663853 1198 4172
147.663887 1198 4172
147.678609 1198 4172
147.678639 1198 4172
147.678664 110 4172
147.678697 510 4172
147.678724 1198 4172
147.679844 1198 4172
147.679876 1198 4172
147.679902 1198 4172
147.687669 1198 4172
147.695928 1198 4172
147.695958 1198 4172
147.695989 1198 4172
147.708809 1198 4172
147.708887 1198 4172
147.708938 222 4172
147.708995 1198 4172
147.711818 1198 4172
147.711850 1198 4172
147.711876 1198 4172
147.722721 1198 4172
147.722756 1198 4172
147.727850 1198 4172
147.727885 1198 4172
147.727914 1198 4172
147.735953 1198 4172
147.735984 734 4172
147.736017 1198 4172
147.744548 1198 4172
147.744592 1198 4172
147.755991 1198 4172
147.756026 1198 4172
147.756060 1198 4172
147.759841 1198 4172
147.759873 1198 4172
147.759904 990 4172
147.771010 1198 4172
147.771052 1198 4172
147.771084 1198 4172
147.771906 1198 4172
147.771940 110 4172
147.771969 1198 4172
147.771999 1198 4172
147.785136 1198 4172
147.785242 1198 4172
147.785278 1198 4172
147.791985 1198 4172
147.792035 1198 4172
147.792078 1198 4172
147.800115 1198 4172
147.800156 1198 4172
147.800191 462 4172
147.800223 1198 4172
147.808048 1198 4172
147.808085 1198 4172
147.808131 1198 4172
147.817290 1198 4172
147.817335 1198 4172
147.823892 1198 4172
147.823928 1198 4172
147.832347 1198 4172
147.833108 478 4172
147.833158 1198 4172
147.839950 126 4172
147.839995 1198 4172
147.840034 1198 4172
147.840071 1198 4172
147.848023 1198 4172
147.848071 814 4172
147.848110 1198 4172
147.848147 1198 4172
147.855980 1198 4172
147.856022 1198 4172
147.859902 1198 4172
147.859941 1198 4172
147.859993 302 4172
147.872063 1198 4172
147.872114 1198 4172
147.881642 110 4172
147.881666 1198 4172
147.881708 1198 4172
147.881747 1198 4172
147.887954 254 4172
147.888010 142 4172
147.888053 494 4172
147.888100 126 4172
147.888130 126 4172
147.888167 126 4172
147.888202 126 4172
147.888239 126 4172
147.888276 126 4172
147.896047 1198 4172
147.896095 334 4172
147.896135 1198 4172
147.896174 1198 4172
147.903968 318 4172
147.904020 1198 4172
147.904063 1198 4172
147.912024 1198 4172
147.912067 334 4172
147.919991 1198 4172
147.920023 1198 4172
147.920062 446 4172
147.920099 1198 4172
147.927915 1198 4172
147.927988 1198 4172
147.928050 1038 4172
147.936005 1198 4172
147.936081 958 4172
147.936144 1198 4172
147.944077 494 4172
147.944116 1198 4172
147.944157 1198 4172
147.947913 1166 4172
147.948068 1198 4172
147.948112 1198 4172
147.948150 1198 4172
147.960004 1198 4172
147.960048 1198 4172
147.960093 1198 4172
147.968015 1198 4172
147.968056 1198 4172
147.975971 1198 4172
147.976012 1198 4172
147.976050 110 4172
147.976103 110 4172
147.983984 1198 4172
147.984132 1198 4172
147.984176 654 4172
147.991828 1198 4172
147.991874 1198 4172
147.991914 1198 4172
147.999908 1198 4172
147.999947 1150 4172
147.999991 1198 4172
148.000030 1198 4172
148.007997 1198 4172
148.008046 1198 4172
148.008090 1198 4172
148.015947 1198 4172
148.015999 1198 4172
148.016041 766 4172
148.023940 126 4172
148.023985 894 4172
148.024027 1198 4172
148.024064 414 4172
148.024103 1198 4172
148.031948 1198 4172
148.031996 1198 4172
148.032034 974 4172
148.035919 862 4172
148.035970 110 4172
148.063440 478 4172
148.079929 110 4172
148.163495 190 4172
148.167904 110 4172
148.211971 1198 4172
148.211996 110 4172
148.299919 110 4172
148.337105 110 4172
148.337129 110 4172
148.337166 110 4172
148.343909 1198 4172
148.343961 894 4172
148.344005 1198 4172
148.344042 830 4172
148.375011 110 4172
148.387948 1198 4172
148.388068 1198 4172
148.388118 174 4172
148.472474 110 4172
148.475799 126 4172
148.519867 126 4172
148.540787 126 4172
148.540889 1198 4172
148.540907 670 4172
148.563799 782 4172
148.563830 494 4172
148.563864 1198 4172
148.563894 894 4172
148.581901 110 4172
148.581905 110 4172
148.582001 110 4172
148.584119 270 4172
148.584152 254 4172
148.584183 1198 4172
148.584212 1006 4172
148.584240 350 4172
148.587791 222 4172
148.587826 222 4172
148.587859 1198 4172
148.587888 222 4172
148.587917 222 4172
148.587946 222 4172
148.587976 238 4172
148.592313 270 4172
148.592424 334 4172
148.592462 238 4172
148.592489 270 4172
148.605821 222 4172
148.605847 1198 4172
148.605879 1198 4172
148.605912 1198 4172
148.605945 1198 4172
148.605989 1198 4172
148.606007 1198 4172
148.606039 318 4172
148.606070 1198 4172
148.606102 1198 4172
148.606165 1198 4172
148.606179 1198 4172
148.606212 766 4172
148.607776 142 4172
148.607813 1198 4172
148.607846 1198 4172
148.651958 126 4172
148.684359 270 4172
148.688260 254 4172
148.688308 398 4172
148.688350 430 4172
148.688392 222 4172
148.688443 222 4172
148.688485 222 4172
148.692015 222 4172
148.692063 222 4172
148.692105 238 4172
148.692146 270 4172
148.692185 334 4172
148.692223 238 4172
148.695910 270 4172
148.703968 1198 4172
148.704007 1198 4172
148.704043 1198 4172
148.704076 1198 4172
148.704109 1198 4172
148.704141 1198 4172
148.704184 1198 4172
148.709074 222 4172
148.709106 1198 4172
148.709137 1198 4172
148.709167 1198 4172
148.709194 1198 4172
148.709221 1198 4172
148.709249 846 4172
148.713921 126 4172
148.739900 670 4172
148.739985 126 4172
148.752357 1198 4172
148.752408 1198 4172
148.752448 1198 4172
148.752485 1198 4172
148.752521 126 4172
148.752557 1198 4172
148.752593 1198 4172
148.752628 1198 4172
148.752662 1198 4172
148.752700 158 4172
148.752736 1198 4172
148.752771 1198 4172
148.752806 974 4172
148.752841 1198 4172
148.752877 1198 4172
148.752912 526 4172
148.752948 126 4172
148.775180 126 4172
148.783885 782 4172
148.783941 126 4172
148.827961 1102 4172
148.828136 126 4172
148.872080 126 4172
148.872187 110 4172
148.872239 110 4172
148.872274 110 4172
148.915987 1198 4172
148.916043 174 4172
