0.090036 1198 4172
0.090160 1198 4172
0.090301 1198 4172
0.090342 910 4172
0.178098 110 4172
0.442095 110 4172
0.603194 1198 4172
0.603235 1198 4172
0.603267 766 4172
0.603299 1086 4172
0.603331 702 4172
0.603361 814 4172
0.603391 686 4172
0.603423 798 4172
0.603452 766 4172
0.603481 1198 4172
0.603527 1198 4172
0.603541 1198 4172
0.603569 1054 4172
0.603599 158 4172
0.617966 110 4172
0.617991 1198 4172
0.642935 1198 4172
0.642961 1198 4172
0.642990 1198 4172
0.643021 1198 4172
0.643048 1198 4172
0.643078 1198 4172
0.643107 1198 4172
0.643135 414 4172
0.643165 1198 4172
0.643193 1198 4172
0.643221 1198 4172
0.643251 1198 4172
0.643280 1198 4172
0.643306 1198 4172
0.643334 1198 4172
0.643362 1198 4172
0.643391 1198 4172
0.643426 1198 4172
0.650059 1198 4172
0.650096 1198 4172
0.650139 1198 4172
0.650176 1198 4172
0.650211 1198 4172
0.659436 1198 4172
0.659479 1198 4172
0.659516 1198 4172
0.659551 1198 4172
0.659584 1198 4172
0.659620 1198 4172
0.659650 1198 4172
0.661977 1198 4172
0.662025 1198 4172
0.662063 1198 4172
0.662107 1198 4172
0.662146 1198 4172
0.674076 318 4172
0.674123 1198 4172
0.674160 1198 4172
0.674196 1198 4172
0.682101 110 4172
0.682140 270 4172
0.682176 1198 4172
0.682221 1198 4172
0.682258 1198 4172
0.690178 1198 4172
0.690222 1198 4172
0.690251 1198 4172
0.698095 862 4172
0.698135 1198 4172
0.706882 1198 4172
0.706925 1198 4172
0.714034 1198 4172
0.714069 1198 4172
0.714158 110 4172
0.714304 1198 4172
0.722080 1198 4172
0.722116 1198 4172
0.722151 1198 4172
0.722188 1198 4172
0.730119 1198 4172
0.730137 1198 4172
0.730166 1198 4172
0.738116 1198 4172
0.738157 1198 4172
0.738189 766 4172
0.746064 1198 4172
0.746116 1198 4172
0.746153 1198 4172
0.746189 1198 4172
0.749989 1198 4172
0.750024 1198 4172
0.750056 1198 4172
0.762111 1198 4172
0.762133 1198 4172
0.762170 1198 4172
0.762205 1198 4172
0.770054 1198 4172
0.770088 1198 4172
0.770120 1198 4172
0.778037 1198 4172
0.778086 1198 4172
0.778124 1198 4172
0.786041 1198 4172
0.786070 1198 4172
0.794181 1198 4172
0.794215 1182 4172
0.794248 1198 4172
0.801970 1198 4172
0.802019 1198 4172
0.810008 1198 4172
0.810041 1198 4172
0.810079 1198 4172
0.810114 1198 4172
0.818160 1102 4172
0.818199 1198 4172
0.818236 110 4172
0.818271 1198 4172
0.826116 1198 4172
0.826174 1198 4172
0.826222 1198 4172
0.826261 1198 4172
0.834137 878 4172
0.834174 414 4172
0.834211 1198 4172
0.834269 254 4172
0.834328 1198 4172
0.838022 1198 4172
0.838057 1086 4172
0.838095 158 4172
0.838132 1198 4172
0.882024 1198 4172
0.882069 334 4172
0.882106 158 4172
0.882150 158 4172
0.882187 142 4172
0.882234 926 4172
0.926062 110 4172
0.948464 110 4172
0.969963 238 4172
0.970000 158 4172
0.970037 158 4172
1.013889 110 4172
1.102082 622 4172
1.146111 110 4172
1.190081 574 4172
1.190183 142 4172
1.233996 110 4172
1.497995 254 4172
1.498043 318 4172
1.541914 110 4172
1.630073 110 4172
1.718124 110 4172
1.806064 110 4172
2.201999 142 4172
2.202066 142 4172
2.334040 110 4172
2.422079 142 4172
2.422258 142 4172
2.638044 110 4172
2.726060 110 4172
2.813967 142 4172
2.857984 110 4172
3.034021 142 4172
3.122029 110 4172
3.382021 110 4172
3.470036 142 4172
3.470074 142 4172
3.642122 142 4172
3.642281 142 4172
3.730033 110 4172
3.817975 110 4172
3.861923 142 4172
4.038011 142 4172
4.473982 142 4172
4.474049 142 4172
4.605848 110 4172
4.650045 142 4172
4.650116 142 4172
4.738084 110 4172
4.826041 110 4172
5.261933 142 4172
5.262010 142 4172
5.482007 142 4172
5.482038 142 4172
5.613977 110 4172
5.746007 110 4172
6.054005 110 4172
6.098052 142 4172
6.098142 142 4172
6.274019 142 4172
6.274061 142 4172
6.621964 110 4172
6.666090 142 4172
6.666121 142 4172
6.709954 110 4172
6.841991 110 4172
6.885949 142 4172
6.974062 142 4172
7.105945 142 4172
7.281995 142 4172
7.677996 142 4172
7.721982 110 4172
7.809997 110 4172
7.897999 142 4172
7.898040 142 4172
8.118019 142 4172
8.510009 142 4172
8.510124 142 4172
8.642085 110 4172
8.703354 142 4172
8.703415 142 4172
8.729889 110 4172
8.773950 110 4172
9.166007 142 4172
9.166107 142 4172
9.297963 142 4172
9.561894 142 4172
9.605906 110 4172
9.649960 142 4172
9.703413 142 4172
9.737970 110 4172
9.825994 110 4172
10.134004 142 4172
10.134055 142 4172
10.353928 142 4172
10.353992 142 4172
10.613943 110 4172
10.746002 110 4172
11.141932 142 4172
11.141969 142 4172
11.357918 142 4172
11.357988 142 4172
11.613903 110 4172
11.745993 110 4172
11.965999 142 4172
12.053954 142 4172
12.361867 142 4172
12.361931 142 4172
12.581931 142 4172
12.581932 142 4172
12.625899 110 4172
12.709927 110 4172
13.185994 142 4172
13.186167 142 4172
13.405785 142 4172
13.405837 142 4172
13.621949 110 4172
13.709918 110 4172
14.149872 110 4172
14.193885 142 4172
14.193951 142 4172
14.369791 142 4172
14.369840 142 4172
14.633914 110 4172
14.721927 110 4172
15.029864 142 4172
15.205900 142 4172
15.631687 110 4172
15.645909 142 4172
15.646011 142 4172
15.733912 110 4172
15.821920 110 4172
15.865912 142 4172
15.865978 142 4172
16.261833 142 4172
16.261855 142 4172
16.433975 142 4172
16.609948 110 4172
16.653935 142 4172
16.720821 110 4172
16.741938 142 4172
16.829918 110 4172
16.873853 142 4172
17.261846 142 4172
17.261933 142 4172
17.481934 142 4172
17.482028 142 4172
17.613891 110 4172
17.745905 110 4172
18.053876 142 4172
18.053908 142 4172
18.273834 142 4172
18.273920 142 4172
18.626036 110 4172
18.669901 142 4172
18.669996 142 4172
18.713842 110 4172
18.845852 110 4172
18.889915 142 4172
18.889942 142 4172
19.285890 142 4172
19.286011 142 4172
19.457980 110 4172
19.501926 142 4172
19.501976 142 4172
19.633876 110 4172
19.717913 110 4172
20.113916 142 4172
20.114053 142 4172
20.330100 142 4172
20.330158 142 4172
20.558030 60 60000
20.637857 110 4172
20.701959 126 4172
20.734556 158 4172
20.734656 350 4172
20.734692 206 4172
20.734724 158 4172
20.734753 158 4172
20.734781 158 4172
20.734809 158 4172
20.734836 158 4172
20.734868 110 4172
20.776768 1198 4172
20.776811 1198 4172
20.776839 1198 4172
20.776865 1198 4172
20.776891 1198 4172
20.776918 1198 4172
20.776943 1198 4172
20.776969 1198 4172
20.776993 1198 4172
20.777020 110 4172
20.784585 1198 4172
20.784619 1198 4172
20.784650 1198 4172
20.784682 1198 4172
20.784711 1198 4172
20.784740 1198 4172
20.784768 1198 4172
20.784793 1198 4172
20.784825 1198 4172
20.784852 110 4172
20.796371 1198 4172
20.796409 1198 4172
20.796433 1198 4172
20.796458 1198 4172
20.796487 1198 4172
20.796511 1198 4172
20.796537 1198 4172
20.796563 1198 4172
20.796588 1198 4172
20.796613 1198 4172
20.796638 462 4172
20.797791 1198 4172
20.797821 1198 4172
20.797846 1198 4172
20.797872 1198 4172
20.797896 1198 4172
20.797925 1198 4172
20.797949 1198 4172
20.805932 1198 4172
20.806004 1198 4172
20.813870 1198 4172
20.813902 1198 4172
20.813927 1198 4172
20.813952 750 4172
20.821909 1198 4172
20.821949 1198 4172
20.821979 1198 4172
20.822006 1198 4172
20.829866 1198 4172
20.829898 1198 4172
20.837860 1198 4172
20.837906 1198 4172
20.837932 1198 4172
20.837958 1198 4172
20.847864 718 4172
20.847914 1198 4172
20.847939 1198 4172
20.854028 1198 4172
20.854063 1198 4172
20.854097 1198 4172
20.861838 1198 4172
20.861868 1198 4172
20.861901 1198 4172
20.874405 1198 4172
20.874503 1198 4172
20.874533 718 4172
20.874560 1198 4172
20.877831 1198 4172
20.877871 1198 4172
20.877896 1198 4172
20.883392 1198 4172
20.883425 1198 4172
20.893880 1198 4172
20.893938 1198 4172
20.893970 878 4172
20.894006 1198 4172
20.901814 1198 4172
20.901857 1198 4172
20.909752 1198 4172
20.909797 1198 4172
20.917978 1198 4172
20.918015 1198 4172
20.918042 1198 4172
20.929423 750 4172
20.929543 1198 4172
20.929554 1198 4172
20.929606 1198 4172
20.930050 1198 4172
20.933838 1198 4172
20.933877 1198 4172
20.943505 1198 4172
20.945018 1198 4172
20.951581 1198 4172
20.952291 1198 4172
20.952333 1198 4172
20.957882 1198 4172
20.957919 446 4172
20.957949 1198 4172
20.957976 1198 4172
20.965858 1198 4172
20.965913 1198 4172
20.965952 1198 4172
20.974334 1198 4172
20.974370 1198 4172
20.974399 1198 4172
20.982980 1198 4172
20.983213 1198 4172
20.983347 1198 4172
20.989825 670 4172
20.989863 1198 4172
20.989895 1198 4172
20.997836 1198 4172
20.997865 1198 4172
20.997896 1198 4172
21.005871 1198 4172
21.005909 1198 4172
21.005949 1198 4172
21.013877 1198 4172
21.013940 1198 4172
21.013971 1198 4172
21.021820 1198 4172
21.021868 1198 4172
21.021904 1198 4172
21.029924 1198 4172
21.029959 1198 4172
21.029988 1198 4172
21.037811 1198 4172
21.037854 1198 4172
21.046891 1198 4172
21.046934 558 4172
21.046960 1198 4172
21.046986 1198 4172
21.053832 110 4172
21.053870 1198 4172
21.053903 1198 4172
21.053932 1198 4172
21.065339 1198 4172
21.065457 1198 4172
21.065488 1198 4172
21.069791 670 4172
21.069829 1198 4172
21.069859 1198 4172
21.077887 1198 4172
21.077935 1198 4172
21.077962 1198 4172
21.085846 1198 4172
21.085886 1198 4172
21.085917 1198 4172
21.098459 1022 4172
21.098509 1198 4172
21.098542 1198 4172
21.101818 1198 4172
21.101861 1198 4172
21.101903 1198 4172
21.109885 1198 4172
21.109923 1198 4172
21.109953 1198 4172
21.114345 1198 4172
21.114380 1198 4172
21.114410 430 4172
21.131535 1198 4172
21.131676 1198 4172
21.131898 1198 4172
21.133971 1198 4172
21.134016 1198 4172
21.134210 1198 4172
21.147239 1198 4172
21.147617 286 4172
21.147643 254 4172
21.147671 190 4172
21.147698 190 4172
21.147727 190 4172
21.147759 190 4172
21.165025 190 4172
21.165114 1198 4172
21.165117 1198 4172
21.165147 1054 4172
21.165819 190 4172
21.165853 190 4172
21.165883 190 4172
21.165918 190 4172
21.165939 190 4172
21.165967 1198 4172
21.165994 1198 4172
21.178336 1054 4172
21.178457 862 4172
21.178491 254 4172
21.178556 190 4172
21.178589 190 4172
21.178616 190 4172
21.178643 190 4172
21.178671 190 4172
21.181825 190 4172
21.181856 1038 4172
21.181888 1166 4172
21.181921 1198 4172
21.181953 1198 4172
21.189861 302 4172
21.189904 1198 4172
21.189936 1198 4172
21.189966 334 4172
21.197847 1198 4172
21.197886 238 4172
21.197922 190 4172
21.197948 190 4172
21.197974 190 4172
21.205961 190 4172
21.205993 190 4172
21.206028 190 4172
21.206061 1198 4172
21.206089 1198 4172
21.206119 1198 4172
21.217808 110 4172
21.217894 254 4172
21.217897 190 4172
21.217923 190 4172
21.217953 190 4172
21.217981 190 4172
21.218009 190 4172
21.221817 1198 4172
21.221866 190 4172
21.221900 1198 4172
21.222026 1198 4172
21.222055 1198 4172
21.229803 414 4172
21.229829 1198 4172
21.229860 1198 4172
21.239583 1198 4172
21.245136 558 4172
21.245183 1198 4172
21.245237 830 4172
21.279298 190 4172
21.280668 190 4172
21.280838 190 4172
21.280877 1198 4172
21.283010 1198 4172
21.283149 1198 4172
21.283310 1198 4172
21.283509 238 4172
21.284336 174 4172
21.286320 174 4172
21.286359 174 4172
21.286394 174 4172
21.286423 174 4172
21.286454 1198 4172
21.286481 1198 4172
21.286516 1198 4172
21.286544 1198 4172
21.286574 1198 4172
21.286602 1198 4172
21.286635 686 4172
21.286664 1198 4172
21.286692 174 4172
21.286745 174 4172
21.288200 60 60000
21.290995 174 4172
21.291034 174 4172
21.291064 1198 4172
21.291091 1198 4172
21.291121 1198 4172
21.297965 1198 4172
21.298000 190 4172
21.298032 190 4172
21.298063 542 4172
21.298101 174 4172
21.298131 174 4172
21.298159 542 4172
21.317826 894 4172
21.317883 302 4172
21.317919 174 4172
21.375234 1198 4172
21.375268 1198 4172
21.375298 1198 4172
21.375331 1198 4172
21.375368 1198 4172
21.375398 686 4172
21.377870 1198 4172
21.377946 174 4172
21.378353 174 4172
21.386843 606 4172
21.387280 174 4172
21.387320 174 4172
21.387354 174 4172
21.387385 1198 4172
21.387411 174 4172
21.397905 174 4172
21.397990 1198 4172
21.397992 542 4172
21.398022 1198 4172
21.398050 1198 4172
21.398078 1198 4172
21.398104 686 4172
21.398131 1198 4172
21.398160 894 4172
21.398185 174 4172
21.398214 174 4172
21.398242 174 4172
21.398271 174 4172
21.398300 174 4172
21.398329 1198 4172
21.398358 1198 4172
21.398385 1198 4172
21.398413 1198 4172
21.398440 574 4172
21.398470 1198 4172
21.398529 1198 4172
21.398566 1198 4172
21.398606 1198 4172
21.398641 1198 4172
21.398668 1198 4172
21.417825 1198 4172
21.417904 1198 4172
21.417932 526 4172
21.417963 126 4172
21.418084 1198 4172
21.418118 1198 4172
21.461787 126 4172
21.506145 1198 4172
21.506149 158 4172
21.529873 1198 4172
21.529892 366 4172
21.529924 302 4172
21.529951 238 4172
21.549865 1198 4172
21.549912 206 4172
21.559509 1198 4172
21.577828 126 4172
21.595475 110 4172
21.595542 110 4172
21.595586 110 4172
21.603490 1198 4172
21.603540 1198 4172
21.603570 1198 4172
21.627579 110 4172
21.637879 1198 4172
21.637980 1198 4172
21.638041 158 4172
21.682080 1198 4172
21.682194 494 4172
21.697231 1150 4172
21.703604 1198 4172
21.703691 1134 4172
21.725847 110 4172
21.760332 1198 4172
21.760415 1198 4172
21.760502 1198 4172
21.760553 1198 4172
21.760601 126 4172
21.769739 414 4172
21.813837 110 4172
21.858426 110 4172
21.858505 110 4172
21.858569 110 4172
21.945784 110 4172
22.121893 110 4172
22.122028 110 4172
22.122089 110 4172
22.386020 110 4172
22.605892 110 4172
22.649919 110 4172
22.738205 110 4172
22.958044 110 4172
23.221867 110 4172
23.485845 110 4172
23.618211 110 4172
23.705895 110 4172
23.749920 110 4172
24.014187 110 4172
24.322120 110 4172
24.629911 110 4172
24.717943 110 4172
25.641895 110 4172
25.730190 110 4172
26.609926 110 4172
26.741936 110 4172
27.005877 110 4172
27.617902 110 4172
27.705843 110 4172
28.621789 110 4172
28.709798 110 4172
29.629907 110 4172
29.673773 110 4172
29.717767 110 4172
30.633844 110 4172
30.721847 110 4172
31.645711 110 4172
31.733743 110 4172
32.345711 110 4172
32.609682 110 4172
32.741696 110 4172
33.613725 110 4172
33.745734 110 4172
34.621757 110 4172
34.709623 110 4172
35.017742 110 4172
35.625785 110 4172
35.713621 110 4172
36.637675 110 4172
36.725622 110 4172
37.641774 110 4172
37.685577 110 4172
37.729682 110 4172
38.609636 110 4172
38.741608 110 4172
39.745540 110 4172
40.361564 110 4172
40.625697 110 4172
40.713558 110 4172
41.517086 1198 4172
41.517135 1198 4172
41.517181 1198 4172
41.517224 1198 4172
41.517268 1198 4172
41.517318 1198 4172
41.517360 1198 4172
41.517398 1198 4172
41.517439 1198 4172
41.517491 1198 4172
41.517547 1198 4172
41.517585 414 4172
41.517648 1198 4172
41.528264 1198 4172
41.528312 1198 4172
41.528352 1198 4172
41.528386 1198 4172
41.528419 1198 4172
41.528454 1198 4172
41.528487 1198 4172
41.528520 1198 4172
41.528552 1038 4172
41.533532 1198 4172
41.533581 1198 4172
41.533622 1198 4172
41.533664 1198 4172
41.533702 1198 4172
41.533746 1198 4172
41.533783 1198 4172
41.533822 1198 4172
41.533859 1198 4172
41.533901 1118 4172
41.541582 60 60000
41.545474 1198 4172
41.545529 1198 4172
41.545575 1198 4172
41.555111 1198 4172
41.555149 1198 4172
41.555184 1198 4172
41.555216 1198 4172
41.561434 1198 4172
41.561470 1198 4172
41.561506 1198 4172
41.569633 1198 4172
41.569664 1198 4172
41.569698 1198 4172
41.577564 1118 4172
41.577625 1198 4172
41.577672 1198 4172
41.585937 1198 4172
41.585983 1198 4172
41.586024 1198 4172
41.589498 1198 4172
41.589548 1198 4172
41.589594 1198 4172
41.601647 1198 4172
41.601699 1198 4172
41.601741 1198 4172
41.610375 286 4172
41.610421 1198 4172
41.610462 1198 4172
41.610500 1198 4172
41.617693 1198 4172
41.617718 1198 4172
41.617759 1198 4172
41.625575 110 4172
41.625621 1198 4172
41.625675 1198 4172
41.625705 1198 4172
41.633905 1198 4172
41.633945 1134 4172
41.633983 1198 4172
41.641486 1198 4172
41.641523 1198 4172
41.641563 1198 4172
41.649562 1198 4172
41.649586 1198 4172
41.649624 1198 4172
41.657562 1198 4172
41.657615 574 4172
41.657657 1198 4172
41.667515 110 4172
41.667551 1198 4172
41.667598 1198 4172
41.667640 1198 4172
41.673556 1198 4172
41.673612 1198 4172
41.673656 1198 4172
41.673697 1198 4172
41.677441 1198 4172
41.677486 1198 4172
41.677528 1198 4172
41.689567 1022 4172
41.689618 1198 4172
41.689659 1198 4172
41.699937 1198 4172
41.699965 1198 4172
41.705517 1198 4172
41.705568 1198 4172
41.705617 1198 4172
41.705657 1198 4172
41.714177 110 4172
41.714254 1198 4172
41.714337 1198 4172
41.714397 1198 4172
41.721516 1198 4172
41.721569 574 4172
41.721619 1198 4172
41.721668 1198 4172
41.729695 1198 4172
41.729732 1198 4172
41.729772 1198 4172
41.737488 1198 4172
41.737544 1198 4172
41.737583 1198 4172
41.745576 1198 4172
41.745630 1198 4172
41.745669 1198 4172
41.745715 1198 4172
41.753565 654 4172
41.753625 1198 4172
41.753708 1198 4172
41.763384 1198 4172
41.763741 1198 4172
41.763770 1198 4172
41.763804 1198 4172
41.765385 1198 4172
41.765443 1198 4172
41.777619 1198 4172
41.777657 1198 4172
41.777690 638 4172
41.777727 1198 4172
41.785508 1198 4172
41.785530 1198 4172
41.785566 1198 4172
41.793609 1198 4172
41.793637 1198 4172
41.793684 1198 4172
41.801509 1198 4172
41.801533 1198 4172
41.801568 1198 4172
41.809565 1150 4172
41.809593 1198 4172
41.809631 1198 4172
41.809665 1198 4172
41.817524 110 4172
41.817547 1198 4172
41.817582 1198 4172
41.817618 1198 4172
41.825803 1198 4172
41.825860 654 4172
41.825878 1198 4172
41.833510 1198 4172
41.833538 1198 4172
41.833570 1198 4172
41.841541 1198 4172
41.841561 1198 4172
41.841591 1198 4172
41.849482 1198 4172
41.849497 1198 4172
41.849538 1198 4172
41.853461 1198 4172
41.853501 1198 4172
41.853529 1198 4172
41.865492 1198 4172
41.865566 1198 4172
41.865596 1198 4172
41.865628 1198 4172
41.879411 1198 4172
41.881668 1198 4172
41.881899 1198 4172
41.886562 1182 4172
41.887112 1198 4172
41.890861 1198 4172
41.890899 1198 4172
41.890929 1198 4172
41.890958 1198 4172
41.890988 1198 4172
41.897549 110 4172
41.897582 1198 4172
41.897613 1198 4172
41.897643 1198 4172
41.915526 1198 4172
41.915592 1198 4172
41.915619 1198 4172
41.915668 1198 4172
41.921594 414 4172
41.921608 110 4172
41.921643 1198 4172
41.921669 1198 4172
41.921696 1198 4172
41.921730 1198 4172
41.921762 1198 4172
41.929562 478 4172
41.929598 110 4172
41.929627 1198 4172
41.929656 1198 4172
41.929683 1198 4172
41.937632 1198 4172
41.937678 1198 4172
41.937711 1198 4172
41.937740 1198 4172
41.942527 1198 4172
41.942553 782 4172
41.942604 1198 4172
41.953598 1198 4172
41.953619 1198 4172
41.953670 1198 4172
41.953713 1198 4172
41.961839 1198 4172
41.961940 1198 4172
41.961966 1198 4172
41.969626 142 4172
41.969698 1198 4172
41.969731 1198 4172
41.969762 1198 4172
41.977644 1198 4172
41.977684 1198 4172
41.977717 1198 4172
41.995555 1198 4172
41.995584 734 4172
41.995619 1198 4172
41.995649 1198 4172
42.001628 1198 4172
42.001680 1198 4172
42.001704 1198 4172
42.001735 1198 4172
42.001766 1198 4172
42.001803 1198 4172
42.001834 1198 4172
42.011423 126 4172
42.011648 1198 4172
42.011758 1198 4172
42.011792 1198 4172
42.017655 110 4172
42.017690 1198 4172
42.017720 1198 4172
42.017752 1198 4172
42.025699 1198 4172
42.025746 1198 4172
42.025771 1198 4172
42.035345 1198 4172
42.035490 158 4172
42.035534 1198 4172
42.035572 1198 4172
42.043454 846 4172
42.051015 1198 4172
42.051184 1198 4172
42.051239 1198 4172
42.055122 1198 4172
42.055644 1198 4172
42.055686 1198 4172
42.055732 1086 4172
42.055769 1198 4172
42.055803 1198 4172
42.066263 1198 4172
42.066267 1198 4172
42.066303 1198 4172
42.066344 1198 4172
42.073693 1198 4172
42.073731 1198 4172
42.073766 1150 4172
42.082395 1198 4172
42.082435 1198 4172
42.082471 1198 4172
42.089544 1198 4172
42.089548 1198 4172
42.089579 1198 4172
42.098663 1198 4172
42.098688 1198 4172
42.098755 1198 4172
42.106819 1198 4172
42.107137 942 4172
42.107184 1198 4172
42.107216 1198 4172
42.113618 110 4172
42.113639 1198 4172
42.113674 1198 4172
42.113702 1198 4172
42.113730 1198 4172
42.121524 1198 4172
42.121549 1198 4172
42.121588 1198 4172
42.130599 1198 4172
42.130652 1198 4172
42.130724 142 4172
42.137558 1198 4172
42.145595 1198 4172
42.145616 1198 4172
42.145644 1198 4172
42.145672 1198 4172
42.153512 1198 4172
42.153544 1198 4172
42.153575 606 4172
42.153603 1198 4172
42.162495 1198 4172
42.162735 1198 4172
42.162822 1198 4172
42.162917 1198 4172
42.169619 1198 4172
42.169659 1198 4172
42.169686 1198 4172
42.169712 1198 4172
42.179464 1198 4172
42.179503 1198 4172
42.179530 1198 4172
42.185577 846 4172
42.185603 1198 4172
42.185630 1198 4172
42.185663 1198 4172
42.221165 1198 4172
42.224497 1198 4172
42.224527 110 4172
42.224558 1198 4172
42.224586 782 4172
42.224634 1198 4172
42.239551 1198 4172
42.239639 1198 4172
42.239655 1198 4172
42.239683 1198 4172
42.239715 1198 4172
42.239743 958 4172
42.239779 1198 4172
42.239808 1198 4172
42.239840 1198 4172
42.239862 110 4172
42.239895 1198 4172
42.239921 1198 4172
42.239949 1198 4172
42.239978 1118 4172
42.245456 1198 4172
42.245515 1198 4172
42.245549 1198 4172
42.245580 558 4172
42.245611 334 4172
42.245647 1198 4172
42.245678 1198 4172
42.245706 382 4172
42.245737 1198 4172
42.245766 1134 4172
42.249466 1198 4172
42.249497 718 4172
42.249531 1198 4172
42.249562 1198 4172
42.249591 1006 4172
42.265919 1198 4172
42.266996 1198 4172
42.267102 1198 4172
42.281990 1198 4172
42.282765 462 4172
42.282791 1198 4172
42.282823 1198 4172
42.282853 798 4172
42.282881 1198 4172
42.282929 1198 4172
42.291705 542 4172
42.291747 1198 4172
42.291779 1198 4172
42.291809 1198 4172
42.297491 974 4172
42.297536 1198 4172
42.297574 1198 4172
42.306410 1198 4172
42.306455 734 4172
42.306513 1198 4172
42.312695 1198 4172
42.312740 1198 4172
42.312771 1198 4172
42.313868 60 60000
42.321656 110 4172
42.321702 974 4172
42.321735 1198 4172
42.329543 1198 4172
42.329574 462 4172
42.329604 1166 4172
42.329631 1118 4172
42.337475 1102 4172
42.337509 1198 4172
42.337547 1198 4172
42.351068 1198 4172
42.351128 1054 4172
42.355846 846 4172
42.355892 174 4172
42.355923 174 4172
42.355952 174 4172
42.355981 174 4172
42.356010 174 4172
42.356038 174 4172
42.356066 174 4172
42.356093 1198 4172
42.356121 830 4172
42.356148 1198 4172
42.365531 1198 4172
42.365566 1102 4172
42.365606 1198 4172
42.373461 174 4172
42.373497 174 4172
42.373532 174 4172
42.373561 174 4172
42.373591 174 4172
42.373622 174 4172
42.373652 1198 4172
42.373680 1198 4172
42.381494 1198 4172
42.381529 1198 4172
42.397746 542 4172
42.397771 1198 4172
42.397802 558 4172
42.441404 110 4172
42.485465 110 4172
42.518238 110 4172
42.527416 1198 4172
42.527505 1198 4172
42.527506 1198 4172
42.527538 398 4172
42.573457 126 4172
42.603731 1198 4172
42.603784 1198 4172
42.603814 366 4172
42.603849 302 4172
42.603871 238 4172
42.603901 1198 4172
42.605781 110 4172
42.617392 1134 4172
42.661544 334 4172
42.694610 270 4172
42.705920 174 4172
42.732970 1198 4172
42.733026 158 4172
42.733067 110 4172
42.749589 222 4172
42.793615 1198 4172
42.793693 1150 4172
42.827974 1198 4172
42.828009 494 4172
42.837514 382 4172
43.009726 110 4172
43.009857 110 4172
43.009946 110 4172
43.269662 110 4172
43.269734 110 4172
43.533487 110 4172
43.621573 110 4172
43.709552 110 4172
43.797568 110 4172
44.101599 110 4172
44.321897 110 4172
44.603756 110 4172
44.625853 110 4172
44.713544 110 4172
44.885540 110 4172
45.149486 110 4172
45.413394 110 4172
45.629573 110 4172
45.717461 110 4172
46.629464 110 4172
46.717493 110 4172
47.641306 110 4172
47.729671 110 4172
48.081347 110 4172
48.605368 110 4172
48.737367 110 4172
49.617377 110 4172
50.625750 110 4172
50.713319 110 4172
50.757248 110 4172
52.605334 110 4172
52.737267 110 4172
53.481372 110 4172
53.613308 110 4172
53.745217 110 4172
54.621302 110 4172
54.709272 110 4172
55.629189 110 4172
55.717200 110 4172
56.157212 110 4172
56.641158 110 4172
56.729321 110 4172
57.605122 110 4172
57.737144 110 4172
58.613092 110 4172
58.745134 110 4172
58.833335 110 4172
59.613044 110 4172
59.745119 110 4172
60.621235 110 4172
60.709155 110 4172
61.501065 110 4172
61.545031 462 4172
61.633059 110 4172
61.705970 110 4172
61.709708 366 4172
61.709756 174 4172
61.709788 174 4172
61.713390 174 4172
61.713428 174 4172
61.713463 174 4172
61.717290 174 4172
61.717329 1198 4172
61.717362 830 4172
61.717397 318 4172
61.717432 1198 4172
61.721022 1198 4172
61.721057 174 4172
61.721149 174 4172
61.721185 174 4172
61.727153 174 4172
61.727193 174 4172
61.727224 1198 4172
61.727262 174 4172
61.727294 222 4172
61.729007 1198 4172
61.729044 1198 4172
61.729075 1198 4172
61.729109 1198 4172
61.729139 1198 4172
61.729171 1198 4172
61.729202 1198 4172
61.729233 1198 4172
61.729265 542 4172
61.765032 1102 4172
61.874047 1198 4172
61.874109 766 4172
61.885672 1198 4172
61.885759 1198 4172
61.885803 1198 4172
61.885852 526 4172
61.893013 1182 4172
61.907311 174 4172
61.915462 1198 4172
61.915511 398 4172
61.937056 1198 4172
61.937144 1198 4172
61.937183 126 4172
62.025067 110 4172
62.285160 110 4172
62.373098 1038 4172
62.537592 110 4172
62.545699 1198 4172
62.545740 1198 4172
62.545775 1198 4172
62.545810 1198 4172
62.545843 1198 4172
62.545882 1198 4172
62.545915 1198 4172
62.548993 1198 4172
62.549052 1198 4172
62.561088 606 4172
62.561271 1198 4172
62.561310 1198 4172
62.569143 1198 4172
62.569181 1198 4172
62.569241 60 60000
62.577161 1198 4172
62.585054 1198 4172
62.601176 1198 4172
62.610086 1134 4172
62.610108 1198 4172
62.617101 1198 4172
62.625360 1198 4172
62.633066 110 4172
62.633115 1198 4172
62.637014 1198 4172
62.649057 1198 4172
62.649149 1198 4172
62.657185 1198 4172
62.665085 1198 4172
62.681101 110 4172
62.681124 1198 4172
62.689162 1198 4172
62.689189 1198 4172
62.697047 1198 4172
62.705184 1198 4172
62.713052 1198 4172
62.713101 1198 4172
62.721040 1198 4172
62.725006 110 4172
62.725082 1198 4172
62.737101 1198 4172
62.745098 878 4172
62.745142 1198 4172
62.753178 1198 4172
62.761064 1198 4172
62.761108 1198 4172
62.769207 1198 4172
62.777095 1198 4172
62.785166 1198 4172
62.793144 1198 4172
62.793174 1198 4172
62.801150 110 4172
62.801184 1198 4172
62.809077 830 4172
62.809121 1198 4172
62.813033 1198 4172
62.829636 110 4172
62.829859 1198 4172
62.834842 1198 4172
62.841092 1198 4172
62.841137 1198 4172
62.857190 1198 4172
62.857204 1198 4172
62.868999 606 4172
62.869864 1198 4172
62.873079 1198 4172
62.881261 1198 4172
62.889086 1198 4172
62.889118 1198 4172
62.897127 1198 4172
62.903127 1198 4172
62.917374 1198 4172
62.919480 1198 4172
62.926605 1006 4172
62.930355 1198 4172
62.930371 1198 4172
62.937095 1198 4172
62.954100 1198 4172
62.961171 1198 4172
62.961193 1198 4172
62.961228 1198 4172
62.970705 1198 4172
62.970955 1198 4172
62.977336 1198 4172
62.985099 878 4172
62.985130 1198 4172
62.993680 1198 4172
62.998087 1198 4172
62.998133 1198 4172
63.009136 1198 4172
63.017167 1198 4172
63.025333 1198 4172
63.025377 1198 4172
63.033147 1198 4172
63.055718 1198 4172
63.069662 1102 4172
63.069716 1198 4172
63.070295 1198 4172
63.070343 1198 4172
63.073591 126 4172
63.075274 1198 4172
63.076302 1118 4172
63.081409 1198 4172
63.089238 1198 4172
63.089259 1198 4172
63.097164 1198 4172
63.102496 846 4172
63.116531 1198 4172
63.121240 1198 4172
63.121301 1198 4172
63.129102 1198 4172
63.138740 1198 4172
63.139203 814 4172
63.145084 1198 4172
63.145145 1198 4172
63.154469 1198 4172
63.162606 1198 4172
63.162646 1198 4172
63.169647 1198 4172
63.177136 350 4172
63.177175 1198 4172
63.192441 1198 4172
63.192549 1198 4172
63.193917 1198 4172
63.200928 1198 4172
63.202212 398 4172
63.202290 1198 4172
63.217754 1198 4172
63.217759 1198 4172
63.231727 1198 4172
63.242061 366 4172
63.257853 1198 4172
63.257877 1198 4172
63.257910 830 4172
63.257936 382 4172
63.257964 238 4172
63.257991 190 4172
63.258015 190 4172
63.258040 190 4172
63.273979 190 4172
63.274033 1198 4172
63.274062 1198 4172
63.274091 606 4172
63.274121 1198 4172
63.368337 1198 4172
63.369334 1198 4172
63.369644 238 4172
63.369805 990 4172
63.373201 1198 4172
63.373234 1006 4172
63.373294 1198 4172
63.373325 1134 4172
63.373365 1198 4172
63.373396 1006 4172
63.373424 1198 4172
63.373453 174 4172
63.373486 190 4172
63.373524 190 4172
63.373549 190 4172
63.373581 1198 4172
63.373608 110 4172
63.373636 670 4172
63.373662 446 4172
63.373692 222 4172
63.373719 206 4172
63.373746 206 4172
63.373773 206 4172
63.373801 206 4172
63.373832 1198 4172
63.373856 1198 4172
63.373884 574 4172
63.373913 1198 4172
63.373941 1198 4172
63.373967 510 4172
63.374013 1198 4172
63.374041 1198 4172
63.375425 60 60000
63.381119 1198 4172
63.391376 286 4172
63.391468 1198 4172
63.391498 1198 4172
63.397227 1198 4172
63.407372 1198 4172
63.407409 414 4172
63.407445 1198 4172
63.413080 1198 4172
63.421318 1166 4172
63.421340 1198 4172
63.430103 1198 4172
63.437235 446 4172
63.437283 1198 4172
63.437315 638 4172
63.445166 174 4172
63.445190 174 4172
63.445224 1198 4172
63.449432 606 4172
63.449463 206 4172
63.449495 174 4172
63.449524 174 4172
63.449552 174 4172
63.449582 174 4172
63.457370 1198 4172
63.465127 174 4172
63.465154 1198 4172
63.465188 654 4172
63.473161 1198 4172
63.473189 1198 4172
63.481727 606 4172
63.481756 1198 4172
63.492126 1198 4172
63.492159 1198 4172
63.497080 670 4172
63.497111 1198 4172
63.508022 1198 4172
63.509000 1198 4172
63.509035 878 4172
63.521266 1198 4172
63.521284 1198 4172
63.529102 1198 4172
63.529106 414 4172
63.545644 558 4172
63.545743 1198 4172
63.552966 750 4172
63.553012 174 4172
63.553393 174 4172
63.557557 174 4172
63.559063 222 4172
63.586256 1198 4172
63.586359 1198 4172
63.595894 702 4172
63.601063 894 4172
63.601103 110 4172
63.626993 110 4172
63.645069 894 4172
63.689082 1198 4172
63.689176 366 4172
63.689216 878 4172
63.689249 238 4172
63.703740 542 4172
63.726198 110 4172
63.733045 190 4172
63.744057 1198 4172
63.761251 302 4172
63.771351 1198 4172
63.771390 1198 4172
63.771427 1198 4172
63.771463 1198 4172
63.771497 1198 4172
63.771532 126 4172
63.773639 1198 4172
63.773680 1198 4172
63.773717 878 4172
63.778214 1198 4172
63.778272 1198 4172
63.778314 1198 4172
63.778350 382 4172
63.778385 1198 4172
63.778417 1198 4172
63.778450 1198 4172
63.789039 622 4172
63.789141 1198 4172
63.789190 1198 4172
63.797050 1198 4172
63.797088 334 4172
63.797127 1198 4172
63.805025 1198 4172
63.813066 446 4172
63.813117 110 4172
63.813161 1198 4172
63.821120 1198 4172
63.821158 1198 4172
63.827152 254 4172
63.827191 174 4172
63.860058 174 4172
63.865052 126 4172
63.865086 110 4172
63.903752 670 4172
63.909004 110 4172
63.953038 142 4172
64.024156 110 4172
64.041189 126 4172
64.101552 142 4172
64.113885 126 4172
64.113906 110 4172
64.125959 654 4172
64.129290 526 4172
64.129328 110 4172
64.162147 1198 4172
64.162201 126 4172
64.172955 1198 4172
64.172992 254 4172
64.181817 1086 4172
64.189636 526 4172
64.189683 510 4172
64.201619 414 4172
64.209911 414 4172
64.209949 110 4172
64.216972 750 4172
64.230040 814 4172
64.238134 1198 4172
64.238180 798 4172
64.250146 1198 4172
64.250234 1070 4172
64.261081 1198 4172
64.261171 590 4172
64.269659 782 4172
64.281832 558 4172
64.290094 1102 4172
64.302142 1198 4172
64.302252 254 4172
64.305149 1198 4172
64.305198 1198 4172
64.305239 574 4172
64.305277 110 4172
64.322336 1198 4172
64.322366 1198 4172
64.322453 894 4172
64.334037 1198 4172
64.334088 1198 4172
64.334129 430 4172
64.341627 1198 4172
64.341677 334 4172
64.348946 734 4172
64.362145 1198 4172
64.362244 718 4172
64.374308 1198 4172
64.374402 1150 4172
64.382414 1198 4172
64.382462 1198 4172
64.382499 1198 4172
64.382535 654 4172
64.393532 1198 4172
64.393643 1198 4172
64.393696 1198 4172
64.393729 942 4172
64.403785 1198 4172
64.403837 1198 4172
64.403876 1198 4172
64.403914 382 4172
64.403952 110 4172
64.406199 110 4172
64.417767 1198 4172
64.417852 1198 4172
64.417882 286 4172
64.437114 1150 4172
64.525062 110 4172
64.613103 110 4172
64.701094 110 4172
64.701102 110 4172
64.961258 110 4172
64.961280 110 4172
64.961311 110 4172
65.225232 110 4172
65.225320 110 4172
65.225328 110 4172
65.485139 110 4172
65.617219 110 4172
65.721025 110 4172
65.745262 110 4172
66.009049 110 4172
66.273200 110 4172
66.536991 110 4172
66.625406 110 4172
66.712926 110 4172
67.625288 110 4172
67.713379 110 4172
68.629084 110 4172
68.717030 110 4172
69.244952 110 4172
69.640991 110 4172
69.729127 110 4172
70.644958 110 4172
70.732917 110 4172
71.612942 110 4172
71.744969 110 4172
72.009011 110 4172
72.625017 110 4172
72.712912 110 4172
73.628874 110 4172
73.716887 110 4172
74.636833 110 4172
74.680966 110 4172
75.644909 110 4172
75.732925 110 4172
76.608954 110 4172
76.740770 110 4172
77.312842 110 4172
77.612869 110 4172
77.744871 110 4172
78.620826 110 4172
78.708825 110 4172
79.628841 110 4172
79.716906 110 4172
79.980827 110 4172
80.636815 110 4172
80.724929 110 4172
82.612720 110 4172
82.656870 110 4172
82.744826 110 4172
83.552535 1198 4172
83.552552 1198 4172
83.552589 1198 4172
83.552623 1198 4172
83.552658 1006 4172
83.552712 1198 4172
83.564097 1198 4172
83.564138 1198 4172
83.564172 1198 4172
83.564204 1198 4172
83.564235 1198 4172
83.574168 1102 4172
83.574221 1198 4172
83.574261 1198 4172
83.574318 1198 4172
83.574352 1198 4172
83.580773 1198 4172
83.588801 1198 4172
83.588888 1198 4172
83.596874 1198 4172
83.596908 878 4172
83.604750 1198 4172
83.604852 1198 4172
83.612765 1198 4172
83.620671 110 4172
83.620712 1198 4172
83.620748 1198 4172
83.624702 1198 4172
83.624737 1182 4172
83.632767 60 60000
83.636747 1198 4172
83.644762 1198 4172
83.644809 1198 4172
83.652695 1198 4172
83.652731 1198 4172
83.660720 1198 4172
83.668822 1070 4172
83.668890 1198 4172
83.676736 1198 4172
83.676787 1198 4172
83.685057 1198 4172
83.692768 1198 4172
83.692838 1198 4172
83.700811 926 4172
83.700853 1198 4172
83.708730 1198 4172
83.708772 1198 4172
83.712679 1198 4172
83.724835 110 4172
83.724922 110 4172
83.724924 1198 4172
83.724953 1198 4172
83.732841 1198 4172
83.740752 302 4172
83.740834 1198 4172
83.740836 1198 4172
83.748806 1198 4172
83.756796 1198 4172
83.756842 1198 4172
83.764786 1198 4172
83.764825 1198 4172
83.772695 494 4172
83.772723 1198 4172
83.780853 1198 4172
83.780892 1198 4172
83.788853 1198 4172
83.796873 1198 4172
83.800725 1198 4172
83.800772 606 4172
83.812854 1198 4172
83.812899 1198 4172
83.820713 1198 4172
83.830633 1198 4172
83.830695 1198 4172
83.836684 1198 4172
83.836715 1198 4172
83.844749 1198 4172
83.852701 606 4172
83.852760 1198 4172
83.861410 1198 4172
83.868764 1198 4172
83.868810 1198 4172
83.876740 1198 4172
83.876779 1198 4172
83.884693 686 4172
83.884744 1198 4172
83.888632 1198 4172
83.900675 1198 4172
83.900709 1198 4172
83.908690 1198 4172
83.908724 1198 4172
83.916674 1198 4172
83.924841 734 4172
83.924875 1198 4172
83.924902 1198 4172
83.937644 1198 4172
83.943098 1198 4172
83.943142 1198 4172
83.948693 1198 4172
83.948726 542 4172
83.957767 1198 4172
83.957815 1198 4172
83.964690 1198 4172
83.964732 1198 4172
83.976896 1198 4172
83.982151 1198 4172
83.982571 446 4172
83.982613 1198 4172
84.000860 110 4172
84.001058 1198 4172
84.014506 1198 4172
84.014755 1198 4172
84.014779 1198 4172
84.014809 1198 4172
84.032934 1198 4172
84.033088 1198 4172
84.033127 1198 4172
84.033195 1102 4172
84.039463 1198 4172
84.039585 1198 4172
84.047595 702 4172
84.047633 1198 4172
84.049243 734 4172
84.049286 1198 4172
84.063876 1198 4172
84.065304 1198 4172
84.065755 1006 4172
84.068781 1198 4172
84.078019 1198 4172
84.078259 1198 4172
84.096431 1198 4172
84.097017 1198 4172
84.097092 1198 4172
84.100955 590 4172
84.101046 1198 4172
84.101082 1198 4172
84.108771 1198 4172
84.117224 1198 4172
84.117320 1198 4172
84.125798 1198 4172
84.125838 558 4172
84.142382 1198 4172
84.147774 1198 4172
84.149926 126 4172
84.162297 1198 4172
84.162993 1198 4172
84.163543 1198 4172
84.163926 910 4172
84.174120 1198 4172
84.177083 1198 4172
84.177119 1198 4172
84.177151 1198 4172
84.188876 1198 4172
84.188915 1198 4172
84.204184 686 4172
84.204244 1198 4172
84.205818 1198 4172
84.205849 1198 4172
84.212918 1198 4172
84.212954 1198 4172
84.221607 1198 4172
84.238672 1198 4172
84.239025 1198 4172
84.248273 1198 4172
84.248321 1198 4172
84.248367 1198 4172
84.248408 334 4172
84.252991 1198 4172
84.253775 1198 4172
84.260825 1198 4172
84.260883 1198 4172
84.268665 110 4172
84.268701 1150 4172
84.268732 1198 4172
84.276906 414 4172
84.276959 1198 4172
84.287976 1198 4172
84.288019 1198 4172
84.293636 1198 4172
84.293671 1198 4172
84.302390 1118 4172
84.302451 1198 4172
84.318740 1198 4172
84.321364 1198 4172
84.321412 1198 4172
84.321444 1198 4172
84.321473 654 4172
84.350545 1198 4172
84.350847 1198 4172
84.350895 1198 4172
84.350974 1198 4172
84.363315 1198 4172
84.363404 878 4172
84.363433 1198 4172
84.363459 1198 4172
84.365017 1198 4172
84.365502 1198 4172
84.381882 1198 4172
84.417830 1198 4172
84.429643 174 4172
84.430755 1198 4172
84.430793 1198 4172
84.430822 1198 4172
84.430868 1198 4172
84.439634 1198 4172
84.439637 1198 4172
84.439664 382 4172
84.439715 1198 4172
84.439746 1198 4172
84.439773 1198 4172
84.439799 1198 4172
84.439825 1198 4172
84.439851 1198 4172
84.439877 254 4172
84.439927 1198 4172
84.440965 1198 4172
84.441001 1198 4172
84.441491 60 60000
84.454340 1198 4172
84.454464 1198 4172
84.460955 1198 4172
84.470047 414 4172
84.470119 1198 4172
84.470147 1198 4172
84.483978 1198 4172
84.484083 318 4172
84.484720 302 4172
84.484747 174 4172
84.484821 174 4172
84.484858 174 4172
84.484886 1198 4172
84.484915 334 4172
84.492715 1198 4172
84.492753 1198 4172
84.502070 990 4172
84.502156 1198 4172
84.509255 1198 4172
84.509290 1022 4172
84.518255 1198 4172
84.528137 110 4172
84.528294 1038 4172
84.529966 1198 4172
84.530010 1198 4172
84.542315 1022 4172
84.542441 1198 4172
84.550433 1198 4172
84.550491 1070 4172
84.556720 1198 4172
84.556765 1198 4172
84.567341 1198 4172
84.567425 1198 4172
84.573224 270 4172
84.574138 1198 4172
84.580934 1198 4172
84.589917 1198 4172
84.591183 574 4172
84.596934 1198 4172
84.599557 1198 4172
84.599603 1198 4172
84.604727 286 4172
84.604762 1198 4172
84.604795 1198 4172
84.615505 110 4172
84.615599 174 4172
84.616597 174 4172
84.616634 1198 4172
84.616666 1198 4172
84.628379 254 4172
84.628414 446 4172
84.628460 606 4172
84.636736 1198 4172
84.636883 1198 4172
84.636916 1198 4172
84.645608 718 4172
84.645896 1198 4172
84.658545 494 4172
84.703869 1198 4172
84.703904 1198 4172
84.703936 366 4172
84.703967 302 4172
84.703999 190 4172
84.704030 238 4172
84.705940 110 4172
84.757092 366 4172
84.792868 398 4172
84.800678 110 4172
84.827295 110 4172
84.844701 510 4172
84.859211 206 4172
84.860998 686 4172
84.888750 478 4172
84.926950 926 4172
84.932843 142 4172
84.976680 222 4172
85.064763 110 4172
85.139001 1086 4172
85.152746 510 4172
85.173797 414 4172
85.181707 590 4172
85.193715 654 4172
85.196657 702 4172
85.205735 942 4172
85.217757 878 4172
85.225851 1198 4172
85.225899 318 4172
85.237738 1198 4172
85.237789 638 4172
85.240639 990 4172
85.257479 830 4172
85.270964 1006 4172
85.281272 1198 4172
85.284826 782 4172
85.305797 622 4172
85.317832 958 4172
85.325699 1086 4172
85.325796 110 4172
85.325853 110 4172
85.325884 110 4172
85.328635 1198 4172
85.328675 142 4172
85.337798 126 4172
85.350023 1198 4172
85.350066 430 4172
85.362004 1198 4172
85.362051 1198 4172
85.369800 1198 4172
85.369843 1198 4172
85.369884 574 4172
85.372633 1198 4172
85.372675 510 4172
85.389602 1198 4172
85.389626 446 4172
85.402999 1198 4172
85.403049 110 4172
85.413326 1198 4172
85.413411 414 4172
85.416637 878 4172
85.429840 990 4172
85.441875 1198 4172
85.441976 702 4172
85.449889 1198 4172
85.449939 1022 4172
85.460978 1198 4172
85.461020 1198 4172
85.461058 286 4172
85.470149 1198 4172
85.470187 542 4172
85.482218 1198 4172
85.482260 1198 4172
85.482298 1198 4172
85.482334 558 4172
85.494080 1198 4172
85.494117 1198 4172
85.494153 1198 4172
85.494188 1198 4172
85.504700 1198 4172
85.504745 670 4172
85.513492 1198 4172
85.513531 1198 4172
85.513570 622 4172
85.527131 1198 4172
85.527232 462 4172
85.527274 1038 4172
85.528969 1198 4172
85.529017 1198 4172
85.533293 1198 4172
85.545904 1118 4172
85.548664 1198 4172
85.548703 766 4172
85.566137 1198 4172
85.566169 1198 4172
85.566209 1134 4172
85.574215 1198 4172
85.574265 1198 4172
85.574305 1198 4172
85.574341 542 4172
85.586255 1198 4172
85.586319 1198 4172
85.586420 1198 4172
85.586461 1134 4172
85.594834 1198 4172
85.594871 1198 4172
85.594917 1198 4172
85.594952 1198 4172
85.594990 110 4172
85.595029 110 4172
85.595062 110 4172
85.595095 366 4172
85.603769 1198 4172
85.603815 1198 4172
85.603854 1198 4172
85.603893 1198 4172
85.603935 1198 4172
85.603974 702 4172
85.606580 110 4172
85.612695 1198 4172
85.612741 1198 4172
85.612777 1198 4172
85.612814 1198 4172
85.620934 1198 4172
85.628732 974 4172
85.628881 1198 4172
85.637063 1198 4172
85.637102 1198 4172
85.644796 878 4172
85.644838 1198 4172
85.652786 1198 4172
85.652846 1198 4172
85.660764 158 4172
85.660891 270 4172
85.661010 414 4172
85.669868 1022 4172
85.680700 1198 4172
85.680738 1198 4172
85.680772 302 4172
85.689418 1198 4172
85.689459 222 4172
85.689496 1198 4172
85.697407 1198 4172
85.697457 398 4172
85.703883 1038 4172
85.709428 110 4172
85.721647 1198 4172
85.721747 382 4172
85.724634 1198 4172
85.724672 1198 4172
85.724735 350 4172
85.742320 1198 4172
85.742360 1182 4172
85.754160 1198 4172
85.754208 1198 4172
85.754253 1198 4172
85.754292 350 4172
85.768724 1198 4172
85.768810 1198 4172
85.768839 1198 4172
85.768875 1198 4172
85.803955 1198 4172
85.804015 1198 4172
85.812856 110 4172
85.900723 110 4172
85.900805 110 4172
85.900845 110 4172
85.944690 110 4172
86.032753 110 4172
86.164845 110 4172
86.164901 110 4172
86.164947 110 4172
86.428706 110 4172
86.428762 110 4172
86.604667 110 4172
86.692966 110 4172
86.693053 110 4172
86.693134 110 4172
86.736750 110 4172
86.956814 110 4172
87.220995 110 4172
87.484684 110 4172
87.616671 110 4172
87.704633 110 4172
87.748868 110 4172
88.012747 110 4172
88.276805 110 4172
88.624748 110 4172
88.712671 110 4172
89.632714 110 4172
89.720775 110 4172
90.636771 110 4172
90.724673 110 4172
90.768678 222 4172
90.812574 110 4172
90.988639 110 4172
91.036130 174 4172
91.076795 414 4172
91.120579 126 4172
91.164504 110 4172
91.208572 126 4172
91.221540 1198 4172
91.221574 1198 4172
91.221604 334 4172
91.221634 318 4172
91.221661 174 4172
91.224700 1198 4172
91.224733 1198 4172
91.224764 926 4172
91.224794 1198 4172
91.224822 1198 4172
91.224850 1198 4172
91.224883 1198 4172
91.224911 462 4172
91.232585 1198 4172
91.232632 926 4172
91.232673 1198 4172
91.232711 1198 4172
91.240600 1198 4172
91.240640 734 4172
91.240682 1198 4172
91.240718 1198 4172
91.248679 1198 4172
91.248728 1198 4172
91.248773 1022 4172
91.252548 1198 4172
91.252593 1198 4172
91.264602 1198 4172
91.264720 1198 4172
91.272594 1118 4172
91.272642 1198 4172
91.280592 1198 4172
91.280636 1198 4172
91.288566 1198 4172
91.288616 1198 4172
91.296578 654 4172
91.296621 1198 4172
91.304599 1198 4172
91.304639 1198 4172
91.312661 1198 4172
91.312714 1198 4172
91.320583 1198 4172
91.320630 1198 4172
91.328584 1198 4172
91.336572 1198 4172
91.336612 1198 4172
91.340544 1198 4172
91.340588 1198 4172
91.352565 1198 4172
91.352612 1198 4172
91.360585 750 4172
91.368575 1102 4172
91.368689 1198 4172
91.376594 1198 4172
91.376652 1198 4172
91.384637 1198 4172
91.384667 1198 4172
91.392615 926 4172
91.392693 1198 4172
91.400565 1198 4172
91.400608 1166 4172
91.408599 1198 4172
91.416662 1198 4172
91.416707 1198 4172
91.424670 1198 4172
91.424718 1198 4172
91.428589 1198 4172
91.440583 158 4172
91.440698 158 4172
91.440741 1198 4172
91.440782 1198 4172
91.448600 1198 4172
91.448639 1198 4172
91.456626 1198 4172
91.456675 782 4172
91.464560 1198 4172
91.464604 638 4172
91.464643 1198 4172
91.473412 1198 4172
91.473466 1198 4172
91.480579 1198 4172
91.488660 110 4172
91.488743 1198 4172
91.488775 1198 4172
91.496486 1198 4172
91.496533 222 4172
91.496575 1102 4172
91.501712 1198 4172
91.501756 462 4172
91.509818 1054 4172
91.516614 1198 4172
91.516654 1198 4172
91.524687 350 4172
91.524728 1198 4172
91.524762 1198 4172
91.532588 574 4172
91.532634 1198 4172
91.540568 1198 4172
91.540619 1198 4172
91.548585 974 4172
91.548624 1198 4172
91.556599 1198 4172
91.556647 1198 4172
91.560514 1198 4172
91.560616 126 4172
91.560667 1198 4172
91.572577 1198 4172
91.572623 1198 4172
91.580587 1198 4172
91.580625 430 4172
91.588588 1198 4172
91.588642 1198 4172
91.596584 1198 4172
91.596657 750 4172
91.596720 1198 4172
91.604565 1198 4172
91.612628 1198 4172
91.612688 894 4172
91.612728 110 4172
91.612765 1182 4172
91.621228 1198 4172
91.621277 414 4172
91.629804 1198 4172
91.629849 174 4172
91.641948 1198 4172
91.641997 1198 4172
91.642037 734 4172
91.648566 1198 4172
91.648610 1198 4172
91.648648 1198 4172
91.648685 478 4172
91.660559 1198 4172
91.660660 1198 4172
91.660687 1198 4172
91.666052 1038 4172
91.672607 1198 4172
91.672650 1198 4172
91.680567 1198 4172
91.680614 1198 4172
91.688574 366 4172
91.688635 1198 4172
91.688694 1198 4172
91.692579 1198 4172
91.692635 1198 4172
91.704621 942 4172
91.704660 1198 4172
91.712564 1198 4172
91.712605 110 4172
91.712651 1198 4172
91.720599 1198 4172
91.720643 1198 4172
91.728598 1198 4172
91.728645 462 4172
91.728691 1198 4172
91.736561 1198 4172
91.736603 1198 4172
91.744578 1198 4172
91.744624 1198 4172
91.752559 1198 4172
91.752600 542 4172
91.760573 110 4172
91.760617 1198 4172
91.760655 1198 4172
91.768571 1198 4172
91.768674 1198 4172
91.776576 1198 4172
91.776618 574 4172
91.776658 1198 4172
91.780551 1198 4172
91.780593 1198 4172
91.792701 1198 4172
91.792740 1198 4172
91.800603 766 4172
91.800711 1198 4172
91.808601 414 4172
91.808642 1198 4172
91.808675 1198 4172
91.824633 174 4172
91.824815 110 4172
91.912575 110 4172
92.020713 110 4172
92.044611 110 4172
92.044790 110 4172
92.044875 110 4172
92.308629 110 4172
92.568638 110 4172
92.612557 110 4172
92.744592 110 4172
92.832552 110 4172
93.140896 110 4172
93.624594 110 4172
93.668573 110 4172
93.712535 110 4172
93.932641 110 4172
94.192720 110 4172
94.632491 110 4172
94.720779 110 4172
95.644564 110 4172
95.732581 110 4172
96.612476 110 4172
96.744533 110 4172
96.920484 110 4172
97.624662 110 4172
97.712427 110 4172
98.632477 110 4172
98.720493 110 4172
99.600530 110 4172
99.644494 110 4172
99.732502 110 4172
100.612379 110 4172
100.744507 110 4172
101.624504 110 4172
101.712403 110 4172
102.240396 110 4172
102.636487 110 4172
102.724503 110 4172
103.604217 110 4172
103.736292 110 4172
104.616329 110 4172
104.636465 1198 4172
104.636492 1198 4172
104.636525 1198 4172
104.636562 1198 4172
104.636591 1198 4172
104.636629 1198 4172
104.636667 1198 4172
104.636701 1198 4172
104.636734 1198 4172
104.636767 1198 4172
104.636803 1198 4172
104.648422 1198 4172
104.648514 1198 4172
104.648539 1198 4172
104.656485 1198 4172
104.656512 1198 4172
104.656544 1198 4172
104.656574 1198 4172
104.656608 1198 4172
104.660336 1198 4172
104.660372 1198 4172
104.660435 1198 4172
104.672358 750 4172
104.672396 1198 4172
104.680355 830 4172
104.680408 1198 4172
104.688361 1198 4172
104.688398 1198 4172
104.692438 60 60000
104.696286 1198 4172
104.696327 1198 4172
104.704245 1198 4172
104.704300 1198 4172
104.712284 110 4172
104.712332 1198 4172
104.712370 1198 4172
104.720318 1198 4172
104.720359 1198 4172
104.728344 270 4172
104.728370 1198 4172
104.728401 1198 4172
104.736434 1198 4172
104.736464 1198 4172
104.744607 1198 4172
104.744635 1198 4172
104.748371 1198 4172
104.748414 1198 4172
104.760418 1198 4172
104.760523 1198 4172
104.768354 1198 4172
104.768401 1198 4172
104.776307 1198 4172
104.784289 1198 4172
104.784321 1198 4172
104.792470 1198 4172
104.792538 1198 4172
104.800390 1198 4172
104.800423 1198 4172
104.808375 1198 4172
104.816356 590 4172
104.816455 1198 4172
104.824366 1198 4172
104.824407 334 4172
104.824464 1198 4172
104.832388 1198 4172
104.832424 1198 4172
104.837986 1198 4172
104.838017 1198 4172
104.848336 1198 4172
104.848390 1198 4172
104.856330 1198 4172
104.856383 1198 4172
104.864304 1198 4172
104.864327 1198 4172
104.872400 1198 4172
104.872447 1198 4172
104.880316 1166 4172
104.880363 1198 4172
104.888364 1198 4172
104.888394 1198 4172
104.896371 1198 4172
104.896411 1198 4172
104.904253 1198 4172
104.904293 1198 4172
104.912340 1198 4172
104.912372 1198 4172
104.920343 1198 4172
104.920390 110 4172
104.920432 110 4172
104.920499 1198 4172
104.924307 1198 4172
104.924348 414 4172
104.924461 1198 4172
104.936317 1198 4172
104.936401 1198 4172
104.944341 1198 4172
104.944376 1198 4172
104.952286 1198 4172
104.952321 1198 4172
104.960307 1198 4172
104.960335 1198 4172
104.968268 1198 4172
104.968301 1198 4172
104.976324 1198 4172
104.976360 1198 4172
104.984334 590 4172
104.984380 1198 4172
104.992355 1198 4172
104.992391 1198 4172
105.000317 1198 4172
105.000346 1198 4172
105.008331 1198 4172
105.008365 1198 4172
105.012248 110 4172
105.012291 1198 4172
105.012319 1198 4172
105.024547 1198 4172
105.024570 1198 4172
105.033100 1198 4172
105.033120 1198 4172
105.040307 1166 4172
105.048296 1198 4172
105.048329 1198 4172
105.056351 1198 4172
105.056374 1198 4172
105.064307 1198 4172
105.064344 1198 4172
105.072283 1198 4172
105.084830 1198 4172
105.086600 1198 4172
105.088814 1198 4172
105.105152 1198 4172
105.105205 1198 4172
105.105265 1198 4172
105.120531 158 4172
105.120624 1198 4172
105.120648 1198 4172
105.120679 1198 4172
105.120707 1198 4172
105.128412 1198 4172
105.128479 126 4172
105.128510 1198 4172
105.128613 1198 4172
105.128641 1198 4172
105.136282 1198 4172
105.136325 1198 4172
105.145539 1198 4172
105.147572 1198 4172
105.149050 1198 4172
105.149082 1198 4172
105.160385 1198 4172
105.160423 350 4172
105.160464 1198 4172
105.170051 1198 4172
105.170114 1198 4172
105.176332 1198 4172
105.176360 1198 4172
105.187508 110 4172
105.187550 750 4172
105.187580 1198 4172
105.187611 1198 4172
105.200055 1198 4172
105.200091 1198 4172
105.200250 1198 4172
105.208561 414 4172
105.208591 1198 4172
105.208637 1198 4172
105.218134 1198 4172
105.235218 1198 4172
105.235243 1198 4172
105.235784 286 4172
105.247150 1198 4172
105.247212 1198 4172
105.247250 1198 4172
105.247281 1198 4172
105.247310 1198 4172
105.247339 350 4172
105.248461 1198 4172
105.248498 1198 4172
105.256875 1198 4172
105.256902 1198 4172
105.265065 1198 4172
105.265123 430 4172
105.265559 398 4172
105.265591 1198 4172
105.274307 1198 4172
105.274452 1198 4172
105.276343 606 4172
105.276384 1198 4172
105.276415 1198 4172
105.288322 318 4172
105.288365 1198 4172
105.296468 1198 4172
105.296501 1198 4172
105.304777 1198 4172
105.304872 126 4172
105.312301 1198 4172
105.312331 1198 4172
105.312365 1198 4172
105.323416 1198 4172
105.323470 350 4172
105.329879 1198 4172
105.329912 1198 4172
105.336377 1198 4172
105.336416 1198 4172
105.336550 1198 4172
105.344305 1198 4172
105.344338 958 4172
105.355293 1198 4172
105.355333 1198 4172
105.360286 1198 4172
105.360319 1198 4172
105.368950 1198 4172
105.368988 542 4172
105.369017 1198 4172
105.376323 1198 4172
105.376363 1198 4172
105.384324 1198 4172
105.384358 1198 4172
105.391621 926 4172
105.391667 1198 4172
105.400380 1198 4172
105.400419 1198 4172
105.409149 1198 4172
105.409193 846 4172
105.409220 1198 4172
105.416272 1198 4172
105.416388 1198 4172
105.424318 1198 4172
105.424352 1198 4172
105.433373 942 4172
105.433420 1198 4172
105.441862 1198 4172
105.442242 1198 4172
105.458968 110 4172
105.459064 1198 4172
105.459092 1198 4172
105.464293 462 4172
105.464336 1198 4172
105.464363 1198 4172
105.464391 1198 4172
105.464417 1198 4172
105.472291 1198 4172
105.472323 462 4172
105.472358 1198 4172
105.480277 1198 4172
105.480314 1198 4172
105.488286 1198 4172
105.488326 1198 4172
105.503792 1118 4172
105.511622 1198 4172
105.513191 1198 4172
105.516028 60 60000
105.548145 1198 4172
105.548818 1198 4172
105.548861 1198 4172
105.548968 1198 4172
105.549002 1198 4172
105.549223 1198 4172
105.558406 1198 4172
105.558456 1198 4172
105.558483 318 4172
105.558511 1198 4172
105.558541 1198 4172
105.558570 1198 4172
105.558597 1198 4172
105.558623 382 4172
105.558653 1198 4172
105.560220 1198 4172
105.560254 1198 4172
105.568306 1198 4172
105.568340 318 4172
105.576806 846 4172
105.576893 446 4172
105.576931 270 4172
105.576957 174 4172
105.576990 670 4172
105.577016 1198 4172
105.587273 1198 4172
105.587369 1198 4172
105.595851 350 4172
105.596051 1198 4172
105.596469 1198 4172
105.600274 1198 4172
105.600315 174 4172
105.608425 1198 4172
105.608473 1198 4172
105.608509 1198 4172
105.616272 830 4172
105.616311 110 4172
105.616339 1198 4172
105.627295 1198 4172
105.632045 1198 4172
105.632236 1198 4172
105.632289 222 4172
105.640448 1198 4172
105.640552 1198 4172
105.640612 1198 4172
105.648465 1198 4172
105.648539 334 4172
105.648665 1198 4172
105.654703 1198 4172
105.654755 1198 4172
105.664275 1022 4172
105.664309 1198 4172
105.672297 1198 4172
105.672329 1198 4172
105.680336 1198 4172
105.680379 142 4172
105.680413 1198 4172
105.688281 1198 4172
105.688312 1198 4172
105.700531 1134 4172
105.702263 1198 4172
105.706081 1198 4172
105.706153 1198 4172
105.712291 830 4172
105.712338 1198 4172
105.712367 110 4172
105.712393 110 4172
105.712423 1198 4172
105.720920 1198 4172
105.720964 318 4172
105.720994 1198 4172
105.728329 1198 4172
105.728363 302 4172
105.737121 174 4172
105.737218 206 4172
105.737237 1198 4172
105.737264 718 4172
105.744255 1198 4172
105.744297 1198 4172
105.744328 1198 4172
105.750315 798 4172
105.758663 1198 4172
105.758711 1198 4172
105.764354 1198 4172
105.764417 622 4172
105.764595 1198 4172
105.764658 1198 4172
105.772315 1198 4172
105.790929 1198 4172
105.790952 734 4172
105.803929 174 4172
105.803971 1198 4172
105.803999 1198 4172
105.804027 1198 4172
105.804053 718 4172
105.825938 110 4172
105.835233 1198 4172
105.835267 1198 4172
105.835335 398 4172
105.876537 382 4172
105.876632 174 4172
105.876657 1198 4172
105.876703 110 4172
105.876746 158 4172
105.900882 1198 4172
105.900899 622 4172
105.910330 1198 4172
105.910373 1198 4172
105.910406 1198 4172
105.910433 1198 4172
105.910461 1198 4172
105.910490 702 4172
105.910516 110 4172
105.918352 1198 4172
105.918387 1198 4172
105.918419 1198 4172
105.918453 1198 4172
105.918481 510 4172
105.920174 1198 4172
105.920222 1198 4172
105.920260 1198 4172
105.920292 1198 4172
105.920319 1198 4172
105.920349 1198 4172
105.920377 158 4172
105.932272 1198 4172
105.932304 1198 4172
105.932331 1198 4172
105.932361 1198 4172
105.940503 1198 4172
105.948286 1198 4172
105.948296 254 4172
105.948330 1198 4172
105.956447 1198 4172
105.956957 1198 4172
105.964305 1198 4172
105.964358 1198 4172
105.973032 1198 4172
105.980359 110 4172
105.980413 1198 4172
105.980456 1198 4172
105.989158 1198 4172
105.989205 1166 4172
105.996378 1198 4172
105.996431 1198 4172
106.004487 670 4172
106.004530 1198 4172
106.004564 1198 4172
106.008306 1198 4172
106.008357 398 4172
106.020472 1198 4172
106.020515 110 4172
106.020547 1198 4172
106.020583 1198 4172
106.028343 1198 4172
106.028409 1198 4172
106.037477 1198 4172
106.037570 1198 4172
106.044314 446 4172
106.044375 1198 4172
106.044416 1198 4172
106.052628 1198 4172
106.060318 1198 4172
106.060362 1006 4172
106.068345 1198 4172
106.068404 1198 4172
106.076346 1198 4172
106.076390 1198 4172
106.084483 1198 4172
106.084535 670 4172
106.084579 1198 4172
106.092313 1198 4172
106.092391 1198 4172
106.096352 1198 4172
106.096390 1198 4172
106.140273 430 4172
106.140327 142 4172
106.140363 110 4172
106.208160 110 4172
106.228465 142 4172
106.268791 142 4172
106.272250 158 4172
106.288702 142 4172
106.300709 254 4172
106.312856 430 4172
106.316318 158 4172
106.332802 142 4172
106.344802 158 4172
106.356873 142 4172
106.360266 142 4172
106.376758 142 4172
106.389371 142 4172
106.397218 1006 4172
106.404420 990 4172
106.429038 494 4172
106.440894 1198 4172
106.440933 1198 4172
106.440968 1198 4172
106.441005 1118 4172
106.448275 654 4172
106.465181 542 4172
106.473173 830 4172
106.485287 910 4172
106.492398 1054 4172
106.505441 1102 4172
106.517396 1198 4172
106.517452 126 4172
106.517495 110 4172
106.517533 110 4172
106.517570 110 4172
106.529042 1102 4172
106.549443 1198 4172
106.549532 462 4172
106.557176 1198 4172
106.557231 238 4172
106.565044 1038 4172
106.577044 718 4172
106.577092 1166 4172
106.580481 1198 4172
106.580535 1198 4172
106.580577 590 4172
106.596950 414 4172
106.603938 238 4172
106.603989 830 4172
106.609202 110 4172
106.617197 1182 4172
106.633407 1198 4172
106.633458 350 4172
106.645482 1198 4172
106.645585 542 4172
106.657349 1198 4172
106.657396 750 4172
106.665353 1198 4172
106.665400 606 4172
106.665436 1198 4172
106.668148 1198 4172
106.668191 670 4172
106.689402 1198 4172
106.689508 1198 4172
106.689550 174 4172
106.697351 1198 4172
106.697400 1006 4172
106.703842 1198 4172
106.703884 670 4172
106.708967 110 4172
106.712246 1006 4172
106.729374 350 4172
106.741441 1198 4172
106.741546 782 4172
106.749456 1198 4172
106.749500 910 4172
106.756798 1198 4172
106.756843 1198 4172
106.756882 222 4172
106.769460 1198 4172
106.769512 1198 4172
106.769557 382 4172
106.777494 1198 4172
106.777540 558 4172
106.777578 110 4172
106.777615 110 4172
106.777653 110 4172
106.789655 1198 4172
106.789734 1198 4172
106.789788 398 4172
106.800327 1198 4172
106.800427 1198 4172
106.800467 510 4172
106.809601 1198 4172
106.809648 1198 4172
106.809686 1198 4172
106.809721 174 4172
106.809758 1198 4172
106.809792 110 4172
106.821445 1198 4172
106.821497 1198 4172
106.821539 974 4172
106.829080 1198 4172
106.829125 1198 4172
106.829162 430 4172
106.837473 1198 4172
106.837519 398 4172
106.844266 1198 4172
106.844312 1198 4172
106.844357 494 4172
106.857610 1198 4172
106.857657 1198 4172
106.857696 686 4172
106.869761 1198 4172
106.869806 1198 4172
106.869845 1198 4172
106.869883 222 4172
106.881727 1198 4172
106.881778 1198 4172
106.881818 1198 4172
106.881856 382 4172
106.888245 1198 4172
106.888296 1198 4172
106.888334 1198 4172
106.888369 542 4172
106.903994 1198 4172
106.904040 1198 4172
106.904078 1198 4172
106.904177 286 4172
106.905623 110 4172
106.913645 1198 4172
106.913682 1198 4172
106.913723 1198 4172
106.913762 718 4172
106.921762 1198 4172
106.921810 1198 4172
106.921848 1198 4172
106.921883 366 4172
106.932621 1198 4172
106.932714 1198 4172
106.932743 1198 4172
106.941109 1198 4172
106.941156 1198 4172
106.941193 1198 4172
106.941231 142 4172
106.941265 1198 4172
106.953608 1198 4172
106.953662 750 4172
106.953693 1054 4172
106.965664 1198 4172
106.965722 1198 4172
106.965761 1198 4172
106.973730 1198 4172
106.973768 1198 4172
106.973812 1198 4172
106.973851 590 4172
106.976229 1198 4172
106.976267 1198 4172
106.976302 1198 4172
106.976338 1198 4172
106.976373 190 4172
106.994006 1198 4172
106.994060 1198 4172
106.994098 1198 4172
106.994134 638 4172
107.004048 1198 4172
107.004164 1198 4172
107.004201 1198 4172
107.004238 1198 4172
107.004275 942 4172
107.005796 110 4172
107.013970 1198 4172
107.014014 1198 4172
107.014055 1198 4172
107.014093 1198 4172
107.014130 1198 4172
107.020261 1198 4172
107.020307 1198 4172
107.020344 1198 4172
107.020381 1006 4172
107.064344 110 4172
107.064374 110 4172
107.064408 110 4172
107.104022 590 4172
107.104095 1198 4172
107.108590 110 4172
107.152281 350 4172
107.240243 110 4172
107.304002 110 4172
107.304050 110 4172
107.304105 110 4172
107.328393 110 4172
107.592748 110 4172
107.592847 110 4172
107.592955 110 4172
107.636511 110 4172
107.852391 110 4172
107.852430 110 4172
108.116459 110 4172
108.116507 110 4172
108.116553 110 4172
108.376298 110 4172
108.640445 110 4172
108.684224 110 4172
108.728327 110 4172
108.948511 110 4172
109.212401 110 4172
109.476659 110 4172
109.608248 110 4172
109.740268 110 4172
110.616291 110 4172
110.748278 110 4172
111.628255 110 4172
112.632269 110 4172
112.720280 110 4172
113.636245 110 4172
114.648244 110 4172
114.736275 110 4172
115.088202 110 4172
115.616146 110 4172
115.748504 110 4172
116.240406 174 4172
116.240440 174 4172
116.240473 174 4172
116.240504 174 4172
116.244277 174 4172
116.244310 174 4172
116.244342 174 4172
116.244392 174 4172
116.248548 174 4172
116.248577 174 4172
116.248609 174 4172
116.248640 174 4172
116.252783 174 4172
116.252822 190 4172
116.268125 174 4172
116.268173 1198 4172
116.268218 1198 4172
116.268261 1198 4172
116.312201 174 4172
116.400159 110 4172
116.442645 190 4172
116.444082 1198 4172
116.444131 1198 4172
116.444173 510 4172
116.488103 1198 4172
116.532363 734 4172
116.576209 158 4172
116.604047 958 4172
116.620146 110 4172
116.664178 110 4172
116.677023 1198 4172
116.677154 1198 4172
116.677192 1198 4172
116.677227 1198 4172
116.677262 1198 4172
116.677296 734 4172
116.688925 1198 4172
116.689000 1198 4172
116.689134 1198 4172
116.689175 1198 4172
116.689212 1198 4172
116.689247 526 4172
116.696961 1198 4172
116.696999 1198 4172
116.697036 1198 4172
116.697076 1198 4172
116.697116 1198 4172
116.697152 302 4172
116.703992 1198 4172
116.704029 1198 4172
116.704061 1198 4172
116.704095 1198 4172
116.704127 1198 4172
116.704159 1198 4172
116.704190 1102 4172
116.708134 110 4172
116.718423 926 4172
116.729005 1198 4172
116.729056 206 4172
116.741126 1198 4172
116.741307 1198 4172
116.741310 1198 4172
116.741348 1198 4172
116.741380 1198 4172
116.741419 1198 4172
116.741454 318 4172
116.748963 1198 4172
116.748998 1198 4172
116.749044 1198 4172
116.749083 1198 4172
116.749119 1198 4172
116.749155 1198 4172
116.749189 174 4172
116.751946 1198 4172
116.751991 1198 4172
116.752027 1198 4172
116.752062 1198 4172
116.752097 1198 4172
116.752133 222 4172
116.764165 1198 4172
116.764298 1198 4172
116.764340 1198 4172
116.772124 1198 4172
116.772172 1198 4172
116.772210 878 4172
116.780116 1198 4172
116.780160 1198 4172
116.788126 1198 4172
116.788172 1198 4172
116.788209 1198 4172
116.796099 1198 4172
116.796147 510 4172
116.796188 1198 4172
116.804074 1198 4172
116.804127 1198 4172
116.812106 1198 4172
116.812161 1198 4172
116.812210 110 4172
116.812245 126 4172
116.820151 1198 4172
116.820202 1198 4172
116.828168 1198 4172
116.828217 1198 4172
116.828264 1102 4172
116.836100 1198 4172
116.836133 1198 4172
116.840196 1198 4172
116.840235 1198 4172
116.840266 1198 4172
116.852223 1198 4172
116.852304 1198 4172
116.860102 1198 4172
116.860151 206 4172
116.860190 1198 4172
116.868118 1198 4172
116.868168 1198 4172
116.868211 1198 4172
116.876115 1198 4172
116.884091 606 4172
116.884144 1198 4172
116.892138 1198 4172
116.892184 1198 4172
116.900138 1198 4172
116.900179 1198 4172
116.908166 1198 4172
116.908214 174 4172
116.908249 1198 4172
116.916144 1198 4172
116.916180 110 4172
116.916221 510 4172
116.916258 318 4172
116.916295 1198 4172
116.916329 1198 4172
116.921390 446 4172
116.928100 1198 4172
116.928152 1198 4172
116.928192 1198 4172
116.936121 110 4172
116.936176 1198 4172
116.944014 1198 4172
116.944062 942 4172
116.952117 1198 4172
116.952166 1198 4172
116.952206 1198 4172
116.960127 1198 4172
116.960168 1198 4172
116.968126 1198 4172
116.968168 1198 4172
116.968207 334 4172
116.968241 1198 4172
116.972056 1198 4172
116.972101 1198 4172
116.984141 1198 4172
116.984318 1198 4172
116.984356 1198 4172
116.992105 1198 4172
116.992161 222 4172
116.992197 1198 4172
117.000115 1198 4172
117.000165 1198 4172
117.008124 1198 4172
117.008169 1198 4172
117.008205 1198 4172
117.016083 1198 4172
117.016125 302 4172
117.016163 110 4172
117.024191 1198 4172
117.024239 1198 4172
117.024277 1198 4172
117.032108 1198 4172
117.032153 1198 4172
117.040085 1198 4172
117.040128 1198 4172
117.040163 126 4172
117.040198 1198 4172
117.048100 1198 4172
117.048141 1198 4172
117.056141 1198 4172
117.056184 1198 4172
117.056243 1198 4172
117.060066 1198 4172
117.060117 1198 4172
117.072174 1054 4172
117.072256 1198 4172
117.080117 1198 4172
117.080171 1198 4172
117.080212 1198 4172
117.088098 1198 4172
117.088144 1198 4172
117.096087 846 4172
117.096137 1198 4172
117.096181 1198 4172
117.104086 1198 4172
117.104136 1198 4172
117.112111 622 4172
117.112160 1198 4172
117.112197 110 4172
117.112231 1198 4172
117.120108 1022 4172
117.120155 1198 4172
117.120194 510 4172
117.120231 1198 4172
117.128175 1198 4172
117.128216 190 4172
117.128255 1198 4172
117.141204 670 4172
117.141290 1198 4172
117.141326 782 4172
117.148084 1198 4172
117.148125 1198 4172
117.148166 1198 4172
117.148201 334 4172
117.156405 1198 4172
117.156445 1198 4172
117.156482 1198 4172
117.156517 1198 4172
117.164093 302 4172
117.164145 1198 4172
117.164187 1198 4172
117.164224 1198 4172
117.172104 1198 4172
117.172152 702 4172
117.180108 1198 4172
117.180152 1198 4172
117.180195 1198 4172
117.188150 494 4172
117.188193 1198 4172
117.188228 1198 4172
117.192073 1198 4172
117.192123 1198 4172
117.192165 110 4172
117.192208 110 4172
117.200589 110 4172
117.200627 270 4172
117.200665 542 4172
117.203993 302 4172
117.208615 110 4172
117.216733 398 4172
117.228759 814 4172
117.236112 766 4172
117.248856 510 4172
117.280118 830 4172
117.324141 110 4172
117.412062 110 4172
117.500154 110 4172
117.500218 110 4172
117.500293 110 4172
117.632189 110 4172
117.720441 110 4172
117.720561 110 4172
117.720607 110 4172
118.028258 110 4172
118.028404 110 4172
118.028449 110 4172
118.292249 110 4172
118.556022 110 4172
118.644171 110 4172
118.732396 110 4172
118.820180 110 4172
119.604146 110 4172
119.612063 110 4172
119.744162 110 4172
119.876183 110 4172
120.620438 110 4172
120.708088 110 4172
121.544101 286 4172
121.604092 254 4172
121.632044 110 4172
121.704119 174 4172
121.720090 110 4172
121.848042 110 4172
122.551948 110 4172
122.640045 110 4172
123.608013 110 4172
123.736060 110 4172
124.611978 110 4172
124.744019 110 4172
125.268098 110 4172
125.620240 110 4172
125.704071 1198 4172
125.704116 1198 4172
125.704153 1198 4172
125.704185 1198 4172
125.704217 1198 4172
125.704248 1198 4172
125.704279 590 4172
125.707902 110 4172
125.726826 1198 4172
125.726893 1198 4172
125.726920 1198 4172
125.726950 1198 4172
125.726975 1198 4172
125.727001 1198 4172
125.727047 1198 4172
125.727072 174 4172
125.736089 1198 4172
125.736139 1198 4172
125.736173 1198 4172
125.736206 1198 4172
125.736237 1198 4172
125.736270 1198 4172
125.736302 1166 4172
125.736338 1198 4172
125.736376 1198 4172
125.736414 1198 4172
125.736448 1198 4172
125.736483 1198 4172
125.736517 1198 4172
125.736557 910 4172
125.740742 1198 4172
125.751916 1198 4172
125.751951 1198 4172
125.751996 1198 4172
125.756038 1198 4172
125.756087 1198 4172
125.764011 766 4172
125.764060 1198 4172
125.764165 1198 4172
125.771913 1198 4172
125.771953 1198 4172
125.779954 1198 4172
125.780003 1198 4172
125.780056 1198 4172
125.788018 1198 4172
125.788071 334 4172
125.788123 1198 4172
125.796471 1198 4172
125.796549 1198 4172
125.796583 1198 4172
125.803967 1198 4172
125.804007 1198 4172
125.804033 60 60000
125.804131 1198 4172
125.812097 1198 4172
125.812135 1198 4172
125.819842 1198 4172
125.819874 1198 4172
125.819916 1198 4172
125.829476 1198 4172
125.835994 1198 4172
125.836020 1198 4172
125.836061 1198 4172
125.840510 254 4172
125.840553 1198 4172
125.840591 1198 4172
125.851900 1198 4172
125.851945 1022 4172
125.860273 1102 4172
125.860304 1198 4172
125.860335 1198 4172
125.868023 1198 4172
125.868108 1198 4172
125.868143 1198 4172
125.878053 1198 4172
125.878126 462 4172
125.878150 1198 4172
125.883944 1198 4172
125.883988 1198 4172
125.884038 1198 4172
125.892197 1198 4172
125.892279 1198 4172
125.899929 1198 4172
125.899960 1198 4172
125.899996 638 4172
125.907983 1198 4172
125.915939 1198 4172
125.915999 1198 4172
125.924037 1198 4172
125.927932 1198 4172
125.939934 1198 4172
125.948075 238 4172
125.948108 1198 4172
125.956092 1198 4172
125.956131 1198 4172
125.964028 1198 4172
125.971977 1198 4172
125.980042 1198 4172
125.987969 398 4172
125.988051 1198 4172
125.995900 1198 4172
126.004126 1198 4172
126.011978 1198 4172
126.012064 1198 4172
126.015928 1198 4172
126.028016 718 4172
126.028092 1198 4172
126.035985 110 4172
126.036017 1198 4172
126.060015 1198 4172
126.067955 1198 4172
126.067977 1006 4172
126.075939 1198 4172
126.083959 1198 4172
126.091955 1198 4172
126.100887 1198 4172
126.100962 1198 4172
126.103877 1198 4172
126.116279 222 4172
126.116303 398 4172
126.116338 1198 4172
126.124043 1198 4172
126.136968 1198 4172
126.139931 1198 4172
126.156504 974 4172
126.156588 1198 4172
126.156639 1198 4172
126.165341 1198 4172
126.171925 1198 4172
126.181091 1198 4172
126.181137 1198 4172
126.187968 510 4172
126.188008 1198 4172
126.209565 1198 4172
126.215057 1198 4172
126.216328 1198 4172
126.216642 1198 4172
126.228619 1198 4172
126.228795 622 4172
126.237582 1198 4172
126.244030 1198 4172
126.244060 1198 4172
126.252278 1198 4172
126.267748 1198 4172
126.273140 1198 4172
126.281347 750 4172
126.281470 1198 4172
126.284346 1198 4172
126.293098 1198 4172
126.293153 1198 4172
126.299894 126 4172
126.299936 1198 4172
126.309064 1198 4172
126.316021 430 4172
126.316050 1198 4172
126.324841 110 4172
126.333086 1198 4172
126.333120 1198 4172
126.353643 1198 4172
126.358875 318 4172
126.358928 1198 4172
126.358958 1198 4172
126.363978 1198 4172
126.371704 1198 4172
126.375802 1198 4172
126.379940 1198 4172
126.389167 510 4172
126.389252 1198 4172
126.396070 1198 4172
126.405280 1198 4172
126.413592 1198 4172
126.423462 1198 4172
126.423470 270 4172
126.423550 1198 4172
126.424838 1198 4172
126.443679 1198 4172
126.453371 1198 4172
126.460041 1198 4172
126.460070 1198 4172
126.460097 574 4172
126.471133 1198 4172
126.471286 1198 4172
126.475928 1198 4172
126.487176 1198 4172
126.492550 1198 4172
126.499926 910 4172
126.507948 1198 4172
126.514118 1198 4172
126.514161 1198 4172
126.525087 1198 4172
126.532951 558 4172
126.532996 1198 4172
126.542730 1198 4172
126.556474 1198 4172
126.556860 1198 4172
126.563491 1198 4172
126.563549 1198 4172
126.573166 1198 4172
126.584220 414 4172
126.584245 1198 4172
126.584715 60 60000
126.587921 1198 4172
126.597251 1198 4172
126.604184 110 4172
126.604299 1198 4172
126.605228 1198 4172
126.631956 1198 4172
126.635931 318 4172
126.635959 110 4172
126.635993 1198 4172
126.636205 1198 4172
126.636248 1198 4172
126.643912 1198 4172
126.643977 1198 4172
126.662219 334 4172
126.662284 1198 4172
126.668662 1198 4172
126.677318 1198 4172
126.683922 1198 4172
126.683954 1198 4172
126.692101 1198 4172
126.706702 1198 4172
126.709607 654 4172
126.709652 1198 4172
126.715679 110 4172
126.715737 1198 4172
126.724404 1198 4172
126.731935 590 4172
126.731975 286 4172
126.732005 270 4172
126.732033 1198 4172
126.740000 1198 4172
126.743860 1198 4172
126.756042 542 4172
126.756073 1198 4172
126.763910 1198 4172
126.772324 1198 4172
126.772420 1198 4172
126.780332 798 4172
126.791521 1198 4172
126.795890 1198 4172
126.795943 1198 4172
126.808928 1198 4172
126.812239 1022 4172
126.820338 1198 4172
126.822115 110 4172
126.822640 1198 4172
126.828207 1198 4172
126.846663 1086 4172
126.855656 1198 4172
126.855876 1198 4172
126.860097 1198 4172
126.880727 1198 4172
126.885332 1198 4172
126.885380 206 4172
126.885409 1198 4172
126.885435 1198 4172
126.891910 1198 4172
126.902096 1198 4172
126.910945 1198 4172
126.920590 1150 4172
126.925838 110 4172
126.934859 1198 4172
126.935245 1198 4172
126.938446 1198 4172
126.938491 1198 4172
126.960741 1086 4172
126.960861 1198 4172
126.967142 1198 4172
126.967187 1198 4172
126.979744 750 4172
126.982880 1198 4172
126.990857 1198 4172
127.000757 1198 4172
127.000858 1198 4172
127.003848 638 4172
127.012820 1198 4172
127.012869 1198 4172
127.021582 1198 4172
127.028098 1198 4172
127.036630 1198 4172
127.036674 110 4172
127.052986 574 4172
127.053154 1198 4172
127.065023 1198 4172
127.065111 1198 4172
127.065126 1198 4172
127.067828 494 4172
127.067865 1198 4172
127.075903 1198 4172
127.080607 1198 4172
127.096683 1198 4172
127.102340 382 4172
127.102392 1198 4172
127.108134 1198 4172
127.108175 1198 4172
127.116011 1198 4172
127.124253 366 4172
127.124353 110 4172
127.124376 1198 4172
127.131855 1198 4172
127.131890 1198 4172
127.141068 1198 4172
127.147867 110 4172
127.147901 590 4172
127.147936 1198 4172
127.156100 1198 4172
127.163877 1198 4172
127.167826 446 4172
127.167869 1198 4172
127.179885 1006 4172
127.187906 1198 4172
127.196058 1198 4172
127.196078 1198 4172
127.204209 750 4172
127.211898 1198 4172
127.220235 750 4172
127.227924 1198 4172
127.227969 1198 4172
127.236455 910 4172
127.243968 1198 4172
127.244014 1198 4172
127.252102 1198 4172
127.255903 1198 4172
127.268077 1198 4172
127.268121 1070 4172
127.275925 1198 4172
127.284085 1198 4172
127.292059 1198 4172
127.292144 1198 4172
127.300311 1198 4172
127.308024 1198 4172
127.316211 1198 4172
127.316261 1198 4172
127.323929 1198 4172
127.332197 1198 4172
127.339908 414 4172
127.339949 1198 4172
127.344004 238 4172
127.344057 1198 4172
127.355878 1198 4172
127.355927 1198 4172
127.371967 142 4172
127.372020 1198 4172
127.380069 1198 4172
127.387940 1198 4172
127.388067 1198 4172
127.396042 1182 4172
127.403936 1198 4172
127.412623 1198 4172
127.412679 1198 4172
127.419934 110 4172
127.419988 1198 4172
127.428316 1198 4172
127.431762 1198 4172
127.443942 1198 4172
127.451817 1198 4172
127.451870 1198 4172
127.460043 670 4172
127.467798 1198 4172
127.467841 1198 4172
127.476076 782 4172
127.484762 1198 4172
127.484805 1198 4172
127.492078 590 4172
127.492122 1198 4172
127.499928 1198 4172
127.508172 1198 4172
127.515936 1198 4172
127.515982 510 4172
127.519913 1198 4172
127.519955 1198 4172
127.531953 1198 4172
127.540200 1198 4172
127.547929 366 4172
127.548012 1198 4172
127.556217 1198 4172
127.556261 1198 4172
127.564011 1198 4172
127.572079 366 4172
127.572124 1198 4172
127.579931 1198 4172
127.588338 1198 4172
127.588462 1198 4172
127.595923 590 4172
127.604136 766 4172
127.607882 286 4172
127.607935 110 4172
127.696039 1198 4172
127.696115 110 4172
127.716541 110 4172
127.728463 126 4172
127.736371 126 4172
127.739855 126 4172
127.768401 126 4172
127.776318 126 4172
127.783918 126 4172
127.796415 126 4172
127.804005 126 4172
127.808322 110 4172
127.808374 126 4172
127.816332 126 4172
127.824846 126 4172
127.828043 1198 4172
127.828086 1198 4172
127.828125 1198 4172
127.828161 1198 4172
127.828215 286 4172
127.848403 302 4172
127.860389 830 4172
127.868319 126 4172
127.871853 126 4172
127.893436 1198 4172
127.893580 574 4172
127.901451 1198 4172
127.901497 910 4172
127.903942 1198 4172
127.903996 862 4172
127.909457 110 4172
127.915855 1198 4172
127.915906 686 4172
127.929431 1198 4172
127.929435 526 4172
127.941353 1198 4172
127.941446 174 4172
127.949289 1118 4172
127.949338 110 4172
127.949378 110 4172
127.949426 110 4172
127.959986 1198 4172
127.973317 1150 4172
127.985240 910 4172
127.993304 862 4172
128.004283 1150 4172
128.012508 110 4172
128.012551 1198 4172
128.012589 1198 4172
128.012625 1198 4172
128.012661 1198 4172
128.012697 1198 4172
128.012730 190 4172
128.020287 638 4172
128.029123 206 4172
128.041355 1070 4172
128.047861 1198 4172
128.047914 398 4172
128.065601 1198 4172
128.065655 1198 4172
128.065696 414 4172
128.073562 1198 4172
128.073613 1198 4172
128.073652 782 4172
128.085576 1198 4172
128.085620 1198 4172
128.085657 798 4172
128.091960 1198 4172
128.092006 1198 4172
128.092039 558 4172
128.104819 1198 4172
128.104871 1198 4172
128.104903 542 4172
128.117499 110 4172
128.117556 1198 4172
128.117603 1150 4172
128.125442 1198 4172
128.125494 926 4172
128.135963 1198 4172
128.135987 1006 4172
128.149428 1198 4172
128.149432 894 4172
128.157329 1198 4172
128.165479 1198 4172
128.165497 334 4172
128.173054 1198 4172
128.173102 782 4172
128.180063 1198 4172
128.180127 1182 4172
128.184490 318 4172
128.197155 382 4172
128.203998 1198 4172
128.204049 446 4172
128.217773 110 4172
128.217781 110 4172
128.217822 110 4172
128.217856 110 4172
128.217892 1198 4172
128.217929 1198 4172
128.217962 142 4172
128.223964 1198 4172
128.224004 1198 4172
128.224035 1198 4172
128.224066 1086 4172
128.233920 1198 4172
128.233960 1198 4172
128.233998 1198 4172
128.234031 1198 4172
128.234065 734 4172
128.239905 1198 4172
128.239953 1198 4172
128.239992 1198 4172
128.240027 1198 4172
128.247934 590 4172
128.255903 1198 4172
128.255946 1198 4172
128.263920 1198 4172
128.267845 1198 4172
128.267882 126 4172
128.267932 1198 4172
128.279930 1198 4172
128.287918 1198 4172
128.287957 1102 4172
128.295930 1198 4172
128.303987 1198 4172
128.304030 1198 4172
128.311912 558 4172
128.311957 1198 4172
128.319906 1198 4172
128.327962 1198 4172
128.328053 110 4172
128.335947 190 4172
128.335994 1198 4172
128.336045 1198 4172
128.343932 1198 4172
128.351949 1198 4172
128.356075 1198 4172
128.356126 1198 4172
128.367784 206 4172
128.367834 1198 4172
128.375902 1198 4172
128.375948 622 4172
128.383878 366 4172
128.383933 1198 4172
128.392024 1198 4172
128.392067 606 4172
128.399878 1198 4172
128.399921 1198 4172
128.407928 1198 4172
128.415890 382 4172
128.415944 110 4172
128.415987 1198 4172
128.424012 1198 4172
128.424052 158 4172
128.431892 1198 4172
128.431936 1198 4172
128.439941 110 4172
128.439994 1198 4172
128.443844 1198 4172
128.443887 1198 4172
128.455898 590 4172
128.455911 1198 4172
128.463887 1198 4172
128.471902 1198 4172
128.471949 1198 4172
128.479886 110 4172
128.479923 110 4172
128.479968 110 4172
128.480012 1198 4172
128.487912 1198 4172
128.495890 350 4172
128.495977 1198 4172
128.495980 1198 4172
128.503947 1198 4172
128.511902 1198 4172
128.511936 1198 4172
128.519906 110 4172
128.519958 1198 4172
128.527926 1198 4172
128.532045 1198 4172
128.532094 1198 4172
128.543947 1198 4172
128.551916 1198 4172
128.551958 1198 4172
128.559929 1198 4172
128.567913 974 4172
128.567958 1198 4172
128.575915 1198 4172
128.583909 1198 4172
128.583964 1198 4172
128.592031 1198 4172
128.599917 1198 4172
128.599999 494 4172
128.607929 1198 4172
128.607974 1198 4172
128.616021 110 4172
128.616060 1198 4172
128.619860 1198 4172
128.619906 1198 4172
128.631900 1198 4172
128.641355 318 4172
128.641485 1198 4172
128.648025 1198 4172
128.648070 1198 4172
128.655878 1198 4172
128.663910 1198 4172
128.664044 702 4172
128.671900 1198 4172
128.671941 1198 4172
128.679890 1198 4172
128.687886 1198 4172
128.687933 1198 4172
128.695919 206 4172
128.695959 1198 4172
128.703896 1198 4172
128.708223 1198 4172
128.708278 1198 4172
128.719943 110 4172
128.720061 1198 4172
128.727936 558 4172
128.727981 1198 4172
128.735884 1198 4172
128.735935 1198 4172
128.743957 1198 4172
128.751934 110 4172
128.752029 110 4172
128.752032 110 4172
128.752062 1198 4172
128.760002 286 4172
128.760046 1198 4172
128.760079 1198 4172
128.767889 1198 4172
128.775815 1198 4172
128.775862 334 4172
128.783886 1198 4172
128.783931 1198 4172
128.791932 1198 4172
128.795842 1198 4172
128.795893 462 4172
128.807901 1198 4172
128.815951 1198 4172
128.823920 1198 4172
128.823978 1198 4172
128.831889 430 4172
128.831932 1198 4172
128.839891 1198 4172
128.839929 1070 4172
128.847926 1198 4172
128.855892 1198 4172
128.855940 1198 4172
128.863881 1198 4172
128.871935 574 4172
128.879874 1198 4172
128.879919 1198 4172
128.884033 1198 4172
128.895964 1198 4172
128.896015 814 4172
128.903898 1198 4172
128.911890 1198 4172
128.911970 1198 4172
128.919900 1198 4172
128.927903 1198 4172
128.927947 1198 4172
128.935932 1198 4172
128.943880 1198 4172
128.943935 1198 4172
128.951950 1198 4172
128.959933 638 4172
128.959989 1198 4172
128.967896 1198 4172
128.967940 1198 4172
128.971831 1198 4172
128.983880 1198 4172
128.984062 1198 4172
128.991917 1198 4172
128.999895 1198 4172
128.999978 1198 4172
129.007887 1198 4172
129.016033 430 4172
129.016035 1198 4172
129.023877 110 4172
129.023936 110 4172
129.023979 110 4172
129.024020 1198 4172
129.031892 1198 4172
129.031932 1198 4172
129.039954 1198 4172
129.047885 1198 4172
129.055946 1198 4172
129.060042 1198 4172
129.060061 1198 4172
129.071942 286 4172
129.071952 1198 4172
129.079888 1198 4172
129.087881 1198 4172
129.095869 1198 4172
129.095909 1198 4172
129.103891 1198 4172
129.111976 1198 4172
129.119928 1198 4172
129.120061 1198 4172
129.127896 830 4172
129.127939 1198 4172
129.135889 1198 4172
129.143888 1198 4172
129.143938 1198 4172
129.147854 1198 4172
129.160050 1198 4172
129.160053 1198 4172
129.167875 1198 4172
129.175920 1198 4172
129.175990 1198 4172
129.183891 958 4172
129.191895 1198 4172
129.191960 1198 4172
129.199878 1198 4172
129.207901 1198 4172
129.207940 1198 4172
129.215964 1198 4172
129.223972 1198 4172
129.224017 1198 4172
129.231870 1198 4172
129.236062 318 4172
129.236112 1198 4172
129.247866 1198 4172
129.247951 1198 4172
129.263966 1198 4172
129.264002 1198 4172
129.272314 1198 4172
129.279894 1198 4172
129.279956 782 4172
129.287822 110 4172
129.287853 110 4172
129.287885 110 4172
129.287915 1198 4172
129.295777 1198 4172
129.295816 1198 4172
129.303808 1198 4172
129.311751 1198 4172
129.311789 1198 4172
129.322295 1198 4172
129.323940 1198 4172
129.323965 1198 4172
129.335924 1198 4172
129.343873 206 4172
129.343920 1198 4172
129.343958 1198 4172
129.351901 1198 4172
129.359882 1198 4172
129.359936 1198 4172
129.375905 1198 4172
129.375954 1198 4172
129.383869 862 4172
129.391903 1198 4172
129.391943 1198 4172
129.399914 1198 4172
129.407872 1198 4172
129.407904 1198 4172
129.412347 1198 4172
129.423931 1198 4172
129.424018 1198 4172
129.431968 254 4172
129.432004 1198 4172
129.439921 1198 4172
129.447899 1198 4172
129.447944 1198 4172
129.455892 1198 4172
129.463883 1198 4172
129.463963 1198 4172
129.471992 334 4172
129.472092 1198 4172
129.479877 1198 4172
129.479927 1198 4172
129.487866 1198 4172
129.495906 1198 4172
129.495955 1198 4172
129.499850 1198 4172
129.511895 1198 4172
129.511911 494 4172
129.519904 1198 4172
129.519943 1198 4172
129.528784 590 4172
129.528795 1198 4172
129.535899 1198 4172
129.543849 1198 4172
129.543897 1198 4172
129.551881 1198 4172
129.559946 990 4172
129.560045 110 4172
129.560048 110 4172
129.567880 1198 4172
129.567929 1198 4172
129.575933 1198 4172
129.588130 1198 4172
129.599921 1198 4172
129.599926 1198 4172
129.608033 1102 4172
129.631873 110 4172
129.676020 1198 4172
129.676023 1198 4172
129.719930 110 4172
129.807896 110 4172
129.851945 110 4172
129.852058 110 4172
129.852065 110 4172
130.111861 110 4172
130.111863 110 4172
130.111942 110 4172
130.375956 110 4172
130.639984 110 4172
130.683908 110 4172
130.728002 110 4172
130.948237 110 4172
131.211977 110 4172
131.476148 110 4172
131.607768 110 4172
131.723937 110 4172
131.739965 110 4172
132.004059 110 4172
132.267848 110 4172
132.615864 110 4172
132.747873 110 4172
133.623995 110 4172
133.711832 110 4172
134.627866 110 4172
134.715778 110 4172
134.935897 110 4172
135.639675 110 4172
135.727698 110 4172
136.639849 110 4172
136.727834 110 4172
137.603628 110 4172
137.647671 110 4172
137.735814 110 4172
138.607725 110 4172
138.735789 110 4172
139.607759 110 4172
139.739754 110 4172
140.619567 110 4172
140.707555 110 4172
141.619568 110 4172
142.623808 110 4172
142.711620 110 4172
142.927628 110 4172
143.619982 110 4172
143.747546 110 4172
144.623818 110 4172
144.711648 110 4172
145.583606 110 4172
145.627547 110 4172
145.715633 110 4172
146.639525 110 4172
146.727583 110 4172
146.850592 1198 4172
146.850678 1198 4172
146.850681 1198 4172
146.850715 1198 4172
146.850746 1198 4172
146.850774 1198 4172
146.850803 430 4172
146.859625 1198 4172
146.859667 1198 4172
146.859697 1198 4172
146.859725 1198 4172
146.859756 1198 4172
146.859785 1198 4172
146.874223 526 4172
146.875315 1198 4172
146.875354 1198 4172
146.875416 1198 4172
146.875465 1198 4172
146.879538 1198 4172
146.887569 1198 4172
146.895754 654 4172
146.895861 1198 4172
146.903920 1198 4172
146.911273 1198 4172
146.919536 1198 4172
146.919586 1198 4172
146.927649 846 4172
146.936067 1198 4172
146.936106 1198 4172
146.943504 1198 4172
146.951551 1198 4172
146.951592 126 4172
146.951621 1198 4172
146.959608 1198 4172
146.967558 1198 4172
146.967597 526 4172
146.976472 1198 4172
146.976622 1198 4172
146.983574 1198 4172
146.991590 1198 4172
146.991638 1198 4172
146.995606 398 4172
146.995689 1198 4172
147.007539 1198 4172
147.007628 1198 4172
147.015582 1198 4172
147.023772 1198 4172
147.023861 718 4172
147.031498 1198 4172
147.031536 1198 4172
147.039502 1198 4172
147.048267 1198 4172
147.048311 1134 4172
147.055548 1198 4172
147.063541 1198 4172
147.063578 1198 4172
147.071505 1198 4172
147.079583 1198 4172
147.079667 1198 4172
147.083566 542 4172
147.083613 1198 4172
147.096027 1198 4172
147.103524 1198 4172
147.103613 1198 4172
147.111636 1198 4172
147.119518 1118 4172
147.119611 1198 4172
147.127986 1198 4172
147.128115 1198 4172
147.135514 1198 4172
147.143537 1198 4172
147.143592 654 4172
147.151539 1198 4172
147.151582 1198 4172
147.159561 1198 4172
147.167475 1198 4172
147.167510 110 4172
147.167538 1198 4172
147.183479 1198 4172
147.183501 1198 4172
147.191553 1198 4172
147.199507 1198 4172
147.207502 1198 4172
147.215460 462 4172
147.215497 1198 4172
147.223514 1198 4172
147.223548 1198 4172
147.231513 1198 4172
147.231548 382 4172
147.239501 1198 4172
147.239548 1198 4172
147.247439 1198 4172
147.247473 1198 4172
147.255459 382 4172
147.255491 1198 4172
147.259504 1198 4172
147.271529 1198 4172
147.271605 1198 4172
147.279451 1198 4172
147.279486 1198 4172
147.287878 718 4172
147.288146 1198 4172
147.295733 1198 4172
147.305234 1198 4172
147.305754 766 4172
147.311530 1198 4172
147.311567 1198 4172
147.320793 734 4172
147.320831 1198 4172
147.324793 1198 4172
147.341736 1198 4172
147.341779 1198 4172
147.343476 1198 4172
147.343506 1198 4172
147.355540 1198 4172
147.360042 206 4172
147.360073 1198 4172
147.360106 1198 4172
147.369279 1198 4172
147.371696 1198 4172
147.371729 1198 4172
147.386457 910 4172
147.386494 1198 4172
147.391522 1198 4172
147.401848 1198 4172
147.401890 1198 4172
147.407488 1198 4172
147.407525 1198 4172
147.418431 1150 4172
147.423452 1198 4172
147.423531 1198 4172
147.439538 110 4172
147.439664 1198 4172
147.439677 1198 4172
147.449185 1198 4172
147.449221 1198 4172
147.456114 286 4172
147.456149 1198 4172
147.460582 1198 4172
147.461257 1198 4172
147.471468 1198 4172
147.482834 1198 4172
147.482857 894 4172
147.487446 1198 4172
147.487479 1198 4172
147.496639 1198 4172
147.503525 1198 4172
147.503554 350 4172
147.503582 1198 4172
147.512311 1198 4172
147.519466 1198 4172
147.519501 1198 4172
147.527576 1198 4172
147.536112 254 4172
147.536151 1198 4172
147.536178 1198 4172
147.543569 1198 4172
147.547929 1198 4172
147.547965 1198 4172
147.566516 1198 4172
147.566631 1198 4172
147.567513 142 4172
147.567546 862 4172
147.575697 1198 4172
147.575737 190 4172
147.575767 1198 4172
147.584448 1198 4172
147.592199 1198 4172
147.592234 974 4172
147.599654 1198 4172
147.599687 686 4172
147.607758 1198 4172
147.607807 782 4172
147.615574 110 4172
147.615633 1198 4172
147.615675 1198 4172
147.623592 1198 4172
147.631582 1198 4172
147.631626 1198 4172
147.635702 286 4172
147.635750 1198 4172
147.647665 1198 4172
147.647758 1198 4172
147.655600 1198 4172
147.655711 1198 4172
147.663562 638 4172
147.663615 1198 4172
147.671542 1198 4172
147.679576 1198 4172
147.679659 1198 4172
147.687552 702 4172
147.687598 1198 4172
147.695597 1198 4172
147.703577 110 4172
147.703651 1198 4172
147.711542 1198 4172
147.711580 334 4172
147.719602 110 4172
147.719648 1198 4172
147.719683 1198 4172
147.723445 1198 4172
147.735559 1198 4172
147.735677 1198 4172
147.743556 1198 4172
147.743611 1198 4172
147.751554 270 4172
147.751595 1198 4172
147.759647 1198 4172
147.759700 1198 4172
147.767575 1198 4172
147.775447 1198 4172
147.775500 1198 4172
147.783578 1198 4172
147.783618 638 4172
147.791556 1198 4172
147.791633 1198 4172
147.799455 1198 4172
147.807434 1198 4172
147.807514 1198 4172
147.811514 1198 4172
147.823655 990 4172
147.823738 1198 4172
147.831442 1198 4172
147.831480 1198 4172
147.847655 1198 4172
147.847744 1198 4172
147.855434 254 4172
147.855482 1198 4172
147.863541 1198 4172
147.863586 1198 4172
147.871464 1198 4172
147.879557 1198 4172
147.887577 1198 4172
147.887656 1198 4172
147.895554 174 4172
147.895604 1198 4172
147.899506 1198 4172
147.899552 1198 4172
147.911491 1198 4172
147.911574 1198 4172
147.919604 1198 4172
147.927591 1198 4172
147.927672 830 4172
147.935538 1198 4172
147.935575 1198 4172
147.943555 1198 4172
147.951566 1198 4172
147.951621 1198 4172
147.959556 1198 4172
147.959617 750 4172
147.967597 110 4172
147.967637 1198 4172
147.975550 1198 4172
147.975590 1198 4172
147.983567 1198 4172
147.987418 1198 4172
147.999549 1198 4172
147.999628 270 4172
147.999629 1198 4172
148.015590 1198 4172
148.015674 1198 4172
148.023529 1198 4172
148.031565 1198 4172
148.031646 1198 4172
148.039476 974 4172
148.039512 1198 4172
148.047613 1198 4172
148.055489 1198 4172
148.055565 1134 4172
148.063566 1198 4172
148.063621 1198 4172
148.071553 1198 4172
148.075523 1198 4172
148.075565 1198 4172
148.087612 1198 4172
148.095510 942 4172
148.095605 910 4172
148.103482 894 4172
148.103528 1198 4172
148.111553 654 4172
148.111594 1198 4172
148.119522 974 4172
148.119568 1198 4172
148.127600 142 4172
148.135506 1198 4172
148.135587 1198 4172
148.143472 302 4172
148.143509 542 4172
148.143539 1070 4172
148.163451 942 4172
148.163498 1070 4172
148.207470 1198 4172
148.207553 1198 4172
148.207580 926 4172
148.228690 110 4172
148.251457 222 4172
148.251494 350 4172
148.251525 1198 4172
148.251555 526 4172
148.263431 206 4172
148.295566 334 4172
148.295621 1198 4172
148.295653 1198 4172
148.295692 1054 4172
148.327957 1198 4172
148.327985 158 4172
148.328015 1198 4172
148.328044 574 4172
148.328073 1198 4172
148.328102 1198 4172
148.328137 1006 4172
148.339585 798 4172
148.383435 254 4172
148.383492 126 4172
148.396239 1198 4172
148.427585 254 4172
148.471607 782 4172
148.471675 1198 4172
148.471712 1198 4172
148.471768 558 4172
148.471807 1198 4172
148.471842 1198 4172
148.471877 1198 4172
148.471910 1006 4172
148.483971 1198 4172
148.484016 1198 4172
148.484055 926 4172
148.484129 1198 4172
148.496265 382 4172
148.496349 110 4172
148.496426 238 4172
148.515605 1006 4172
148.542418 1198 4172
148.542478 1198 4172
148.542522 1198 4172
148.542557 686 4172
148.559493 1198 4172
148.596950 638 4172
148.596986 1198 4172
148.597069 1198 4172
148.597098 238 4172
148.603395 1198 4172
148.603438 1038 4172
148.647510 110 4172
148.704179 1198 4172
148.735581 110 4172
148.764965 702 4172
148.764990 110 4172
148.779534 366 4172
148.804056 1198 4172
148.822239 110 4172
148.904069 398 4172
148.911395 110 4172
148.955387 318 4172
148.955428 1150 4172
148.964084 302 4172
148.982324 1198 4172
148.982357 462 4172
148.984199 1198 4172
148.995233 622 4172
148.996085 270 4172
