0.134162 1198 4172
0.134275 1198 4172
0.134315 1198 4172
0.134353 366 4172
0.134392 622 4172
0.222074 110 4172
0.482145 110 4172
0.614043 1198 4172
0.614065 1198 4172
0.614094 1054 4172
0.614121 1134 4172
0.614151 1102 4172
0.614178 1198 4172
0.614205 382 4172
0.614228 1198 4172
0.614255 158 4172
0.614284 1198 4172
0.614309 222 4172
0.614336 1198 4172
0.614362 398 4172
0.614388 1198 4172
0.614415 1198 4172
0.614441 446 4172
0.614470 158 4172
0.643945 1134 4172
0.651670 1198 4172
0.651691 1198 4172
0.651726 1198 4172
0.651755 1198 4172
0.651784 1198 4172
0.651813 926 4172
0.651842 1198 4172
0.651873 1198 4172
0.651897 1198 4172
0.651926 1198 4172
0.651952 1198 4172
0.651980 1198 4172
0.652006 1198 4172
0.652033 1198 4172
0.652058 1198 4172
0.652089 1198 4172
0.652113 1198 4172
0.652142 1198 4172
0.652171 1198 4172
0.652200 1198 4172
0.652225 1198 4172
0.652250 1182 4172
0.658230 1198 4172
0.658265 1198 4172
0.658298 1198 4172
0.658323 1198 4172
0.658351 1198 4172
0.658377 1198 4172
0.658402 1198 4172
0.658426 1198 4172
0.658462 1198 4172
0.658477 1198 4172
0.658505 1198 4172
0.658531 1198 4172
0.658555 110 4172
0.667734 414 4172
0.667764 158 4172
0.667796 382 4172
0.667827 1198 4172
0.667861 1198 4172
0.667889 1198 4172
0.667921 1198 4172
0.667948 1198 4172
0.667981 1198 4172
0.668016 1198 4172
0.668051 1198 4172
0.668082 1198 4172
0.668113 1198 4172
0.668146 1198 4172
0.668177 1198 4172
0.668210 1198 4172
0.668243 1198 4172
0.668275 1198 4172
0.674177 1198 4172
0.674215 1198 4172
0.674251 1006 4172
0.674286 1198 4172
0.674318 1198 4172
0.674351 1198 4172
0.682223 1198 4172
0.682250 1198 4172
0.682280 1198 4172
0.682318 1198 4172
0.682349 1198 4172
0.690130 1198 4172
0.690160 1198 4172
0.690211 1198 4172
0.690245 1198 4172
0.698094 1198 4172
0.698136 1198 4172
0.698171 1198 4172
0.702030 1198 4172
0.702082 1198 4172
0.702123 1134 4172
0.715071 1198 4172
0.715126 1198 4172
0.715164 1198 4172
0.722138 1198 4172
0.722268 1198 4172
0.722312 1198 4172
0.731467 1198 4172
0.731492 1198 4172
0.731528 1198 4172
0.738088 1198 4172
0.738180 1198 4172
0.738217 1198 4172
0.747240 110 4172
0.747277 1198 4172
0.747326 1198 4172
0.754084 1198 4172
0.754123 1198 4172
0.754153 1198 4172
0.762244 1198 4172
0.762292 1198 4172
0.762322 1198 4172
0.770129 1198 4172
0.770163 1198 4172
0.770196 1118 4172
0.778209 1198 4172
0.778244 1198 4172
0.778278 1198 4172
0.786143 1198 4172
0.786175 1198 4172
0.786205 1198 4172
0.790002 366 4172
0.790041 1198 4172
0.790076 1198 4172
0.790113 1198 4172
0.802159 1198 4172
0.802213 1198 4172
0.802256 478 4172
0.802295 414 4172
0.810146 1198 4172
0.810176 286 4172
0.810212 174 4172
0.810254 1198 4172
0.810284 1198 4172
0.818067 1198 4172
0.818113 1198 4172
0.818154 1102 4172
0.826108 1198 4172
0.826159 1198 4172
0.826201 1198 4172
0.834121 1198 4172
0.834150 1198 4172
0.834191 1198 4172
0.842163 206 4172
0.842197 1198 4172
0.850147 1198 4172
0.850242 1198 4172
0.850286 1198 4172
0.858232 1198 4172
0.858271 1198 4172
0.858307 1198 4172
0.866121 1182 4172
0.866165 1198 4172
0.866203 702 4172
0.866240 1198 4172
0.874703 1198 4172
0.874735 1198 4172
0.874791 1198 4172
0.878072 1198 4172
0.878108 1198 4172
0.878140 254 4172
0.890339 1198 4172
0.890371 1198 4172
0.890400 1198 4172
0.922126 1198 4172
0.922161 1198 4172
0.922194 494 4172
0.922229 158 4172
0.922262 158 4172
0.922295 830 4172
0.966014 110 4172
1.010043 110 4172
1.054018 110 4172
1.262152 190 4172
1.270079 110 4172
1.578082 110 4172
1.842104 110 4172
1.886103 174 4172
1.886256 190 4172
1.929996 110 4172
2.043978 110 4172
2.062122 174 4172
2.062235 190 4172
2.106105 110 4172
2.366043 110 4172
2.626103 110 4172
2.670217 190 4172
2.875852 110 4172
2.886106 142 4172
2.970069 110 4172
3.058085 110 4172
3.186056 110 4172
3.442104 110 4172
3.486103 142 4172
3.486107 142 4172
3.694204 142 4172
3.702029 110 4172
3.790128 142 4172
3.878096 142 4172
3.966154 110 4172
4.054140 110 4172
4.138249 142 4172
4.530084 142 4172
4.530185 142 4172
4.750155 142 4172
4.922076 142 4172
4.966077 110 4172
5.010135 142 4172
5.054087 110 4172
5.130141 142 4172
5.141987 110 4172
5.574053 142 4172
5.574141 142 4172
5.750131 142 4172
5.750221 142 4172
5.962142 110 4172
6.049960 110 4172
6.350044 142 4172
6.350106 142 4172
6.394063 110 4172
6.570229 142 4172
6.746143 142 4172
6.834225 142 4172
6.966198 110 4172
7.010029 142 4172
7.054048 110 4172
7.142029 110 4172
7.614110 142 4172
7.614133 142 4172
7.786107 142 4172
7.786204 142 4172
7.962085 110 4172
8.050131 110 4172
8.398084 142 4172
8.398163 142 4172
8.618116 142 4172
8.618149 142 4172
8.970702 110 4172
9.014106 142 4172
9.014215 142 4172
9.050107 110 4172
9.058005 110 4172
9.146051 110 4172
9.190064 142 4172
9.190144 142 4172
9.626109 142 4172
9.626199 142 4172
9.846067 142 4172
9.846134 142 4172
9.934038 110 4172
10.066143 110 4172
10.418020 142 4172
10.418097 142 4172
10.638072 142 4172
10.638156 142 4172
10.814169 382 4172
10.814197 318 4172
10.946025 110 4172
11.034014 110 4172
11.470076 142 4172
11.470136 142 4172
11.645991 142 4172
11.645994 142 4172
11.774083 110 4172
11.950086 110 4172
12.038087 110 4172
12.473992 142 4172
12.474072 142 4172
12.650055 142 4172
12.650098 142 4172
12.954088 110 4172
13.042049 110 4172
13.482035 142 4172
13.482101 142 4172
13.702052 142 4172
13.702165 142 4172
13.966006 110 4172
14.054039 110 4172
14.494109 110 4172
14.538067 142 4172
14.538150 142 4172
14.709943 142 4172
14.709987 142 4172
14.973989 110 4172
15.062059 110 4172
15.326044 142 4172
15.546020 142 4172
15.930099 142 4172
15.930168 142 4172
15.941899 110 4172
16.074111 110 4172
16.117994 142 4172
16.118072 142 4172
16.162009 110 4172
16.558007 142 4172
16.558067 142 4172
16.734045 142 4172
16.734141 142 4172
16.954015 110 4172
17.042026 110 4172
17.130053 110 4172
17.562023 142 4172
17.562106 142 4172
17.782023 142 4172
17.782035 142 4172
17.957971 110 4172
18.045941 110 4172
18.350033 142 4172
18.350075 142 4172
18.614072 142 4172
18.614164 142 4172
18.966008 110 4172
19.009946 142 4172
19.054063 110 4172
19.098030 142 4172
19.185949 142 4172
19.186009 142 4172
19.406080 142 4172
19.775730 110 4172
19.801974 142 4172
19.802026 142 4172
19.933977 110 4172
19.977984 142 4172
19.978068 142 4172
20.066072 110 4172
20.154078 110 4172
20.562053 60 60000
20.593935 142 4172
20.594051 142 4172
20.681944 158 4172
20.682006 350 4172
20.682039 638 4172
20.682067 158 4172
20.682096 158 4172
20.682124 158 4172
20.682149 158 4172
20.682176 158 4172
20.726182 126 4172
20.789009 1198 4172
20.789090 1198 4172
20.789371 1198 4172
20.789407 1198 4172
20.789435 1198 4172
20.789460 1198 4172
20.789542 1198 4172
20.789580 1198 4172
20.789610 1198 4172
20.789637 238 4172
20.800267 1198 4172
20.803153 1198 4172
20.803833 1198 4172
20.803874 1198 4172
20.803987 1198 4172
20.804022 1198 4172
20.804052 1198 4172
20.804077 1198 4172
20.804106 1038 4172
20.804151 1198 4172
20.805999 1198 4172
20.806040 1198 4172
20.806096 1198 4172
20.806125 1198 4172
20.806150 1198 4172
20.806178 1198 4172
20.806210 1198 4172
20.814462 1198 4172
20.814631 1198 4172
20.814667 1198 4172
20.814696 510 4172
20.814722 1198 4172
20.824792 1198 4172
20.824888 1198 4172
20.824909 1198 4172
20.827860 1198 4172
20.827895 1198 4172
20.827926 1198 4172
20.839571 1198 4172
20.839872 1198 4172
20.839909 1198 4172
20.846046 1198 4172
20.846074 318 4172
20.846104 1198 4172
20.857482 1198 4172
20.866984 1198 4172
20.867318 1198 4172
20.867364 1198 4172
20.870107 1198 4172
20.870133 1198 4172
20.870162 1198 4172
20.870213 1198 4172
20.878012 1198 4172
20.878050 382 4172
20.878080 1198 4172
20.878108 1198 4172
20.886594 1198 4172
20.886672 1198 4172
20.886698 1198 4172
20.894121 1198 4172
20.894160 1198 4172
20.894188 1198 4172
20.917346 1198 4172
20.928968 1198 4172
20.933964 510 4172
20.934954 1198 4172
20.942008 1198 4172
20.942119 1198 4172
20.942155 1198 4172
20.942191 1198 4172
20.942220 1198 4172
20.942247 1198 4172
20.942277 670 4172
20.942305 1198 4172
20.942328 1198 4172
20.942382 1198 4172
20.942412 1198 4172
20.942445 110 4172
20.942475 1198 4172
20.942511 1198 4172
20.942544 1198 4172
20.950205 1198 4172
20.950230 1198 4172
20.950258 494 4172
20.950287 1198 4172
20.958072 1198 4172
20.958101 1198 4172
20.958133 1198 4172
20.966301 1198 4172
20.966529 1198 4172
20.966739 1198 4172
20.973979 1198 4172
20.974000 1198 4172
20.974032 1198 4172
20.982029 1198 4172
20.982055 1198 4172
20.982157 334 4172
20.982197 1198 4172
20.990044 1198 4172
20.990070 1198 4172
20.990098 1198 4172
20.997960 1198 4172
20.997997 1198 4172
20.998017 1198 4172
21.007992 1198 4172
21.008139 1198 4172
21.008393 1198 4172
21.017071 1198 4172
21.017120 286 4172
21.017154 1198 4172
21.025027 1198 4172
21.025323 1198 4172
21.025359 1198 4172
21.025387 1198 4172
21.029952 1198 4172
21.029991 1198 4172
21.030105 1198 4172
21.038140 1198 4172
21.038185 1198 4172
21.038213 958 4172
21.046358 1198 4172
21.046401 1198 4172
21.046433 110 4172
21.046464 1198 4172
21.054005 1198 4172
21.054040 1198 4172
21.054060 1198 4172
21.059853 1198 4172
21.059920 1198 4172
21.059951 1198 4172
21.070308 606 4172
21.070409 1198 4172
21.070430 1198 4172
21.077928 1198 4172
21.077963 1198 4172
21.077990 1198 4172
21.088825 1198 4172
21.088951 1198 4172
21.088971 1198 4172
21.093962 126 4172
21.094005 1198 4172
21.094056 1198 4172
21.094086 1198 4172
21.102078 110 4172
21.102101 1198 4172
21.102130 1198 4172
21.102161 1198 4172
21.111029 1198 4172
21.111052 1198 4172
21.111074 1022 4172
21.111109 1198 4172
21.119983 1198 4172
21.120032 1198 4172
21.120060 1198 4172
21.125945 1198 4172
21.125966 1198 4172
21.125999 1198 4172
21.134292 1198 4172
21.134357 1198 4172
21.134386 1198 4172
21.141940 110 4172
21.141969 270 4172
21.141997 1198 4172
21.142024 1198 4172
21.158086 1198 4172
21.159850 1198 4172
21.160003 1198 4172
21.162941 1198 4172
21.164677 1198 4172
21.164712 174 4172
21.164744 382 4172
21.164773 238 4172
21.164801 366 4172
21.164830 478 4172
21.164862 462 4172
21.164890 510 4172
21.164918 1198 4172
21.169956 1198 4172
21.169989 990 4172
21.188375 334 4172
21.188458 1198 4172
21.188461 1198 4172
21.188494 974 4172
21.189885 1198 4172
21.189926 878 4172
21.189958 510 4172
21.189986 494 4172
21.190015 494 4172
21.190043 510 4172
21.190068 558 4172
21.190094 1198 4172
21.190120 1198 4172
21.195871 1198 4172
21.195908 1198 4172
21.205436 430 4172
21.205653 574 4172
21.205741 974 4172
21.205914 174 4172
21.206203 174 4172
21.206239 174 4172
21.206269 174 4172
21.206295 174 4172
21.206340 174 4172
21.209930 174 4172
21.209965 1198 4172
21.209998 1198 4172
21.210028 1198 4172
21.217941 542 4172
21.217988 1198 4172
21.218022 1198 4172
21.225995 1198 4172
21.229950 686 4172
21.231461 1198 4172
21.231525 894 4172
21.237767 174 4172
21.239160 174 4172
21.239283 174 4172
21.239362 174 4172
21.239537 174 4172
21.239568 1198 4172
21.239594 1198 4172
21.239637 1198 4172
21.242159 1198 4172
21.242193 158 4172
21.242220 174 4172
21.242246 174 4172
21.245955 174 4172
21.245989 174 4172
21.246017 174 4172
21.246042 174 4172
21.246068 174 4172
21.246092 1198 4172
21.246135 1198 4172
21.246161 1198 4172
21.253972 1198 4172
21.268337 1198 4172
21.268385 686 4172
21.274301 1198 4172
21.274343 894 4172
21.274381 174 4172
21.274913 174 4172
21.274946 174 4172
21.274978 1198 4172
21.275008 1198 4172
21.275058 1198 4172
21.275817 60 60000
21.277911 1198 4172
21.291175 1198 4172
21.291178 1198 4172
21.291205 1198 4172
21.293916 1198 4172
21.293977 174 4172
21.293992 174 4172
21.294021 1198 4172
21.301951 1198 4172
21.301995 1198 4172
21.339323 590 4172
21.339346 1198 4172
21.339379 238 4172
21.339410 1022 4172
21.357936 1198 4172
21.381889 110 4172
21.445431 126 4172
21.450407 542 4172
21.462270 126 4172
21.475946 126 4172
21.510488 334 4172
21.510496 1198 4172
21.510575 718 4172
21.517879 1198 4172
21.517938 1198 4172
21.517971 1198 4172
21.518005 1198 4172
21.518036 126 4172
21.607071 1198 4172
21.607107 1198 4172
21.607136 254 4172
21.607164 302 4172
21.607197 1198 4172
21.607222 1198 4172
21.607250 1198 4172
21.607278 1134 4172
21.607304 238 4172
21.629958 1198 4172
21.630035 158 4172
21.640827 110 4172
21.649956 1166 4172
21.685361 366 4172
21.693992 1198 4172
21.738982 1198 4172
21.739059 174 4172
21.914213 110 4172
21.957897 110 4172
22.045906 110 4172
22.222089 110 4172
22.482063 110 4172
22.746142 110 4172
22.966056 110 4172
23.010049 110 4172
23.053955 110 4172
23.273981 110 4172
23.537998 110 4172
23.846136 110 4172
23.933951 110 4172
24.066019 110 4172
24.109949 110 4172
24.945954 110 4172
25.034078 110 4172
25.957951 110 4172
26.045880 110 4172
26.749964 110 4172
26.970023 110 4172
27.973966 110 4172
28.061981 110 4172
28.937984 110 4172
29.065947 110 4172
29.413929 110 4172
29.941878 110 4172
30.073940 110 4172
31.042148 110 4172
31.965914 110 4172
32.053948 110 4172
32.142305 110 4172
32.933881 110 4172
33.066058 110 4172
33.945947 110 4172
34.033895 110 4172
34.825950 110 4172
34.957998 110 4172
35.045916 110 4172
35.970028 110 4172
36.058017 110 4172
36.973865 110 4172
37.062015 110 4172
37.937991 110 4172
38.070068 110 4172
38.949885 110 4172
39.037937 110 4172
39.957834 110 4172
40.046100 110 4172
40.177886 110 4172
40.970086 110 4172
41.057908 110 4172
41.389115 1198 4172
41.389134 1198 4172
41.389176 1198 4172
41.389212 1198 4172
41.389250 1198 4172
41.389288 1198 4172
41.389322 1198 4172
41.389357 1198 4172
41.389398 1198 4172
41.389477 1198 4172
41.389520 622 4172
41.393865 1198 4172
41.393910 1198 4172
41.393952 1198 4172
41.393994 1198 4172
41.394040 1198 4172
41.394082 1198 4172
41.394119 1006 4172
41.408622 1198 4172
41.408725 1198 4172
41.408759 1198 4172
41.408799 1198 4172
41.408822 1198 4172
41.408853 1198 4172
41.408883 1198 4172
41.408913 1166 4172
41.410291 1198 4172
41.410331 1198 4172
41.410361 1198 4172
41.410391 1198 4172
41.410421 1198 4172
41.410451 1198 4172
41.410482 1198 4172
41.410512 1198 4172
41.410541 174 4172
41.410574 1198 4172
41.410603 1198 4172
41.424234 1198 4172
41.424260 1198 4172
41.429767 1198 4172
41.429811 1198 4172
41.429847 1198 4172
41.429880 1198 4172
41.440324 1198 4172
41.440364 1198 4172
41.440398 398 4172
41.440427 1198 4172
41.445791 1198 4172
41.445820 1198 4172
41.445852 1198 4172
41.453806 1198 4172
41.453857 1198 4172
41.453868 1198 4172
41.461796 1198 4172
41.461837 878 4172
41.461901 1198 4172
41.470132 1198 4172
41.470193 1198 4172
41.477829 1198 4172
41.477905 1198 4172
41.477938 878 4172
41.485845 1198 4172
41.485887 1198 4172
41.493851 1198 4172
41.493897 1198 4172
41.493939 1198 4172
41.493977 1198 4172
41.497841 1198 4172
41.497887 1198 4172
41.497922 1198 4172
41.509912 110 4172
41.509965 1198 4172
41.510008 1198 4172
41.510049 1198 4172
41.517895 1198 4172
41.517929 862 4172
41.517976 1198 4172
41.518015 1198 4172
41.525845 1198 4172
41.525891 1198 4172
41.525924 1198 4172
41.530984 60 60000
41.533764 1198 4172
41.533808 1198 4172
41.533854 1198 4172
41.541760 1198 4172
41.541803 1198 4172
41.541844 1198 4172
41.549735 1198 4172
41.549776 942 4172
41.549814 1198 4172
41.549848 1198 4172
41.557786 1198 4172
41.557824 1198 4172
41.557852 1198 4172
41.566001 1198 4172
41.566032 1198 4172
41.566074 1198 4172
41.573883 1198 4172
41.573926 1198 4172
41.573963 1198 4172
41.581892 398 4172
41.581929 1198 4172
41.581972 1198 4172
41.585796 1198 4172
41.585849 1198 4172
41.585887 1198 4172
41.585923 1198 4172
41.597891 1198 4172
41.597942 718 4172
41.597986 1198 4172
41.605878 1198 4172
41.605918 1198 4172
41.613821 1198 4172
41.613850 1198 4172
41.613886 1198 4172
41.613919 1198 4172
41.621862 1198 4172
41.621914 1198 4172
41.629827 750 4172
41.629866 1198 4172
41.629899 1198 4172
41.629930 1198 4172
41.637881 1198 4172
41.637930 1198 4172
41.637975 1198 4172
41.645831 1198 4172
41.645878 1198 4172
41.645897 1198 4172
41.653824 782 4172
41.653858 1198 4172
41.653898 1198 4172
41.653936 1198 4172
41.661813 1198 4172
41.661835 1198 4172
41.661868 1198 4172
41.669822 1198 4172
41.669859 1086 4172
41.669880 1198 4172
41.669908 1198 4172
41.673744 1198 4172
41.673780 1198 4172
41.673809 1198 4172
41.685971 526 4172
41.688215 1198 4172
41.688267 1198 4172
41.688302 1198 4172
41.693930 1198 4172
41.693963 1198 4172
41.694000 1198 4172
41.701854 1198 4172
41.701899 1198 4172
41.701936 1198 4172
41.701971 814 4172
41.709806 254 4172
41.709856 222 4172
41.709915 238 4172
41.709960 270 4172
41.710001 238 4172
41.710036 254 4172
41.710076 1198 4172
41.710119 878 4172
41.717824 590 4172
41.717869 238 4172
41.717912 238 4172
41.717951 238 4172
41.717998 222 4172
41.718030 302 4172
41.718068 222 4172
41.729918 254 4172
41.729945 1198 4172
41.729991 1198 4172
41.730033 1198 4172
41.730123 1198 4172
41.730164 1198 4172
41.761860 1198 4172
41.761945 174 4172
41.761985 654 4172
41.771491 1198 4172
41.771563 110 4172
41.805797 126 4172
41.849819 126 4172
41.930602 158 4172
41.930624 174 4172
41.930654 206 4172
41.930681 158 4172
41.930709 158 4172
41.930745 158 4172
41.930777 158 4172
41.930807 158 4172
41.956981 110 4172
41.965095 1198 4172
41.965114 1198 4172
41.965141 1198 4172
41.965168 1198 4172
41.965193 1198 4172
41.965219 1198 4172
41.965244 1198 4172
41.965269 1198 4172
41.965293 1198 4172
41.965318 1150 4172
41.965344 1198 4172
41.965369 1198 4172
41.965393 1198 4172
41.965419 1198 4172
41.965442 1198 4172
41.965469 1198 4172
41.965496 1198 4172
41.965520 1198 4172
41.965544 1198 4172
41.965568 494 4172
41.965681 1198 4172
41.965717 1198 4172
41.965743 1198 4172
41.965768 1198 4172
41.973880 1198 4172
41.973917 1198 4172
41.973937 1198 4172
41.973963 1198 4172
41.973989 1198 4172
41.974014 1198 4172
41.974047 942 4172
41.980695 1198 4172
41.988439 1198 4172
41.989310 1198 4172
41.989798 1198 4172
41.990144 1198 4172
41.990240 1198 4172
41.990280 1198 4172
41.990388 1198 4172
41.994357 1198 4172
41.994424 1198 4172
42.003008 1198 4172
42.005323 958 4172
42.005352 1198 4172
42.005377 1198 4172
42.006330 1198 4172
42.006391 1198 4172
42.006423 1198 4172
42.026698 1198 4172
42.028133 1198 4172
42.028499 1198 4172
42.036919 1198 4172
42.037029 1198 4172
42.037068 1198 4172
42.037097 222 4172
42.037131 1198 4172
42.037160 1198 4172
42.037188 110 4172
42.037217 1198 4172
42.045070 1198 4172
42.045098 1198 4172
42.045130 1198 4172
42.049876 126 4172
42.049921 110 4172
42.049952 1198 4172
42.049986 1198 4172
42.050016 1198 4172
42.050061 1198 4172
42.072212 862 4172
42.073273 1198 4172
42.073340 1198 4172
42.086347 1198 4172
42.091901 1198 4172
42.092572 1198 4172
42.093037 1198 4172
42.093158 1198 4172
42.093194 1198 4172
42.093226 1198 4172
42.093252 1198 4172
42.093280 1198 4172
42.093304 1198 4172
42.093330 1198 4172
42.093355 1198 4172
42.093386 1198 4172
42.093411 1198 4172
42.097847 1198 4172
42.097888 1198 4172
42.097917 718 4172
42.097946 1198 4172
42.104631 1198 4172
42.104669 1198 4172
42.104699 1198 4172
42.115058 1198 4172
42.115154 1198 4172
42.115176 1198 4172
42.121969 206 4172
42.122001 1198 4172
42.122031 1198 4172
42.122063 1198 4172
42.122094 1198 4172
42.133207 718 4172
42.133250 1198 4172
42.133276 1198 4172
42.140291 1198 4172
42.140325 1198 4172
42.140353 1198 4172
42.140380 1198 4172
42.147194 1198 4172
42.147483 1198 4172
42.147517 1198 4172
42.154103 1198 4172
42.154144 1198 4172
42.154176 942 4172
42.154206 1198 4172
42.163010 1198 4172
42.163045 1198 4172
42.163074 1198 4172
42.173939 1198 4172
42.174057 1198 4172
42.174082 1198 4172
42.174107 1198 4172
42.179079 1198 4172
42.179117 1198 4172
42.179150 1198 4172
42.189125 1118 4172
42.189235 1198 4172
42.189257 1198 4172
42.189282 1198 4172
42.193931 1198 4172
42.193956 1198 4172
42.193989 1198 4172
42.211063 1198 4172
42.212006 1198 4172
42.212091 1198 4172
42.212121 894 4172
42.229624 1198 4172
42.229701 1198 4172
42.229728 1198 4172
42.229757 1198 4172
42.229794 1198 4172
42.229822 1198 4172
42.229859 1198 4172
42.234776 270 4172
42.234829 1198 4172
42.234868 1198 4172
42.243833 1198 4172
42.243870 1198 4172
42.243900 1198 4172
42.243947 1198 4172
42.248618 1198 4172
42.248685 110 4172
42.248720 1198 4172
42.248748 1038 4172
42.248778 1198 4172
42.248806 1198 4172
42.248833 1198 4172
42.274590 1198 4172
42.274620 1198 4172
42.274643 1198 4172
42.274670 1198 4172
42.274695 1198 4172
42.274721 1198 4172
42.274748 1198 4172
42.290323 654 4172
42.291356 1198 4172
42.291522 1198 4172
42.291622 1198 4172
42.291653 1198 4172
42.291681 1198 4172
42.307919 1198 4172
42.308090 1198 4172
42.308120 1198 4172
42.308146 1198 4172
42.308171 1198 4172
42.308196 1070 4172
42.308221 1198 4172
42.309856 1198 4172
42.309889 1198 4172
42.309928 110 4172
42.309959 1198 4172
42.309987 1198 4172
42.310014 1198 4172
42.310044 1198 4172
42.310073 1198 4172
42.322125 1118 4172
42.322220 174 4172
42.322239 174 4172
42.322263 174 4172
42.322291 174 4172
42.322317 174 4172
42.322343 174 4172
42.325704 174 4172
42.325735 542 4172
42.325768 1198 4172
42.325798 1198 4172
42.325825 414 4172
42.325858 1118 4172
42.325887 174 4172
42.331840 398 4172
42.331875 558 4172
42.331907 1198 4172
42.331933 526 4172
42.337882 542 4172
42.337913 1198 4172
42.341702 60 60000
42.347054 1198 4172
42.347089 1198 4172
42.347122 558 4172
42.355416 958 4172
42.355451 254 4172
42.355480 190 4172
42.355505 190 4172
42.355531 190 4172
42.355556 190 4172
42.355583 190 4172
42.358645 190 4172
42.358678 1198 4172
42.358706 798 4172
42.361883 1198 4172
42.361956 1198 4172
42.361984 1006 4172
42.362013 1198 4172
42.362038 158 4172
42.374254 190 4172
42.376737 190 4172
42.380113 190 4172
42.380190 190 4172
42.380226 190 4172
42.380257 1198 4172
42.380291 1198 4172
42.380321 1198 4172
42.380349 1198 4172
42.380376 430 4172
42.380405 174 4172
42.380430 174 4172
42.380457 174 4172
42.382766 1198 4172
42.382803 174 4172
42.382835 174 4172
42.382862 174 4172
42.386205 174 4172
42.386238 174 4172
42.386264 174 4172
42.390081 174 4172
42.390126 174 4172
42.390155 174 4172
42.393927 174 4172
42.393956 174 4172
42.393982 174 4172
42.394011 1198 4172
42.394042 1198 4172
42.394071 1198 4172
42.394101 1198 4172
42.394127 430 4172
42.408969 126 4172
42.416958 1038 4172
42.576840 110 4172
42.576869 110 4172
42.577126 110 4172
42.587793 1198 4172
42.589685 1198 4172
42.589754 750 4172
42.607901 1198 4172
42.607942 430 4172
42.636328 382 4172
42.677720 206 4172
42.677818 174 4172
42.677852 238 4172
42.849841 110 4172
42.938175 110 4172
43.069872 110 4172
43.114086 110 4172
43.377863 110 4172
43.642137 110 4172
43.930522 110 4172
43.949837 110 4172
44.037920 110 4172
44.213883 110 4172
44.477850 110 4172
44.741788 110 4172
44.962075 110 4172
45.030639 110 4172
45.049969 110 4172
45.313886 110 4172
45.973907 110 4172
46.061824 110 4172
46.937909 110 4172
47.069852 110 4172
47.949915 110 4172
47.993997 110 4172
48.037786 110 4172
48.957925 110 4172
49.046113 110 4172
49.965796 110 4172
50.053847 110 4172
50.665855 110 4172
50.973825 110 4172
51.061805 110 4172
51.941741 110 4172
52.073836 110 4172
52.953805 110 4172
53.041794 110 4172
53.305956 110 4172
53.961847 110 4172
54.049725 110 4172
54.965763 110 4172
55.053711 110 4172
55.934066 110 4172
55.977774 110 4172
56.065796 110 4172
56.945761 110 4172
57.033589 110 4172
58.045621 110 4172
58.661706 110 4172
58.969750 110 4172
59.057768 110 4172
59.933691 110 4172
60.065700 110 4172
60.945622 110 4172
61.033779 110 4172
61.429689 110 4172
61.949685 110 4172
62.037658 110 4172
62.496789 1198 4172
62.496820 1198 4172
62.496854 1198 4172
62.496890 1198 4172
62.496923 1198 4172
62.496963 1198 4172
62.496996 1198 4172
62.497029 1198 4172
62.497062 1198 4172
62.497097 1198 4172
62.497134 1198 4172
62.497195 1134 4172
62.501612 1198 4172
62.501648 1198 4172
62.501675 1198 4172
62.501708 1198 4172
62.501739 1198 4172
62.501769 1198 4172
62.501799 1198 4172
62.501829 1198 4172
62.501859 1198 4172
62.501889 1198 4172
62.501919 1198 4172
62.501948 1198 4172
62.516551 1198 4172
62.516567 1198 4172
62.516599 1198 4172
62.516630 1198 4172
62.516660 1198 4172
62.516729 1198 4172
62.516761 1198 4172
62.516790 1198 4172
62.525057 1198 4172
62.525111 1198 4172
62.525155 1198 4172
62.525190 862 4172
62.525228 1198 4172
62.525265 1198 4172
62.525302 1198 4172
62.525571 1198 4172
62.525614 1198 4172
62.537855 1198 4172
62.537888 1198 4172
62.537913 1198 4172
62.537939 1198 4172
62.545650 1198 4172
62.545685 542 4172
62.545724 1198 4172
62.545759 1198 4172
62.553815 1198 4172
62.553848 1198 4172
62.561688 1198 4172
62.561734 1198 4172
62.561775 1198 4172
62.561812 1198 4172
62.569718 1198 4172
62.569765 366 4172
62.569801 1198 4172
62.577708 1198 4172
62.577773 1198 4172
62.577811 1198 4172
62.577847 1198 4172
62.585634 1198 4172
62.585677 1198 4172
62.585719 1198 4172
62.593665 1198 4172
62.593707 1198 4172
62.593744 1198 4172
62.593780 1022 4172
62.601788 1198 4172
62.601817 1198 4172
62.601850 1198 4172
62.601884 1198 4172
62.602081 60 60000
62.609652 1198 4172
62.609697 1198 4172
62.613529 1198 4172
62.613587 1198 4172
62.613628 1198 4172
62.613661 1198 4172
62.625642 1198 4172
62.625692 1198 4172
62.633715 1198 4172
62.633759 1198 4172
62.633791 1198 4172
62.633822 1198 4172
62.641699 1198 4172
62.641736 1198 4172
62.641779 1198 4172
62.649700 1198 4172
62.649741 1198 4172
62.649775 1198 4172
62.649806 1198 4172
62.657616 1198 4172
62.657668 1198 4172
62.657704 1198 4172
62.665737 1198 4172
62.665766 1198 4172
62.665793 1198 4172
62.665839 1198 4172
62.673759 1198 4172
62.673791 1198 4172
62.673832 142 4172
62.673868 1198 4172
62.683978 1198 4172
62.684003 1198 4172
62.684036 1198 4172
62.684067 1198 4172
62.689656 1198 4172
62.689702 1198 4172
62.689747 1198 4172
62.698017 1198 4172
62.698054 1198 4172
62.698081 1198 4172
62.698107 1198 4172
62.701591 430 4172
62.701624 1198 4172
62.701655 1198 4172
62.701686 1198 4172
62.714131 1198 4172
62.714194 1198 4172
62.714225 1198 4172
62.714248 1198 4172
62.721761 1198 4172
62.721812 1198 4172
62.721855 1198 4172
62.731683 1022 4172
62.731710 1198 4172
62.731739 1198 4172
62.731767 1198 4172
62.737759 1198 4172
62.737789 1198 4172
62.737817 1198 4172
62.747946 1198 4172
62.748040 1198 4172
62.748068 1198 4172
62.748102 686 4172
62.753781 1198 4172
62.753883 1198 4172
62.753925 1198 4172
62.753961 110 4172
62.753999 1198 4172
62.761740 1198 4172
62.761816 1198 4172
62.761847 1198 4172
62.769653 1198 4172
62.769684 286 4172
62.769725 1198 4172
62.778124 1198 4172
62.778203 1198 4172
62.778232 1198 4172
62.778260 1198 4172
62.785660 1198 4172
62.785697 1198 4172
62.785738 1198 4172
62.785772 110 4172
62.789542 1198 4172
62.789579 1198 4172
62.789613 1198 4172
62.789644 1198 4172
62.801650 1198 4172
62.801672 1198 4172
62.801719 1198 4172
62.801753 1198 4172
62.809726 1198 4172
62.809752 1198 4172
62.809807 1198 4172
62.817647 574 4172
62.817678 1198 4172
62.817710 1198 4172
62.817739 1198 4172
62.825723 1198 4172
62.825742 1198 4172
62.825797 1198 4172
62.825868 1198 4172
62.833582 1198 4172
62.833628 1198 4172
62.833665 1198 4172
62.833698 1198 4172
62.842037 766 4172
62.842073 1198 4172
62.842102 1198 4172
62.849660 1198 4172
62.849711 1198 4172
62.849739 1198 4172
62.857763 1198 4172
62.857786 1198 4172
62.857816 126 4172
62.857848 1198 4172
62.857872 1198 4172
62.865721 1198 4172
62.866315 1198 4172
62.867631 1198 4172
62.871908 1198 4172
62.876072 1198 4172
62.876111 366 4172
62.876148 1198 4172
62.876179 1198 4172
62.879138 1198 4172
62.879177 1198 4172
62.879210 1198 4172
62.889707 1198 4172
62.889742 1198 4172
62.889773 1198 4172
62.889802 1070 4172
62.897834 1198 4172
62.897867 1198 4172
62.897896 1198 4172
62.897922 1198 4172
62.905889 1198 4172
62.905921 1198 4172
62.905953 1198 4172
62.913655 1198 4172
62.913684 574 4172
62.913720 1198 4172
62.913752 1198 4172
62.925362 1198 4172
62.927304 1198 4172
62.929444 1198 4172
62.929815 1198 4172
62.937126 1198 4172
62.944655 1198 4172
62.945650 1150 4172
62.945682 1198 4172
62.945710 1198 4172
62.945736 1198 4172
62.945762 1198 4172
62.945789 110 4172
62.945819 1198 4172
62.945845 1198 4172
62.945870 1198 4172
62.966295 1198 4172
62.966328 1198 4172
62.966358 1150 4172
62.966387 1198 4172
62.966432 1198 4172
62.979862 1198 4172
62.980551 1198 4172
62.980584 1198 4172
62.980612 1198 4172
62.980667 1198 4172
62.980696 1198 4172
62.985795 1198 4172
62.985830 766 4172
62.985866 1198 4172
62.985895 1198 4172
62.985924 1198 4172
62.985953 1198 4172
62.985981 1198 4172
62.993702 1198 4172
62.993741 1198 4172
62.993770 1198 4172
63.001779 1198 4172
63.001805 430 4172
63.001840 1198 4172
63.001868 1198 4172
63.009808 1198 4172
63.009846 1198 4172
63.009875 1198 4172
63.009901 1198 4172
63.018097 1198 4172
63.018561 1198 4172
63.018625 1198 4172
63.028060 590 4172
63.028542 1198 4172
63.028576 110 4172
63.028608 1198 4172
63.028633 1198 4172
63.030333 1198 4172
63.030365 1198 4172
63.030402 1198 4172
63.046006 1198 4172
63.046041 1198 4172
63.046868 1198 4172
63.046912 126 4172
63.046946 110 4172
63.046975 1198 4172
63.047020 1198 4172
63.052988 318 4172
63.053028 1198 4172
63.053058 1198 4172
63.057745 1198 4172
63.057776 1198 4172
63.057803 1198 4172
63.057831 1198 4172
63.065799 1198 4172
63.065991 1198 4172
63.066021 1198 4172
63.066048 1198 4172
63.073731 1198 4172
63.073750 1198 4172
63.073780 718 4172
63.073809 1198 4172
63.093277 1198 4172
63.094075 1198 4172
63.094098 1198 4172
63.094124 1198 4172
63.094172 1198 4172
63.104113 1198 4172
63.104158 1198 4172
63.104187 1198 4172
63.104213 1198 4172
63.104239 942 4172
63.104267 1198 4172
63.105758 1198 4172
63.105789 1198 4172
63.105815 1198 4172
63.105840 1198 4172
63.120774 1198 4172
63.125271 1198 4172
63.128550 1198 4172
63.128925 1118 4172
63.129151 1198 4172
63.130134 1198 4172
63.130650 1198 4172
63.130692 1198 4172
63.130887 1198 4172
63.130985 1198 4172
63.131018 878 4172
63.137751 1198 4172
63.137779 1198 4172
63.137811 1198 4172
63.151286 1198 4172
63.151454 110 4172
63.151693 1198 4172
63.151849 1086 4172
63.151946 1198 4172
63.154143 1198 4172
63.154179 1198 4172
63.154207 1198 4172
63.154232 1198 4172
63.163573 1198 4172
63.163695 1198 4172
63.163741 1198 4172
63.163781 110 4172
63.163812 1198 4172
63.170963 1198 4172
63.174874 1198 4172
63.174915 926 4172
63.174950 638 4172
63.174981 1198 4172
63.175013 1198 4172
63.186446 1198 4172
63.186511 510 4172
63.186546 1198 4172
63.186577 1198 4172
63.193686 1198 4172
63.193710 1198 4172
63.193743 206 4172
63.193775 1198 4172
63.193804 1198 4172
63.201796 1182 4172
63.201827 1198 4172
63.201858 1198 4172
63.216510 1198 4172
63.216632 1198 4172
63.218038 238 4172
63.218142 1198 4172
63.218182 1198 4172
63.218231 1198 4172
63.233245 1198 4172
63.233748 1198 4172
63.233907 718 4172
63.233975 1198 4172
63.234005 1198 4172
63.234033 1198 4172
63.234058 1198 4172
63.234125 1198 4172
63.241863 270 4172
63.241887 1198 4172
63.241919 1198 4172
63.241948 1198 4172
63.241975 590 4172
63.242005 110 4172
63.242032 1198 4172
63.242059 1198 4172
63.251387 1198 4172
63.253616 1198 4172
63.253887 670 4172
63.253927 1198 4172
63.253970 1198 4172
63.266779 1198 4172
63.266816 1198 4172
63.282824 1198 4172
63.289005 1198 4172
63.289445 1198 4172
63.290583 526 4172
63.297289 1198 4172
63.297899 1198 4172
63.298347 1198 4172
63.298431 1198 4172
63.298520 1198 4172
63.309105 654 4172
63.309140 1198 4172
63.309170 1198 4172
63.309197 1198 4172
63.309225 1198 4172
63.309253 110 4172
63.309281 1198 4172
63.309308 590 4172
63.309334 1198 4172
63.309361 1198 4172
63.309386 1198 4172
63.309412 1198 4172
63.309438 1198 4172
63.309475 1198 4172
63.309604 446 4172
63.309632 1198 4172
63.309666 1198 4172
63.309710 1198 4172
63.314493 718 4172
63.314524 1198 4172
63.314552 1198 4172
63.314578 1198 4172
63.330453 1198 4172
63.331270 1198 4172
63.331446 654 4172
63.331541 1198 4172
63.339936 1198 4172
63.339969 1198 4172
63.339999 1198 4172
63.340027 254 4172
63.340062 958 4172
63.340092 270 4172
63.340125 190 4172
63.340149 190 4172
63.340180 190 4172
63.340207 190 4172
63.340239 1198 4172
63.340266 1198 4172
63.340293 1198 4172
63.348582 238 4172
63.348613 110 4172
63.348672 1198 4172
63.348686 1198 4172
63.348724 1086 4172
63.354879 1198 4172
63.354898 1198 4172
63.354940 1198 4172
63.361669 190 4172
63.361694 1198 4172
63.361727 1198 4172
63.361757 1198 4172
63.361786 1198 4172
63.369749 638 4172
63.369788 1198 4172
63.369825 1198 4172
63.369860 1198 4172
63.371565 60 60000
63.377707 1198 4172
63.377753 958 4172
63.377808 1198 4172
63.377845 1198 4172
63.387615 814 4172
63.387701 1198 4172
63.387739 830 4172
63.387773 190 4172
63.387808 190 4172
63.387844 190 4172
63.387879 1198 4172
63.393758 1198 4172
63.393791 1198 4172
63.393826 1198 4172
63.403370 286 4172
63.403451 222 4172
63.403486 174 4172
63.403522 174 4172
63.403564 174 4172
63.403596 174 4172
63.403631 1198 4172
63.403665 1198 4172
63.411230 1198 4172
63.411265 526 4172
63.411299 1198 4172
63.417637 1198 4172
63.417674 1198 4172
63.417705 110 4172
63.417736 1198 4172
63.426471 1198 4172
63.426561 1198 4172
63.426593 1198 4172
63.426628 766 4172
63.434233 1198 4172
63.435337 1198 4172
63.435377 1198 4172
63.443527 110 4172
63.443557 1198 4172
63.443597 1198 4172
63.443637 158 4172
63.443669 1198 4172
63.449597 1198 4172
63.449636 1198 4172
63.449673 1198 4172
63.456724 286 4172
63.456766 1198 4172
63.456805 878 4172
63.466018 1198 4172
63.466083 974 4172
63.466124 174 4172
63.466161 174 4172
63.466196 174 4172
63.466231 1198 4172
63.473706 1198 4172
63.473733 1198 4172
63.473767 1198 4172
63.498558 1198 4172
63.498595 430 4172
63.498636 174 4172
63.541571 110 4172
63.585665 110 4172
63.606039 126 4172
63.629653 126 4172
63.629678 174 4172
63.639403 110 4172
63.674572 174 4172
63.711689 1198 4172
63.711730 1198 4172
63.711763 254 4172
63.711808 302 4172
63.711862 126 4172
63.711910 238 4172
63.717568 1198 4172
63.744032 110 4172
63.761572 1086 4172
63.805683 126 4172
63.825668 1198 4172
63.825749 1198 4172
63.825788 222 4172
63.830846 110 4172
63.830890 110 4172
63.830927 110 4172
63.839852 110 4172
63.849828 1198 4172
63.849916 1198 4172
63.849955 1198 4172
63.850004 1198 4172
63.850073 270 4172
63.893758 1198 4172
63.893866 1198 4172
63.893913 1198 4172
63.893972 1198 4172
63.894023 718 4172
63.930954 1198 4172
63.931043 1198 4172
63.931077 1198 4172
63.931113 894 4172
63.937666 110 4172
63.981649 1198 4172
63.981703 1086 4172
64.069736 110 4172
64.106581 1198 4172
64.106632 222 4172
64.106674 110 4172
64.106715 110 4172
64.106753 110 4172
64.113618 1198 4172
64.113654 430 4172
64.130512 1198 4172
64.130600 782 4172
64.142196 1198 4172
64.142238 1198 4172
64.142279 254 4172
64.142316 110 4172
64.157735 318 4172
64.245604 110 4172
64.333790 110 4172
64.377931 110 4172
64.377975 110 4172
64.685690 110 4172
64.930882 110 4172
64.949690 110 4172
65.037601 110 4172
65.213599 110 4172
65.477655 110 4172
65.737972 110 4172
65.957703 110 4172
66.001570 110 4172
66.045562 110 4172
66.265845 110 4172
66.529699 110 4172
66.793858 110 4172
66.969991 110 4172
67.057682 110 4172
67.973743 110 4172
68.061539 110 4172
68.941659 110 4172
69.073704 110 4172
69.469730 110 4172
69.953621 110 4172
70.042096 110 4172
70.853861 174 4172
70.853904 174 4172
70.853942 174 4172
70.857881 174 4172
70.857920 174 4172
70.857958 174 4172
70.861830 174 4172
70.861878 174 4172
70.861930 174 4172
70.861957 174 4172
70.865668 174 4172
70.865713 174 4172
70.865754 174 4172
70.869459 174 4172
70.869508 446 4172
70.869550 1198 4172
70.869588 174 4172
70.869628 1198 4172
70.869667 1198 4172
70.869703 1198 4172
70.877565 1198 4172
70.877619 1198 4172
70.877667 1198 4172
70.877720 1198 4172
70.877767 238 4172
70.921578 286 4172
70.965480 110 4172
71.049650 110 4172
71.053586 110 4172
71.079787 1182 4172
71.097497 1198 4172
71.097556 798 4172
71.361583 110 4172
71.625583 110 4172
71.973689 110 4172
72.061598 110 4172
72.933468 110 4172
73.065580 110 4172
73.941582 110 4172
74.073589 110 4172
74.337680 110 4172
74.953596 110 4172
75.041734 110 4172
75.961591 110 4172
76.049597 110 4172
76.969853 110 4172
77.057593 110 4172
77.937630 110 4172
78.069548 110 4172
78.949573 110 4172
79.037658 110 4172
79.693530 110 4172
79.953647 110 4172
80.041539 110 4172
80.965536 110 4172
81.053536 110 4172
81.933471 110 4172
82.065522 110 4172
82.417482 110 4172
82.945483 110 4172
83.033492 110 4172
83.588410 1198 4172
83.588417 1198 4172
83.588475 1198 4172
83.588513 1198 4172
83.588547 1198 4172
83.588579 1198 4172
83.588613 1198 4172
83.588644 1198 4172
83.588677 1198 4172
83.588708 926 4172
83.589487 1198 4172
83.589524 1198 4172
83.589557 1198 4172
83.589589 1198 4172
83.589620 1198 4172
83.589650 1198 4172
83.589681 1198 4172
83.589712 1198 4172
83.589742 1198 4172
83.589773 1198 4172
83.589804 750 4172
83.605732 1198 4172
83.605744 1198 4172
83.605875 1198 4172
83.605878 1198 4172
83.605919 1198 4172
83.605955 1198 4172
83.605991 1198 4172
83.613576 1198 4172
83.613633 1198 4172
83.613676 1198 4172
83.621525 1198 4172
83.621576 1118 4172
83.621621 1198 4172
83.621663 1198 4172
83.626018 60 60000
83.629481 1198 4172
83.629524 1198 4172
83.629560 1198 4172
83.633391 1198 4172
83.633436 1198 4172
83.633474 1198 4172
83.645441 1198 4172
83.645477 1198 4172
83.645515 1198 4172
83.653512 1150 4172
83.653540 1198 4172
83.653573 1198 4172
83.661616 1198 4172
83.661655 1198 4172
83.661690 1198 4172
83.669516 1198 4172
83.669563 1198 4172
83.669610 1198 4172
83.677507 1198 4172
83.677550 1198 4172
83.677587 1198 4172
83.685552 302 4172
83.685597 1198 4172
83.685636 1198 4172
83.693562 1198 4172
83.693607 1198 4172
83.693638 1198 4172
83.693668 1198 4172
83.701496 1198 4172
83.701536 1198 4172
83.701573 1198 4172
83.709579 1198 4172
83.709634 1198 4172
83.709677 1198 4172
83.717514 462 4172
83.717562 1198 4172
83.717600 1198 4172
83.717638 1198 4172
83.721966 1198 4172
83.722009 1198 4172
83.722047 1198 4172
83.733501 1198 4172
83.733585 1198 4172
83.733586 1198 4172
83.741480 110 4172
83.741514 1198 4172
83.741546 1198 4172
83.741579 606 4172
83.749513 1198 4172
83.749539 1198 4172
83.749572 1198 4172
83.757626 1198 4172
83.757664 1198 4172
83.757693 1198 4172
83.757721 1198 4172
83.765511 1198 4172
83.765559 1198 4172
83.765603 1198 4172
83.773604 1198 4172
83.773646 1198 4172
83.773683 1198 4172
83.781548 1134 4172
83.781588 1198 4172
83.781623 1198 4172
83.789587 1198 4172
83.789641 1198 4172
83.789681 1198 4172
83.797551 1198 4172
83.797590 1198 4172
83.797621 1198 4172
83.805602 1198 4172
83.805653 1198 4172
83.805693 1198 4172
83.809443 1198 4172
83.809478 1198 4172
83.809508 1198 4172
83.809540 1022 4172
83.821597 1198 4172
83.821615 1198 4172
83.821690 1198 4172
83.829556 1198 4172
83.829590 1198 4172
83.829626 1198 4172
83.837500 1198 4172
83.837531 1198 4172
83.837562 1198 4172
83.845436 1198 4172
83.845469 1198 4172
83.845515 1198 4172
83.853450 1198 4172
83.853493 750 4172
83.853536 1198 4172
83.861494 1198 4172
83.861529 1198 4172
83.861558 1198 4172
83.869502 1198 4172
83.869535 1198 4172
83.869564 1198 4172
83.877476 1198 4172
83.877504 1198 4172
83.877537 1198 4172
83.885476 1198 4172
83.885507 1198 4172
83.885540 1198 4172
83.893490 830 4172
83.893527 1198 4172
83.893557 1198 4172
83.893588 1198 4172
83.897727 1198 4172
83.897780 1198 4172
83.897811 1198 4172
83.909516 1198 4172
83.909535 1198 4172
83.909565 1198 4172
83.917493 1182 4172
83.917523 1198 4172
83.917556 1198 4172
83.928145 1198 4172
83.928303 1198 4172
83.928339 1198 4172
83.934773 1198 4172
83.934945 1198 4172
83.935260 670 4172
83.941500 110 4172
83.941535 1198 4172
83.941568 1198 4172
83.941599 1198 4172
83.941628 1198 4172
83.950107 1198 4172
83.950161 1198 4172
83.950200 1198 4172
83.957489 1198 4172
83.957522 1198 4172
83.957553 1150 4172
83.965507 1198 4172
83.965550 1198 4172
83.965578 1198 4172
83.975057 1198 4172
83.975105 1198 4172
83.975139 1198 4172
83.981474 1198 4172
83.981513 1198 4172
83.981545 1198 4172
83.981572 1198 4172
83.987056 1198 4172
83.987101 142 4172
83.987133 1198 4172
83.987161 1198 4172
84.003315 1198 4172
84.003352 1198 4172
84.003387 1198 4172
84.008832 1198 4172
84.008873 110 4172
84.008904 366 4172
84.008936 862 4172
84.008965 318 4172
84.008996 158 4172
84.009022 158 4172
84.009050 158 4172
84.021462 158 4172
84.021509 174 4172
84.021539 158 4172
84.021562 158 4172
84.021587 158 4172
84.021612 158 4172
84.021641 158 4172
84.031178 158 4172
84.031217 158 4172
84.031244 158 4172
84.031275 158 4172
84.031301 158 4172
84.031326 542 4172
84.031351 142 4172
84.031378 398 4172
84.044607 110 4172
84.052327 1198 4172
84.052375 1198 4172
84.052409 1198 4172
84.052436 1198 4172
84.052463 1198 4172
84.052490 1198 4172
84.052516 1198 4172
84.052547 1198 4172
84.052572 734 4172
84.060782 1198 4172
84.061135 1198 4172
84.061172 1198 4172
84.061744 1198 4172
84.061780 1198 4172
84.062444 1198 4172
84.062479 1198 4172
84.062930 1198 4172
84.063097 1198 4172
84.063129 350 4172
84.063178 1198 4172
84.069546 1198 4172
84.069609 1198 4172
84.069687 1198 4172
84.091917 1198 4172
84.094224 1198 4172
84.094285 1198 4172
84.097566 1198 4172
84.097874 1198 4172
84.097930 1198 4172
84.097970 1198 4172
84.098010 654 4172
84.098043 1198 4172
84.098073 1198 4172
84.098102 1198 4172
84.098129 1198 4172
84.098157 1198 4172
84.106907 1198 4172
84.108619 1198 4172
84.108668 1198 4172
84.114372 1198 4172
84.114408 1198 4172
84.114435 1006 4172
84.124979 1198 4172
84.127444 126 4172
84.130194 1198 4172
84.130237 1198 4172
84.130286 1198 4172
84.138403 1198 4172
84.138453 1198 4172
84.138491 1198 4172
84.138518 1198 4172
84.138616 1198 4172
84.138710 1198 4172
84.145514 1198 4172
84.145550 1070 4172
84.145580 1198 4172
84.162644 110 4172
84.163453 1198 4172
84.164241 1198 4172
84.164698 1198 4172
84.166691 1198 4172
84.166730 1198 4172
84.166759 1198 4172
84.166787 1198 4172
84.166814 1198 4172
84.166843 1102 4172
84.166869 1198 4172
84.181723 1198 4172
84.181768 1198 4172
84.182064 1198 4172
84.187575 1198 4172
84.187895 1198 4172
84.187936 1198 4172
84.196807 1198 4172
84.196851 1198 4172
84.196929 190 4172
84.196963 1198 4172
84.202065 1198 4172
84.202108 1198 4172
84.202141 1198 4172
84.210662 1198 4172
84.210701 1198 4172
84.210730 1198 4172
84.210756 1198 4172
84.217784 1198 4172
84.217818 974 4172
84.217847 1198 4172
84.227852 1198 4172
84.228021 1198 4172
84.228059 1198 4172
84.235656 1198 4172
84.237652 1198 4172
84.237692 1198 4172
84.237721 1198 4172
84.237765 1198 4172
84.241547 1198 4172
84.241581 1198 4172
84.252939 110 4172
84.252973 622 4172
84.253002 1198 4172
84.253029 1198 4172
84.257201 1198 4172
84.257240 1198 4172
84.257267 1198 4172
84.257293 1198 4172
84.269221 1198 4172
84.281743 1198 4172
84.282155 1198 4172
84.282207 1198 4172
84.308562 1198 4172
84.308640 110 4172
84.308670 878 4172
84.308701 1198 4172
84.308729 1198 4172
84.308775 1198 4172
84.308803 1198 4172
84.308831 1198 4172
84.308856 1198 4172
84.308882 1198 4172
84.314001 1198 4172
84.314049 1198 4172
84.314077 1198 4172
84.314105 1198 4172
84.314131 702 4172
84.314167 1198 4172
84.314201 1198 4172
84.314228 1198 4172
84.314265 1198 4172
84.314294 1198 4172
84.321660 1198 4172
84.321701 1198 4172
84.321730 1198 4172
84.333679 1198 4172
84.333720 1070 4172
84.333751 1198 4172
84.337670 1198 4172
84.337704 1198 4172
84.337747 1198 4172
84.337774 1198 4172
84.357863 110 4172
84.358312 1198 4172
84.358349 1198 4172
84.396581 510 4172
84.409731 1198 4172
84.409833 1198 4172
84.409870 1198 4172
84.409900 1198 4172
84.409938 1198 4172
84.409980 1198 4172
84.417512 1198 4172
84.417550 958 4172
84.417579 1198 4172
84.417607 1198 4172
84.417633 1198 4172
84.417660 1198 4172
84.417686 1198 4172
84.417712 1198 4172
84.417738 1198 4172
84.417763 1198 4172
84.417789 1198 4172
84.417816 1198 4172
84.417844 1054 4172
84.417871 1198 4172
84.417904 1198 4172
84.417929 1198 4172
84.417955 1198 4172
84.417981 1198 4172
84.418007 526 4172
84.418034 270 4172
84.418061 174 4172
84.418086 174 4172
84.418112 174 4172
84.418137 1198 4172
84.418163 1198 4172
84.425514 1198 4172
84.425553 1198 4172
84.425589 1198 4172
84.433545 1198 4172
84.433584 1198 4172
84.433615 1198 4172
84.433644 350 4172
84.444011 1198 4172
84.444049 782 4172
84.444082 1198 4172
84.444111 1198 4172
84.449172 60 60000
84.449476 1198 4172
84.449521 1198 4172
84.449552 1198 4172
84.457475 1198 4172
84.457508 1198 4172
84.457539 958 4172
84.457575 1198 4172
84.466213 1198 4172
84.466262 1198 4172
84.466291 1198 4172
84.474014 1198 4172
84.474055 1198 4172
84.474085 1198 4172
84.484076 1198 4172
84.484080 974 4172
84.484114 1198 4172
84.484145 1198 4172
84.489620 1198 4172
84.489654 1198 4172
84.489687 1198 4172
84.497485 1198 4172
84.497518 1198 4172
84.497550 1198 4172
84.506067 798 4172
84.506102 1198 4172
84.506136 1198 4172
84.506166 1198 4172
84.511417 1198 4172
84.511469 1198 4172
84.511498 1198 4172
84.521479 1198 4172
84.521527 1198 4172
84.521558 1198 4172
84.521586 158 4172
84.529567 1198 4172
84.529602 1198 4172
84.529636 1198 4172
84.529667 1198 4172
84.537535 1198 4172
84.537566 110 4172
84.537600 1198 4172
84.537630 1198 4172
84.547989 1198 4172
84.548033 1134 4172
84.548068 1198 4172
84.553741 1198 4172
84.553808 1198 4172
84.553838 1198 4172
84.553870 1198 4172
84.561456 1198 4172
84.561497 1198 4172
84.561530 1198 4172
84.572438 430 4172
84.572485 1198 4172
84.572515 1198 4172
84.572543 1198 4172
84.577511 1198 4172
84.577549 1198 4172
84.577581 1198 4172
84.587904 1198 4172
84.587929 430 4172
84.587963 1198 4172
84.587993 1198 4172
84.593474 1198 4172
84.593509 846 4172
84.593541 174 4172
84.593569 174 4172
84.593597 334 4172
84.593626 974 4172
84.593654 1198 4172
84.597411 1198 4172
84.597442 1198 4172
84.597469 1198 4172
84.641505 1198 4172
84.641517 1198 4172
84.641556 1086 4172
84.686632 1198 4172
84.686675 1198 4172
84.686709 1198 4172
84.686739 1198 4172
84.686767 1198 4172
84.686793 1198 4172
84.686822 814 4172
84.729751 1198 4172
84.729781 1198 4172
84.729816 1198 4172
84.729873 1198 4172
84.729926 1198 4172
84.729954 1198 4172
84.729984 1198 4172
84.730012 302 4172
84.740018 1198 4172
84.749862 462 4172
84.749915 174 4172
84.749949 1198 4172
84.749980 1198 4172
84.750005 1198 4172
84.750031 1198 4172
84.750057 1198 4172
84.750082 1198 4172
84.750108 1198 4172
84.750133 206 4172
84.773426 142 4172
84.793880 158 4172
84.793920 1198 4172
84.793981 1198 4172
84.794012 1198 4172
84.794041 1198 4172
84.794073 1198 4172
84.794100 1198 4172
84.794126 270 4172
84.807374 110 4172
84.817466 1102 4172
84.861444 830 4172
84.906082 302 4172
84.931367 1198 4172
84.931428 1198 4172
84.940657 110 4172
84.949478 1198 4172
84.949579 1198 4172
84.949581 1198 4172
84.949612 1198 4172
84.949647 1198 4172
84.949682 1182 4172
84.975965 718 4172
84.993488 1134 4172
85.031191 622 4172
85.037458 110 4172
85.081836 110 4172
85.169798 110 4172
85.178176 750 4172
85.190146 1198 4172
85.190239 222 4172
85.198745 1198 4172
85.198794 270 4172
85.210276 1198 4172
85.210328 1198 4172
85.210371 1198 4172
85.210408 1198 4172
85.210445 974 4172
85.213443 1198 4172
85.213484 126 4172
85.234535 350 4172
85.242100 1198 4172
85.242154 1198 4172
85.242196 1198 4172
85.242233 494 4172
85.257698 990 4172
85.257719 1198 4172
85.345541 110 4172
85.649515 110 4172
85.909496 110 4172
85.953506 110 4172
86.041896 110 4172
86.173489 110 4172
86.437508 110 4172
86.701707 110 4172
86.949586 110 4172
86.965453 110 4172
87.053545 110 4172
87.229502 110 4172
87.537576 110 4172
87.801503 110 4172
87.933455 110 4172
88.065893 110 4172
88.941451 110 4172
89.073614 110 4172
89.953487 110 4172
90.041498 110 4172
90.437538 110 4172
90.961482 110 4172
91.049524 110 4172
91.961600 110 4172
92.049552 110 4172
92.969466 110 4172
93.057517 110 4172
93.101561 110 4172
93.933447 110 4172
94.065575 110 4172
94.937511 110 4172
95.069776 110 4172
95.813412 110 4172
95.945448 110 4172
96.073465 110 4172
96.949494 110 4172
97.037464 110 4172
97.953524 110 4172
98.041315 110 4172
98.473515 110 4172
98.957411 110 4172
99.045331 110 4172
99.965383 110 4172
100.053402 110 4172
100.933247 110 4172
101.065497 110 4172
101.153485 110 4172
101.945375 110 4172
102.033398 110 4172
102.957461 110 4172
103.045271 110 4172
103.833421 110 4172
103.965392 110 4172
104.053421 110 4172
104.685483 270 4172
104.685528 254 4172
104.685572 270 4172
104.685614 318 4172
104.685654 238 4172
104.685695 302 4172
104.685733 318 4172
104.689957 494 4172
104.689997 238 4172
104.690088 302 4172
104.690132 254 4172
104.690177 270 4172
104.690218 334 4172
104.690258 334 4172
104.706776 60 60000
104.713253 318 4172
104.713294 734 4172
104.757404 286 4172
104.845385 174 4172
104.857848 158 4172
104.869803 174 4172
104.887102 158 4172
104.889275 270 4172
104.889316 254 4172
104.889353 270 4172
104.889383 318 4172
104.889410 238 4172
104.889444 302 4172
104.895471 238 4172
104.895491 238 4172
104.895524 238 4172
104.895552 302 4172
104.895579 254 4172
104.895607 270 4172
104.895635 286 4172
104.895661 334 4172
104.904011 1198 4172
104.904041 1198 4172
104.904076 1198 4172
104.904109 1198 4172
104.904166 1198 4172
104.904196 1198 4172
104.904227 1198 4172
104.904255 1198 4172
104.904284 1198 4172
104.904315 1086 4172
104.905755 1198 4172
104.905791 1198 4172
104.905835 1198 4172
104.905909 1198 4172
104.905960 1198 4172
104.906026 1198 4172
104.906082 1198 4172
104.906117 1086 4172
104.931512 334 4172
104.933285 110 4172
105.044153 110 4172
105.047446 126 4172
105.061662 126 4172
105.086228 126 4172
105.091607 1166 4172
105.091642 1198 4172
105.096644 1198 4172
105.098063 1198 4172
105.098087 1198 4172
105.098119 1198 4172
105.098145 1198 4172
105.098172 1198 4172
105.098197 1198 4172
105.098225 734 4172
105.104170 1198 4172
105.104201 1198 4172
105.104233 1198 4172
105.104256 1198 4172
105.104285 1198 4172
105.104326 1198 4172
105.104363 1198 4172
105.104419 1198 4172
105.104485 1198 4172
105.104523 1198 4172
105.104551 494 4172
105.104579 126 4172
105.112114 1198 4172
105.112147 1198 4172
105.112176 1198 4172
105.112202 1198 4172
105.112229 1198 4172
105.112253 1198 4172
105.112280 1198 4172
105.112304 1198 4172
105.112330 1198 4172
105.112354 766 4172
105.118372 1198 4172
105.118910 1198 4172
105.119188 1198 4172
105.119234 1198 4172
105.119281 1198 4172
105.119379 1198 4172
105.119414 1198 4172
105.119593 1198 4172
105.125670 1198 4172
105.126325 1198 4172
105.133385 1198 4172
105.133419 846 4172
105.133447 1198 4172
105.141367 1198 4172
105.141414 1198 4172
105.141450 110 4172
105.141478 1198 4172
105.141506 1198 4172
105.150398 1198 4172
105.150497 1198 4172
105.150573 1198 4172
105.168788 1198 4172
105.168823 1198 4172
105.168849 1198 4172
105.173385 1198 4172
105.173424 430 4172
105.173461 1198 4172
105.173492 1198 4172
105.173534 1198 4172
105.173564 1198 4172
105.173595 1198 4172
105.173626 1198 4172
105.181339 110 4172
105.181378 1198 4172
105.181412 1198 4172
105.181442 1198 4172
105.197671 878 4172
105.200688 1198 4172
105.200911 1198 4172
105.201019 1198 4172
105.211123 1198 4172
105.213611 1198 4172
105.213689 1198 4172
105.213720 1198 4172
105.213749 1198 4172
105.213777 1198 4172
105.213823 142 4172
105.226746 1198 4172
105.227324 1198 4172
105.227428 1198 4172
105.227457 1198 4172
105.227488 1198 4172
105.227510 1198 4172
105.227535 1198 4172
105.229441 1198 4172
105.229496 1198 4172
105.229525 846 4172
105.237518 1198 4172
105.237661 1198 4172
105.237697 1198 4172
105.237724 1198 4172
105.245990 110 4172
105.246067 1198 4172
105.246104 1198 4172
105.246232 1198 4172
105.253686 1198 4172
105.253711 1198 4172
105.253744 1198 4172
105.259875 1198 4172
105.259946 654 4172
105.259980 1198 4172
105.260010 1198 4172
105.269368 1198 4172
105.269401 1198 4172
105.269428 1198 4172
105.277385 1198 4172
105.277412 1198 4172
105.277445 1198 4172
105.285426 1198 4172
105.285462 1198 4172
105.285487 894 4172
105.285520 1198 4172
105.295596 1198 4172
105.295646 1198 4172
105.295673 1198 4172
105.301343 1198 4172
105.301374 1198 4172
105.301406 1198 4172
105.310400 1198 4172
105.310429 1198 4172
105.310465 1198 4172
105.310495 1198 4172
105.319808 1198 4172
105.319835 510 4172
105.319865 1198 4172
105.319891 1198 4172
105.325330 1198 4172
105.325361 1198 4172
105.325387 1198 4172
105.333509 1198 4172
105.333549 1198 4172
105.333579 1198 4172
105.341364 1198 4172
105.341388 910 4172
105.341423 1198 4172
105.341455 1198 4172
105.349401 1198 4172
105.349436 1198 4172
105.349465 1198 4172
105.357337 1198 4172
105.357357 1198 4172
105.357387 1198 4172
105.357415 302 4172
105.365380 1198 4172
105.365402 1198 4172
105.365430 1198 4172
105.365458 1198 4172
105.373407 1198 4172
105.373439 1198 4172
105.373464 1198 4172
105.384297 1198 4172
105.384390 798 4172
105.384421 1198 4172
105.384452 1198 4172
105.390430 1198 4172
105.390458 1198 4172
105.390490 1198 4172
105.404224 1198 4172
105.404254 1198 4172
105.404283 1198 4172
105.435476 1198 4172
105.436734 1198 4172
105.436777 542 4172
105.436809 1198 4172
105.437361 1198 4172
105.437442 1198 4172
105.437476 1198 4172
105.437507 1198 4172
105.437537 318 4172
105.437565 1198 4172
105.437592 510 4172
105.437619 238 4172
105.437646 190 4172
105.437672 1198 4172
105.437701 1198 4172
105.437726 1198 4172
105.437752 990 4172
105.437779 1198 4172
105.437805 1198 4172
105.437833 1198 4172
105.437860 1198 4172
105.445425 110 4172
105.445449 686 4172
105.445481 1198 4172
105.445509 1198 4172
105.445536 1198 4172
105.454993 1198 4172
105.455057 494 4172
105.455089 1198 4172
105.461363 1198 4172
105.461391 1198 4172
105.461426 1198 4172
105.461466 638 4172
105.469357 1198 4172
105.469397 1198 4172
105.469429 1198 4172
105.469457 1198 4172
105.475662 750 4172
105.475714 1198 4172
105.485384 1198 4172
105.485430 1198 4172
105.485456 686 4172
105.485489 1198 4172
105.493959 1198 4172
105.493994 1198 4172
105.494028 1198 4172
105.517758 814 4172
105.517777 1198 4172
105.517811 1198 4172
105.517838 1198 4172
105.519670 60 60000
105.525529 1198 4172
105.525952 1198 4172
105.526006 1198 4172
105.526040 238 4172
105.526072 1198 4172
105.526101 1198 4172
105.526126 1198 4172
105.526155 1198 4172
105.526182 1198 4172
105.526209 974 4172
105.526243 1198 4172
105.533338 1198 4172
105.533374 1198 4172
105.533404 1198 4172
105.533433 1198 4172
105.546867 750 4172
105.546939 1198 4172
105.546979 1198 4172
105.549652 1198 4172
105.549688 1198 4172
105.549719 1198 4172
105.549752 814 4172
105.557466 1198 4172
105.557553 1198 4172
105.557585 1198 4172
105.569275 1198 4172
105.569352 1198 4172
105.569385 1198 4172
105.569417 126 4172
105.569445 174 4172
105.573381 1198 4172
105.573412 1198 4172
105.573446 1198 4172
105.573475 1198 4172
105.581394 270 4172
105.581422 974 4172
105.581455 174 4172
105.581480 174 4172
105.581507 1198 4172
105.581536 1198 4172
105.589717 1198 4172
105.589744 1198 4172
105.589773 558 4172
105.589802 1198 4172
105.597368 1198 4172
105.597426 1198 4172
105.597455 1198 4172
105.605407 1198 4172
105.605462 334 4172
105.605496 1198 4172
105.605538 1198 4172
105.613953 1198 4172
105.614097 1198 4172
105.614121 1198 4172
105.620577 1198 4172
105.620625 1198 4172
105.620652 1198 4172
105.620679 1198 4172
105.632502 1198 4172
105.633450 542 4172
105.633489 1198 4172
105.633519 1198 4172
105.637520 1198 4172
105.645359 542 4172
105.645389 1198 4172
105.645419 1198 4172
105.645450 1198 4172
105.653485 1198 4172
105.653525 1198 4172
105.653560 574 4172
105.653589 1198 4172
105.661341 1198 4172
105.661365 1198 4172
105.661396 1198 4172
105.669333 1198 4172
105.669359 1198 4172
105.669406 990 4172
105.677329 1198 4172
105.677375 1198 4172
105.677407 1198 4172
105.685594 1198 4172
105.686704 1198 4172
105.686846 1198 4172
105.688269 974 4172
105.693350 1198 4172
105.693381 1198 4172
105.693408 1198 4172
105.701397 1198 4172
105.701425 1198 4172
105.701457 1198 4172
105.702362 1198 4172
105.705769 1198 4172
105.705815 110 4172
105.705851 1198 4172
105.705883 302 4172
105.717503 1198 4172
105.717536 1198 4172
105.717568 1198 4172
105.725342 1198 4172
105.725380 1198 4172
105.725410 750 4172
105.733533 1198 4172
105.737368 1198 4172
105.737408 1198 4172
105.737439 1198 4172
105.737486 1198 4172
105.741360 1198 4172
105.741417 1198 4172
105.749867 1198 4172
105.749981 1198 4172
105.750011 430 4172
105.750043 1198 4172
105.757340 1198 4172
105.757367 1198 4172
105.757397 1198 4172
105.757425 1198 4172
105.768160 1198 4172
105.768784 1198 4172
105.770771 1198 4172
105.770822 1198 4172
105.773348 862 4172
105.773546 174 4172
105.773579 1198 4172
105.773609 1198 4172
105.782884 1198 4172
105.782906 1198 4172
105.782935 446 4172
105.782962 206 4172
105.801083 142 4172
105.841621 206 4172
105.841652 174 4172
105.841687 126 4172
105.841720 238 4172
105.881306 174 4172
105.881330 158 4172
105.881404 158 4172
105.881455 158 4172
105.881485 158 4172
105.881513 158 4172
105.881540 158 4172
105.885256 158 4172
105.885291 158 4172
105.885338 158 4172
105.885373 158 4172
105.885411 158 4172
105.929383 1166 4172
105.943836 110 4172
105.973372 1198 4172
105.973484 590 4172
106.007234 1198 4172
106.007343 398 4172
106.007385 110 4172
106.017573 494 4172
106.061422 110 4172
106.149465 110 4172
106.281390 110 4172
106.545587 110 4172
106.809281 110 4172
106.941400 110 4172
107.073868 110 4172
107.073965 110 4172
107.337438 110 4172
107.601698 110 4172
107.861480 110 4172
107.949419 110 4172
108.037418 110 4172
108.125343 110 4172
108.381405 110 4172
108.645295 110 4172
108.953444 110 4172
109.041960 110 4172
109.965307 110 4172
110.053382 110 4172
110.973382 110 4172
111.061383 110 4172
111.369293 110 4172
111.941283 110 4172
112.073391 110 4172
112.949374 110 4172
113.037297 110 4172
113.953333 110 4172
114.031805 110 4172
114.041259 110 4172
114.961350 110 4172
115.049281 110 4172
115.969276 110 4172
116.713294 110 4172
116.973314 110 4172
117.061232 110 4172
117.941161 110 4172
118.073375 110 4172
118.949373 110 4172
119.037233 110 4172
119.385235 110 4172
119.953233 110 4172
120.041218 110 4172
120.965294 110 4172
121.973285 110 4172
122.061271 110 4172
122.105219 110 4172
123.941222 110 4172
124.073212 110 4172
124.773286 110 4172
124.949330 110 4172
125.037266 110 4172
125.652644 1198 4172
125.652680 1198 4172
125.652728 1198 4172
125.652769 1198 4172
125.652805 1198 4172
125.652840 1198 4172
125.652871 1198 4172
125.652905 1198 4172
125.652938 1198 4172
125.652971 1198 4172
125.653014 1198 4172
125.653054 1198 4172
125.653088 1198 4172
125.653123 206 4172
125.653185 1198 4172
125.663852 1198 4172
125.663910 1198 4172
125.664011 1198 4172
125.664052 1198 4172
125.664084 1198 4172
125.664121 1198 4172
125.664154 1198 4172
125.664188 1198 4172
125.664220 1198 4172
125.664253 1198 4172
125.664295 1198 4172
125.664327 110 4172
125.671222 1198 4172
125.671251 1198 4172
125.671280 1198 4172
125.671314 1198 4172
125.671347 1198 4172
125.671380 1198 4172
125.671412 1198 4172
125.671443 1198 4172
125.671475 1198 4172
125.671517 1198 4172
125.671585 1198 4172
125.677335 654 4172
125.677374 1198 4172
125.677401 1198 4172
125.685245 1198 4172
125.685280 1198 4172
125.693104 1198 4172
125.693143 1198 4172
125.693181 1198 4172
125.693216 1102 4172
125.697252 1198 4172
125.697320 1198 4172
125.697359 1198 4172
125.709278 1198 4172
125.709326 1198 4172
125.709369 1198 4172
125.709411 1198 4172
125.717208 1198 4172
125.717242 1198 4172
125.717284 1198 4172
125.717326 1198 4172
125.725273 1198 4172
125.725335 302 4172
125.725380 1198 4172
125.725420 1198 4172
125.733413 1198 4172
125.733451 1198 4172
125.733486 1198 4172
125.733528 1198 4172
125.741224 1198 4172
125.741270 1198 4172
125.749102 1198 4172
125.749155 1198 4172
125.749197 142 4172
125.749239 1198 4172
125.749278 1198 4172
125.757261 1198 4172
125.757302 1198 4172
125.757331 1198 4172
125.765216 1198 4172
125.765261 1198 4172
125.765303 1198 4172
125.765342 1198 4172
125.769231 60 60000
125.773179 1198 4172
125.773224 1198 4172
125.773271 1198 4172
125.773310 206 4172
125.773352 1198 4172
125.781199 1198 4172
125.781247 1198 4172
125.781285 1198 4172
125.785070 1198 4172
125.785119 1198 4172
125.797187 1198 4172
125.797217 1198 4172
125.797255 1198 4172
125.805330 1198 4172
125.805380 142 4172
125.805417 110 4172
125.805457 1198 4172
125.805500 1198 4172
125.813293 1198 4172
125.813344 1198 4172
125.813382 1198 4172
125.821214 1198 4172
125.821257 1198 4172
125.821297 1198 4172
125.821335 1198 4172
125.829258 1198 4172
125.829301 1198 4172
125.829340 1198 4172
125.837266 686 4172
125.837313 1198 4172
125.837352 1198 4172
125.845150 1198 4172
125.845207 1198 4172
125.845251 1198 4172
125.853218 1198 4172
125.853269 1198 4172
125.853310 1198 4172
125.861277 1198 4172
125.861342 1198 4172
125.861381 1198 4172
125.861422 1198 4172
125.869204 1038 4172
125.869252 1198 4172
125.869300 1198 4172
125.869338 1198 4172
125.873298 1198 4172
125.873359 1198 4172
125.873401 1198 4172
125.885278 1198 4172
125.885310 1198 4172
125.885344 1198 4172
125.885382 1198 4172
125.893192 1198 4172
125.893225 1198 4172
125.893257 1198 4172
125.893287 1198 4172
125.901165 478 4172
125.901207 1198 4172
125.901241 1198 4172
125.909281 1198 4172
125.909325 1198 4172
125.909360 1198 4172
125.909393 1198 4172
125.917180 1198 4172
125.917221 1198 4172
125.917248 1198 4172
125.917297 1198 4172
125.925301 718 4172
125.925353 1198 4172
125.933227 1198 4172
125.933283 1198 4172
125.933327 1198 4172
125.933367 1198 4172
125.933406 1198 4172
125.941256 110 4172
125.941306 1198 4172
125.941347 1198 4172
125.941386 270 4172
125.941424 1198 4172
125.950049 1198 4172
125.950090 1198 4172
125.950122 1198 4172
125.950155 1198 4172
125.957190 1198 4172
125.957235 1198 4172
125.957278 1198 4172
125.957317 1198 4172
125.961153 1198 4172
125.961197 1198 4172
125.961239 1198 4172
125.973343 1198 4172
125.973400 1198 4172
125.973439 1198 4172
125.973475 1198 4172
125.981200 1198 4172
125.981241 1198 4172
125.981288 1198 4172
125.981343 1198 4172
125.989260 622 4172
125.989303 1198 4172
125.989347 1198 4172
125.989388 1198 4172
125.997268 1198 4172
125.997317 1198 4172
125.997360 1198 4172
125.997398 1198 4172
126.005514 382 4172
126.005558 1198 4172
126.005597 1198 4172
126.005628 1198 4172
126.005659 1198 4172
126.013346 654 4172
126.013379 942 4172
126.013419 1198 4172
126.013457 1198 4172
126.021350 1198 4172
126.021380 1198 4172
126.021410 1198 4172
126.025136 1198 4172
126.025174 1198 4172
126.025224 1198 4172
126.025251 190 4172
126.025279 158 4172
126.025313 158 4172
126.025370 158 4172
126.025375 158 4172
126.025411 158 4172
126.025436 158 4172
126.025512 158 4172
126.025541 158 4172
126.025572 158 4172
126.025604 158 4172
126.025637 158 4172
126.025663 158 4172
126.033381 158 4172
126.033450 158 4172
126.033482 1198 4172
126.033524 1198 4172
126.033583 1198 4172
126.041173 1198 4172
126.041209 1198 4172
126.049204 1198 4172
126.049233 206 4172
126.049267 542 4172
126.049298 270 4172
126.138091 110 4172
126.175071 334 4172
126.175122 174 4172
126.175174 158 4172
126.175210 158 4172
126.175240 158 4172
126.175266 158 4172
126.175292 158 4172
126.175320 158 4172
126.175346 158 4172
126.181143 286 4172
126.181186 398 4172
126.236491 446 4172
126.243943 110 4172
126.255609 1198 4172
126.255612 1198 4172
126.255642 1198 4172
126.255717 1198 4172
126.255749 1198 4172
126.255775 1198 4172
126.255803 1198 4172
126.255829 1198 4172
126.255859 782 4172
126.258499 782 4172
126.258529 958 4172
126.258558 1054 4172
126.258587 1086 4172
126.258614 1198 4172
126.258640 1198 4172
126.258667 1198 4172
126.258693 302 4172
126.258719 1198 4172
126.258745 1086 4172
126.258771 1198 4172
126.258796 158 4172
126.258823 990 4172
126.258856 1102 4172
126.258883 1198 4172
126.258910 1198 4172
126.258935 1198 4172
126.258962 654 4172
126.258986 238 4172
126.259011 190 4172
126.294484 1198 4172
126.299137 1198 4172
126.299174 1198 4172
126.300005 1198 4172
126.301671 1198 4172
126.302379 1198 4172
126.302449 142 4172
126.305054 702 4172
126.321253 1198 4172
126.330182 1198 4172
126.330242 1198 4172
126.330276 1198 4172
126.330309 1198 4172
126.330339 1198 4172
126.330370 1198 4172
126.330395 1198 4172
126.330422 190 4172
126.330450 1198 4172
126.330476 1198 4172
126.330508 1198 4172
126.330536 1198 4172
126.330563 1198 4172
126.330589 1198 4172
126.330617 1198 4172
126.330644 222 4172
126.330673 126 4172
126.330699 1198 4172
126.330726 1198 4172
126.330754 1198 4172
126.330780 1198 4172
126.330805 1198 4172
126.330830 1198 4172
126.330860 1198 4172
126.330886 1198 4172
126.330913 1198 4172
126.330939 654 4172
126.330964 318 4172
126.330992 926 4172
126.331021 1198 4172
126.331049 1198 4172
126.331075 1198 4172
126.331103 1198 4172
126.331128 1198 4172
126.331154 1198 4172
126.331180 1198 4172
126.331208 1198 4172
126.340834 110 4172
126.342284 1198 4172
126.342322 1198 4172
126.342349 174 4172
126.342376 1198 4172
126.342402 1198 4172
126.342445 1198 4172
126.345557 1198 4172
126.345582 1198 4172
126.345609 110 4172
126.353219 1198 4172
126.353249 1198 4172
126.353284 1198 4172
126.353311 1198 4172
126.364392 1198 4172
126.364489 1198 4172
126.364518 1198 4172
126.364545 846 4172
126.369302 1198 4172
126.369320 1198 4172
126.369351 1198 4172
126.369380 1198 4172
126.377553 1198 4172
126.377666 1198 4172
126.377698 1198 4172
126.377725 1198 4172
126.385405 1198 4172
126.388519 1182 4172
126.389662 1198 4172
126.389701 1198 4172
126.390258 1198 4172
126.393208 1198 4172
126.393234 1198 4172
126.393264 1198 4172
126.407544 1198 4172
126.415181 1198 4172
126.415215 238 4172
126.415246 1198 4172
126.415274 1198 4172
126.415321 1198 4172
126.418244 1198 4172
126.418278 1198 4172
126.418310 1198 4172
126.420812 1198 4172
126.420852 1198 4172
126.420881 782 4172
126.425807 1198 4172
126.425899 1198 4172
126.425933 1198 4172
126.425963 1198 4172
126.437277 1198 4172
126.437481 1198 4172
126.437516 1198 4172
126.437543 1198 4172
126.437587 1198 4172
126.441224 1198 4172
126.441281 1198 4172
126.441311 110 4172
126.441338 1198 4172
126.449304 398 4172
126.449319 1198 4172
126.449351 1198 4172
126.449379 1198 4172
126.457533 1198 4172
126.457558 1198 4172
126.457586 1198 4172
126.457615 1198 4172
126.466454 1198 4172
126.466497 1198 4172
126.466725 1198 4172
126.466764 1198 4172
126.473452 894 4172
126.473474 1198 4172
126.473503 1198 4172
126.473534 1198 4172
126.482383 1198 4172
126.495311 1198 4172
126.495650 1198 4172
126.495680 1198 4172
126.495722 1198 4172
126.498230 1198 4172
126.498326 1198 4172
126.511271 190 4172
126.511304 1198 4172
126.511341 1198 4172
126.511396 1198 4172
126.511428 1198 4172
126.511473 1198 4172
126.525584 1198 4172
126.525966 1198 4172
126.526005 1198 4172
126.526035 1198 4172
126.526063 590 4172
126.526093 1198 4172
126.526122 1198 4172
126.530488 1198 4172
126.530525 1198 4172
126.530557 1198 4172
126.530591 1198 4172
126.530617 1198 4172
126.530843 1198 4172
126.537342 1198 4172
126.537360 174 4172
126.537389 1198 4172
126.537415 1198 4172
126.537441 1198 4172
126.545636 1198 4172
126.546119 110 4172
126.546596 1198 4172
126.546640 1198 4172
126.546783 1198 4172
126.553246 1198 4172
126.553273 1198 4172
126.553305 1150 4172
126.553335 1198 4172
126.562511 1198 4172
126.562538 1198 4172
126.562571 1198 4172
126.562604 1198 4172
126.569203 1198 4172
126.569220 1198 4172
126.569252 1198 4172
126.569283 1198 4172
126.581110 1198 4172
126.581140 510 4172
126.581171 1198 4172
126.581199 1198 4172
126.581249 1198 4172
126.585272 1198 4172
126.585274 1198 4172
126.585288 1198 4172
126.596518 1134 4172
126.596530 846 4172
126.596564 174 4172
126.596596 174 4172
126.596625 174 4172
126.596654 174 4172
126.596683 174 4172
126.596711 174 4172
126.601397 174 4172
126.601422 110 4172
126.601463 174 4172
126.601489 174 4172
126.601514 174 4172
126.601545 174 4172
126.601571 174 4172
126.601596 174 4172
126.601623 174 4172
126.601649 174 4172
126.601675 1198 4172
126.601702 1198 4172
126.601726 1198 4172
126.601756 1198 4172
126.601782 1198 4172
126.601808 1198 4172
126.613201 1198 4172
126.613236 1198 4172
126.613267 1198 4172
126.613294 1198 4172
126.621167 1198 4172
126.621195 1198 4172
126.621230 1198 4172
126.631793 958 4172
126.631837 590 4172
126.663588 110 4172
126.667248 60 60000
126.709274 1198 4172
126.753136 110 4172
126.839688 110 4172
126.841081 1198 4172
126.841110 1198 4172
126.841141 334 4172
126.875466 110 4172
126.885655 414 4172
126.940029 1198 4172
126.940302 1198 4172
126.940334 270 4172
126.940369 174 4172
126.940438 158 4172
126.940510 158 4172
126.940540 158 4172
126.940600 158 4172
126.940634 158 4172
126.940694 158 4172
126.940727 158 4172
126.940775 158 4172
126.940846 158 4172
126.940928 158 4172
126.940959 158 4172
126.941037 158 4172
126.941083 158 4172
126.941118 1198 4172
126.941149 1198 4172
126.941188 1198 4172
126.941225 1198 4172
126.941261 1198 4172
126.941296 1198 4172
126.941341 1198 4172
126.941375 1198 4172
126.941412 1198 4172
126.941449 1198 4172
126.941491 1198 4172
126.941526 734 4172
126.941576 110 4172
126.989630 238 4172
127.036697 110 4172
127.129359 110 4172
127.174173 110 4172
127.177251 158 4172
127.177288 158 4172
127.177326 158 4172
127.177362 158 4172
127.217951 158 4172
127.218004 158 4172
127.218051 158 4172
127.218094 158 4172
127.218135 158 4172
127.218211 158 4172
127.218302 158 4172
127.218359 158 4172
127.218406 158 4172
127.218444 158 4172
127.218483 1198 4172
127.218522 1198 4172
127.218563 1198 4172
127.218607 1198 4172
127.218644 1198 4172
127.218683 1198 4172
127.218722 1198 4172
127.218760 1198 4172
127.218798 238 4172
127.261168 1198 4172
127.305149 1198 4172
127.305234 1198 4172
127.305338 126 4172
127.393380 110 4172
127.473796 1198 4172
127.473886 718 4172
127.481148 1198 4172
127.481199 222 4172
127.498224 1198 4172
127.498277 414 4172
127.525201 1198 4172
127.525283 1198 4172
127.525323 590 4172
127.701199 110 4172
127.921340 110 4172
127.965208 110 4172
128.053127 110 4172
128.229217 110 4172
128.493153 110 4172
128.753330 110 4172
128.973226 110 4172
129.017236 110 4172
129.061194 110 4172
129.281436 110 4172
129.541248 110 4172
129.805197 110 4172
129.937372 110 4172
130.861202 446 4172
130.861288 318 4172
130.921464 174 4172
130.921491 174 4172
130.921527 174 4172
130.921563 174 4172
130.925420 174 4172
130.925454 174 4172
130.925490 174 4172
130.925525 174 4172
130.925561 174 4172
130.925591 174 4172
130.925624 174 4172
130.931808 174 4172
130.931853 174 4172
130.931893 174 4172
130.931931 1198 4172
130.931969 1198 4172
130.932008 1198 4172
130.932046 1198 4172
130.932084 1198 4172
130.932121 1198 4172
130.932160 1198 4172
130.932197 1198 4172
130.932234 1198 4172
130.932270 1198 4172
130.932307 1198 4172
130.932343 1198 4172
130.932379 1198 4172
130.932416 1198 4172
130.932453 1198 4172
130.932489 974 4172
130.937264 110 4172
130.949170 174 4172
130.949342 1198 4172
130.949386 1198 4172
130.949435 1198 4172
130.949473 1198 4172
130.949510 1198 4172
130.949550 1198 4172
130.949589 1198 4172
130.949628 350 4172
131.031961 1198 4172
131.081218 1198 4172
131.081382 1198 4172
131.081420 654 4172
131.094676 1198 4172
131.094773 1198 4172
131.094813 558 4172
131.125149 1198 4172
131.125239 1198 4172
131.125283 1198 4172
131.125324 750 4172
131.169376 110 4172
131.169442 110 4172
131.257259 110 4172
131.433171 110 4172
131.693124 110 4172
131.953572 110 4172
131.953709 110 4172
132.041073 110 4172
132.217188 110 4172
132.481279 110 4172
132.965250 110 4172
133.053179 110 4172
133.973231 110 4172
134.061117 110 4172
134.937203 110 4172
135.069292 110 4172
135.201207 110 4172
135.949173 110 4172
136.037014 110 4172
136.949255 110 4172
137.037194 110 4172
137.869072 110 4172
137.957026 110 4172
138.041058 110 4172
138.957022 110 4172
139.045105 110 4172
139.961046 110 4172
140.049092 110 4172
140.569019 110 4172
140.953118 110 4172
141.041086 110 4172
141.957050 110 4172
142.045199 110 4172
142.961154 110 4172
143.265382 110 4172
143.965048 110 4172
144.053200 110 4172
144.973151 110 4172
145.061121 110 4172
145.972952 110 4172
145.973006 110 4172
146.061088 110 4172
146.089000 174 4172
146.089052 174 4172
146.089083 174 4172
146.089111 174 4172
146.089141 174 4172
146.089181 174 4172
146.092951 174 4172
146.092987 174 4172
146.093016 174 4172
146.093045 174 4172
146.093074 174 4172
146.093104 174 4172
146.093133 174 4172
146.105021 174 4172
146.105105 174 4172
146.105142 302 4172
146.105183 1198 4172
146.105222 1198 4172
146.105263 1198 4172
146.105300 1198 4172
146.105339 1198 4172
146.105378 1198 4172
146.105414 1198 4172
146.105453 350 4172
146.148986 1198 4172
146.251301 126 4172
146.280938 1198 4172
146.280986 1198 4172
146.281023 654 4172
146.497055 110 4172
146.757080 974 4172
146.757085 110 4172
146.757112 1198 4172
146.757149 142 4172
146.932970 110 4172
146.946772 126 4172
146.948913 270 4172
146.948945 254 4172
146.948981 270 4172
146.949012 318 4172
146.949042 238 4172
146.949073 302 4172
146.949104 238 4172
146.949133 238 4172
146.979837 302 4172
146.979899 254 4172
146.979937 270 4172
146.979974 334 4172
146.980009 286 4172
146.980040 334 4172
146.980074 574 4172
146.980110 638 4172
147.001038 238 4172
147.021649 110 4172
147.041457 110 4172
147.064956 126 4172
147.108998 142 4172
147.125499 174 4172
147.132152 158 4172
147.137653 110 4172
147.147169 174 4172
147.153863 1198 4172
147.153896 1198 4172
147.153927 1198 4172
147.153955 1198 4172
147.153985 1198 4172
147.154012 142 4172
147.154041 1198 4172
147.154069 1198 4172
147.154095 1198 4172
147.154122 1198 4172
147.154149 1198 4172
147.154197 1198 4172
147.154237 1198 4172
147.154267 1198 4172
147.154298 1198 4172
147.154327 1198 4172
147.165167 1198 4172
147.165238 1198 4172
147.165240 702 4172
147.165261 1198 4172
147.165291 1198 4172
147.165322 1198 4172
147.173183 1198 4172
147.173233 1198 4172
147.173267 1198 4172
147.173299 1198 4172
147.173332 1198 4172
147.173365 1198 4172
147.181078 1198 4172
147.181125 1198 4172
147.181161 1198 4172
147.189071 1198 4172
147.189115 1198 4172
147.189153 1198 4172
147.196933 510 4172
147.196976 1198 4172
147.197013 1198 4172
147.205045 1198 4172
147.205100 1198 4172
147.205152 1198 4172
147.213028 1198 4172
147.213071 1198 4172
147.213107 1198 4172
147.221070 1198 4172
147.229077 1198 4172
147.229143 1198 4172
147.229230 1198 4172
147.237043 1198 4172
147.237077 1198 4172
147.237108 1198 4172
147.243021 1198 4172
147.243062 1198 4172
147.243113 942 4172
147.253337 110 4172
147.253366 1198 4172
147.253411 1198 4172
147.253444 1198 4172
147.260914 1198 4172
147.260946 1198 4172
147.269014 1198 4172
147.269049 1198 4172
147.269079 1198 4172
147.277005 110 4172
147.277053 1198 4172
147.277122 1198 4172
147.277163 1198 4172
147.285013 1198 4172
147.285039 1198 4172
147.292973 1118 4172
147.293016 1198 4172
147.293047 1198 4172
147.300983 1198 4172
147.301020 1198 4172
147.308941 1198 4172
147.308981 126 4172
147.309013 1198 4172
147.309041 1198 4172
147.316958 1198 4172
147.316993 1198 4172
147.317022 1198 4172
147.324917 1006 4172
147.324953 1198 4172
147.324976 1198 4172
147.329514 1198 4172
147.329550 1198 4172
147.329581 1198 4172
147.340943 1198 4172
147.341009 110 4172
147.341035 1198 4172
147.341064 1198 4172
147.348987 1198 4172
147.349018 1198 4172
147.356963 958 4172
147.356996 1198 4172
147.357030 1198 4172
147.365423 1198 4172
147.365546 1198 4172
147.365568 1198 4172
147.373014 1198 4172
147.373050 1198 4172
147.373081 1198 4172
147.381062 558 4172
147.381098 750 4172
147.381124 1198 4172
147.381148 366 4172
147.390655 174 4172
147.390686 1198 4172
147.390794 734 4172
147.390836 1198 4172
147.397101 1198 4172
147.397142 1198 4172
147.397179 1198 4172
147.406860 1198 4172
147.406897 1198 4172
147.407198 142 4172
147.407234 190 4172
147.407312 206 4172
147.407345 158 4172
147.413945 174 4172
147.413987 158 4172
147.414014 142 4172
147.414041 782 4172
147.430804 270 4172
147.430870 158 4172
147.430897 158 4172
147.430930 574 4172
147.431027 974 4172
147.431066 158 4172
147.431094 142 4172
147.431122 142 4172
147.431150 622 4172
147.431177 158 4172
147.440337 110 4172
147.464489 158 4172
147.488492 126 4172
147.495570 574 4172
147.495571 1198 4172
147.495593 1198 4172
147.495621 1198 4172
147.495646 1198 4172
147.495671 1198 4172
147.495695 318 4172
147.495721 1198 4172
147.495745 1198 4172
147.495770 1198 4172
147.495795 1054 4172
147.495820 1198 4172
147.495844 1198 4172
147.495869 1198 4172
147.495895 1198 4172
147.495919 1198 4172
147.500957 1198 4172
147.500987 894 4172
147.501027 1198 4172
147.501056 1198 4172
147.501083 1198 4172
147.509836 1198 4172
147.509878 1198 4172
147.509904 1198 4172
147.509929 1198 4172
147.509954 1198 4172
147.509981 1198 4172
147.516946 1134 4172
147.516981 1198 4172
147.517007 1198 4172
147.526762 1198 4172
147.526766 1198 4172
147.526794 1198 4172
147.532953 1198 4172
147.532988 1198 4172
147.533015 1198 4172
147.542817 1198 4172
147.542855 1198 4172
147.542887 110 4172
147.542916 110 4172
147.542946 478 4172
147.548934 1198 4172
147.548971 1198 4172
147.548997 1198 4172
147.558623 1198 4172
147.558699 1198 4172
147.558726 1198 4172
147.564943 1198 4172
147.564976 1198 4172
147.565003 1198 4172
147.576613 1198 4172
147.576679 1198 4172
147.582587 606 4172
147.582621 1198 4172
147.582648 1198 4172
147.591843 1198 4172
147.591877 1198 4172
147.591906 1198 4172
147.596958 1198 4172
147.596990 1198 4172
147.597021 1198 4172
147.605810 1198 4172
147.605847 1198 4172
147.605875 1198 4172
147.612928 1198 4172
147.612958 254 4172
147.612988 1198 4172
147.621151 1198 4172
147.621178 1198 4172
147.621209 1198 4172
147.624888 1198 4172
147.624922 1198 4172
147.624955 1022 4172
147.638160 1198 4172
147.638202 1198 4172
147.638227 1198 4172
147.644942 1198 4172
147.644981 1198 4172
147.645011 1198 4172
147.653814 110 4172
147.653863 1198 4172
147.653897 206 4172
147.653929 1198 4172
147.653960 1198 4172
147.660946 1198 4172
147.660981 702 4172
147.661012 142 4172
147.661041 366 4172
147.661073 798 4172
147.669105 1198 4172
147.669151 1198 4172
147.669186 1198 4172
147.676982 1198 4172
147.677022 1198 4172
147.677059 1006 4172
147.685089 1198 4172
147.685131 1198 4172
147.685165 366 4172
147.685199 1198 4172
147.693046 1198 4172
147.693151 1198 4172
147.701806 1198 4172
147.701861 142 4172
147.701900 1198 4172
147.701936 1198 4172
147.708948 1198 4172
147.708997 270 4172
147.709037 1198 4172
147.709074 1198 4172
147.714095 1198 4172
147.714139 254 4172
147.714176 1198 4172
147.714211 1198 4172
147.725185 1198 4172
147.725310 1198 4172
147.725314 894 4172
147.733093 1198 4172
147.733143 1198 4172
147.733180 1198 4172
147.741042 1198 4172
147.741089 1198 4172
147.741129 110 4172
147.749196 1198 4172
147.749338 1198 4172
147.749384 1198 4172
147.756906 302 4172
147.756972 1198 4172
147.757032 1198 4172
147.764961 718 4172
147.765013 1198 4172
147.765053 1198 4172
147.773002 1198 4172
147.773047 334 4172
147.773084 1198 4172
147.773120 1198 4172
147.780973 1198 4172
147.781031 174 4172
147.781071 142 4172
147.781109 366 4172
147.781149 830 4172
147.781188 1198 4172
147.788960 190 4172
147.789019 1198 4172
147.789053 1198 4172
147.797002 1198 4172
147.797061 798 4172
147.797105 1198 4172
147.797144 638 4172
147.800992 1198 4172
147.801033 958 4172
147.801068 110 4172
147.801101 1198 4172
147.813015 702 4172
147.813221 1198 4172
147.813234 1198 4172
147.820938 446 4172
147.820985 1198 4172
147.821023 894 4172
147.821063 1198 4172
147.829021 1198 4172
147.829065 1198 4172
147.829105 1198 4172
147.837178 1198 4172
147.837225 1198 4172
147.837256 1198 4172
147.845031 654 4172
147.845080 750 4172
147.845130 1198 4172
147.845165 126 4172
147.845204 270 4172
147.853038 1198 4172
147.853083 1198 4172
147.853119 1198 4172
147.860960 1198 4172
147.861009 1198 4172
147.861051 1198 4172
147.869042 1198 4172
147.869088 1198 4172
147.869126 1198 4172
147.876914 1198 4172
147.876960 990 4172
147.885059 1198 4172
147.885094 1198 4172
147.885134 1198 4172
147.888995 1198 4172
147.889041 1198 4172
147.889068 1198 4172
147.901075 1198 4172
147.901198 1198 4172
147.901286 1198 4172
147.908979 1198 4172
147.909044 110 4172
147.909098 1198 4172
147.909167 1198 4172
147.916947 1198 4172
147.916998 1198 4172
147.925063 1198 4172
147.925108 1198 4172
147.925141 1182 4172
147.933074 1198 4172
147.933135 1198 4172
147.933179 1198 4172
147.940948 1198 4172
147.941010 1198 4172
147.941055 1198 4172
147.948949 110 4172
147.948991 1198 4172
147.949036 1102 4172
147.949079 1198 4172
147.956936 1198 4172
147.956982 1198 4172
147.957021 1198 4172
147.964932 1198 4172
147.964983 1198 4172
147.965027 750 4172
147.973061 1198 4172
147.973135 1198 4172
147.973185 1198 4172
147.976914 1198 4172
147.976957 1198 4172
147.976996 1198 4172
147.988999 1198 4172
147.989003 558 4172
147.989095 1198 4172
147.997047 1198 4172
147.997101 1198 4172
147.997144 1198 4172
148.005007 1198 4172
148.005066 1198 4172
148.005111 1198 4172
148.012927 1198 4172
148.012980 350 4172
148.013028 1198 4172
148.021010 1198 4172
148.021068 1198 4172
148.021114 1198 4172
148.029049 1198 4172
148.029096 1198 4172
148.029140 1198 4172
148.036991 1198 4172
148.037033 1198 4172
148.037085 1198 4172
148.045033 1198 4172
148.045067 846 4172
148.045108 1198 4172
148.053041 110 4172
148.053100 1198 4172
148.053145 1198 4172
148.053186 1198 4172
148.061035 1198 4172
148.061083 1198 4172
148.064894 1198 4172
148.064937 1198 4172
148.064978 1198 4172
148.076972 110 4172
148.076981 1198 4172
148.077025 1198 4172
148.077067 1198 4172
148.085061 814 4172
148.085099 1198 4172
148.085140 1198 4172
148.092934 1198 4172
148.092980 1198 4172
148.093026 1198 4172
148.100930 1198 4172
148.100966 1198 4172
148.101003 1198 4172
148.108930 1198 4172
148.108975 1198 4172
148.109020 1198 4172
148.116959 1118 4172
148.117003 1198 4172
148.117046 1198 4172
148.125029 1198 4172
148.125069 1198 4172
148.125113 1198 4172
148.132974 1198 4172
148.133024 1198 4172
148.133062 1198 4172
148.140995 110 4172
148.141014 1198 4172
148.141070 1198 4172
148.141114 558 4172
148.148967 334 4172
148.149011 286 4172
148.149056 334 4172
148.149096 558 4172
148.149134 1198 4172
148.149181 1198 4172
148.153979 1198 4172
148.154021 1198 4172
148.154058 1198 4172
148.165115 1198 4172
148.165118 1198 4172
148.165194 1198 4172
148.173133 158 4172
148.173186 1198 4172
148.173230 1198 4172
148.196940 1198 4172
148.197020 1198 4172
148.197028 286 4172
148.197070 158 4172
148.241724 1198 4172
148.241750 158 4172
148.281078 1198 4172
148.281090 1198 4172
148.281120 1198 4172
148.281147 878 4172
148.284881 494 4172
148.284916 1198 4172
148.284945 1198 4172
148.284975 1198 4172
148.285005 398 4172
148.285033 1006 4172
148.285062 1198 4172
148.328993 1198 4172
148.329010 1182 4172
148.341394 110 4172
148.341454 110 4172
148.341483 110 4172
148.372942 1198 4172
148.373034 942 4172
148.376299 158 4172
148.376336 1198 4172
148.376365 830 4172
148.409383 1198 4172
148.409452 718 4172
148.416893 158 4172
148.416940 670 4172
148.416978 126 4172
148.460939 126 4172
148.543307 782 4172
148.543393 1198 4172
148.543433 1198 4172
148.543471 1198 4172
148.543508 1166 4172
148.543543 1198 4172
148.543577 1198 4172
148.543612 1198 4172
148.543648 1198 4172
148.543682 270 4172
148.543718 1198 4172
148.543754 1198 4172
148.543790 1070 4172
148.543826 1198 4172
148.543861 1198 4172
148.543896 798 4172
148.543931 302 4172
148.549002 1118 4172
148.592939 1198 4172
148.592985 1198 4172
148.593025 142 4172
148.610271 110 4172
148.610410 110 4172
148.610413 110 4172
148.637010 1198 4172
148.637088 766 4172
148.678540 1198 4172
148.678571 302 4172
148.680873 1198 4172
148.680918 910 4172
148.724888 1198 4172
148.813073 1198 4172
148.813160 1198 4172
148.813201 1198 4172
148.813238 110 4172
148.856897 1198 4172
148.856934 1198 4172
148.856979 1198 4172
148.857011 1038 4172
148.900908 110 4172
148.900953 110 4172
148.900982 110 4172
148.945052 110 4172
148.978162 446 4172
148.978323 1198 4172
148.978353 1198 4172
148.978385 1198 4172
148.988891 1198 4172
148.988930 1198 4172
148.988960 830 4172
