0.077107 1198 4172
0.077110 1198 4172
0.077111 1198 4172
0.077117 798 4172
0.077118 238 4172
0.195304 110 4172
0.434608 110 4172
0.461268 110 4172
0.534501 110 4172
0.607479 1198 4172
0.607481 1198 4172
0.607486 1198 4172
0.607506 446 4172
0.607536 686 4172
0.607668 622 4172
0.607880 734 4172
0.608193 1022 4172
0.608436 878 4172
0.608836 1198 4172
0.608852 1198 4172
0.608867 1198 4172
0.608882 254 4172
0.609065 350 4172
0.609208 158 4172
0.609352 158 4172
0.609588 158 4172
0.609859 158 4172
0.655808 1198 4172
0.655813 1198 4172
0.655814 1198 4172
0.655840 1198 4172
0.655864 1198 4172
0.655877 1198 4172
0.655890 1198 4172
0.655902 1198 4172
0.655923 750 4172
0.665323 1198 4172
0.665393 1198 4172
0.665395 1198 4172
0.665395 1198 4172
0.665411 1198 4172
0.665428 1198 4172
0.665481 1198 4172
0.665482 1198 4172
0.665487 1198 4172
0.665508 1198 4172
0.665526 1198 4172
0.665544 254 4172
0.667125 1198 4172
0.667126 1198 4172
0.667131 1198 4172
0.667143 1198 4172
0.667170 1198 4172
0.667226 1198 4172
0.667236 1198 4172
0.667247 1198 4172
0.667266 1198 4172
0.679664 1198 4172
0.679666 798 4172
0.681126 1198 4172
0.681129 1198 4172
0.681148 1198 4172
0.681165 1198 4172
0.681186 1198 4172
0.681204 1198 4172
0.681220 1198 4172
0.681237 1198 4172
0.681258 1198 4172
0.695340 1198 4172
0.695342 1198 4172
0.695343 302 4172
0.696649 1198 4172
0.696663 1198 4172
0.696677 1198 4172
0.696691 1198 4172
0.696710 1198 4172
0.710871 1198 4172
0.710977 1198 4172
0.710979 1198 4172
0.710980 1198 4172
0.710981 1198 4172
0.710982 1198 4172
0.710982 1198 4172
0.726575 110 4172
0.726580 1198 4172
0.726655 1198 4172
0.726657 1198 4172
0.726658 1198 4172
0.726667 1198 4172
0.726683 1198 4172
0.742217 878 4172
0.743598 1198 4172
0.744298 1198 4172
0.744300 1198 4172
0.744301 1198 4172
0.744302 1198 4172
0.744303 1198 4172
0.744303 1198 4172
0.757872 1198 4172
0.757874 1198 4172
0.757875 1198 4172
0.757876 1198 4172
0.757878 1198 4172
0.757878 1198 4172
0.757879 1198 4172
0.773485 1198 4172
0.773489 1198 4172
0.774689 286 4172
0.774692 1198 4172
0.774697 1198 4172
0.774718 1198 4172
0.774737 1198 4172
0.774756 1198 4172
0.774773 1198 4172
0.789062 1198 4172
0.789065 638 4172
0.789066 1198 4172
0.789068 1198 4172
0.789082 398 4172
0.789096 494 4172
0.789112 1006 4172
0.796531 158 4172
0.796687 158 4172
0.796863 158 4172
0.797189 158 4172
0.797494 158 4172
0.797781 158 4172
0.798198 670 4172
0.798485 158 4172
0.798560 158 4172
0.798852 606 4172
0.824693 222 4172
0.840822 190 4172
0.871988 174 4172
0.901544 126 4172
0.933134 254 4172
0.979857 126 4172
1.008202 110 4172
1.026478 126 4172
1.043136 126 4172
1.211843 1198 4172
1.211847 1198 4172
1.211848 1198 4172
1.211849 590 4172
1.227094 942 4172
1.289203 110 4172
1.434625 110 4172
1.534702 110 4172
1.554722 110 4172
1.836249 110 4172
2.117450 110 4172
2.398506 110 4172
2.434570 110 4172
2.534807 110 4172
2.679695 110 4172
2.961122 110 4172
3.242445 110 4172
3.434641 110 4172
3.534902 110 4172
4.434653 110 4172
4.534894 110 4172
5.434632 110 4172
5.534883 110 4172
6.054765 110 4172
6.434681 110 4172
6.534846 110 4172
7.434684 110 4172
7.534978 110 4172
8.434708 110 4172
8.534843 110 4172
8.867354 110 4172
9.434723 110 4172
9.534997 110 4172
10.434729 110 4172
10.535003 110 4172
11.434723 110 4172
11.534939 110 4172
11.680072 110 4172
12.434663 110 4172
12.534917 110 4172
13.434768 110 4172
13.535002 110 4172
14.434801 110 4172
14.492215 110 4172
14.534967 110 4172
15.434827 110 4172
15.534886 110 4172
16.434827 110 4172
16.534874 110 4172
17.304974 110 4172
17.434796 110 4172
17.535023 110 4172
18.434843 110 4172
18.535137 110 4172
19.434816 110 4172
19.535055 110 4172
20.117392 110 4172
20.434878 110 4172
20.535069 110 4172
20.539575 60 60000
20.779119 174 4172
20.779289 318 4172
20.779505 366 4172
20.779666 158 4172
20.779847 158 4172
20.780005 158 4172
20.780286 158 4172
20.780564 158 4172
20.836528 126 4172
20.945849 126 4172
20.961262 158 4172
20.976908 126 4172
20.992520 126 4172
21.001005 1198 4172
21.001021 1198 4172
21.001035 1198 4172
21.001052 670 4172
21.002241 1198 4172
21.002258 846 4172
21.003634 1198 4172
21.003652 1198 4172
21.003666 270 4172
21.005377 1198 4172
21.005391 1198 4172
21.005406 1198 4172
21.005420 206 4172
21.007562 1198 4172
21.007579 1198 4172
21.007597 1198 4172
21.007612 1198 4172
21.007629 1198 4172
21.007644 542 4172
21.012269 1198 4172
21.012285 1198 4172
21.012286 1198 4172
21.012305 1198 4172
21.012320 1102 4172
21.012331 1198 4172
21.012342 1198 4172
21.012354 1198 4172
21.012365 1198 4172
21.012376 574 4172
21.025162 1198 4172
21.025166 1198 4172
21.025166 1198 4172
21.025177 478 4172
21.027524 1198 4172
21.027545 1198 4172
21.027561 1198 4172
21.027576 1198 4172
21.027594 1198 4172
21.027609 1198 4172
21.027624 1198 4172
21.027639 526 4172
21.029712 1198 4172
21.029729 1198 4172
21.029743 1198 4172
21.029757 1198 4172
21.029774 702 4172
21.031813 1198 4172
21.031828 1198 4172
21.031844 1198 4172
21.038927 1198 4172
21.038956 1102 4172
21.038973 1198 4172
21.054599 1198 4172
21.054613 1198 4172
21.054635 1198 4172
21.054666 942 4172
21.054683 1198 4172
21.054697 1198 4172
21.054717 1118 4172
21.056738 1198 4172
21.056796 1198 4172
21.070219 350 4172
21.070231 1198 4172
21.070246 1006 4172
21.070260 1198 4172
21.070276 1198 4172
21.070302 1038 4172
21.070317 702 4172
21.149003 1198 4172
21.149042 398 4172
21.172324 174 4172
21.173715 174 4172
21.175006 174 4172
21.176350 174 4172
21.177666 174 4172
21.178946 174 4172
21.180342 174 4172
21.182058 1198 4172
21.182081 606 4172
21.183779 1198 4172
21.183800 526 4172
21.185459 878 4172
21.186831 174 4172
21.188180 174 4172
21.189518 174 4172
21.190852 174 4172
21.192196 174 4172
21.193323 222 4172
21.201470 60 60000
21.211008 110 4172
21.215327 1198 4172
21.215343 1198 4172
21.215359 1198 4172
21.215375 1198 4172
21.215398 1198 4172
21.215413 1086 4172
21.371896 1198 4172
21.371900 1198 4172
21.371901 1198 4172
21.371901 238 4172
21.402303 126 4172
21.433708 846 4172
21.434836 110 4172
21.493125 110 4172
21.498296 382 4172
21.498317 174 4172
21.498693 1198 4172
21.498713 1198 4172
21.498727 1198 4172
21.498742 1198 4172
21.498761 1198 4172
21.498775 206 4172
21.498790 142 4172
21.526392 734 4172
21.534899 110 4172
21.545431 302 4172
21.545502 398 4172
21.545605 286 4172
21.573357 190 4172
21.604460 174 4172
21.634846 110 4172
21.636191 1198 4172
21.636215 222 4172
21.734975 110 4172
21.758020 110 4172
22.039654 110 4172
22.320670 110 4172
22.434880 110 4172
22.535204 110 4172
22.586507 110 4172
22.867324 110 4172
23.148606 110 4172
23.429858 110 4172
23.434859 110 4172
23.535230 110 4172
24.434942 110 4172
24.535036 110 4172
25.434939 110 4172
25.535184 110 4172
26.242547 110 4172
26.434904 110 4172
26.535133 110 4172
27.434911 110 4172
27.535203 110 4172
28.434950 110 4172
28.535192 110 4172
29.055059 110 4172
29.434946 110 4172
29.535295 110 4172
30.434997 110 4172
30.535065 110 4172
31.435011 110 4172
31.535171 110 4172
31.867356 110 4172
32.434998 110 4172
32.535360 110 4172
33.434976 110 4172
33.535366 110 4172
34.435020 110 4172
34.535122 110 4172
34.679654 110 4172
35.435102 110 4172
35.535133 110 4172
36.435052 110 4172
36.535054 110 4172
37.435115 110 4172
37.492488 110 4172
37.535422 110 4172
38.435122 110 4172
38.535350 110 4172
39.435154 110 4172
39.535314 110 4172
40.305071 110 4172
40.435155 110 4172
40.535149 110 4172
41.289829 126 4172
41.435038 110 4172
41.464353 60 60000
41.470595 270 4172
41.471032 254 4172
41.471520 270 4172
41.472051 318 4172
41.472657 238 4172
41.473354 254 4172
41.474054 222 4172
41.474808 302 4172
41.475389 238 4172
41.475975 238 4172
41.476631 238 4172
41.477145 270 4172
41.477561 334 4172
41.477962 238 4172
41.478546 318 4172
41.479322 494 4172
41.479621 590 4172
41.535077 110 4172
41.617560 190 4172
41.622788 398 4172
41.622956 446 4172
41.622989 158 4172
41.635106 110 4172
41.735187 110 4172
41.773854 174 4172
41.776218 174 4172
41.808778 142 4172
41.919682 1198 4172
41.919686 1198 4172
41.919686 1198 4172
41.919687 174 4172
41.919790 1086 4172
41.919881 1134 4172
41.919968 814 4172
41.920053 926 4172
41.920145 862 4172
41.920418 1198 4172
41.920437 1198 4172
41.920453 1198 4172
41.920468 1006 4172
41.920744 1198 4172
41.920764 910 4172
41.920782 158 4172
41.920936 382 4172
41.933690 142 4172
41.945718 126 4172
42.001609 1198 4172
42.001612 1198 4172
42.001613 1198 4172
42.001623 1198 4172
42.001655 1198 4172
42.001671 1198 4172
42.001685 1198 4172
42.001701 1198 4172
42.001728 1198 4172
42.001741 174 4172
42.010887 1198 4172
42.010889 1198 4172
42.010889 1198 4172
42.010905 1198 4172
42.010942 1198 4172
42.010949 1198 4172
42.010950 1198 4172
42.010951 1198 4172
42.010971 942 4172
42.027848 1198 4172
42.027853 1198 4172
42.027854 1198 4172
42.027854 1198 4172
42.027876 1198 4172
42.027890 1198 4172
42.027903 1198 4172
42.027918 1198 4172
42.027943 1198 4172
42.027952 974 4172
42.042676 1198 4172
42.042686 1198 4172
42.042688 1198 4172
42.042690 1198 4172
42.042691 1198 4172
42.042701 1198 4172
42.042710 1198 4172
42.042726 1198 4172
42.042738 1198 4172
42.042760 1198 4172
42.042760 350 4172
42.059987 1198 4172
42.059989 1198 4172
42.059990 1198 4172
42.060000 1198 4172
42.060015 1198 4172
42.060026 1198 4172
42.060038 1198 4172
42.060048 1198 4172
42.060060 1198 4172
42.060072 414 4172
42.073375 1198 4172
42.073379 1198 4172
42.073380 1198 4172
42.073381 1198 4172
42.073484 1198 4172
42.073486 1198 4172
42.073506 1198 4172
42.073506 1198 4172
42.073522 750 4172
42.088997 1198 4172
42.089001 1198 4172
42.089001 1198 4172
42.089003 1198 4172
42.089115 1198 4172
42.089117 1198 4172
42.089118 1198 4172
42.089213 286 4172
42.105716 1198 4172
42.105718 1198 4172
42.105720 1198 4172
42.105734 1198 4172
42.105755 1198 4172
42.105765 1198 4172
42.105784 1198 4172
42.105802 974 4172
42.120455 1198 4172
42.120463 1198 4172
42.120463 1198 4172
42.120465 1198 4172
42.120472 1198 4172
42.120473 1198 4172
42.120474 1198 4172
42.120488 1198 4172
42.120501 1198 4172
42.120512 702 4172
42.124903 1198 4172
42.124906 1198 4172
42.124906 1198 4172
42.124906 1198 4172
42.124907 1198 4172
42.124908 1198 4172
42.124918 1198 4172
42.124928 1198 4172
42.124943 350 4172
42.136242 1198 4172
42.136254 1198 4172
42.136282 1198 4172
42.136305 1198 4172
42.136331 1198 4172
42.136362 1198 4172
42.136386 1198 4172
42.136411 1198 4172
42.148362 1198 4172
42.148364 702 4172
42.148370 1198 4172
42.148384 1198 4172
42.148399 1198 4172
42.148411 1198 4172
42.164012 1198 4172
42.164049 1198 4172
42.164075 1198 4172
42.164076 1198 4172
42.164104 622 4172
42.164105 1198 4172
42.164114 1198 4172
42.164132 1198 4172
42.164159 1198 4172
42.179708 1198 4172
42.179711 1198 4172
42.179721 1198 4172
42.179738 1198 4172
42.179761 878 4172
42.179773 1198 4172
42.179788 1198 4172
42.179818 1198 4172
42.195218 1198 4172
42.195244 1198 4172
42.195261 1198 4172
42.195277 1198 4172
42.195292 1198 4172
42.195312 1198 4172
42.195328 782 4172
42.195346 1198 4172
42.210959 1198 4172
42.210962 1198 4172
42.210968 1198 4172
42.210969 1198 4172
42.210986 1198 4172
42.211017 1198 4172
42.211018 1198 4172
42.211038 1198 4172
42.226582 1038 4172
42.226586 1198 4172
42.226588 1198 4172
42.226589 1198 4172
42.226600 1198 4172
42.226619 1198 4172
42.226631 1198 4172
42.226646 1198 4172
42.242155 574 4172
42.242165 110 4172
42.242166 446 4172
42.242166 270 4172
42.242181 190 4172
42.242197 190 4172
42.242222 190 4172
42.242237 190 4172
42.242253 190 4172
42.242819 190 4172
42.245268 1198 4172
42.245297 126 4172
42.246425 1198 4172
42.246440 478 4172
42.247317 814 4172
42.247892 190 4172
42.248485 190 4172
42.249056 190 4172
42.249747 190 4172
42.250349 190 4172
42.251891 1198 4172
42.251892 1198 4172
42.251904 654 4172
42.252123 558 4172
42.254129 1198 4172
42.254133 1070 4172
42.291925 222 4172
42.292473 174 4172
42.293031 174 4172
42.293605 174 4172
42.294170 174 4172
42.294746 174 4172
42.295317 174 4172
42.296423 1198 4172
42.296443 430 4172
42.297568 1198 4172
42.297589 1150 4172
42.298521 1038 4172
42.299103 174 4172
42.299674 174 4172
42.300240 174 4172
42.300801 174 4172
42.301379 174 4172
42.302908 1198 4172
42.302924 1198 4172
42.302939 1198 4172
42.302955 670 4172
42.306409 126 4172
42.340361 60 60000
42.400263 126 4172
42.435029 110 4172
42.435921 270 4172
42.436497 174 4172
42.437070 174 4172
42.437654 174 4172
42.438226 174 4172
42.438803 174 4172
42.439376 174 4172
42.440498 1198 4172
42.440516 430 4172
42.441676 1198 4172
42.441678 1150 4172
42.442610 1038 4172
42.443210 174 4172
42.443790 174 4172
42.444360 174 4172
42.445028 174 4172
42.445687 174 4172
42.447249 1198 4172
42.447267 1198 4172
42.447284 1198 4172
42.447304 734 4172
42.450492 1198 4172
42.450513 1198 4172
42.450529 1198 4172
42.450554 1198 4172
42.450576 1198 4172
42.450596 1198 4172
42.450606 1102 4172
42.507960 110 4172
42.531107 126 4172
42.535011 110 4172
42.548509 1198 4172
42.548512 1198 4172
42.548521 270 4172
42.548576 302 4172
42.548591 126 4172
42.548754 238 4172
42.572736 222 4172
42.572740 126 4172
42.604360 1198 4172
42.609021 878 4172
42.635126 110 4172
42.653129 1198 4172
42.653132 1198 4172
42.653133 334 4172
42.684342 1198 4172
42.684363 1166 4172
42.714534 1198 4172
42.714537 1198 4172
42.714538 1198 4172
42.714558 1198 4172
42.714560 494 4172
42.735209 110 4172
42.747243 1198 4172
42.747247 318 4172
42.773647 110 4172
42.794164 1198 4172
42.794167 414 4172
42.810985 1198 4172
42.810989 878 4172
42.835262 110 4172
42.935177 110 4172
42.977256 350 4172
43.039375 110 4172
43.320701 110 4172
43.435138 110 4172
43.535279 110 4172
43.586515 110 4172
43.867325 110 4172
44.148708 110 4172
44.429811 110 4172
44.435126 110 4172
44.535324 110 4172
44.711294 110 4172
44.992143 110 4172
45.273627 110 4172
45.435048 110 4172
45.535434 110 4172
46.435178 110 4172
46.535475 110 4172
47.435177 110 4172
47.535387 110 4172
48.086119 110 4172
48.435202 110 4172
48.535491 110 4172
49.435207 110 4172
49.535517 110 4172
50.435278 110 4172
50.535514 110 4172
50.898629 110 4172
51.435217 110 4172
51.535401 110 4172
52.435232 110 4172
52.535446 110 4172
53.435232 110 4172
53.535487 110 4172
53.711149 110 4172
54.435237 110 4172
54.535438 110 4172
55.435299 110 4172
55.535584 110 4172
56.435265 110 4172
56.523429 110 4172
56.535225 110 4172
57.435172 110 4172
57.535457 110 4172
58.435362 110 4172
58.535495 110 4172
59.336232 110 4172
59.435274 110 4172
59.535462 110 4172
60.435358 110 4172
60.535359 110 4172
61.435314 110 4172
61.535553 110 4172
62.148485 110 4172
62.399268 126 4172
62.435208 110 4172
62.535576 110 4172
62.594277 270 4172
62.594764 254 4172
62.595312 270 4172
62.595928 318 4172
62.596620 238 4172
62.597793 1198 4172
62.597813 1198 4172
62.597830 590 4172
62.598917 1198 4172
62.598936 494 4172
62.599674 238 4172
62.600317 238 4172
62.600966 238 4172
62.603845 238 4172
62.603859 270 4172
62.603872 334 4172
62.603886 302 4172
62.604098 318 4172
62.604861 334 4172
62.605261 60 60000
62.605343 686 4172
62.742802 158 4172
62.758196 174 4172
62.773975 302 4172
62.779446 398 4172
62.779785 462 4172
62.945687 174 4172
62.946174 126 4172
62.961314 174 4172
62.961318 110 4172
62.976878 158 4172
62.992369 174 4172
63.001731 1198 4172
63.001740 1198 4172
63.001752 1198 4172
63.001752 1198 4172
63.001774 1198 4172
63.001786 1198 4172
63.001794 1198 4172
63.001810 1198 4172
63.001851 1198 4172
63.001863 302 4172
63.011469 1198 4172
63.011548 1198 4172
63.011550 1198 4172
63.011579 1198 4172
63.011580 1198 4172
63.011594 1198 4172
63.011616 1198 4172
63.011634 1198 4172
63.011649 1198 4172
63.011663 1198 4172
63.011678 1198 4172
63.011693 766 4172
63.016298 1198 4172
63.016324 1198 4172
63.016341 1198 4172
63.016357 1198 4172
63.016378 1198 4172
63.016393 1198 4172
63.016408 1198 4172
63.016424 1198 4172
63.016442 1198 4172
63.016457 1198 4172
63.016477 1198 4172
63.016487 414 4172
63.027507 1198 4172
63.027545 1198 4172
63.027560 1198 4172
63.027575 1198 4172
63.027594 1198 4172
63.027609 1198 4172
63.027622 1198 4172
63.027637 1198 4172
63.027653 1198 4172
63.027668 1198 4172
63.027685 1198 4172
63.027700 798 4172
63.042564 1198 4172
63.042567 1198 4172
63.042567 1198 4172
63.042585 1198 4172
63.042601 1198 4172
63.042613 1198 4172
63.042624 1198 4172
63.042634 1198 4172
63.042649 1198 4172
63.054537 1070 4172
63.061127 1198 4172
63.061146 1198 4172
63.061166 1198 4172
63.061186 1198 4172
63.061205 1198 4172
63.061220 1198 4172
63.061234 1198 4172
63.061250 638 4172
63.061266 1198 4172
63.061280 1198 4172
63.070162 1198 4172
63.070285 1198 4172
63.070287 1198 4172
63.070288 1198 4172
63.070288 286 4172
63.072979 1198 4172
63.073010 1198 4172
63.085863 1198 4172
63.085866 1198 4172
63.085867 1198 4172
63.085877 1198 4172
63.085955 1198 4172
63.085956 526 4172
63.085956 1198 4172
63.101417 1198 4172
63.101434 1198 4172
63.101450 1198 4172
63.101473 1198 4172
63.101488 1198 4172
63.101502 1198 4172
63.101518 1198 4172
63.101537 1198 4172
63.101552 1198 4172
63.117117 1198 4172
63.117120 1198 4172
63.117120 1198 4172
63.117206 1198 4172
63.117207 1198 4172
63.117222 1198 4172
63.117240 1198 4172
63.117257 1150 4172
63.122339 1198 4172
63.122366 1198 4172
63.122395 1198 4172
63.132685 1198 4172
63.132692 1198 4172
63.132702 1198 4172
63.132714 1198 4172
63.132725 1198 4172
63.132736 1198 4172
63.148336 1198 4172
63.148363 990 4172
63.148364 1198 4172
63.148397 1198 4172
63.148421 1198 4172
63.148436 1198 4172
63.148453 1198 4172
63.148469 1198 4172
63.148484 1198 4172
63.164003 1198 4172
63.164063 1198 4172
63.164065 526 4172
63.164067 1198 4172
63.164068 1198 4172
63.164069 1198 4172
63.164085 1198 4172
63.164086 1198 4172
63.164095 1198 4172
63.179589 1198 4172
63.179592 1198 4172
63.179597 1022 4172
63.179620 1198 4172
63.179636 1198 4172
63.179651 1198 4172
63.179666 1198 4172
63.179682 1198 4172
63.195163 1198 4172
63.195244 1198 4172
63.195271 1198 4172
63.195287 1198 4172
63.195305 1198 4172
63.195323 318 4172
63.199359 1198 4172
63.199390 1198 4172
63.199419 1198 4172
63.199447 1198 4172
63.199474 1198 4172
63.199501 1198 4172
63.210876 1198 4172
63.210881 1198 4172
63.210881 1198 4172
63.210896 1198 4172
63.210911 1198 4172
63.210918 1102 4172
63.226402 1198 4172
63.226481 1198 4172
63.226483 110 4172
63.226489 1198 4172
63.226503 1198 4172
63.226518 1198 4172
63.226533 1198 4172
63.226556 366 4172
63.226569 494 4172
63.226584 494 4172
63.229362 222 4172
63.230888 222 4172
63.232351 222 4172
63.233869 222 4172
63.235226 222 4172
63.236696 222 4172
63.238175 222 4172
63.239643 222 4172
63.241144 222 4172
63.242743 222 4172
63.244505 222 4172
63.246179 222 4172
63.247801 222 4172
63.249286 222 4172
63.250872 1198 4172
63.250906 1198 4172
63.250940 318 4172
63.251347 846 4172
63.255513 462 4172
63.256816 222 4172
63.258826 222 4172
63.262086 222 4172
63.263697 238 4172
63.265368 238 4172
63.267064 238 4172
63.268754 238 4172
63.270424 238 4172
63.272267 222 4172
63.273636 222 4172
63.275353 222 4172
63.276663 222 4172
63.277945 222 4172
63.279192 222 4172
63.280790 1198 4172
63.280818 1198 4172
63.280847 862 4172
63.284948 254 4172
63.287639 190 4172
63.297791 190 4172
63.297804 190 4172
63.297811 190 4172
63.297824 1198 4172
63.297836 1198 4172
63.297848 574 4172
63.297858 1198 4172
63.297869 1198 4172
63.297881 686 4172
63.307351 1198 4172
63.307356 1198 4172
63.307356 926 4172
63.311406 1198 4172
63.311433 1198 4172
63.311458 990 4172
63.313977 1198 4172
63.313988 1198 4172
63.313999 958 4172
63.316367 1198 4172
63.316378 1198 4172
63.316389 686 4172
63.317933 1198 4172
63.317946 398 4172
63.319156 174 4172
63.320529 174 4172
63.322159 174 4172
63.323803 1198 4172
63.323827 1198 4172
63.323843 1198 4172
63.323858 510 4172
63.323908 190 4172
63.328421 254 4172
63.329617 174 4172
63.330844 174 4172
63.332069 174 4172
63.333288 174 4172
63.335270 1198 4172
63.335288 1198 4172
63.335304 878 4172
63.337752 1198 4172
63.337761 1198 4172
63.337773 846 4172
63.341442 1198 4172
63.341453 1198 4172
63.341461 1038 4172
63.344034 1198 4172
63.344050 1198 4172
63.344063 1198 4172
63.346516 1198 4172
63.346528 1198 4172
63.346540 974 4172
63.348870 1198 4172
63.348879 1198 4172
63.348890 750 4172
63.350345 1198 4172
63.350354 558 4172
63.352746 174 4172
63.353030 174 4172
63.354350 174 4172
63.355906 1198 4172
63.355915 1198 4172
63.355928 1198 4172
63.355940 542 4172
63.360640 174 4172
63.362028 174 4172
63.363368 174 4172
63.364685 174 4172
63.365986 174 4172
63.367065 174 4172
63.368157 174 4172
63.370387 174 4172
63.371472 174 4172
63.372643 174 4172
63.373709 174 4172
63.374902 174 4172
63.376312 174 4172
63.377683 174 4172
63.379046 174 4172
63.380572 1198 4172
63.380582 1198 4172
63.380593 1198 4172
63.380605 670 4172
63.435258 110 4172
63.454096 60 60000
63.492146 110 4172
63.535419 110 4172
63.586302 126 4172
63.602191 574 4172
63.712051 222 4172
63.712521 1198 4172
63.712522 910 4172
63.744357 206 4172
63.744359 174 4172
63.744563 238 4172
63.773504 110 4172
63.774833 1198 4172
63.774847 1198 4172
63.774859 1198 4172
63.774872 734 4172
63.806050 1198 4172
63.806165 1198 4172
63.806169 1198 4172
63.806170 174 4172
63.853045 1198 4172
63.853119 1198 4172
63.853121 222 4172
63.869982 1198 4172
63.869986 430 4172
63.916462 1198 4172
63.916465 1198 4172
63.916466 1198 4172
63.917256 910 4172
63.932454 1198 4172
63.932466 1198 4172
63.932479 1198 4172
63.932491 1198 4172
63.932513 702 4172
63.979617 1198 4172
63.979620 1198 4172
63.979621 1198 4172
63.979691 622 4172
64.010520 1198 4172
64.010523 942 4172
64.039527 110 4172
64.180726 1198 4172
64.180730 622 4172
64.195900 1198 4172
64.195929 270 4172
64.211545 1198 4172
64.227093 590 4172
64.242510 222 4172
64.305198 110 4172
64.435379 110 4172
64.535642 110 4172
64.586187 110 4172
64.867302 110 4172
65.148607 110 4172
65.429861 110 4172
65.435340 110 4172
65.535632 110 4172
65.711235 110 4172
65.992351 110 4172
66.273737 110 4172
66.435401 110 4172
66.535612 110 4172
67.435415 110 4172
67.535651 110 4172
68.435418 110 4172
68.535401 110 4172
69.086009 110 4172
69.435423 110 4172
69.535499 110 4172
70.435402 110 4172
70.535754 110 4172
71.435406 110 4172
71.535762 110 4172
71.898672 110 4172
72.435378 110 4172
72.535629 110 4172
73.435471 110 4172
73.535716 110 4172
74.435473 110 4172
74.535836 110 4172
74.711054 110 4172
75.435500 110 4172
75.535529 110 4172
76.435450 110 4172
76.535536 110 4172
77.435460 110 4172
77.523592 110 4172
77.535477 110 4172
78.435485 110 4172
78.535687 110 4172
79.145301 174 4172
79.146484 174 4172
79.147784 174 4172
79.149045 174 4172
79.150340 174 4172
79.151307 174 4172
79.152265 174 4172
79.153250 174 4172
79.154204 174 4172
79.155157 174 4172
79.156292 174 4172
79.157407 174 4172
79.158707 174 4172
79.159999 174 4172
79.161302 174 4172
79.162336 206 4172
79.165490 1198 4172
79.165514 1198 4172
79.165534 1198 4172
79.165553 1198 4172
79.165587 1198 4172
79.165606 1198 4172
79.165625 1198 4172
79.165645 526 4172
79.305064 174 4172
79.322252 1198 4172
79.322254 1198 4172
79.322255 270 4172
79.337744 1198 4172
79.337809 814 4172
79.435487 110 4172
79.460807 110 4172
79.535586 110 4172
79.742370 110 4172
80.023495 110 4172
80.435486 110 4172
80.535719 110 4172
81.435464 110 4172
81.535630 110 4172
81.607556 366 4172
81.607654 286 4172
81.773941 158 4172
82.435524 110 4172
82.535655 110 4172
82.804749 110 4172
83.435559 110 4172
83.524018 126 4172
83.535500 110 4172
83.610754 1198 4172
83.610779 1198 4172
83.610780 1198 4172
83.610804 1198 4172
83.610833 1198 4172
83.610846 1198 4172
83.610861 1198 4172
83.610874 1198 4172
83.610898 814 4172
83.620055 1198 4172
83.620069 1198 4172
83.620092 1198 4172
83.620112 1198 4172
83.620139 1198 4172
83.620157 1198 4172
83.620175 1198 4172
83.620214 1198 4172
83.620238 222 4172
83.638433 1198 4172
83.638437 1198 4172
83.638438 1198 4172
83.638439 1198 4172
83.638455 1198 4172
83.638472 1198 4172
83.638488 1198 4172
83.638507 494 4172
83.638528 1198 4172
83.638563 1198 4172
83.638581 1198 4172
83.638598 1198 4172
83.638619 1198 4172
83.638636 1198 4172
83.638654 1198 4172
83.638672 654 4172
83.650579 1198 4172
83.650591 1198 4172
83.650612 1198 4172
83.650630 1198 4172
83.650656 1198 4172
83.650675 1198 4172
83.650693 1198 4172
83.650711 1198 4172
83.650736 478 4172
83.666485 1198 4172
83.666504 1198 4172
83.666505 1198 4172
83.666528 1198 4172
83.666550 1198 4172
83.666568 1198 4172
83.666586 1198 4172
83.666604 1198 4172
83.666625 1198 4172
83.666643 558 4172
83.682112 1198 4172
83.682117 1198 4172
83.682117 1198 4172
83.682119 1198 4172
83.682196 1198 4172
83.682197 1198 4172
83.682198 1198 4172
83.682204 1198 4172
83.682226 606 4172
83.697241 1198 4172
83.697261 1198 4172
83.697278 1198 4172
83.697297 1198 4172
83.697318 1198 4172
83.697336 1198 4172
83.697354 1198 4172
83.697372 1198 4172
83.697393 1038 4172
83.699205 1198 4172
83.699219 1198 4172
83.699236 1198 4172
83.699254 1198 4172
83.699274 1198 4172
83.699292 1198 4172
83.699309 1198 4172
83.699327 1198 4172
83.699348 1022 4172
83.701364 1198 4172
83.701458 1198 4172
83.701478 1198 4172
83.701496 1198 4172
83.701528 1198 4172
83.701546 1198 4172
83.701564 1198 4172
83.701582 1198 4172
83.701603 1198 4172
83.701621 142 4172
83.703633 1198 4172
83.703644 1198 4172
83.703662 1198 4172
83.710822 1198 4172
83.710856 1198 4172
83.710875 1198 4172
83.710893 1198 4172
83.712022 60 60000
83.726394 1198 4172
83.726397 1118 4172
83.726409 1198 4172
83.726444 1198 4172
83.726457 1198 4172
83.726496 1198 4172
83.726508 1198 4172
83.726522 1198 4172
83.742200 1198 4172
83.742203 878 4172
83.745172 1198 4172
83.745175 1198 4172
83.745176 1198 4172
83.745176 1198 4172
83.745196 1198 4172
83.745209 1198 4172
83.745222 670 4172
83.747574 1198 4172
83.747579 1198 4172
83.747592 1198 4172
83.747603 1198 4172
83.757609 1198 4172
83.757612 1198 4172
83.757612 766 4172
83.757679 1198 4172
83.757680 1198 4172
83.757680 1198 4172
83.757681 1198 4172
83.773410 1198 4172
83.773413 1198 4172
83.773414 1198 4172
83.773416 1198 4172
83.773417 1198 4172
83.773417 1198 4172
83.773423 1198 4172
83.773440 1198 4172
83.773453 1198 4172
83.788879 1198 4172
83.788893 1198 4172
83.788896 190 4172
83.788904 798 4172
83.788922 1198 4172
83.788934 1198 4172
83.788945 1198 4172
83.788956 1198 4172
83.788973 1198 4172
83.788984 1198 4172
83.804509 1134 4172
83.806969 1198 4172
83.806972 1198 4172
83.806988 1198 4172
83.807004 1198 4172
83.807023 1198 4172
83.807037 1198 4172
83.807053 1198 4172
83.807068 446 4172
83.808889 1198 4172
83.808904 1198 4172
83.808920 1198 4172
83.808935 1198 4172
83.820296 1198 4172
83.820299 1198 4172
83.820299 1198 4172
83.820317 1022 4172
83.820336 1198 4172
83.820350 1198 4172
83.835898 1198 4172
83.835915 1198 4172
83.835918 1198 4172
83.835919 1198 4172
83.835932 1198 4172
83.836020 1198 4172
83.836021 238 4172
83.836022 1198 4172
83.836042 1198 4172
83.836043 1198 4172
83.836058 1198 4172
83.851418 1198 4172
83.851419 1198 4172
83.851432 1198 4172
83.851454 1198 4172
83.851467 1198 4172
83.851481 366 4172
83.851496 1198 4172
83.851513 1198 4172
83.851525 1198 4172
83.867126 1198 4172
83.867128 1198 4172
83.867146 1198 4172
83.867161 1198 4172
83.867174 1198 4172
83.867190 622 4172
83.869765 1198 4172
83.869802 1198 4172
83.869823 1198 4172
83.869842 1198 4172
83.869866 1198 4172
83.869884 1198 4172
83.882697 1198 4172
83.882702 926 4172
83.882704 1198 4172
83.882705 1198 4172
83.882706 1198 4172
83.882714 1198 4172
83.882733 1198 4172
83.882741 1198 4172
83.898306 1198 4172
83.898329 1198 4172
83.898348 110 4172
83.898368 462 4172
83.898386 1198 4172
83.898404 1198 4172
83.898420 1198 4172
83.898440 1198 4172
83.898457 1198 4172
83.898475 1198 4172
83.914008 1198 4172
83.914011 1198 4172
83.914014 1198 4172
83.914015 1150 4172
83.914016 1198 4172
83.914043 1198 4172
83.914044 1198 4172
83.914054 1198 4172
83.914065 1198 4172
83.914078 1198 4172
83.929573 1198 4172
83.929577 1198 4172
83.929577 1198 4172
83.929578 1198 4172
83.929579 254 4172
83.929581 1198 4172
83.929601 1198 4172
83.929602 1198 4172
83.929609 1198 4172
83.929635 1198 4172
83.929648 1198 4172
83.945123 1198 4172
83.945132 1198 4172
83.945133 1198 4172
83.945153 814 4172
83.945154 1198 4172
83.945163 1198 4172
83.945178 1198 4172
83.945202 1198 4172
83.945214 1198 4172
83.960806 1198 4172
83.960848 1198 4172
83.960849 1006 4172
83.960879 1198 4172
83.960880 1198 4172
83.960894 1198 4172
83.960917 1198 4172
83.960934 1198 4172
83.960948 1198 4172
83.960963 686 4172
83.963419 1198 4172
83.963442 1198 4172
83.976424 1198 4172
83.976538 1198 4172
83.976596 1198 4172
83.976615 1198 4172
83.976630 846 4172
83.976640 1198 4172
83.976650 1198 4172
83.976663 1198 4172
83.976673 1198 4172
83.992007 1198 4172
83.992024 1198 4172
83.992044 1198 4172
83.992060 542 4172
83.994480 1198 4172
83.994521 1198 4172
83.994555 1198 4172
83.994586 1198 4172
83.994618 1150 4172
83.995027 478 4172
83.999876 286 4172
84.000135 398 4172
84.000439 1198 4172
84.000462 270 4172
84.012143 334 4172
84.044458 302 4172
84.044894 1198 4172
84.044906 1198 4172
84.044917 1198 4172
84.044927 286 4172
84.045131 1086 4172
84.045398 1198 4172
84.045627 894 4172
84.045809 958 4172
84.045987 814 4172
84.046338 1198 4172
84.046346 1198 4172
84.046356 1198 4172
84.046366 462 4172
84.046760 1198 4172
84.046770 878 4172
84.070678 126 4172
84.075402 1198 4172
84.075404 1198 4172
84.075414 1198 4172
84.075429 1166 4172
84.106408 1198 4172
84.106432 1198 4172
84.106448 1198 4172
84.106463 1198 4172
84.106479 1198 4172
84.106494 190 4172
84.106614 382 4172
84.141883 1198 4172
84.141886 1198 4172
84.141887 1198 4172
84.141909 1198 4172
84.141920 1198 4172
84.141930 1198 4172
84.141941 1198 4172
84.141952 222 4172
84.143937 1198 4172
84.143954 1198 4172
84.143970 1198 4172
84.143984 1198 4172
84.144001 1198 4172
84.144017 1198 4172
84.144032 686 4172
84.146106 1198 4172
84.146124 1198 4172
84.146140 1198 4172
84.146159 1198 4172
84.146173 1198 4172
84.146187 1198 4172
84.146202 1166 4172
84.147940 1198 4172
84.147943 1198 4172
84.147955 1198 4172
84.147966 1198 4172
84.147978 1198 4172
84.147989 1198 4172
84.147999 1198 4172
84.148009 606 4172
84.149738 1198 4172
84.149741 1198 4172
84.149756 1198 4172
84.149766 1198 4172
84.149779 1198 4172
84.149789 1198 4172
84.149801 1198 4172
84.163897 1198 4172
84.163900 110 4172
84.163902 254 4172
84.163911 1198 4172
84.163922 1198 4172
84.163930 1198 4172
84.163943 1198 4172
84.163953 1198 4172
84.163964 1198 4172
84.163974 1198 4172
84.163986 894 4172
84.184502 1198 4172
84.184515 1198 4172
84.184527 1198 4172
84.184539 1198 4172
84.184551 1198 4172
84.184561 1198 4172
84.184573 894 4172
84.184584 1198 4172
84.184596 1198 4172
84.184607 1198 4172
84.184617 1198 4172
84.184627 1198 4172
84.184640 1198 4172
84.184650 1198 4172
84.184661 878 4172
84.197049 1198 4172
84.197070 1198 4172
84.197086 1198 4172
84.197101 1198 4172
84.197121 1198 4172
84.197135 1198 4172
84.197150 1198 4172
84.197165 1198 4172
84.197186 1198 4172
84.197202 126 4172
84.214598 1198 4172
84.214601 1198 4172
84.214601 1198 4172
84.214624 1198 4172
84.214632 1198 4172
84.214643 1198 4172
84.214654 1198 4172
84.214664 1198 4172
84.214679 830 4172
84.214689 1198 4172
84.214699 1198 4172
84.214709 1198 4172
84.214733 1198 4172
84.214733 1198 4172
84.214742 1198 4172
84.226355 1198 4172
84.226359 1198 4172
84.226372 1198 4172
84.226382 1198 4172
84.226394 366 4172
84.229446 1198 4172
84.229468 1198 4172
84.229482 1198 4172
84.229498 1198 4172
84.242041 1198 4172
84.242045 1198 4172
84.242046 1198 4172
84.242063 1198 4172
84.242079 1198 4172
84.242093 1198 4172
84.242108 542 4172
84.243747 1198 4172
84.243765 1198 4172
84.243780 1198 4172
84.257661 1198 4172
84.257689 1198 4172
84.257704 1198 4172
84.257719 1198 4172
84.257734 1198 4172
84.257752 462 4172
84.257767 1198 4172
84.257783 1198 4172
84.257798 1198 4172
84.257824 1198 4172
84.273270 1198 4172
84.273289 1198 4172
84.273301 1198 4172
84.273323 862 4172
84.276334 1198 4172
84.276353 1198 4172
84.276369 1198 4172
84.276383 1198 4172
84.276400 1198 4172
84.276414 1198 4172
84.276428 1198 4172
84.288861 1070 4172
84.288948 1198 4172
84.288949 1198 4172
84.288950 1198 4172
84.288963 1198 4172
84.288981 1198 4172
84.288995 414 4172
84.290514 606 4172
84.297572 1198 4172
84.297579 1198 4172
84.297590 1198 4172
84.297610 942 4172
84.298895 1198 4172
84.298898 1198 4172
84.298910 398 4172
84.300417 1198 4172
84.300429 1198 4172
84.321096 1198 4172
84.321100 814 4172
84.321124 1198 4172
84.321137 1198 4172
84.321147 1198 4172
84.321164 1198 4172
84.321215 878 4172
84.321226 1198 4172
84.321236 1198 4172
84.321257 1198 4172
84.321295 1198 4172
84.321305 1198 4172
84.321315 558 4172
84.337614 1198 4172
84.337618 1198 4172
84.337619 1198 4172
84.337619 1198 4172
84.337637 1198 4172
84.337647 350 4172
84.340579 1198 4172
84.340600 1198 4172
84.340615 1198 4172
84.340631 1198 4172
84.340652 1134 4172
84.342208 1198 4172
84.342225 1198 4172
84.342240 1198 4172
84.342254 1198 4172
84.351344 894 4172
84.351356 1198 4172
84.351370 1198 4172
84.351385 1198 4172
84.351404 1198 4172
84.351420 1198 4172
84.367019 1198 4172
84.367021 1198 4172
84.367038 670 4172
84.367048 1198 4172
84.367065 1198 4172
84.367078 1198 4172
84.367090 1198 4172
84.367105 1198 4172
84.367116 1006 4172
84.367128 1198 4172
84.382611 1198 4172
84.382629 1198 4172
84.382646 1198 4172
84.382661 1198 4172
84.382682 654 4172
84.382698 1198 4172
84.382712 1198 4172
84.382726 1198 4172
84.382752 1198 4172
84.382769 1198 4172
84.382782 1198 4172
84.398248 350 4172
84.401377 1198 4172
84.401403 1198 4172
84.401429 1198 4172
84.401456 1198 4172
84.401486 142 4172
84.403231 1198 4172
84.403255 1198 4172
84.403282 1198 4172
84.403312 1102 4172
84.404604 1198 4172
84.404626 1198 4172
84.404654 782 4172
84.405843 1198 4172
84.405863 1198 4172
84.405890 558 4172
84.406309 702 4172
84.413837 270 4172
84.413855 190 4172
84.413871 190 4172
84.417074 190 4172
84.417084 1198 4172
84.417095 1198 4172
84.417119 1198 4172
84.417134 1198 4172
84.417144 1198 4172
84.417159 222 4172
84.417169 1198 4172
84.429504 110 4172
84.429514 1198 4172
84.429534 1198 4172
84.429550 1198 4172
84.429565 1198 4172
84.429584 462 4172
84.430736 1198 4172
84.430754 1198 4172
84.430769 1198 4172
84.430783 1198 4172
84.445180 110 4172
84.445189 1198 4172
84.445192 190 4172
84.445197 1198 4172
84.445210 1198 4172
84.445229 1198 4172
84.445236 1198 4172
84.445247 974 4172
84.445258 1198 4172
84.445270 1198 4172
84.445285 1198 4172
84.460733 1198 4172
84.460808 638 4172
84.460820 1198 4172
84.460835 1198 4172
84.460851 1198 4172
84.460866 1198 4172
84.460886 1198 4172
84.460898 126 4172
84.460913 1198 4172
84.460928 1198 4172
84.460951 1198 4172
84.476392 1198 4172
84.476394 1198 4172
84.476396 478 4172
84.477843 1198 4172
84.478046 1198 4172
84.478072 1198 4172
84.478100 1198 4172
84.478128 1198 4172
84.478162 174 4172
84.479235 1198 4172
84.479240 1198 4172
84.479251 222 4172
84.480998 190 4172
84.481566 190 4172
84.482569 1198 4172
84.482582 1198 4172
84.482594 958 4172
84.485434 254 4172
84.485976 190 4172
84.486527 190 4172
84.487070 190 4172
84.488143 1198 4172
84.488167 1198 4172
84.488182 1198 4172
84.488197 1198 4172
84.508673 1198 4172
84.508677 1038 4172
84.508681 1198 4172
84.508760 1198 4172
84.508878 1198 4172
84.508892 1198 4172
84.508903 1198 4172
84.508914 1198 4172
84.508962 446 4172
84.508974 1198 4172
84.508985 1198 4172
84.508995 1198 4172
84.509034 1198 4172
84.509049 1198 4172
84.523343 1198 4172
84.523348 1038 4172
84.524662 1198 4172
84.524677 1198 4172
84.524691 1198 4172
84.524706 1198 4172
84.524725 1198 4172
84.524740 1198 4172
84.524755 302 4172
84.525691 1198 4172
84.525710 1198 4172
84.535986 60 60000
84.538910 1198 4172
84.538927 1198 4172
84.538946 110 4172
84.538962 1198 4172
84.538979 1198 4172
84.538991 334 4172
84.539005 1198 4172
84.539022 1198 4172
84.539036 1198 4172
84.539050 1198 4172
84.554477 1198 4172
84.554502 1198 4172
84.554519 718 4172
84.554535 1198 4172
84.554549 1198 4172
84.554566 1198 4172
84.554580 1198 4172
84.554594 1198 4172
84.554609 1198 4172
84.554631 942 4172
84.557040 1198 4172
84.557044 1198 4172
84.570108 1198 4172
84.570111 1198 4172
84.570133 1198 4172
84.570145 1198 4172
84.570159 190 4172
84.570170 1198 4172
84.570184 1198 4172
84.570195 1054 4172
84.570206 190 4172
84.570217 190 4172
84.571268 1198 4172
84.585728 1198 4172
84.585877 1198 4172
84.585894 542 4172
84.585911 174 4172
84.585923 174 4172
84.585933 174 4172
84.585942 174 4172
84.585974 1198 4172
84.586016 1198 4172
84.586053 1198 4172
84.586090 1198 4172
84.586112 1198 4172
84.586127 1198 4172
84.586142 206 4172
84.602689 1198 4172
84.602700 1198 4172
84.602718 1198 4172
84.602733 1198 4172
84.602753 1198 4172
84.602766 1198 4172
84.602782 798 4172
84.604538 1198 4172
84.604553 1198 4172
84.604569 1198 4172
84.604584 1198 4172
84.604601 1198 4172
84.604615 1198 4172
84.617032 1198 4172
84.617057 302 4172
84.617087 1198 4172
84.617103 1198 4172
84.617120 1198 4172
84.617133 1198 4172
84.617150 1198 4172
84.617165 1198 4172
84.632632 910 4172
84.632637 1198 4172
84.632642 1198 4172
84.632656 1198 4172
84.632666 1198 4172
84.632677 1198 4172
84.632689 1198 4172
84.632701 814 4172
84.633914 1198 4172
84.633919 1198 4172
84.633930 1198 4172
84.633942 1198 4172
84.648235 110 4172
84.648261 1198 4172
84.648267 1198 4172
84.648281 1086 4172
84.648293 1198 4172
84.648308 1198 4172
84.648318 1198 4172
84.648329 1198 4172
84.648340 1198 4172
84.663908 1198 4172
84.663912 1198 4172
84.663913 222 4172
84.665111 1198 4172
84.665126 1198 4172
84.665141 1198 4172
84.665160 1198 4172
84.665174 1198 4172
84.665190 1198 4172
84.665204 510 4172
84.666824 1198 4172
84.666838 1198 4172
84.666855 1198 4172
84.666871 158 4172
84.667367 174 4172
84.679510 174 4172
84.679519 1198 4172
84.679535 1198 4172
84.679549 1198 4172
84.679571 670 4172
84.679587 158 4172
84.710943 110 4172
84.735592 110 4172
84.744403 126 4172
84.775660 126 4172
84.822398 1198 4172
84.822400 1198 4172
84.822401 254 4172
84.822483 302 4172
84.822642 238 4172
84.822803 270 4172
84.835486 110 4172
84.837774 174 4172
84.884412 174 4172
84.900279 158 4172
84.935482 110 4172
84.936886 1198 4172
84.936906 1198 4172
84.936928 190 4172
84.937507 318 4172
84.938091 174 4172
84.938683 174 4172
84.939832 1198 4172
84.939849 1198 4172
84.939865 1198 4172
84.939880 1198 4172
84.939898 1198 4172
84.939913 1198 4172
84.939929 222 4172
84.940979 1198 4172
84.940997 1198 4172
84.941013 1198 4172
84.941028 1198 4172
84.941044 1198 4172
84.941058 1198 4172
84.941073 462 4172
84.942092 1198 4172
84.942113 1198 4172
84.942128 1198 4172
84.942141 1198 4172
84.942160 1198 4172
84.942173 1198 4172
84.942187 1198 4172
84.942201 382 4172
84.943126 1198 4172
84.943143 1198 4172
84.943161 1198 4172
84.943172 1198 4172
84.943188 1198 4172
84.943202 1198 4172
84.943216 1038 4172
84.944132 1198 4172
84.944147 1198 4172
84.944163 1198 4172
84.944176 1198 4172
84.960909 1198 4172
84.960934 1198 4172
84.960936 878 4172
84.960953 1198 4172
84.961002 1198 4172
84.961017 1198 4172
84.961030 1198 4172
84.961042 1198 4172
84.961105 1198 4172
84.961116 1006 4172
84.978115 1198 4172
84.978130 1198 4172
84.978132 1198 4172
84.978156 1198 4172
84.978171 110 4172
84.978186 1198 4172
84.978198 1198 4172
84.978213 1182 4172
84.980969 1198 4172
84.980993 1198 4172
84.980994 1198 4172
84.981018 1198 4172
84.981018 1198 4172
84.981029 1198 4172
84.981045 510 4172
84.982154 1198 4172
84.982169 1198 4172
84.982184 1198 4172
84.982198 270 4172
84.982854 174 4172
84.983479 174 4172
84.984706 1198 4172
84.984719 1198 4172
84.984732 1198 4172
84.984745 814 4172
84.987714 1198 4172
84.987728 1198 4172
84.987740 1198 4172
84.987753 1198 4172
84.987768 1198 4172
84.987780 1198 4172
84.987793 1198 4172
85.008596 286 4172
85.008603 126 4172
85.010101 174 4172
85.035724 110 4172
85.041171 158 4172
85.072766 126 4172
85.135724 110 4172
85.235738 110 4172
85.242452 126 4172
85.242484 110 4172
85.242509 110 4172
85.242510 110 4172
85.258446 1198 4172
85.258524 862 4172
85.275371 1198 4172
85.275373 766 4172
85.289303 302 4172
85.304948 126 4172
85.320661 190 4172
85.336183 126 4172
85.351772 126 4172
85.368703 1198 4172
85.368721 1198 4172
85.368733 1198 4172
85.368746 1198 4172
85.368766 1198 4172
85.368779 1198 4172
85.368792 1198 4172
85.368805 1198 4172
85.368823 1198 4172
85.368837 1182 4172
85.384321 1198 4172
85.384324 1198 4172
85.384325 1198 4172
85.384327 1198 4172
85.384328 1198 4172
85.384344 1198 4172
85.384358 1198 4172
85.384366 1198 4172
85.384380 1198 4172
85.384392 1198 4172
85.384406 542 4172
85.400110 1198 4172
85.400138 1198 4172
85.400155 1198 4172
85.400173 1198 4172
85.400205 1198 4172
85.400223 1198 4172
85.400240 1198 4172
85.400257 1198 4172
85.400289 1198 4172
85.400307 334 4172
85.415271 1198 4172
85.415299 1198 4172
85.415313 1198 4172
85.415330 1198 4172
85.415355 1198 4172
85.415373 1198 4172
85.415393 1198 4172
85.415411 254 4172
85.430451 1198 4172
85.430465 1198 4172
85.430477 1198 4172
85.430493 654 4172
85.435406 110 4172
85.446023 1198 4172
85.446026 414 4172
85.463203 1198 4172
85.463205 1006 4172
85.477807 1198 4172
85.477843 1198 4172
85.477860 1198 4172
85.477877 1198 4172
85.477911 1198 4172
85.477928 1198 4172
85.477945 1198 4172
85.477972 926 4172
85.493603 1198 4172
85.493605 1198 4172
85.493607 1198 4172
85.493617 1198 4172
85.493619 1198 4172
85.493637 1198 4172
85.493638 1198 4172
85.493644 1198 4172
85.493664 670 4172
85.509211 1198 4172
85.509237 1198 4172
85.509256 1198 4172
85.509274 1198 4172
85.509299 110 4172
85.509313 110 4172
85.509325 110 4172
85.509376 1198 4172
85.509406 1198 4172
85.509422 1198 4172
85.509440 1198 4172
85.509473 1198 4172
85.509491 1038 4172
85.524965 1198 4172
85.525050 1198 4172
85.525052 1198 4172
85.525053 1198 4172
85.525054 1198 4172
85.525082 1198 4172
85.525084 1198 4172
85.525099 1198 4172
85.525137 1198 4172
85.525156 1198 4172
85.525172 318 4172
85.535587 110 4172
85.539886 398 4172
85.635491 110 4172
85.735686 110 4172
85.789048 110 4172
85.789071 110 4172
85.789073 110 4172
86.070518 110 4172
86.351947 110 4172
86.435571 110 4172
86.535552 110 4172
86.617437 110 4172
86.898412 110 4172
87.179820 110 4172
87.435480 110 4172
87.461068 110 4172
87.535658 110 4172
87.742474 110 4172
88.023890 110 4172
88.305015 110 4172
88.435520 110 4172
88.535506 110 4172
88.586174 110 4172
89.435486 110 4172
89.535598 110 4172
90.435642 110 4172
90.535553 110 4172
91.398487 110 4172
91.435534 110 4172
91.535683 110 4172
92.435588 110 4172
92.535774 110 4172
93.435509 110 4172
93.535673 110 4172
94.211395 110 4172
94.435594 110 4172
94.535693 110 4172
95.435687 110 4172
95.535875 110 4172
96.435713 110 4172
96.535673 110 4172
97.023472 110 4172
97.435730 110 4172
97.535883 110 4172
98.435684 110 4172
98.535848 110 4172
99.435696 110 4172
99.535757 110 4172
99.836006 110 4172
100.435709 110 4172
100.535841 110 4172
101.435716 110 4172
101.535716 110 4172
102.435767 110 4172
102.536086 110 4172
102.648457 110 4172
103.435809 110 4172
103.536078 110 4172
104.435739 110 4172
104.535759 110 4172
104.633634 126 4172
104.687707 1198 4172
104.687716 1198 4172
104.687717 1198 4172
104.687741 1198 4172
104.687742 1198 4172
104.687759 1198 4172
104.687759 1198 4172
104.687767 1198 4172
104.687779 1198 4172
104.687789 478 4172
104.700145 1198 4172
104.700167 1198 4172
104.700190 1198 4172
104.700211 1198 4172
104.700235 1198 4172
104.700258 1198 4172
104.700277 1198 4172
104.700298 1086 4172
104.700321 1198 4172
104.700342 1198 4172
104.700362 1198 4172
104.700382 1198 4172
104.700405 1198 4172
104.700425 1198 4172
104.700445 1198 4172
104.700465 590 4172
104.715123 1198 4172
104.715165 1198 4172
104.715167 1198 4172
104.715167 1198 4172
104.715168 1198 4172
104.715214 1198 4172
104.715217 1198 4172
104.715234 638 4172
104.715267 1198 4172
104.715289 1198 4172
104.715311 1198 4172
104.715333 1198 4172
104.715358 1198 4172
104.715383 1198 4172
104.715402 1198 4172
104.715425 1198 4172
104.715449 1198 4172
104.715471 542 4172
104.728759 1198 4172
104.728773 1198 4172
104.728783 1198 4172
104.728784 1198 4172
104.728784 1198 4172
104.728787 1198 4172
104.728788 1198 4172
104.728789 1198 4172
104.728789 1198 4172
104.728805 1198 4172
104.728814 1038 4172
104.744648 1198 4172
104.744652 1198 4172
104.744653 1198 4172
104.744677 1198 4172
104.744721 1198 4172
104.744750 1198 4172
104.744778 1198 4172
104.744807 1198 4172
104.744848 1198 4172
104.744876 1038 4172
104.759730 1198 4172
104.759734 1198 4172
104.759735 1198 4172
104.759779 1198 4172
104.759810 1198 4172
104.759859 1198 4172
104.759897 1198 4172
104.759926 1198 4172
104.759969 1198 4172
104.759997 1198 4172
104.760025 382 4172
104.775702 1198 4172
104.775720 1198 4172
104.775722 1198 4172
104.775754 1198 4172
104.775790 1198 4172
104.775815 1198 4172
104.775843 1198 4172
104.775872 1198 4172
104.775904 1198 4172
104.775932 1198 4172
104.775962 270 4172
104.791446 1198 4172
104.791450 1198 4172
104.791450 1198 4172
104.791451 1198 4172
104.791451 1198 4172
104.791452 1198 4172
104.791469 1198 4172
104.791483 1198 4172
104.791512 1198 4172
104.791514 1198 4172
104.791529 334 4172
104.791592 60 60000
104.806441 1198 4172
104.806456 1198 4172
104.806458 1198 4172
104.806459 1198 4172
104.806459 1198 4172
104.806460 1198 4172
104.806477 1198 4172
104.806477 1198 4172
104.806490 1198 4172
104.806501 1198 4172
104.806510 926 4172
104.822357 1198 4172
104.822362 1198 4172
104.822364 1198 4172
104.822365 1198 4172
104.822366 1198 4172
104.822367 1198 4172
104.822367 1198 4172
104.822368 1198 4172
104.822410 622 4172
104.824441 1198 4172
104.824443 1198 4172
104.824444 1198 4172
104.824444 1198 4172
104.824466 1198 4172
104.824467 1198 4172
104.824476 1198 4172
104.824492 430 4172
104.826473 1198 4172
104.826491 1198 4172
104.826493 1198 4172
104.826525 1198 4172
104.826526 1198 4172
104.826528 1198 4172
104.826544 382 4172
104.828600 1198 4172
104.828609 1198 4172
104.828610 1198 4172
104.835631 1198 4172
104.835633 1198 4172
104.835642 1198 4172
104.835643 766 4172
104.835655 1198 4172
104.851392 1198 4172
104.851422 1198 4172
104.851455 1198 4172
104.851483 1198 4172
104.851515 1198 4172
104.851547 1198 4172
104.851581 1198 4172
104.851609 158 4172
104.855064 1198 4172
104.855092 1198 4172
104.855121 1198 4172
104.855151 1198 4172
104.855188 1198 4172
104.855217 1198 4172
104.866972 1198 4172
104.868169 286 4172
104.868173 1198 4172
104.868175 1198 4172
104.868197 1006 4172
104.876329 190 4172
104.876719 270 4172
104.877075 158 4172
104.877466 158 4172
104.877900 158 4172
104.878839 1198 4172
104.878841 1198 4172
104.878842 510 4172
104.879712 1198 4172
104.880267 414 4172
104.880269 158 4172
104.880719 158 4172
104.881188 158 4172
104.881637 158 4172
104.882011 158 4172
104.882327 158 4172
104.884547 158 4172
104.884564 158 4172
104.884564 110 4172
104.884939 1198 4172
104.884941 1198 4172
104.884942 1198 4172
104.884942 1198 4172
104.884955 1198 4172
104.885240 478 4172
105.041320 414 4172
105.054800 350 4172
105.070463 542 4172
105.076068 174 4172
105.076072 1198 4172
105.076072 462 4172
105.076073 174 4172
105.076074 158 4172
105.076074 158 4172
105.076075 158 4172
105.076075 158 4172
105.076077 158 4172
105.105469 190 4172
105.105581 382 4172
105.135231 382 4172
105.164028 110 4172
105.179906 126 4172
105.189796 1198 4172
105.189812 1198 4172
105.189813 1198 4172
105.189841 1198 4172
105.189873 1198 4172
105.189895 1198 4172
105.189918 1198 4172
105.189959 1198 4172
105.189991 1198 4172
105.190013 1198 4172
105.190037 286 4172
105.201197 1198 4172
105.201201 1198 4172
105.201201 1198 4172
105.201202 1198 4172
105.201203 1198 4172
105.201203 1198 4172
105.201204 1198 4172
105.201206 1198 4172
105.201208 1198 4172
105.201209 1198 4172
105.201210 126 4172
105.213389 1198 4172
105.213394 1198 4172
105.213395 1198 4172
105.213395 1198 4172
105.213408 1198 4172
105.213428 1198 4172
105.213441 1198 4172
105.213456 1198 4172
105.213473 1198 4172
105.213488 1198 4172
105.213503 494 4172
105.217179 1198 4172
105.217182 1198 4172
105.217199 1198 4172
105.217213 1198 4172
105.217237 1198 4172
105.217252 1198 4172
105.217267 1198 4172
105.217282 1198 4172
105.217302 1198 4172
105.217316 1198 4172
105.217332 670 4172
105.229061 1198 4172
105.229064 1198 4172
105.229064 1198 4172
105.229089 1198 4172
105.229100 1198 4172
105.229111 1198 4172
105.229121 1198 4172
105.229147 1198 4172
105.229154 1198 4172
105.229156 1198 4172
105.229168 1198 4172
105.229186 1134 4172
105.244545 1198 4172
105.244548 1198 4172
105.244549 1198 4172
105.244549 1198 4172
105.244549 1198 4172
105.244550 1198 4172
105.244550 1198 4172
105.244560 1198 4172
105.244572 1198 4172
105.244584 878 4172
105.263340 1198 4172
105.263344 1198 4172
105.263358 1198 4172
105.263373 1198 4172
105.263390 1198 4172
105.263404 1198 4172
105.263419 1198 4172
105.263434 1198 4172
105.263452 926 4172
105.263466 1198 4172
105.263480 1198 4172
105.263497 1198 4172
105.263511 1198 4172
105.263525 1198 4172
105.263539 1198 4172
105.263554 1198 4172
105.263570 1198 4172
105.263585 1198 4172
105.263599 1006 4172
105.275823 1198 4172
105.275825 1198 4172
105.275826 1198 4172
105.275826 1198 4172
105.275843 1198 4172
105.275852 1198 4172
105.275864 1198 4172
105.275875 1198 4172
105.275890 1198 4172
105.275900 1198 4172
105.275911 1198 4172
105.275922 510 4172
105.292714 1198 4172
105.292718 1198 4172
105.292720 1198 4172
105.292740 1198 4172
105.292835 1198 4172
105.292836 1198 4172
105.292837 1198 4172
105.292853 1198 4172
105.292854 1198 4172
105.292868 1198 4172
105.292890 1198 4172
105.292907 510 4172
105.306654 1198 4172
105.306656 1198 4172
105.306667 1198 4172
105.306683 1198 4172
105.306700 1198 4172
105.306714 1198 4172
105.306730 1198 4172
105.306743 1198 4172
105.306760 1198 4172
105.306775 1198 4172
105.306789 1198 4172
105.306805 446 4172
105.322343 1198 4172
105.322345 1198 4172
105.322346 1198 4172
105.322355 1198 4172
105.322376 1198 4172
105.322391 1198 4172
105.322407 1198 4172
105.322422 1198 4172
105.322441 1198 4172
105.322458 1118 4172
105.325666 1198 4172
105.325688 1198 4172
105.325703 1198 4172
105.325719 1198 4172
105.325738 1198 4172
105.335695 1198 4172
105.335705 1198 4172
105.335706 1198 4172
105.335706 222 4172
105.335719 1198 4172
105.335729 1198 4172
105.335740 1198 4172
105.335752 1198 4172
105.351349 1198 4172
105.351372 1198 4172
105.351390 1198 4172
105.351413 1198 4172
105.351430 1054 4172
105.351445 1198 4172
105.351460 1198 4172
105.351477 1198 4172
105.351493 1198 4172
105.351507 1198 4172
105.366944 1198 4172
105.366971 1198 4172
105.366994 1198 4172
105.367005 1198 4172
105.367022 1198 4172
105.367049 398 4172
105.367061 1198 4172
105.367074 1198 4172
105.367088 1198 4172
105.367133 1198 4172
105.367152 1198 4172
105.367165 1198 4172
105.382631 1198 4172
105.382635 174 4172
105.384085 702 4172
105.392128 494 4172
105.393507 206 4172
105.394802 206 4172
105.396055 222 4172
105.397297 206 4172
105.398679 206 4172
105.399953 206 4172
105.401201 206 4172
105.402380 206 4172
105.403628 206 4172
105.404871 190 4172
105.406042 190 4172
105.407199 190 4172
105.409663 190 4172
105.410823 190 4172
105.412004 1198 4172
105.412005 1198 4172
105.412006 1198 4172
105.412015 526 4172
105.412393 974 4172
105.414727 1198 4172
105.414743 1198 4172
105.414761 446 4172
105.435691 110 4172
105.435701 110 4172
105.465318 382 4172
105.466915 318 4172
105.469014 1198 4172
105.469015 1198 4172
105.469015 1198 4172
105.469016 1198 4172
105.469023 1198 4172
105.469037 926 4172
105.470663 1198 4172
105.470666 1198 4172
105.470674 1198 4172
105.470685 1198 4172
105.470700 1198 4172
105.470715 350 4172
105.472249 1198 4172
105.472250 1198 4172
105.472265 1198 4172
105.472282 1198 4172
105.472283 1198 4172
105.472303 414 4172
105.473739 1198 4172
105.473749 1198 4172
105.473760 1198 4172
105.473771 1198 4172
105.473784 1198 4172
105.473795 830 4172
105.475243 1198 4172
105.475246 1198 4172
105.475259 1198 4172
105.475269 1198 4172
105.475282 1198 4172
105.475293 926 4172
105.476713 1198 4172
105.476723 1198 4172
105.476733 1198 4172
105.476745 1198 4172
105.476757 1198 4172
105.476768 1006 4172
105.478153 1198 4172
105.478159 1198 4172
105.478189 1198 4172
105.478190 1198 4172
105.478209 1198 4172
105.478215 1182 4172
105.479788 1198 4172
105.479792 1198 4172
105.479804 1198 4172
105.491916 1198 4172
105.491992 1198 4172
105.492011 1198 4172
105.492012 1022 4172
105.492040 1198 4172
105.492066 1198 4172
105.492088 1198 4172
105.492098 1198 4172
105.492139 1198 4172
105.492166 1198 4172
105.492182 1198 4172
105.492196 1198 4172
105.492213 542 4172
105.509367 1198 4172
105.509369 1198 4172
105.509374 1198 4172
105.509396 1198 4172
105.509409 1198 4172
105.509423 1198 4172
105.509437 1198 4172
105.509453 974 4172
105.511898 1198 4172
105.511925 1198 4172
105.511927 1198 4172
105.511945 1198 4172
105.511962 1198 4172
105.511977 1198 4172
105.511991 1198 4172
105.512007 1198 4172
105.523194 350 4172
105.523277 1198 4172
105.523279 1198 4172
105.523280 1198 4172
105.523292 1198 4172
105.523301 1198 4172
105.523311 1198 4172
105.523322 1198 4172
105.523334 1198 4172
105.527197 60 60000
105.538840 766 4172
105.538851 110 4172
105.542113 590 4172
105.542132 1198 4172
105.542150 1198 4172
105.542164 1198 4172
105.542182 1198 4172
105.542196 734 4172
105.543562 1198 4172
105.543583 862 4172
105.548256 174 4172
105.549594 174 4172
105.551396 1198 4172
105.551406 1198 4172
105.551416 1198 4172
105.551427 1198 4172
105.551439 1198 4172
105.551452 510 4172
105.553021 1198 4172
105.553029 1198 4172
105.553040 1198 4172
105.553051 1198 4172
105.553064 1198 4172
105.553074 334 4172
105.554593 1198 4172
105.554613 1198 4172
105.570052 1198 4172
105.570122 1198 4172
105.570123 1198 4172
105.570123 1198 4172
105.570152 1198 4172
105.570152 1198 4172
105.570177 1198 4172
105.570203 1198 4172
105.570218 638 4172
105.570232 1198 4172
105.570250 1198 4172
105.570265 1198 4172
105.585645 1198 4172
105.585663 1198 4172
105.585685 542 4172
105.587308 1198 4172
105.587328 1198 4172
105.587344 1198 4172
105.587360 1198 4172
105.587380 1198 4172
105.587396 574 4172
105.588708 1198 4172
105.588730 1198 4172
105.588776 1198 4172
105.588790 1198 4172
105.601302 1198 4172
105.601329 990 4172
105.601336 1198 4172
105.601348 1198 4172
105.601364 1198 4172
105.601375 1198 4172
105.601386 1198 4172
105.601397 1198 4172
105.601410 974 4172
105.616982 1198 4172
105.616992 1198 4172
105.617066 1198 4172
105.617068 1198 4172
105.617070 1198 4172
105.617083 1198 4172
105.617092 1198 4172
105.617106 1198 4172
105.617118 302 4172
105.617130 1198 4172
105.617139 1198 4172
105.617152 1198 4172
105.632566 1198 4172
105.632574 1198 4172
105.632590 1198 4172
105.632612 1198 4172
105.632628 830 4172
105.632642 1198 4172
105.632656 1198 4172
105.632683 1198 4172
105.632697 1198 4172
105.632714 1198 4172
105.648186 1198 4172
105.648246 1198 4172
105.648248 1198 4172
105.648288 430 4172
105.649941 1198 4172
105.649962 1198 4172
105.649977 1198 4172
105.649993 1198 4172
105.650012 1198 4172
105.650027 1198 4172
105.650041 1198 4172
105.650055 1198 4172
105.650076 862 4172
105.651451 174 4172
105.652478 1198 4172
105.652499 1198 4172
105.663789 1198 4172
105.663806 1198 4172
105.663830 446 4172
105.664239 126 4172
105.695153 110 4172
105.711122 126 4172
105.726845 126 4172
105.742303 126 4172
105.758071 126 4172
105.773570 126 4172
105.775273 126 4172
105.812391 174 4172
105.813729 174 4172
105.814879 174 4172
105.815677 174 4172
105.816489 174 4172
105.817314 174 4172
105.818095 174 4172
105.818905 174 4172
105.819728 174 4172
105.822833 174 4172
105.822844 174 4172
105.822854 174 4172
105.823839 174 4172
105.824708 174 4172
105.826109 174 4172
105.827243 1198 4172
105.827258 1198 4172
105.827274 1198 4172
105.827288 1198 4172
105.827305 782 4172
105.829926 1198 4172
105.829942 1198 4172
105.829953 1198 4172
105.829965 1198 4172
105.829982 1198 4172
105.829993 1198 4172
105.830003 1198 4172
105.830013 1198 4172
105.830029 494 4172
105.859882 206 4172
105.859899 174 4172
105.860055 238 4172
105.976597 110 4172
105.981263 158 4172
105.981436 158 4172
105.981636 158 4172
105.981840 158 4172
105.982036 158 4172
105.982240 158 4172
105.982440 158 4172
105.982635 158 4172
105.982831 158 4172
105.983044 158 4172
105.983246 158 4172
105.983445 158 4172
105.983963 1198 4172
105.983975 1198 4172
105.983985 158 4172
106.012196 1198 4172
106.012243 1198 4172
106.012288 126 4172
106.044205 526 4172
106.257630 110 4172
106.435758 110 4172
106.523594 110 4172
106.535836 110 4172
106.804742 110 4172
107.086203 110 4172
107.367241 110 4172
107.435781 110 4172
107.535926 110 4172
107.648567 110 4172
107.929585 110 4172
108.210978 110 4172
108.435757 110 4172
108.492096 110 4172
108.536116 110 4172
108.773682 110 4172
109.054883 110 4172
109.435730 110 4172
109.535942 110 4172
110.435799 110 4172
110.536096 110 4172
111.435836 110 4172
111.535963 110 4172
111.867141 110 4172
112.435750 110 4172
112.535989 110 4172
113.435861 110 4172
113.536023 110 4172
114.435865 110 4172
114.536082 110 4172
114.679641 110 4172
115.435917 110 4172
115.535979 110 4172
116.435905 110 4172
116.536422 110 4172
117.435901 110 4172
117.492152 110 4172
117.535944 110 4172
118.435923 110 4172
118.536063 110 4172
119.435920 110 4172
119.536021 110 4172
120.304759 110 4172
120.435929 110 4172
120.535945 110 4172
121.435903 110 4172
121.536049 110 4172
122.435963 110 4172
122.536004 110 4172
123.117106 110 4172
123.435938 110 4172
123.535999 110 4172
124.435941 110 4172
124.536197 110 4172
125.436009 110 4172
125.535905 110 4172
125.633412 126 4172
125.657397 1198 4172
125.657405 1198 4172
125.657406 1198 4172
125.657481 1198 4172
125.657486 1198 4172
125.657501 1198 4172
125.657515 1198 4172
125.657529 1198 4172
125.657549 1198 4172
125.657570 1198 4172
125.657578 1198 4172
125.657595 1198 4172
125.657613 1022 4172
125.667288 1198 4172
125.667296 1198 4172
125.667361 1198 4172
125.667363 1198 4172
125.667364 1198 4172
125.667377 1198 4172
125.667391 1198 4172
125.667406 1198 4172
125.667425 1198 4172
125.667439 1198 4172
125.667463 1198 4172
125.667469 1198 4172
125.667491 270 4172
125.682697 1198 4172
125.682719 1198 4172
125.682721 1198 4172
125.682744 1198 4172
125.682775 1198 4172
125.682793 1198 4172
125.682810 1198 4172
125.682828 1198 4172
125.682847 1198 4172
125.682867 1198 4172
125.682882 1198 4172
125.682899 510 4172
125.698049 1198 4172
125.698052 1198 4172
125.698053 1198 4172
125.698083 1198 4172
125.698097 1198 4172
125.698107 1198 4172
125.698120 1198 4172
125.698135 1198 4172
125.698152 1198 4172
125.698168 430 4172
125.699647 1198 4172
125.699661 1198 4172
125.699680 1198 4172
125.699695 1198 4172
125.699715 1198 4172
125.699730 1198 4172
125.699746 1198 4172
125.699761 1198 4172
125.699780 1198 4172
125.699799 1198 4172
125.699811 1198 4172
125.699827 958 4172
125.712938 1198 4172
125.712942 1198 4172
125.712960 1198 4172
125.713025 1198 4172
125.713027 1198 4172
125.713027 1198 4172
125.713036 1198 4172
125.713053 1198 4172
125.713081 1198 4172
125.713107 1198 4172
125.713116 1198 4172
125.713132 1102 4172
125.728867 1198 4172
125.728869 1198 4172
125.728870 1198 4172
125.728871 1198 4172
125.728893 1198 4172
125.728909 1198 4172
125.728927 1198 4172
125.728945 1198 4172
125.728966 1198 4172
125.728983 1198 4172
125.729005 1198 4172
125.729019 430 4172
125.744592 1198 4172
125.744597 1198 4172
125.744598 1198 4172
125.744599 1198 4172
125.744635 1198 4172
125.744647 1198 4172
125.744664 1198 4172
125.744682 1198 4172
125.744702 1198 4172
125.744721 1198 4172
125.744737 1198 4172
125.744756 1070 4172
125.759817 1198 4172
125.759901 1198 4172
125.759904 1198 4172
125.759904 1198 4172
125.759905 1198 4172
125.759905 1198 4172
125.759906 1198 4172
125.759906 1198 4172
125.759936 1198 4172
125.759949 1198 4172
125.759967 1198 4172
125.759996 1198 4172
125.760090 494 4172
125.775757 1198 4172
125.775760 1198 4172
125.775762 1198 4172
125.775763 1198 4172
125.775837 1198 4172
125.775839 1198 4172
125.775839 1198 4172
125.775840 1198 4172
125.775858 1198 4172
125.775875 1198 4172
125.775897 1198 4172
125.775911 1198 4172
125.775932 1198 4172
125.775950 110 4172
125.791386 1198 4172
125.791391 1198 4172
125.791392 1198 4172
125.791393 1198 4172
125.791415 1198 4172
125.791430 1198 4172
125.791450 1198 4172
125.791467 1198 4172
125.791489 1198 4172
125.791506 1198 4172
125.791529 1198 4172
125.791541 1198 4172
125.791565 1198 4172
125.791584 574 4172
125.791647 60 60000
125.806693 1198 4172
125.806697 1198 4172
125.806697 1198 4172
125.806702 1198 4172
125.806769 1198 4172
125.806771 1198 4172
125.806771 1198 4172
125.806772 1198 4172
125.806789 1198 4172
125.806804 1198 4172
125.806826 1198 4172
125.806835 318 4172
125.822220 1198 4172
125.822231 1198 4172
125.822231 1198 4172
125.822259 1198 4172
125.822289 1198 4172
125.822309 1198 4172
125.822333 1198 4172
125.822334 1198 4172
125.822352 494 4172
125.824237 1198 4172
125.824256 1198 4172
125.824272 1198 4172
125.824286 1198 4172
125.824304 1198 4172
125.824319 1198 4172
125.835662 1198 4172
125.835727 1198 4172
125.835728 1198 4172
125.835729 478 4172
125.835730 1198 4172
125.835750 1198 4172
125.835752 1198 4172
125.835762 1198 4172
125.835778 1198 4172
125.851230 1198 4172
125.851250 1198 4172
125.851267 1198 4172
125.851283 1198 4172
125.851297 1198 4172
125.851318 1086 4172
125.851332 1198 4172
125.851346 1198 4172
125.851361 1198 4172
125.851389 1198 4172
125.851396 1198 4172
125.866955 1198 4172
125.866959 1198 4172
125.866960 1198 4172
125.866960 1198 4172
125.866961 1198 4172
125.866973 1198 4172
125.867046 446 4172
125.867808 1102 4172
125.873461 190 4172
125.873759 158 4172
125.874074 158 4172
125.874430 158 4172
125.874823 158 4172
125.875293 158 4172
125.875775 158 4172
125.876227 158 4172
125.876623 158 4172
125.877078 158 4172
125.877468 158 4172
125.877825 158 4172
125.878128 158 4172
125.878435 158 4172
125.878749 158 4172
125.879350 206 4172
125.879618 542 4172
125.879954 270 4172
125.898411 110 4172
125.902832 334 4172
125.963738 286 4172
125.981473 446 4172
126.027576 302 4172
126.043163 190 4172
126.164069 110 4172
126.181612 126 4172
126.185321 174 4172
126.185414 158 4172
126.185613 158 4172
126.185814 350 4172
126.185961 158 4172
126.186108 158 4172
126.186360 158 4172
126.186633 158 4172
126.220531 1198 4172
126.220550 1198 4172
126.220566 1198 4172
126.220581 1198 4172
126.220599 1198 4172
126.220613 1198 4172
126.220630 1198 4172
126.220643 1198 4172
126.220661 1102 4172
126.223257 1198 4172
126.223279 1198 4172
126.223296 1198 4172
126.223311 1198 4172
126.223331 1198 4172
126.223344 1198 4172
126.223358 1198 4172
126.223372 1198 4172
126.223389 1198 4172
126.223403 1198 4172
126.223418 510 4172
126.225877 1198 4172
126.225896 1198 4172
126.225914 1198 4172
126.225930 1198 4172
126.225950 1198 4172
126.225965 1198 4172
126.225981 1198 4172
126.225994 1198 4172
126.226021 1198 4172
126.226036 1198 4172
126.226058 990 4172
126.245274 1198 4172
126.245277 1198 4172
126.245277 1198 4172
126.245278 1198 4172
126.245294 1198 4172
126.245306 1198 4172
126.245317 1198 4172
126.245327 1198 4172
126.245365 1198 4172
126.245376 1198 4172
126.245388 1102 4172
126.260937 1198 4172
126.260955 1198 4172
126.260956 1198 4172
126.260962 1198 4172
126.261016 1198 4172
126.261039 1198 4172
126.261054 1198 4172
126.261068 1198 4172
126.261093 1198 4172
126.261119 1198 4172
126.261124 1198 4172
126.261138 1198 4172
126.261163 862 4172
126.275523 1198 4172
126.275593 1198 4172
126.275593 1198 4172
126.275612 1198 4172
126.275639 1198 4172
126.275668 1198 4172
126.275694 1198 4172
126.275720 1198 4172
126.275748 1198 4172
126.275774 1198 4172
126.275801 206 4172
126.277831 1198 4172
126.277858 1198 4172
126.277886 1198 4172
126.277913 1198 4172
126.277941 1198 4172
126.277966 1198 4172
126.277995 1198 4172
126.278019 1198 4172
126.278046 1198 4172
126.278073 222 4172
126.280158 1198 4172
126.280186 1198 4172
126.280213 1198 4172
126.280240 1198 4172
126.280268 1198 4172
126.280294 1198 4172
126.280320 1198 4172
126.280347 1198 4172
126.280373 1198 4172
126.280399 1198 4172
126.280426 142 4172
126.282702 1198 4172
126.282745 1198 4172
126.282774 1198 4172
126.282801 1198 4172
126.282833 1198 4172
126.288744 1198 4172
126.288746 1198 4172
126.288746 1198 4172
126.288759 1198 4172
126.304372 1198 4172
126.304374 1198 4172
126.304375 974 4172
126.304394 1198 4172
126.304407 1198 4172
126.304418 1198 4172
126.304429 1198 4172
126.304439 1198 4172
126.304452 1198 4172
126.304462 1198 4172
126.304473 1198 4172
126.304483 1198 4172
126.320030 1198 4172
126.320032 1198 4172
126.320033 1006 4172
126.320042 1198 4172
126.320061 1198 4172
126.320070 1198 4172
126.320081 1198 4172
126.320103 1198 4172
126.320116 1198 4172
126.320131 1198 4172
126.320141 1198 4172
126.335678 1198 4172
126.335738 1198 4172
126.335738 1198 4172
126.335739 1038 4172
126.335767 1198 4172
126.335767 1198 4172
126.335782 1198 4172
126.335805 1198 4172
126.335831 1198 4172
126.335844 1198 4172
126.335859 1198 4172
126.335873 1198 4172
126.351281 1198 4172
126.351284 1198 4172
126.351300 510 4172
126.351315 1198 4172
126.351329 1198 4172
126.351345 1198 4172
126.351360 1198 4172
126.351376 1198 4172
126.351392 1198 4172
126.351407 1198 4172
126.351432 1198 4172
126.366943 494 4172
126.367052 1198 4172
126.367054 1198 4172
126.367056 1198 4172
126.367068 1198 4172
126.367068 1198 4172
126.367096 1198 4172
126.367106 1198 4172
126.367120 1198 4172
126.367137 1022 4172
126.367151 1198 4172
126.367166 1198 4172
126.367181 1198 4172
126.382591 1198 4172
126.382594 1198 4172
126.382595 1198 4172
126.382596 1198 4172
126.382597 1198 4172
126.382607 1198 4172
126.382628 1198 4172
126.382641 942 4172
126.382657 1198 4172
126.382668 1198 4172
126.382679 1198 4172
126.398130 1198 4172
126.398140 1198 4172
126.398153 446 4172
126.398159 526 4172
126.398172 1198 4172
126.398184 1198 4172
126.398195 1198 4172
126.398206 1198 4172
126.398216 222 4172
126.398229 1198 4172
126.398239 254 4172
126.416695 1198 4172
126.416804 926 4172
126.418459 1198 4172
126.418485 1198 4172
126.418512 1198 4172
126.418541 110 4172
126.420529 1198 4172
126.420555 1198 4172
126.420582 1198 4172
126.420610 1198 4172
126.420636 1198 4172
126.420663 814 4172
126.422378 1198 4172
126.422415 1198 4172
126.422442 1198 4172
126.422470 1198 4172
126.422497 1198 4172
126.422530 718 4172
126.424280 1198 4172
126.424306 1198 4172
126.424335 1198 4172
126.424361 1198 4172
126.424389 1070 4172
126.426232 1198 4172
126.426264 1198 4172
126.445059 110 4172
126.445079 110 4172
126.445096 1198 4172
126.445108 1198 4172
126.445119 1198 4172
126.445131 1198 4172
126.445146 350 4172
126.445157 1198 4172
126.445167 1198 4172
126.445179 1198 4172
126.445193 1198 4172
126.445211 1198 4172
126.445214 1198 4172
126.445225 1198 4172
126.445239 1198 4172
126.445250 1134 4172
126.464468 1198 4172
126.464471 1198 4172
126.464494 1198 4172
126.464520 1198 4172
126.464546 1198 4172
126.464573 1198 4172
126.464610 1150 4172
126.466694 1198 4172
126.466723 1198 4172
126.466751 1198 4172
126.466778 1198 4172
126.466806 1198 4172
126.466833 1198 4172
126.466866 1086 4172
126.469064 1198 4172
126.469122 1198 4172
126.469162 1198 4172
126.469181 1198 4172
126.476222 1198 4172
126.476229 606 4172
126.476256 1198 4172
126.476270 1198 4172
126.476285 1198 4172
126.476301 446 4172
126.476320 1198 4172
126.491910 1198 4172
126.492026 558 4172
126.492028 1198 4172
126.492029 1182 4172
126.494789 1198 4172
126.494819 1198 4172
126.494834 1198 4172
126.494863 1118 4172
126.496489 974 4172
126.501107 174 4172
126.502394 174 4172
126.503596 174 4172
126.504771 174 4172
126.505969 174 4172
126.507092 174 4172
126.508422 174 4172
126.510046 174 4172
126.511357 174 4172
126.512589 174 4172
126.513840 174 4172
126.515013 174 4172
126.516273 174 4172
126.518645 174 4172
126.519814 174 4172
126.520864 1198 4172
126.520880 1198 4172
126.520895 1198 4172
126.520911 1198 4172
126.520931 286 4172
126.525683 174 4172
126.526879 174 4172
126.528016 174 4172
126.529171 174 4172
126.530285 174 4172
126.531408 174 4172
126.532549 174 4172
126.533660 174 4172
126.534822 174 4172
126.536021 110 4172
126.536034 174 4172
126.537279 174 4172
126.538449 174 4172
126.539722 174 4172
126.540922 174 4172
126.542095 174 4172
126.543191 1198 4172
126.543201 1198 4172
126.543213 1198 4172
126.543224 1198 4172
126.543241 302 4172
126.547890 206 4172
126.549434 206 4172
126.550981 206 4172
126.552512 206 4172
126.554038 206 4172
126.555812 206 4172
126.557417 206 4172
126.558968 206 4172
126.560532 206 4172
126.562193 206 4172
126.563385 174 4172
126.564595 174 4172
126.565733 174 4172
126.566855 174 4172
126.567984 174 4172
126.569000 1198 4172
126.569015 1198 4172
126.569030 1198 4172
126.569046 1198 4172
126.569061 446 4172
126.569150 270 4172
126.574553 174 4172
126.575827 174 4172
126.577069 174 4172
126.578321 174 4172
126.579584 174 4172
126.580831 174 4172
126.582085 174 4172
126.583330 174 4172
126.584586 174 4172
126.586086 174 4172
126.587417 174 4172
126.588679 174 4172
126.589932 174 4172
126.591205 174 4172
126.592446 174 4172
126.593501 1198 4172
126.593510 1198 4172
126.593521 1198 4172
126.593532 1198 4172
126.593547 446 4172
126.603089 382 4172
126.609662 60 60000
126.635918 110 4172
126.668046 1198 4172
126.668059 1198 4172
126.668059 1198 4172
126.668087 1198 4172
126.668100 1198 4172
126.668113 1198 4172
126.668126 1198 4172
126.668140 190 4172
126.669258 1198 4172
126.669272 1198 4172
126.669286 1198 4172
126.669299 1198 4172
126.669319 1198 4172
126.669333 1198 4172
126.669346 1198 4172
126.669361 1198 4172
126.669377 1198 4172
126.669392 1198 4172
126.669408 222 4172
126.680474 1198 4172
126.680558 1198 4172
126.680560 1198 4172
126.680561 1198 4172
126.680577 1198 4172
126.680591 1198 4172
126.680605 1198 4172
126.680619 1198 4172
126.680652 1198 4172
126.680660 1198 4172
126.680673 1198 4172
126.680688 222 4172
126.696136 1198 4172
126.696162 1198 4172
126.696162 1198 4172
126.696193 1198 4172
126.696263 1198 4172
126.696264 1198 4172
126.696264 1198 4172
126.696265 1198 4172
126.696294 1198 4172
126.696311 1198 4172
126.696322 1198 4172
126.696337 926 4172
126.711739 1198 4172
126.711743 1198 4172
126.711743 1198 4172
126.711859 1198 4172
126.711862 110 4172
126.711878 1198 4172
126.711879 1198 4172
126.711880 1198 4172
126.711880 1198 4172
126.711881 1198 4172
126.711896 1198 4172
126.711904 1198 4172
126.711914 1198 4172
126.711927 270 4172
126.713639 1198 4172
126.713652 1198 4172
126.713664 1198 4172
126.713676 1198 4172
126.713692 1198 4172
126.713703 1198 4172
126.713714 1198 4172
126.713724 1198 4172
126.713739 1198 4172
126.713749 1198 4172
126.713760 1198 4172
126.713771 990 4172
126.727391 1198 4172
126.727399 1198 4172
126.727417 1198 4172
126.727431 1198 4172
126.727451 1198 4172
126.727466 1198 4172
126.727480 1198 4172
126.727493 1198 4172
126.727512 1198 4172
126.727539 1198 4172
126.727551 1198 4172
126.727568 622 4172
126.735898 110 4172
126.743090 1198 4172
126.743110 1198 4172
126.743126 1198 4172
126.743141 1198 4172
126.743164 1198 4172
126.743179 1198 4172
126.743194 1198 4172
126.743208 1198 4172
126.743224 1198 4172
126.743238 1198 4172
126.743252 270 4172
126.744810 1198 4172
126.744827 1198 4172
126.744843 1198 4172
126.744858 1198 4172
126.744875 1198 4172
126.744889 1198 4172
126.744904 1198 4172
126.744919 1198 4172
126.744946 1198 4172
126.744954 446 4172
126.745883 1198 4172
126.745930 1198 4172
126.745947 1198 4172
126.745961 1198 4172
126.745980 1198 4172
126.757505 1198 4172
126.757589 1198 4172
126.757591 1198 4172
126.757593 1198 4172
126.757606 734 4172
126.757621 1198 4172
126.757635 1198 4172
126.757662 1198 4172
126.757676 1198 4172
126.757690 1198 4172
126.773138 1198 4172
126.773200 1198 4172
126.773201 1198 4172
126.773235 1198 4172
126.773256 590 4172
126.774358 1198 4172
126.774379 1198 4172
126.774395 1198 4172
126.774410 1198 4172
126.774427 1198 4172
126.774443 1198 4172
126.774457 1198 4172
126.788745 1198 4172
126.788758 158 4172
126.788769 1198 4172
126.788780 1198 4172
126.788791 1198 4172
126.788806 1198 4172
126.788817 1198 4172
126.788828 1198 4172
126.788839 1198 4172
126.788853 1198 4172
126.788864 206 4172
126.805781 1198 4172
126.805825 1198 4172
126.805827 1198 4172
126.805855 1198 4172
126.805855 1198 4172
126.805869 1198 4172
126.805892 1198 4172
126.805924 1198 4172
126.805925 1198 4172
126.805940 382 4172
126.807498 1198 4172
126.807507 1198 4172
126.807521 1198 4172
126.807544 1198 4172
126.807560 1198 4172
126.807574 1198 4172
126.820013 1198 4172
126.820018 1198 4172
126.820019 1198 4172
126.820028 1198 4172
126.820047 462 4172
126.823098 1198 4172
126.823120 1198 4172
126.823138 1198 4172
126.823152 1198 4172
126.823175 1198 4172
126.823190 1198 4172
126.835637 1198 4172
126.841191 462 4172
126.901688 1198 4172
126.901692 1198 4172
126.901695 1198 4172
126.901695 1198 4172
126.901710 1198 4172
126.901725 1198 4172
126.901734 1198 4172
126.901745 1198 4172
126.901760 1198 4172
126.901771 1198 4172
126.901781 1198 4172
126.901793 670 4172
126.932861 1198 4172
126.932864 1198 4172
126.932865 1198 4172
126.932865 1198 4172
126.932883 1198 4172
126.932894 1198 4172
126.932905 1198 4172
126.932916 1198 4172
126.932930 1198 4172
126.932941 1198 4172
126.932951 1198 4172
126.932962 1198 4172
126.932976 446 4172
126.991895 110 4172
126.995285 206 4172
126.996174 1198 4172
126.996196 1198 4172
126.996234 1198 4172
126.996235 1198 4172
126.996243 1198 4172
126.996257 1198 4172
126.996273 1198 4172
126.996288 318 4172
126.997117 1198 4172
126.997130 1198 4172
126.997145 1198 4172
126.997161 1198 4172
126.997181 1198 4172
126.997196 1198 4172
126.997211 1198 4172
126.997225 1198 4172
126.997250 1198 4172
126.997264 1198 4172
126.997284 302 4172
127.008758 1198 4172
127.008761 1198 4172
127.008767 1198 4172
127.008812 1198 4172
127.008827 1198 4172
127.008837 1198 4172
127.008848 1198 4172
127.008859 1198 4172
127.008871 1198 4172
127.008881 1198 4172
127.008891 1198 4172
127.008903 270 4172
127.010670 1198 4172
127.010671 1198 4172
127.010685 1198 4172
127.010705 1198 4172
127.010721 1198 4172
127.010732 1198 4172
127.010742 1198 4172
127.010753 1198 4172
127.010766 1198 4172
127.010777 1198 4172
127.010788 1198 4172
127.010799 958 4172
127.024404 1198 4172
127.024407 1198 4172
127.024416 1198 4172
127.024429 1198 4172
127.024444 1198 4172
127.024455 1198 4172
127.024466 1198 4172
127.024477 1198 4172
127.024491 1198 4172
127.024503 1198 4172
127.024513 1198 4172
127.024523 1198 4172
127.024548 334 4172
127.039860 1198 4172
127.039873 1198 4172
127.039891 1198 4172
127.039906 1198 4172
127.039924 1198 4172
127.039939 1198 4172
127.039953 1198 4172
127.039967 1198 4172
127.039983 1198 4172
127.039999 1198 4172
127.040016 1198 4172
127.040028 894 4172
127.041635 1198 4172
127.041650 1198 4172
127.041663 1198 4172
127.041678 1198 4172
127.041703 1198 4172
127.041717 1198 4172
127.041731 1198 4172
127.041745 1198 4172
127.041770 1198 4172
127.041786 1198 4172
127.041799 1198 4172
127.041815 654 4172
127.055659 1198 4172
127.055661 1198 4172
127.055673 1198 4172
127.055694 1198 4172
127.055710 1198 4172
127.055720 1198 4172
127.055730 1198 4172
127.055741 1198 4172
127.055753 1198 4172
127.055765 974 4172
127.056753 1198 4172
127.056764 1198 4172
127.056776 1198 4172
127.070034 1198 4172
127.070058 1198 4172
127.070064 1198 4172
127.070094 1198 4172
127.070110 1198 4172
127.070130 1198 4172
127.070145 446 4172
127.070161 1198 4172
127.070176 1198 4172
127.070202 1198 4172
127.085619 1198 4172
127.085629 1198 4172
127.085645 1198 4172
127.085666 1198 4172
127.085682 1198 4172
127.085697 1198 4172
127.085712 782 4172
127.086807 1198 4172
127.086816 1198 4172
127.086827 1198 4172
127.086838 1198 4172
127.086852 1198 4172
127.086862 1198 4172
127.101245 1198 4172
127.101259 1198 4172
127.101261 1198 4172
127.101279 510 4172
127.101292 1198 4172
127.101303 1198 4172
127.101316 1198 4172
127.101326 1198 4172
127.101337 1198 4172
127.101348 1198 4172
127.101364 1198 4172
127.116892 1198 4172
127.117195 158 4172
127.118220 1198 4172
127.118242 1198 4172
127.118257 1198 4172
127.118273 1198 4172
127.118289 1198 4172
127.118304 1198 4172
127.118318 1198 4172
127.118334 1086 4172
127.120034 1198 4172
127.120049 1198 4172
127.120064 1198 4172
127.120079 1198 4172
127.120096 1198 4172
127.132493 1198 4172
127.132516 1198 4172
127.132518 1198 4172
127.132557 1198 4172
127.132582 430 4172
127.132598 1198 4172
127.132614 1198 4172
127.132629 1198 4172
127.132652 1198 4172
127.132661 1198 4172
127.148104 1198 4172
127.148111 1198 4172
127.148124 1198 4172
127.148135 1198 4172
127.148147 1198 4172
127.148163 510 4172
127.148175 126 4172
127.148186 190 4172
127.165873 126 4172
127.228566 174 4172
127.257736 110 4172
127.261433 158 4172
127.261672 158 4172
127.261985 158 4172
127.262292 158 4172
127.262592 158 4172
127.262898 158 4172
127.263203 158 4172
127.263506 158 4172
127.263803 158 4172
127.264100 158 4172
127.264402 158 4172
127.264697 158 4172
127.264996 158 4172
127.265295 158 4172
127.266299 1198 4172
127.266320 1198 4172
127.266335 1198 4172
127.266387 1198 4172
127.266434 1198 4172
127.266452 1198 4172
127.266473 1198 4172
127.266487 1198 4172
127.266514 1198 4172
127.266531 1198 4172
127.266547 1198 4172
127.266565 158 4172
127.276072 1198 4172
127.276083 1198 4172
127.276097 334 4172
127.307206 1198 4172
127.307207 1198 4172
127.307208 1198 4172
127.307276 1150 4172
127.435989 110 4172
127.523380 110 4172
127.536049 110 4172
127.804837 110 4172
128.086253 110 4172
128.367475 110 4172
128.435996 110 4172
128.536086 110 4172
128.648561 110 4172
128.929630 110 4172
129.211242 110 4172
129.435993 110 4172
129.491972 110 4172
129.536110 110 4172
129.773555 110 4172
130.054754 110 4172
130.335808 110 4172
130.435997 110 4172
130.536172 110 4172
130.617352 110 4172
131.436037 110 4172
131.536289 110 4172
132.436037 110 4172
132.536191 110 4172
133.429674 110 4172
133.436029 110 4172
133.536244 110 4172
134.436036 110 4172
134.536349 110 4172
135.436065 110 4172
135.536260 110 4172
136.242281 110 4172
136.436054 110 4172
136.536040 110 4172
137.436057 110 4172
137.536219 110 4172
138.436054 110 4172
138.536248 110 4172
139.054545 110 4172
139.436159 110 4172
139.536397 110 4172
140.436113 110 4172
140.536260 110 4172
141.436118 110 4172
141.536271 110 4172
141.646914 174 4172
141.647591 174 4172
141.648335 174 4172
141.649049 174 4172
141.649774 174 4172
141.650384 174 4172
141.650976 174 4172
141.651570 174 4172
141.652166 174 4172
141.652756 174 4172
141.653342 174 4172
141.653939 174 4172
141.654593 174 4172
141.655184 174 4172
141.655756 174 4172
141.656428 526 4172
141.658956 1198 4172
141.658976 1198 4172
141.658985 1198 4172
141.658999 1198 4172
141.659027 1198 4172
141.659041 1198 4172
141.659055 1198 4172
141.659068 1198 4172
141.659094 510 4172
141.779931 1198 4172
141.779934 1198 4172
141.779935 526 4172
141.867013 110 4172
141.945406 254 4172
142.132773 110 4172
142.413853 110 4172
142.436112 110 4172
142.536408 110 4172
143.436130 110 4172
143.536309 110 4172
144.436144 110 4172
144.536497 110 4172
145.210868 110 4172
145.436147 110 4172
145.536427 110 4172
146.436149 110 4172
146.536348 110 4172
146.742899 126 4172
146.797657 1198 4172
146.797724 1198 4172
146.797746 1198 4172
146.797765 1198 4172
146.797786 1198 4172
146.797805 1198 4172
146.797824 1198 4172
146.797842 1198 4172
146.797864 1198 4172
146.797882 1198 4172
146.797902 1198 4172
146.800335 1198 4172
146.800358 1198 4172
146.800378 1198 4172
146.800408 1198 4172
146.800433 1198 4172
146.800434 1198 4172
146.800461 1198 4172
146.800462 1198 4172
146.800473 1198 4172
146.800483 1198 4172
146.800492 1198 4172
146.800502 494 4172
146.822930 1198 4172
146.822949 1198 4172
146.822950 1198 4172
146.822950 1198 4172
146.822970 1198 4172
146.822970 1198 4172
146.822983 1198 4172
146.822992 1198 4172
146.823009 1198 4172
146.823029 974 4172
146.825691 1198 4172
146.825703 1198 4172
146.825717 1198 4172
146.825730 1198 4172
146.825748 1198 4172
146.825761 1198 4172
146.825774 1198 4172
146.825786 1198 4172
146.825804 1198 4172
146.825828 1102 4172
146.827955 1198 4172
146.827966 1198 4172
146.827980 1198 4172
146.827985 1198 4172
146.828002 1198 4172
146.828012 1198 4172
146.828030 1198 4172
146.828040 1198 4172
146.828091 1198 4172
146.828116 1198 4172
146.828138 1198 4172
146.828159 1198 4172
146.828194 1102 4172
146.839021 1198 4172
146.839042 1198 4172
146.839074 1198 4172
146.839106 1198 4172
146.839140 1198 4172
146.839173 1198 4172
146.839207 1198 4172
146.839238 1198 4172
146.839271 1198 4172
146.839303 1198 4172
146.839337 1198 4172
146.839367 1198 4172
146.839400 1198 4172
146.839432 1198 4172
146.839466 974 4172
146.842115 1198 4172
146.842128 1198 4172
146.842139 1198 4172
146.842151 1198 4172
146.842168 1198 4172
146.842180 1198 4172
146.842191 1198 4172
146.842202 1198 4172
146.851262 1198 4172
146.851310 1198 4172
146.851336 1198 4172
146.851359 1198 4172
146.851388 1198 4172
146.851412 894 4172
146.854788 1198 4172
146.854812 1198 4172
146.854838 1198 4172
146.867034 1198 4172
146.867036 1198 4172
146.867037 1198 4172
146.867044 1198 4172
146.867058 1198 4172
146.867074 1198 4172
146.867089 1198 4172
146.867099 1198 4172
146.867112 1198 4172
146.867128 1198 4172
146.882482 1198 4172
146.882522 958 4172
146.882523 1198 4172
146.882535 1198 4172
146.882553 1198 4172
146.882571 1198 4172
146.882597 1198 4172
146.882616 1198 4172
146.882633 1198 4172
146.882653 1198 4172
146.882681 1198 4172
146.898125 1198 4172
146.898145 1198 4172
146.898146 1198 4172
146.898167 1198 4172
146.898187 1198 4172
146.898199 1198 4172
146.898211 1198 4172
146.898227 1198 4172
146.898240 302 4172
146.901686 1198 4172
146.901697 1198 4172
146.901709 1198 4172
146.901721 1198 4172
146.901741 1198 4172
146.901754 1198 4172
146.913673 1198 4172
146.913675 1198 4172
146.913742 1198 4172
146.913743 1198 4172
146.913743 1198 4172
146.913743 1198 4172
146.913758 1198 4172
146.913760 1198 4172
146.913775 1198 4172
146.929355 926 4172
146.929381 1198 4172
146.929402 1198 4172
146.929421 1198 4172
146.929440 1198 4172
146.929459 1198 4172
146.929478 1198 4172
146.929495 1198 4172
146.929517 1198 4172
146.929535 1198 4172
146.929553 1198 4172
146.929571 1198 4172
146.944968 1198 4172
146.944982 1198 4172
146.945055 1198 4172
146.945056 1198 4172
146.945057 1198 4172
146.945086 1198 4172
146.945110 1198 4172
146.945124 1198 4172
146.945138 1198 4172
146.945160 1198 4172
146.945175 1198 4172
146.960612 1198 4172
146.960686 1198 4172
146.960687 1198 4172
146.960688 894 4172
146.963290 1198 4172
146.963324 1198 4172
146.963354 1198 4172
146.963381 1198 4172
146.963407 1198 4172
146.963434 1198 4172
146.963462 1198 4172
146.963488 1198 4172
146.963516 462 4172
146.965884 1198 4172
146.965891 1198 4172
146.965902 1198 4172
146.965913 1198 4172
146.976205 1198 4172
146.976214 1198 4172
146.976232 1198 4172
146.976247 1198 4172
146.976268 974 4172
146.976282 1198 4172
146.976298 1198 4172
146.991859 1198 4172
146.991929 1198 4172
146.991929 1198 4172
146.991930 1198 4172
146.991962 1198 4172
146.991963 1198 4172
146.991976 1198 4172
146.992002 462 4172
146.992016 1198 4172
146.992033 1198 4172
146.992047 1198 4172
146.992061 1198 4172
146.992076 1198 4172
147.007466 1198 4172
147.007473 206 4172
147.007474 750 4172
147.007483 190 4172
147.007500 158 4172
147.007511 158 4172
147.007521 158 4172
147.007534 158 4172
147.007547 158 4172
147.007558 158 4172
147.007568 158 4172
147.007575 158 4172
147.023746 158 4172
147.024191 158 4172
147.024539 158 4172
147.024849 158 4172
147.025164 158 4172
147.025480 158 4172
147.025887 158 4172
147.026137 366 4172
147.070438 126 4172
147.148766 270 4172
147.148769 110 4172
147.164058 142 4172
147.166637 1198 4172
147.166656 1198 4172
147.166669 1198 4172
147.166681 1198 4172
147.166696 1198 4172
147.166708 510 4172
147.167513 1198 4172
147.167537 1198 4172
147.167549 1198 4172
147.167560 1198 4172
147.167577 1198 4172
147.167588 1198 4172
147.167599 1198 4172
147.167610 1198 4172
147.167625 1198 4172
147.167637 1198 4172
147.167648 1198 4172
147.167660 1198 4172
147.167677 1166 4172
147.180694 1198 4172
147.180697 1198 4172
147.180735 1198 4172
147.180747 1198 4172
147.180763 1198 4172
147.180774 1198 4172
147.180785 1198 4172
147.180797 1198 4172
147.180809 1198 4172
147.180819 1198 4172
147.180829 1198 4172
147.180839 1198 4172
147.180852 1198 4172
147.180863 1198 4172
147.180885 1198 4172
147.180899 942 4172
147.195911 1198 4172
147.195920 1198 4172
147.195920 1198 4172
147.195950 1198 4172
147.195979 1198 4172
147.195995 1198 4172
147.196013 1198 4172
147.196055 1198 4172
147.196074 1198 4172
147.196089 1198 4172
147.196103 1198 4172
147.196117 1198 4172
147.196142 1198 4172
147.196157 1198 4172
147.196171 1198 4172
147.196185 1198 4172
147.196210 1198 4172
147.196222 1198 4172
147.196237 510 4172
147.211647 1198 4172
147.211777 1198 4172
147.211778 1198 4172
147.211779 1198 4172
147.211797 1198 4172
147.211811 1198 4172
147.211820 1198 4172
147.211831 1198 4172
147.211843 1198 4172
147.211855 1198 4172
147.211865 1198 4172
147.211877 766 4172
147.227798 1198 4172
147.227834 1198 4172
147.227834 1198 4172
147.227835 1198 4172
147.227836 1198 4172
147.227876 1198 4172
147.227876 878 4172
147.228529 1198 4172
147.228559 1198 4172
147.228576 1198 4172
147.228594 1198 4172
147.228613 1198 4172
147.228631 1198 4172
147.228649 1198 4172
147.228666 1198 4172
147.228686 1198 4172
147.228705 894 4172
147.229154 1198 4172
147.229175 1198 4172
147.229192 1198 4172
147.229209 1198 4172
147.229229 1086 4172
147.229358 494 4172
147.229771 1198 4172
147.229789 190 4172
147.240874 270 4172
147.241224 254 4172
147.241558 270 4172
147.243686 318 4172
147.243698 1198 4172
147.243706 1198 4172
147.243718 1198 4172
147.243731 894 4172
147.244527 1198 4172
147.244539 1198 4172
147.244550 1198 4172
147.244561 1198 4172
147.244574 1198 4172
147.244584 1198 4172
147.244596 1086 4172
147.246942 1198 4172
147.246963 1198 4172
147.246978 1198 4172
147.246992 1198 4172
147.247009 1198 4172
147.247023 1198 4172
147.257380 1198 4172
147.257401 190 4172
147.257402 1198 4172
147.257413 1198 4172
147.257428 1198 4172
147.257443 1198 4172
147.257467 1198 4172
147.257482 1198 4172
147.273014 1198 4172
147.273017 1198 4172
147.273028 1086 4172
147.273038 1198 4172
147.273048 1198 4172
147.273059 1198 4172
147.273071 1198 4172
147.273081 1198 4172
147.273091 1198 4172
147.273101 1198 4172
147.273115 1198 4172
147.273125 158 4172
147.275864 1198 4172
147.275881 1198 4172
147.275897 1198 4172
147.288683 1198 4172
147.288696 1198 4172
147.288709 1198 4172
147.288724 1198 4172
147.288739 270 4172
147.288756 1198 4172
147.288770 1198 4172
147.288784 1198 4172
147.288798 1198 4172
147.288816 1198 4172
147.304294 1198 4172
147.304310 878 4172
147.304331 1198 4172
147.304346 1198 4172
147.304361 1198 4172
147.304377 1198 4172
147.304392 958 4172
147.304407 334 4172
147.304421 286 4172
147.304437 334 4172
147.304454 606 4172
147.304469 1198 4172
147.304484 1198 4172
147.304498 1198 4172
147.304515 1198 4172
147.319886 1198 4172
147.319905 1198 4172
147.319911 1198 4172
147.319929 1198 4172
147.319941 478 4172
147.319953 174 4172
147.319964 1198 4172
147.319978 126 4172
147.319989 1198 4172
147.320000 926 4172
147.320011 718 4172
147.320025 158 4172
147.336032 126 4172
147.336041 158 4172
147.336349 1118 4172
147.337038 158 4172
147.337168 142 4172
147.337388 782 4172
147.342010 302 4172
147.342058 158 4172
147.371801 174 4172
147.398774 126 4172
147.417662 574 4172
147.417666 110 4172
147.417852 334 4172
147.417900 158 4172
147.434179 174 4172
147.434311 158 4172
147.434376 158 4172
147.434531 158 4172
147.434584 142 4172
147.434633 142 4172
147.434705 174 4172
147.434937 174 4172
147.436166 110 4172
147.498702 1198 4172
147.498705 1198 4172
147.498716 1198 4172
147.498733 734 4172
147.499545 1198 4172
147.499562 1198 4172
147.499577 1198 4172
147.499592 1198 4172
147.499609 1198 4172
147.499623 1198 4172
147.499639 1198 4172
147.499652 1198 4172
147.499667 350 4172
147.500440 1198 4172
147.500454 1198 4172
147.500469 1198 4172
147.500483 1198 4172
147.500500 1198 4172
147.500513 1198 4172
147.500528 334 4172
147.501462 1198 4172
147.501478 1198 4172
147.501492 1198 4172
147.501507 1198 4172
147.501522 1198 4172
147.501537 1198 4172
147.501550 1198 4172
147.501565 1054 4172
147.502732 1198 4172
147.502748 1198 4172
147.502763 1198 4172
147.502777 1198 4172
147.502796 1198 4172
147.502810 1198 4172
147.502824 1198 4172
147.502837 1198 4172
147.502856 1198 4172
147.502870 1198 4172
147.523195 1198 4172
147.523201 1198 4172
147.523332 1182 4172
147.525838 1198 4172
147.525845 1198 4172
147.525853 1198 4172
147.525866 1198 4172
147.525904 1198 4172
147.525915 1198 4172
147.525926 1198 4172
147.525936 1198 4172
147.525975 1198 4172
147.525986 1198 4172
147.525996 1198 4172
147.526006 1198 4172
147.526045 1198 4172
147.526057 1198 4172
147.526066 1198 4172
147.526077 1198 4172
147.526115 1198 4172
147.526125 1198 4172
147.526136 110 4172
147.536137 110 4172
147.541490 1198 4172
147.541528 1198 4172
147.541561 1198 4172
147.541593 1198 4172
147.541625 1198 4172
147.541657 1198 4172
147.541688 1198 4172
147.541719 1198 4172
147.541751 1198 4172
147.541782 1198 4172
147.541813 1198 4172
147.541844 1198 4172
147.541875 1198 4172
147.541905 1198 4172
147.541956 1198 4172
147.541988 1198 4172
147.542019 1198 4172
147.542050 1198 4172
147.542081 830 4172
147.543352 1198 4172
147.543365 1198 4172
147.543378 1198 4172
147.554265 1198 4172
147.554291 1198 4172
147.554307 1198 4172
147.554323 1198 4172
147.554338 1198 4172
147.554354 1198 4172
147.554369 1198 4172
147.554383 1198 4172
147.569942 1198 4172
147.569962 1198 4172
147.569978 1198 4172
147.569994 1198 4172
147.570008 1198 4172
147.570034 1198 4172
147.570049 1198 4172
147.570063 1198 4172
147.570078 1198 4172
147.570098 318 4172
147.570112 1198 4172
147.570126 1198 4172
147.585614 1198 4172
147.585615 1198 4172
147.585616 1198 4172
147.585631 1198 4172
147.585642 1198 4172
147.585655 1198 4172
147.585665 1198 4172
147.585676 1198 4172
147.585686 1198 4172
147.585700 1006 4172
147.587525 1198 4172
147.587550 1198 4172
147.587580 1198 4172
147.601133 1198 4172
147.601213 1198 4172
147.601213 1198 4172
147.601228 1198 4172
147.601229 1198 4172
147.601237 686 4172
147.601248 1198 4172
147.601259 1198 4172
147.601271 1198 4172
147.601283 1198 4172
147.601302 1198 4172
147.616797 1198 4172
147.616871 1198 4172
147.616890 1198 4172
147.616891 1198 4172
147.616918 1198 4172
147.616944 414 4172
147.616961 1198 4172
147.616976 1198 4172
147.616989 1198 4172
147.617006 1198 4172
147.617020 1198 4172
147.617035 1198 4172
147.617050 558 4172
147.632457 782 4172
147.632468 1198 4172
147.632468 398 4172
147.632469 1198 4172
147.632543 1198 4172
147.632544 1198 4172
147.632545 1198 4172
147.632558 1198 4172
147.632559 846 4172
147.632567 1198 4172
147.632577 1198 4172
147.632588 1198 4172
147.632605 1198 4172
147.648011 1198 4172
147.648033 1198 4172
147.648049 366 4172
147.649698 1198 4172
147.649701 1198 4172
147.649705 1198 4172
147.649725 638 4172
147.650462 1198 4172
147.650470 1198 4172
147.650480 1198 4172
147.650491 1198 4172
147.650504 606 4172
147.651466 1198 4172
147.651476 1198 4172
147.651487 1198 4172
147.663678 1198 4172
147.663680 1198 4172
147.663687 1198 4172
147.663722 1198 4172
147.663741 622 4172
147.663761 1198 4172
147.663775 1198 4172
147.663790 1198 4172
147.663805 1198 4172
147.663822 1198 4172
147.679385 1102 4172
147.679491 1198 4172
147.679493 1198 4172
147.679493 110 4172
147.679524 1198 4172
147.679603 1198 4172
147.679661 478 4172
147.682343 1198 4172
147.682346 1198 4172
147.682347 1198 4172
147.682356 1198 4172
147.682376 1198 4172
147.682383 1198 4172
147.682413 1198 4172
147.682415 478 4172
147.682432 158 4172
147.682441 158 4172
147.682450 174 4172
147.682460 158 4172
147.695221 126 4172
147.695403 542 4172
147.695789 1166 4172
147.702514 1198 4172
147.702532 1198 4172
147.702541 1198 4172
147.702548 1198 4172
147.702560 1198 4172
147.702572 334 4172
147.703176 1198 4172
147.703186 1198 4172
147.703198 1198 4172
147.703209 1198 4172
147.703222 830 4172
147.703722 1198 4172
147.703735 942 4172
147.704257 1198 4172
147.704269 1102 4172
147.704680 1198 4172
147.704690 1198 4172
147.710620 638 4172
147.710652 1198 4172
147.710670 1198 4172
147.710692 1198 4172
147.710712 574 4172
147.726427 1198 4172
147.726437 1198 4172
147.726438 526 4172
147.726438 1198 4172
147.726440 1198 4172
147.726440 1198 4172
147.726441 1198 4172
147.726441 1198 4172
147.726442 1198 4172
147.726455 1198 4172
147.726472 190 4172
147.727806 126 4172
147.728053 622 4172
147.728501 1182 4172
147.732020 1198 4172
147.732022 1198 4172
147.732029 1198 4172
147.732030 1198 4172
147.732054 622 4172
147.732766 1198 4172
147.741856 1198 4172
147.741867 654 4172
147.741898 1198 4172
147.741899 622 4172
147.741913 1198 4172
147.741927 894 4172
147.741954 1198 4172
147.741955 1198 4172
147.741965 206 4172
147.741988 1198 4172
147.757449 1198 4172
147.757452 222 4172
147.759830 1198 4172
147.759833 942 4172
147.760632 1198 4172
147.760654 1198 4172
147.760668 1198 4172
147.760682 1198 4172
147.760700 1198 4172
147.760714 1198 4172
147.760729 862 4172
147.760951 1166 4172
147.761375 1182 4172
147.765153 1198 4172
147.765190 1198 4172
147.765191 302 4172
147.790078 142 4172
147.790187 510 4172
147.790557 1134 4172
147.806798 222 4172
147.806815 142 4172
147.807201 1182 4172
147.837751 222 4172
147.868210 142 4172
147.868213 142 4172
147.868538 990 4172
147.900497 142 4172
147.960811 110 4172
148.086240 814 4172
148.242091 110 4172
148.337886 382 4172
148.376869 270 4172
148.377577 718 4172
148.378374 270 4172
148.379165 318 4172
148.379960 238 4172
148.380792 302 4172
148.381682 238 4172
148.382129 238 4172
148.382708 238 4172
148.383154 302 4172
148.383674 254 4172
148.384136 270 4172
148.384480 334 4172
148.384807 286 4172
148.385141 334 4172
148.385765 318 4172
148.388306 1198 4172
148.388332 1198 4172
148.388347 1198 4172
148.388360 1198 4172
148.388380 1198 4172
148.388394 1198 4172
148.388409 1198 4172
148.388423 1198 4172
148.388446 494 4172
148.420355 1198 4172
148.420383 686 4172
148.420384 158 4172
148.434493 174 4172
148.436085 110 4172
148.523141 110 4172
148.536183 110 4172
148.543244 382 4172
148.543314 334 4172
148.543359 158 4172
148.575179 190 4172
148.575610 1198 4172
148.575624 1198 4172
148.575638 1118 4172
148.576064 1198 4172
148.576079 1198 4172
148.576093 1054 4172
148.576574 1198 4172
148.576587 1198 4172
148.576600 1198 4172
148.576613 1198 4172
148.576628 494 4172
148.577002 1198 4172
148.577016 1198 4172
148.577029 1198 4172
148.577043 606 4172
148.577143 606 4172
148.577217 174 4172
148.605794 158 4172
148.637405 1198 4172
148.637410 222 4172
148.637412 158 4172
148.668331 158 4172
148.715424 142 4172
148.746550 142 4172
148.777571 174 4172
148.804350 110 4172
148.946786 1198 4172
148.946806 1198 4172
148.946820 686 4172
148.960913 142 4172
148.976432 174 4172
