0.066139 1198 4172
0.066183 1198 4172
0.066259 1198 4172
0.066299 910 4172
0.110095 110 4172
0.194197 110 4172
0.238076 110 4172
0.458160 110 4172
0.590048 1198 4172
0.590158 1198 4172
0.590172 1198 4172
0.590198 766 4172
0.590229 1086 4172
0.590258 702 4172
0.590285 814 4172
0.590314 686 4172
0.590341 798 4172
0.590369 766 4172
0.590397 1198 4172
0.590426 1198 4172
0.590456 1198 4172
0.590479 1054 4172
0.590556 158 4172
0.634035 414 4172
0.658111 1198 4172
0.658169 1198 4172
0.658219 1198 4172
0.658258 1198 4172
0.658295 1182 4172
0.666124 1198 4172
0.666158 1198 4172
0.666196 1198 4172
0.666229 1198 4172
0.666263 1198 4172
0.666297 1198 4172
0.666326 1198 4172
0.674140 1198 4172
0.674197 1150 4172
0.674241 1198 4172
0.674278 334 4172
0.674316 1198 4172
0.674351 1198 4172
0.677965 1198 4172
0.677999 1198 4172
0.678045 1198 4172
0.678086 1198 4172
0.690038 1198 4172
0.690103 1198 4172
0.690145 702 4172
0.690183 1198 4172
0.698081 1198 4172
0.698129 1198 4172
0.706101 1198 4172
0.706138 1198 4172
0.706174 1198 4172
0.714080 110 4172
0.714135 1198 4172
0.714179 1198 4172
0.722126 1198 4172
0.722165 558 4172
0.722197 1198 4172
0.730071 1198 4172
0.730105 1198 4172
0.730143 1198 4172
0.738139 1198 4172
0.738192 1198 4172
0.746075 1198 4172
0.746126 1198 4172
0.746172 1198 4172
0.754126 1198 4172
0.754163 1198 4172
0.762093 238 4172
0.762131 1198 4172
0.762166 1198 4172
0.766110 1198 4172
0.766145 1198 4172
0.766177 1198 4172
0.778097 1198 4172
0.778142 1198 4172
0.778173 1198 4172
0.786114 1198 4172
0.786167 1198 4172
0.794081 1198 4172
0.794116 1198 4172
0.802134 1198 4172
0.802176 1198 4172
0.810103 1198 4172
0.810142 206 4172
0.818090 1198 4172
0.818137 1198 4172
0.818177 1198 4172
0.826102 1198 4172
0.826143 1198 4172
0.826174 702 4172
0.834091 1198 4172
0.834138 1198 4172
0.842254 1198 4172
0.842301 1198 4172
0.842329 1198 4172
0.850244 1198 4172
0.850279 910 4172
0.850313 334 4172
0.850350 1054 4172
0.853933 1198 4172
0.885109 158 4172
0.885113 158 4172
0.885169 238 4172
0.885210 270 4172
0.885249 158 4172
0.885284 158 4172
0.885320 158 4172
0.885356 142 4172
0.885391 734 4172
0.885427 158 4172
0.885462 222 4172
0.886885 142 4172
0.898077 1198 4172
0.898132 270 4172
0.970091 318 4172
0.986078 110 4172
1.030143 318 4172
1.118098 110 4172
1.206130 110 4172
1.238108 622 4172
1.250092 110 4172
1.338120 142 4172
1.426135 142 4172
1.554025 110 4172
1.598136 142 4172
1.814091 110 4172
2.070158 110 4172
2.114058 110 4172
2.246106 110 4172
2.330123 110 4172
2.594079 110 4172
2.638155 142 4172
2.726093 142 4172
2.858163 142 4172
2.858201 142 4172
2.902014 110 4172
3.034055 142 4172
3.118139 110 4172
3.210023 110 4172
3.253951 142 4172
3.423850 110 4172
3.425903 142 4172
3.862028 142 4172
3.862072 142 4172
4.034050 142 4172
4.034081 142 4172
4.122035 110 4172
4.210033 110 4172
4.694047 142 4172
4.694099 142 4172
4.869945 142 4172
4.869999 142 4172
5.134016 110 4172
5.222064 110 4172
5.658082 142 4172
5.658101 142 4172
5.921974 142 4172
5.922003 142 4172
6.098066 110 4172
6.142039 110 4172
6.230029 110 4172
6.494046 142 4172
6.714018 142 4172
7.104862 142 4172
7.104923 142 4172
7.109961 110 4172
7.241993 110 4172
7.304824 142 4172
7.304883 142 4172
7.330023 110 4172
7.726052 142 4172
7.726101 142 4172
7.902055 142 4172
7.902152 142 4172
8.121982 110 4172
8.209979 110 4172
8.514027 142 4172
8.514084 142 4172
8.734017 142 4172
8.734062 142 4172
8.777996 110 4172
9.123844 110 4172
9.129943 142 4172
9.204797 142 4172
9.217978 110 4172
9.305988 110 4172
9.349984 142 4172
9.438046 142 4172
9.745956 142 4172
9.746098 142 4172
9.966032 142 4172
9.966075 142 4172
10.142008 110 4172
10.229983 110 4172
10.581975 142 4172
10.582032 142 4172
10.797964 142 4172
10.798027 142 4172
11.105948 110 4172
11.193993 142 4172
11.237942 110 4172
11.281971 142 4172
11.369945 142 4172
11.370014 142 4172
11.457837 110 4172
11.590080 142 4172
11.985910 142 4172
11.985945 142 4172
12.117982 110 4172
12.161969 142 4172
12.162008 142 4172
12.205920 110 4172
12.337995 110 4172
12.821929 142 4172
12.821971 142 4172
12.997951 142 4172
13.129964 110 4172
13.204856 142 4172
13.217919 110 4172
13.261943 142 4172
13.393931 142 4172
13.789950 142 4172
13.790000 142 4172
14.009973 142 4172
14.010051 142 4172
14.118024 110 4172
14.137943 110 4172
14.225972 110 4172
14.661978 142 4172
14.662017 142 4172
14.838067 142 4172
14.838106 142 4172
15.146013 110 4172
15.224143 110 4172
15.233956 142 4172
15.453900 142 4172
15.850000 142 4172
15.850100 142 4172
16.025995 142 4172
16.026028 142 4172
16.113942 110 4172
16.246045 110 4172
16.682026 142 4172
16.682060 142 4172
16.813968 110 4172
16.857955 142 4172
16.858061 142 4172
17.121954 110 4172
17.209885 110 4172
17.693955 142 4172
17.694024 142 4172
17.869798 142 4172
17.957939 142 4172
18.089932 142 4172
18.133898 110 4172
18.221919 110 4172
18.309916 142 4172
18.705931 142 4172
18.705948 142 4172
18.925884 142 4172
18.925944 142 4172
19.145948 110 4172
19.233879 110 4172
19.493898 142 4172
19.537925 110 4172
19.713925 142 4172
20.104866 142 4172
20.104921 142 4172
20.109866 110 4172
20.241943 110 4172
20.329901 142 4172
20.329940 142 4172
20.549889 142 4172
20.550040 60 60000
20.732321 174 4172
20.732350 158 4172
20.732383 158 4172
20.732418 158 4172
20.732456 158 4172
20.732488 158 4172
20.732515 158 4172
20.744125 142 4172
20.772761 1198 4172
20.772795 1198 4172
20.772823 1198 4172
20.772853 1198 4172
20.772880 1198 4172
20.772907 1198 4172
20.772934 1198 4172
20.772962 1198 4172
20.772990 1198 4172
20.773017 1198 4172
20.773043 238 4172
20.778959 1198 4172
20.779001 1198 4172
20.779039 1198 4172
20.779065 1198 4172
20.779092 1198 4172
20.779120 1198 4172
20.779147 1198 4172
20.779173 1198 4172
20.779199 1198 4172
20.779225 1198 4172
20.787226 158 4172
20.787564 158 4172
20.787597 1198 4172
20.787623 1198 4172
20.787656 1198 4172
20.787682 1198 4172
20.787709 1198 4172
20.800685 1198 4172
20.802445 1198 4172
20.802898 1198 4172
20.805896 606 4172
20.805926 1198 4172
20.814368 1198 4172
20.814401 1198 4172
20.821978 1198 4172
20.822010 1198 4172
20.822039 1198 4172
20.829895 1198 4172
20.829939 1198 4172
20.829975 1198 4172
20.847118 1198 4172
20.847344 1198 4172
20.847380 1198 4172
20.855223 702 4172
20.855279 1198 4172
20.855307 1198 4172
20.855340 1198 4172
20.855368 1198 4172
20.861876 1198 4172
20.861907 1198 4172
20.870458 1198 4172
20.870516 1198 4172
20.870553 1198 4172
20.878357 1198 4172
20.878399 846 4172
20.878433 1198 4172
20.885842 1198 4172
20.885877 1198 4172
20.892904 1198 4172
20.892949 1198 4172
20.902317 126 4172
20.902450 1198 4172
20.902468 1198 4172
20.902494 1198 4172
20.912881 1198 4172
20.912920 734 4172
20.912949 1198 4172
20.918310 1198 4172
20.918354 1198 4172
20.918381 1198 4172
20.944378 1198 4172
20.945987 1198 4172
20.946033 1198 4172
20.946082 1198 4172
20.950494 1198 4172
20.950985 862 4172
20.951654 1198 4172
20.952147 1198 4172
20.952638 1198 4172
20.953072 1198 4172
20.959174 1198 4172
20.959220 1198 4172
20.965830 1198 4172
20.976970 1198 4172
20.977000 574 4172
20.981923 1198 4172
20.981960 1198 4172
20.992266 1198 4172
20.992316 1198 4172
20.997660 1198 4172
21.009535 1198 4172
21.009581 1198 4172
21.014795 1198 4172
21.025517 1198 4172
21.026746 1198 4172
21.026802 1198 4172
21.029908 1198 4172
21.038017 350 4172
21.038022 1198 4172
21.043943 1198 4172
21.044298 1198 4172
21.056606 1198 4172
21.063147 1198 4172
21.063179 1198 4172
21.069887 1198 4172
21.077910 1198 4172
21.077935 1198 4172
21.087128 1198 4172
21.093937 574 4172
21.093972 1198 4172
21.102054 1198 4172
21.109855 110 4172
21.109882 1198 4172
21.109911 1198 4172
21.120738 1198 4172
21.126366 1198 4172
21.126397 110 4172
21.126425 1198 4172
21.133878 1198 4172
21.142789 1198 4172
21.142864 1198 4172
21.151060 1198 4172
21.152966 1006 4172
21.158592 1198 4172
21.158620 1198 4172
21.169478 1198 4172
21.174318 1198 4172
21.174363 1198 4172
21.189372 1198 4172
21.190962 1198 4172
21.191035 1198 4172
21.199521 1198 4172
21.199549 846 4172
21.206006 1198 4172
21.206049 1198 4172
21.223215 1198 4172
21.223279 110 4172
21.223310 1198 4172
21.229927 1198 4172
21.230781 1198 4172
21.238337 1198 4172
21.243851 542 4172
21.243885 1198 4172
21.258006 1198 4172
21.258942 1198 4172
21.262587 1198 4172
21.262629 1198 4172
21.270245 1198 4172
21.270275 1198 4172
21.271836 60 60000
21.278832 1198 4172
21.285843 1198 4172
21.285879 910 4172
21.294480 1198 4172
21.294511 1198 4172
21.301908 1198 4172
21.302549 1198 4172
21.310068 1198 4172
21.310133 1198 4172
21.317912 1198 4172
21.331534 1198 4172
21.331642 1198 4172
21.333903 110 4172
21.334552 1198 4172
21.334645 238 4172
21.339998 1198 4172
21.340038 1198 4172
21.349955 1198 4172
21.350011 1198 4172
21.358317 1198 4172
21.358350 1198 4172
21.366520 1198 4172
21.370665 158 4172
21.370696 270 4172
21.370730 174 4172
21.370761 110 4172
21.370792 174 4172
21.370820 174 4172
21.370847 174 4172
21.378531 174 4172
21.378566 174 4172
21.378601 1198 4172
21.378632 1198 4172
21.381894 1198 4172
21.393880 542 4172
21.393907 1198 4172
21.394016 1198 4172
21.402251 1198 4172
21.402276 686 4172
21.412986 1198 4172
21.413019 894 4172
21.418139 174 4172
21.418174 174 4172
21.418202 174 4172
21.418228 174 4172
21.418254 174 4172
21.418324 1198 4172
21.425801 1198 4172
21.425837 1198 4172
21.433855 1198 4172
21.442723 366 4172
21.442762 974 4172
21.442796 1198 4172
21.449988 1198 4172
21.450020 1198 4172
21.457832 1198 4172
21.457862 126 4172
21.465860 1198 4172
21.465895 1198 4172
21.472090 1198 4172
21.472128 1022 4172
21.481894 1198 4172
21.481929 1198 4172
21.487466 158 4172
21.513763 1102 4172
21.557709 1198 4172
21.557757 1198 4172
21.557789 366 4172
21.557825 302 4172
21.557853 238 4172
21.557883 670 4172
21.557930 270 4172
21.601778 1198 4172
21.601817 318 4172
21.646234 110 4172
21.909928 110 4172
22.129985 110 4172
22.174131 110 4172
22.217889 110 4172
22.702077 110 4172
22.965936 110 4172
23.141903 110 4172
23.230166 110 4172
23.537933 110 4172
23.758018 110 4172
24.065941 110 4172
24.110118 110 4172
24.241970 110 4172
25.121831 110 4172
25.209828 110 4172
26.129859 110 4172
26.217952 110 4172
26.741954 110 4172
27.133929 110 4172
27.221915 110 4172
28.145932 110 4172
28.233937 110 4172
29.105806 110 4172
29.237844 110 4172
29.413945 110 4172
30.117842 110 4172
30.205767 110 4172
31.125884 110 4172
31.213830 110 4172
32.081966 110 4172
32.125910 110 4172
32.213795 110 4172
33.137802 110 4172
33.225815 110 4172
34.145797 110 4172
34.233736 110 4172
34.805844 110 4172
35.109770 110 4172
35.241777 110 4172
36.113679 110 4172
36.241895 110 4172
37.121758 110 4172
37.209718 110 4172
37.473928 110 4172
38.129823 110 4172
38.218019 110 4172
39.133885 110 4172
39.221716 110 4172
40.137815 110 4172
40.141793 110 4172
40.229805 110 4172
41.145816 110 4172
41.233709 110 4172
41.465682 1198 4172
41.465702 1198 4172
41.465739 1198 4172
41.465774 1198 4172
41.465806 1198 4172
41.465837 1198 4172
41.465869 1198 4172
41.465899 1198 4172
41.465933 1198 4172
41.473695 1198 4172
41.473724 830 4172
41.481633 1198 4172
41.481679 1198 4172
41.481720 1198 4172
41.481757 1198 4172
41.489634 1198 4172
41.489676 1198 4172
41.497693 1198 4172
41.505724 1198 4172
41.513626 1198 4172
41.513676 926 4172
41.521730 1198 4172
41.529722 1198 4172
41.529771 60 60000
41.529772 1198 4172
41.537632 1198 4172
41.541561 1198 4172
41.541598 1198 4172
41.553726 1198 4172
41.553749 1198 4172
41.561626 1198 4172
41.561673 1198 4172
41.569622 1198 4172
41.577682 1198 4172
41.577739 558 4172
41.577782 1198 4172
41.585649 1198 4172
41.593710 1198 4172
41.593766 1198 4172
41.601638 1198 4172
41.601674 1198 4172
41.609718 1198 4172
41.617794 1198 4172
41.625691 1198 4172
41.625746 718 4172
41.625778 1198 4172
41.629657 1198 4172
41.641728 1198 4172
41.641820 1198 4172
41.649734 1198 4172
41.649777 1198 4172
41.657665 1198 4172
41.657702 1198 4172
41.665650 1198 4172
41.673607 1198 4172
41.673649 1198 4172
41.681723 798 4172
41.681772 1198 4172
41.689673 1198 4172
41.689710 1198 4172
41.697647 1198 4172
41.697693 1198 4172
41.705711 1198 4172
41.705763 1198 4172
41.713786 1198 4172
41.713797 1198 4172
41.717762 1198 4172
41.717813 798 4172
41.729707 1198 4172
41.729724 1198 4172
41.737814 1198 4172
41.737923 1198 4172
41.745638 1198 4172
41.753645 1198 4172
41.761633 110 4172
41.761663 1198 4172
41.761704 1150 4172
41.769679 1198 4172
41.769718 1198 4172
41.777628 1198 4172
41.777670 1198 4172
41.785743 1198 4172
41.785773 1198 4172
41.793639 1198 4172
41.793675 1198 4172
41.801659 1198 4172
41.805632 1198 4172
41.805680 654 4172
41.817711 1198 4172
41.817746 1198 4172
41.828406 1198 4172
41.834332 1198 4172
41.841664 1198 4172
41.841695 1198 4172
41.849689 1198 4172
41.862417 1198 4172
41.862541 1198 4172
41.865618 1198 4172
41.865657 1086 4172
41.873667 1198 4172
41.881702 1198 4172
41.881736 1198 4172
41.889649 1198 4172
41.896545 1198 4172
41.896590 1198 4172
41.917150 1198 4172
41.932668 1198 4172
41.932750 1198 4172
41.932771 1198 4172
41.932805 1198 4172
41.932839 894 4172
41.932873 1198 4172
41.937639 1198 4172
41.937675 1198 4172
41.945647 1198 4172
41.945683 1198 4172
41.960555 1198 4172
41.960602 1198 4172
41.961722 1198 4172
41.969945 1198 4172
41.969989 1198 4172
41.978243 1198 4172
41.978329 1198 4172
41.986831 542 4172
41.987473 1198 4172
41.987516 1198 4172
41.994849 1198 4172
41.994885 1198 4172
42.001938 1198 4172
42.020840 654 4172
42.021022 1198 4172
42.026109 1198 4172
42.026147 1198 4172
42.026176 1198 4172
42.026202 110 4172
42.026229 1198 4172
42.026255 286 4172
42.033662 1198 4172
42.033700 1198 4172
42.042000 1198 4172
42.042038 1198 4172
42.042071 1198 4172
42.057997 1198 4172
42.058079 254 4172
42.071985 1198 4172
42.072636 1198 4172
42.072818 1198 4172
42.072917 126 4172
42.072951 1198 4172
42.079770 1198 4172
42.079857 286 4172
42.079891 1198 4172
42.079927 1198 4172
42.092456 974 4172
42.093353 398 4172
42.099410 1198 4172
42.099651 1198 4172
42.106612 1198 4172
42.114962 190 4172
42.115530 1198 4172
42.115570 1198 4172
42.116122 974 4172
42.116159 1198 4172
42.120740 1198 4172
42.122719 1038 4172
42.122931 110 4172
42.122960 1198 4172
42.133652 1198 4172
42.133685 1198 4172
42.143266 1198 4172
42.143573 1198 4172
42.149708 1198 4172
42.157793 1198 4172
42.157869 1198 4172
42.168469 1198 4172
42.168514 1198 4172
42.168541 1198 4172
42.173698 606 4172
42.181934 1198 4172
42.181982 1198 4172
42.193959 1118 4172
42.194690 1198 4172
42.194722 894 4172
42.197691 1198 4172
42.197723 1198 4172
42.205765 1198 4172
42.205810 1198 4172
42.214057 1198 4172
42.214098 110 4172
42.214132 846 4172
42.214164 1198 4172
42.218798 1198 4172
42.218849 1198 4172
42.229838 1198 4172
42.229930 1118 4172
42.237695 1198 4172
42.237735 1198 4172
42.246461 1198 4172
42.246588 1198 4172
42.253667 1198 4172
42.253704 1198 4172
42.253734 1118 4172
42.262004 1198 4172
42.262044 1198 4172
42.267109 1198 4172
42.267154 1198 4172
42.278006 1198 4172
42.278090 206 4172
42.278123 1198 4172
42.285633 1198 4172
42.285673 1198 4172
42.293787 1198 4172
42.293826 110 4172
42.293860 222 4172
42.302029 1198 4172
42.302059 1198 4172
42.309696 1198 4172
42.309739 1198 4172
42.311837 60 60000
42.318412 1086 4172
42.318471 1198 4172
42.325653 110 4172
42.325688 1198 4172
42.325722 1198 4172
42.337420 1198 4172
42.337516 1198 4172
42.337582 126 4172
42.341635 1198 4172
42.341683 1198 4172
42.351349 1198 4172
42.351401 1198 4172
42.355312 1198 4172
42.355357 478 4172
42.355389 1198 4172
42.370776 1198 4172
42.370863 1198 4172
42.373630 1198 4172
42.373668 526 4172
42.373704 1198 4172
42.382170 1198 4172
42.382173 1198 4172
42.412876 334 4172
42.414057 446 4172
42.414096 174 4172
42.414456 174 4172
42.414491 174 4172
42.414533 174 4172
42.452598 174 4172
42.452630 174 4172
42.452661 174 4172
42.452691 1102 4172
42.452722 1198 4172
42.452759 734 4172
42.452784 174 4172
42.452812 174 4172
42.452845 174 4172
42.452872 174 4172
42.452910 174 4172
42.452934 1198 4172
42.453131 1198 4172
42.453161 254 4172
42.453213 254 4172
42.453240 158 4172
42.453270 158 4172
42.453302 158 4172
42.466638 574 4172
42.516597 654 4172
42.557656 110 4172
42.602242 414 4172
42.684044 1070 4172
42.689596 206 4172
42.689638 174 4172
42.689673 238 4172
42.733972 1198 4172
42.734004 110 4172
42.755567 1006 4172
42.777589 1198 4172
42.777648 1198 4172
42.777692 1198 4172
42.777731 398 4172
42.820284 1198 4172
42.820320 462 4172
42.821553 1198 4172
42.821599 1198 4172
42.821641 110 4172
42.821679 110 4172
42.851958 1198 4172
42.865691 334 4172
43.105328 110 4172
43.125749 110 4172
43.214156 110 4172
43.385743 110 4172
43.649779 110 4172
43.909814 110 4172
44.125848 110 4172
44.169638 110 4172
44.426027 110 4172
44.685816 110 4172
44.993664 110 4172
45.125619 110 4172
45.213717 110 4172
45.257694 110 4172
46.129936 110 4172
46.217683 110 4172
47.137574 110 4172
47.225519 110 4172
47.929584 110 4172
48.105517 110 4172
48.237570 110 4172
49.141530 110 4172
49.229584 110 4172
50.109577 110 4172
50.241717 110 4172
50.629698 110 4172
51.109495 110 4172
51.241733 110 4172
52.109598 110 4172
52.241531 110 4172
53.117508 110 4172
53.249539 110 4172
53.337561 110 4172
54.113440 110 4172
54.245468 110 4172
55.121771 110 4172
55.209520 110 4172
56.001498 110 4172
56.133574 110 4172
56.221589 110 4172
57.145637 110 4172
57.233643 110 4172
58.109518 110 4172
58.677498 110 4172
59.113467 110 4172
59.241590 110 4172
60.109506 110 4172
60.241611 110 4172
61.117651 110 4172
61.249592 110 4172
61.337635 110 4172
62.125848 110 4172
62.213492 110 4172
62.469557 1198 4172
62.469647 1198 4172
62.469683 1198 4172
62.469722 1198 4172
62.469761 1198 4172
62.469796 1198 4172
62.469832 1198 4172
62.469868 238 4172
62.477470 1198 4172
62.477509 1198 4172
62.477545 1198 4172
62.477579 1198 4172
62.477615 1198 4172
62.477645 910 4172
62.493122 1198 4172
62.493159 1198 4172
62.493188 1198 4172
62.493219 1198 4172
62.493253 1198 4172
62.493380 430 4172
62.493423 1198 4172
62.502422 1198 4172
62.502454 1198 4172
62.502485 1198 4172
62.502513 1198 4172
62.502539 1198 4172
62.502564 878 4172
62.505683 1198 4172
62.517591 1198 4172
62.517611 1198 4172
62.517646 1198 4172
62.521489 1198 4172
62.521528 1198 4172
62.521574 1198 4172
62.529570 1198 4172
62.529606 574 4172
62.537436 1198 4172
62.537478 1198 4172
62.537516 1198 4172
62.545977 1198 4172
62.546037 1198 4172
62.553483 590 4172
62.553628 1198 4172
62.553673 1198 4172
62.561580 1198 4172
62.561662 1198 4172
62.565449 1198 4172
62.565484 558 4172
62.565518 1198 4172
62.565623 60 60000
62.577581 1198 4172
62.577619 1198 4172
62.585388 1198 4172
62.585422 1198 4172
62.585452 1022 4172
62.593908 1198 4172
62.593933 1198 4172
62.601541 1198 4172
62.601576 1198 4172
62.609637 1198 4172
62.609725 1198 4172
62.609760 1070 4172
62.617510 1198 4172
62.617540 1198 4172
62.627236 1198 4172
62.627333 1198 4172
62.633472 1198 4172
62.633583 270 4172
62.642001 1198 4172
62.642092 1198 4172
62.642119 1198 4172
62.649552 1198 4172
62.653423 1198 4172
62.653464 1198 4172
62.665457 110 4172
62.665548 766 4172
62.665576 1198 4172
62.665611 1198 4172
62.673546 1198 4172
62.673581 1198 4172
62.681492 1198 4172
62.681521 1022 4172
62.689519 1198 4172
62.689550 1198 4172
62.689582 1198 4172
62.697404 1198 4172
62.697445 1198 4172
62.706458 1198 4172
62.706487 1150 4172
62.713567 1198 4172
62.713608 1198 4172
62.713645 1198 4172
62.721541 1198 4172
62.721577 1198 4172
62.729638 1198 4172
62.729673 302 4172
62.729713 1198 4172
62.737555 1198 4172
62.737598 1198 4172
62.741483 1198 4172
62.741530 1198 4172
62.753516 526 4172
62.753614 1198 4172
62.753643 1198 4172
62.761491 1198 4172
62.761528 1198 4172
62.769582 1198 4172
62.769607 1198 4172
62.769639 1198 4172
62.778108 622 4172
62.778146 414 4172
62.778175 158 4172
62.778200 158 4172
62.778227 158 4172
62.778253 158 4172
62.781730 158 4172
62.781771 174 4172
62.781803 158 4172
62.781832 158 4172
62.781862 158 4172
62.781894 158 4172
62.781942 158 4172
62.786270 158 4172
62.786305 158 4172
62.786331 158 4172
62.786356 158 4172
62.786384 270 4172
62.786409 558 4172
62.819008 462 4172
62.874957 382 4172
62.921475 302 4172
62.921497 174 4172
62.921531 158 4172
62.921559 158 4172
62.921588 158 4172
62.921616 158 4172
62.921646 158 4172
62.942474 302 4172
62.957049 110 4172
62.957999 158 4172
62.958082 158 4172
62.958150 814 4172
62.965219 1198 4172
62.965258 1198 4172
62.965334 1198 4172
62.965374 1198 4172
62.965407 1198 4172
62.965434 670 4172
62.965479 1198 4172
62.976930 1198 4172
62.980378 1198 4172
62.980774 1198 4172
62.980809 1198 4172
62.980837 1198 4172
62.980865 718 4172
62.980910 414 4172
62.992397 1198 4172
62.992725 1198 4172
62.993292 1198 4172
62.996487 1198 4172
62.996517 1198 4172
62.996547 926 4172
62.996584 126 4172
62.996635 1198 4172
63.001599 1198 4172
63.001635 1198 4172
63.001665 1198 4172
63.001698 1198 4172
63.001725 1198 4172
63.001756 126 4172
63.001782 1198 4172
63.001809 1198 4172
63.026524 1198 4172
63.027571 1198 4172
63.032577 1198 4172
63.032621 670 4172
63.032671 1198 4172
63.032704 1198 4172
63.032731 1198 4172
63.032762 1198 4172
63.032791 1198 4172
63.032822 1198 4172
63.043363 1198 4172
63.043405 1086 4172
63.055108 1198 4172
63.055155 1198 4172
63.062816 1198 4172
63.063017 1198 4172
63.063261 1198 4172
63.064951 1198 4172
63.067667 1182 4172
63.069462 1198 4172
63.082368 1198 4172
63.089170 1198 4172
63.090981 1198 4172
63.093988 1198 4172
63.094438 1198 4172
63.094989 894 4172
63.095033 1198 4172
63.104439 1198 4172
63.104477 1198 4172
63.109513 1198 4172
63.109543 1198 4172
63.117507 110 4172
63.117548 1198 4172
63.117580 1198 4172
63.125498 222 4172
63.125536 1198 4172
63.125568 1198 4172
63.125602 1198 4172
63.133694 1198 4172
63.133730 1198 4172
63.141537 1198 4172
63.141571 1198 4172
63.141602 254 4172
63.141630 254 4172
63.149597 414 4172
63.149626 1198 4172
63.149661 1198 4172
63.158959 1198 4172
63.158998 1198 4172
63.168025 1198 4172
63.168056 1198 4172
63.173632 1198 4172
63.173661 1198 4172
63.181798 302 4172
63.181857 1198 4172
63.181913 1198 4172
63.189598 398 4172
63.189633 1198 4172
63.189663 1198 4172
63.195302 622 4172
63.195355 110 4172
63.195966 750 4172
63.196000 974 4172
63.196027 1198 4172
63.210143 1198 4172
63.210383 430 4172
63.210649 1198 4172
63.213465 1198 4172
63.213498 1198 4172
63.213527 110 4172
63.222066 1198 4172
63.222097 1198 4172
63.222128 302 4172
63.222158 1198 4172
63.229451 1198 4172
63.229484 1198 4172
63.243275 1198 4172
63.243896 702 4172
63.243987 1198 4172
63.248138 1198 4172
63.248185 1198 4172
63.248219 1198 4172
63.258593 1198 4172
63.262193 1198 4172
63.262247 1198 4172
63.274298 1198 4172
63.274694 430 4172
63.274852 1198 4172
63.274887 1198 4172
63.274915 1198 4172
63.280068 1198 4172
63.280147 1198 4172
63.288918 1198 4172
63.290341 1198 4172
63.290500 206 4172
63.290544 1198 4172
63.290591 510 4172
63.297533 1198 4172
63.297576 1198 4172
63.301440 1198 4172
63.301472 1038 4172
63.301505 1198 4172
63.312442 1198 4172
63.312474 1198 4172
63.318558 1198 4172
63.318597 110 4172
63.318629 1198 4172
63.318659 286 4172
63.318695 1198 4172
63.330053 1198 4172
63.330294 1198 4172
63.333453 1198 4172
63.333484 1198 4172
63.333514 910 4172
63.340459 1198 4172
63.340498 1198 4172
63.340530 1198 4172
63.351197 1198 4172
63.351229 190 4172
63.351268 1198 4172
63.357280 60 60000
63.357426 1198 4172
63.357502 1198 4172
63.357535 974 4172
63.365455 1198 4172
63.365485 1198 4172
63.389132 414 4172
63.389197 1198 4172
63.389228 270 4172
63.389315 446 4172
63.389650 174 4172
63.389803 174 4172
63.412539 174 4172
63.412569 174 4172
63.412598 174 4172
63.412627 174 4172
63.412654 174 4172
63.412688 174 4172
63.412714 174 4172
63.412818 174 4172
63.412848 174 4172
63.412880 174 4172
63.412909 174 4172
63.412938 174 4172
63.412967 174 4172
63.412995 286 4172
63.413023 1198 4172
63.479085 110 4172
63.521466 110 4172
63.609404 110 4172
63.654632 206 4172
63.654658 174 4172
63.654710 158 4172
63.687542 398 4172
63.698143 174 4172
63.698351 158 4172
63.698435 158 4172
63.698472 158 4172
63.698503 158 4172
63.698531 158 4172
63.698557 158 4172
63.698584 302 4172
63.733642 206 4172
63.741443 110 4172
63.783029 638 4172
63.785348 382 4172
64.005498 110 4172
64.137501 110 4172
64.225862 110 4172
64.269496 110 4172
64.533413 110 4172
64.797515 110 4172
65.058078 110 4172
65.145531 110 4172
65.233990 110 4172
65.321543 110 4172
65.629595 110 4172
65.893492 110 4172
66.113952 110 4172
66.157406 110 4172
67.125479 110 4172
67.213454 110 4172
68.137520 110 4172
68.226594 110 4172
68.837475 110 4172
69.145499 110 4172
69.233468 110 4172
70.113920 110 4172
70.245478 110 4172
71.125484 110 4172
71.213395 110 4172
71.473446 110 4172
72.133491 110 4172
72.221392 110 4172
73.145408 110 4172
73.233399 110 4172
74.157478 110 4172
75.121505 110 4172
75.209404 110 4172
76.133534 110 4172
76.221345 110 4172
76.837803 110 4172
77.145514 110 4172
77.233434 110 4172
78.113341 110 4172
78.245392 110 4172
79.121522 110 4172
79.209342 110 4172
79.517501 110 4172
80.133482 110 4172
80.221340 110 4172
81.141412 110 4172
81.229333 110 4172
81.233225 174 4172
81.233252 174 4172
81.237882 174 4172
81.237913 174 4172
81.237939 174 4172
81.237964 174 4172
81.242068 174 4172
81.242100 174 4172
81.242130 174 4172
81.242157 174 4172
81.245976 174 4172
81.246011 174 4172
81.251603 174 4172
81.251632 174 4172
81.251674 270 4172
81.253959 1198 4172
81.253994 1198 4172
81.254023 1198 4172
81.254051 1198 4172
81.254080 1022 4172
81.273384 174 4172
81.405312 398 4172
81.561774 1198 4172
81.561859 1198 4172
81.561938 158 4172
81.575609 206 4172
81.581277 958 4172
81.595563 1198 4172
81.595622 206 4172
81.607668 1198 4172
81.607721 446 4172
81.625378 1198 4172
81.625541 1198 4172
81.625585 174 4172
81.625622 110 4172
81.889471 110 4172
82.109297 110 4172
82.153431 110 4172
82.241269 110 4172
83.117265 110 4172
83.249471 110 4172
83.561334 1198 4172
83.561408 1198 4172
83.561496 1198 4172
83.561527 1198 4172
83.561565 1198 4172
83.561603 1198 4172
83.561640 238 4172
83.580761 1198 4172
83.580817 1198 4172
83.580880 1198 4172
83.580932 1198 4172
83.580985 1198 4172
83.581014 1166 4172
83.589739 1198 4172
83.589776 1198 4172
83.589813 1198 4172
83.589857 1198 4172
83.589887 1198 4172
83.589920 1198 4172
83.589954 974 4172
83.593783 1198 4172
83.605205 1198 4172
83.605250 1198 4172
83.605288 1198 4172
83.605319 1198 4172
83.605348 1198 4172
83.605378 1198 4172
83.605411 1198 4172
83.617881 1198 4172
83.617970 1198 4172
83.618013 1198 4172
83.618058 1198 4172
83.618097 1198 4172
83.618133 1198 4172
83.618168 1150 4172
83.621273 60 60000
83.625224 1198 4172
83.625260 1198 4172
83.625289 1198 4172
83.625315 1198 4172
83.633381 1198 4172
83.633416 1198 4172
83.641255 350 4172
83.641285 1198 4172
83.641323 1198 4172
83.649499 1198 4172
83.649539 1198 4172
83.649576 1198 4172
83.657374 1198 4172
83.657412 686 4172
83.657446 1198 4172
83.665400 1198 4172
83.665436 1198 4172
83.665475 1198 4172
83.673317 1198 4172
83.673365 1198 4172
83.673411 622 4172
83.682668 1198 4172
83.682715 1198 4172
83.682750 1198 4172
83.689316 1198 4172
83.689352 1198 4172
83.693256 1198 4172
83.693312 430 4172
83.693355 1198 4172
83.693394 1198 4172
83.705244 1198 4172
83.705342 1198 4172
83.713278 1198 4172
83.713312 1198 4172
83.721303 302 4172
83.721340 1198 4172
83.721380 1198 4172
83.729333 1198 4172
83.729367 1198 4172
83.729394 1198 4172
83.737236 1198 4172
83.737286 1198 4172
83.737324 1198 4172
83.747361 1198 4172
83.747404 286 4172
83.747437 1198 4172
83.753283 1198 4172
83.753341 1198 4172
83.761391 110 4172
83.761430 1198 4172
83.761466 1198 4172
83.769213 382 4172
83.769273 1198 4172
83.769315 1198 4172
83.769354 1198 4172
83.779215 1198 4172
83.779249 1198 4172
83.781124 1198 4172
83.781159 382 4172
83.781214 1198 4172
83.781257 1198 4172
83.793379 1198 4172
83.793411 1198 4172
83.801339 1198 4172
83.801365 1198 4172
83.801411 1198 4172
83.809358 526 4172
83.809402 1198 4172
83.809433 1198 4172
83.817314 1198 4172
83.817369 1198 4172
83.817426 1198 4172
83.826541 1198 4172
83.827137 1198 4172
83.827181 174 4172
83.827317 1198 4172
83.833310 1198 4172
83.833358 1198 4172
83.842979 1198 4172
83.843076 398 4172
83.843094 206 4172
83.843119 158 4172
83.843150 158 4172
83.845258 158 4172
83.845288 158 4172
83.845318 174 4172
83.845348 158 4172
83.845374 158 4172
83.845401 158 4172
83.845428 158 4172
83.869199 158 4172
83.869236 158 4172
83.869266 158 4172
83.869296 158 4172
83.869336 158 4172
83.869368 158 4172
83.869402 366 4172
83.869436 142 4172
83.886615 158 4172
83.913595 142 4172
83.954719 174 4172
83.960218 174 4172
83.960272 190 4172
83.960303 158 4172
83.960335 158 4172
83.960365 158 4172
83.960393 158 4172
83.960422 158 4172
83.960449 158 4172
84.027698 270 4172
84.027728 270 4172
84.027754 318 4172
84.027780 222 4172
84.027805 222 4172
84.027828 222 4172
84.027856 222 4172
84.027878 222 4172
84.027902 222 4172
84.027927 238 4172
84.027952 270 4172
84.027977 334 4172
84.028005 238 4172
84.028028 270 4172
84.028052 222 4172
84.028082 1198 4172
84.028155 1198 4172
84.028181 1198 4172
84.028206 1198 4172
84.028230 1198 4172
84.028274 558 4172
84.040019 478 4172
84.041668 494 4172
84.042070 462 4172
84.042108 110 4172
84.042327 574 4172
84.042356 494 4172
84.042463 254 4172
84.045278 494 4172
84.045313 542 4172
84.045345 510 4172
84.045377 622 4172
84.045408 590 4172
84.045440 366 4172
84.045468 158 4172
84.053433 414 4172
84.062955 254 4172
84.063003 366 4172
84.063034 1198 4172
84.063063 958 4172
84.063089 238 4172
84.077776 1198 4172
84.077823 1198 4172
84.077851 1198 4172
84.077882 1198 4172
84.077920 1198 4172
84.077949 1198 4172
84.077982 1166 4172
84.089276 1198 4172
84.089534 1198 4172
84.089564 1198 4172
84.089591 1198 4172
84.089622 1198 4172
84.089650 1198 4172
84.089677 318 4172
84.089707 126 4172
84.101251 1198 4172
84.101289 1198 4172
84.101335 1198 4172
84.101363 1198 4172
84.101392 1198 4172
84.101421 990 4172
84.101452 1198 4172
84.101479 1198 4172
84.101507 1198 4172
84.101535 1198 4172
84.101563 1198 4172
84.101592 1198 4172
84.101620 1166 4172
84.113103 1198 4172
84.114950 1198 4172
84.114993 1198 4172
84.115027 1198 4172
84.115057 1198 4172
84.115087 1198 4172
84.115168 1198 4172
84.117408 542 4172
84.117443 110 4172
84.117477 1198 4172
84.125407 1198 4172
84.125444 1198 4172
84.125476 1198 4172
84.139637 1198 4172
84.141813 1198 4172
84.142529 1198 4172
84.142640 1198 4172
84.157784 622 4172
84.159149 1198 4172
84.159200 1198 4172
84.159235 1198 4172
84.159265 1198 4172
84.172876 1198 4172
84.173367 910 4172
84.173402 1198 4172
84.174589 1198 4172
84.174628 1198 4172
84.174688 1198 4172
84.174735 1198 4172
84.185768 1198 4172
84.185804 462 4172
84.185836 1198 4172
84.185863 1198 4172
84.185890 1198 4172
84.189900 1198 4172
84.189936 1198 4172
84.189964 1198 4172
84.197315 1198 4172
84.197353 1198 4172
84.197397 574 4172
84.208144 1198 4172
84.208184 1198 4172
84.208366 1198 4172
84.215647 1198 4172
84.215690 1198 4172
84.215717 1198 4172
84.221418 1198 4172
84.226573 110 4172
84.226615 254 4172
84.226814 1198 4172
84.226863 1198 4172
84.229342 1198 4172
84.235604 1198 4172
84.235657 1198 4172
84.245267 958 4172
84.245295 1198 4172
84.245336 1198 4172
84.253265 1198 4172
84.253303 1198 4172
84.253339 1198 4172
84.261848 1198 4172
84.261891 1198 4172
84.261914 1134 4172
84.269328 1198 4172
84.269362 1198 4172
84.269393 1198 4172
84.285736 1198 4172
84.285851 1198 4172
84.285887 1198 4172
84.294257 1198 4172
84.294298 286 4172
84.294353 1198 4172
84.294379 110 4172
84.294405 1198 4172
84.301408 1198 4172
84.301437 1198 4172
84.301470 606 4172
84.301501 1198 4172
84.315452 1198 4172
84.315613 1198 4172
84.315642 1198 4172
84.317291 1198 4172
84.317323 110 4172
84.317358 1198 4172
84.332893 1198 4172
84.332936 1198 4172
84.332963 942 4172
84.332992 1198 4172
84.333867 1198 4172
84.333902 1198 4172
84.362109 1198 4172
84.362505 1198 4172
84.362543 846 4172
84.362572 478 4172
84.365424 174 4172
84.365462 174 4172
84.365508 1198 4172
84.365539 1198 4172
84.365565 1198 4172
84.365659 1182 4172
84.365689 1198 4172
84.365719 1198 4172
84.365743 878 4172
84.365771 1198 4172
84.365798 1198 4172
84.373362 910 4172
84.373399 1198 4172
84.397403 270 4172
84.398193 958 4172
84.398379 1198 4172
84.398473 1198 4172
84.410227 894 4172
84.410267 1198 4172
84.410298 1198 4172
84.410332 1006 4172
84.410361 1198 4172
84.410388 1198 4172
84.410414 1134 4172
84.410441 1198 4172
84.413238 1086 4172
84.413279 1198 4172
84.413315 1198 4172
84.424221 110 4172
84.424239 1198 4172
84.424270 366 4172
84.424300 174 4172
84.424330 174 4172
84.424361 1198 4172
84.424389 1198 4172
84.426500 174 4172
84.426533 558 4172
84.426562 222 4172
84.426589 190 4172
84.431666 1198 4172
84.431693 190 4172
84.431738 1198 4172
84.431768 590 4172
84.437203 1198 4172
84.437241 1198 4172
84.437275 1198 4172
84.448465 190 4172
84.448559 1198 4172
84.448591 1198 4172
84.451135 60 60000
84.453349 1198 4172
84.453379 238 4172
84.453412 1198 4172
84.453442 1198 4172
84.461268 1198 4172
84.469263 1198 4172
84.469297 1198 4172
84.469333 318 4172
84.469362 1198 4172
84.477247 1198 4172
84.477286 1198 4172
84.477316 350 4172
84.477343 1198 4172
84.489612 1198 4172
84.489644 1198 4172
84.489674 878 4172
84.493296 1198 4172
84.493341 1198 4172
84.501290 286 4172
84.501369 1198 4172
84.501397 1198 4172
84.501432 350 4172
84.514686 1198 4172
84.514731 1198 4172
84.514761 862 4172
84.517484 1198 4172
84.517517 110 4172
84.517549 1198 4172
84.517579 1182 4172
84.532227 174 4172
84.532489 174 4172
84.532520 1198 4172
84.532549 1198 4172
84.532578 718 4172
84.533984 1198 4172
84.534025 1198 4172
84.534058 206 4172
84.534090 174 4172
84.534119 174 4172
84.534158 1198 4172
84.541401 638 4172
84.541440 1198 4172
84.541469 1198 4172
84.549315 1198 4172
84.549337 238 4172
84.549388 1198 4172
84.549421 1198 4172
84.557252 1198 4172
84.557284 302 4172
84.557318 110 4172
84.557353 110 4172
84.557382 110 4172
84.557411 1198 4172
84.557443 1198 4172
84.562944 1198 4172
84.562985 366 4172
84.577379 1198 4172
84.577419 1198 4172
84.577453 398 4172
84.577486 1198 4172
84.577514 1198 4172
84.577543 1198 4172
84.585293 478 4172
84.585337 1198 4172
84.585366 1198 4172
84.593246 1198 4172
84.593291 1198 4172
84.593330 1118 4172
84.593358 1198 4172
84.604292 1198 4172
84.604329 1198 4172
84.604361 1198 4172
84.606034 670 4172
84.606088 1198 4172
84.606119 1198 4172
84.618257 110 4172
84.618283 1198 4172
84.618319 1198 4172
84.647851 1198 4172
84.647901 1198 4172
84.647928 254 4172
84.647955 174 4172
84.647982 174 4172
84.648009 318 4172
84.649266 126 4172
84.658123 1118 4172
84.677618 1198 4172
84.677643 1198 4172
84.677671 158 4172
84.685695 126 4172
84.700789 126 4172
84.701151 126 4172
84.706119 126 4172
84.719308 126 4172
84.719351 110 4172
84.745225 126 4172
84.745255 126 4172
84.791547 126 4172
84.823791 110 4172
84.833754 398 4172
84.833839 110 4172
84.833866 110 4172
84.833898 110 4172
84.833926 174 4172
84.833954 126 4172
84.834022 158 4172
84.877324 270 4172
84.905820 1198 4172
84.905881 1198 4172
84.905923 1198 4172
84.905963 526 4172
84.918645 110 4172
84.921232 430 4172
84.965331 1198 4172
84.965473 142 4172
85.005824 1198 4172
85.005884 382 4172
85.009474 110 4172
85.053149 1198 4172
85.053188 174 4172
85.097293 110 4172
85.097399 110 4172
85.097449 110 4172
85.097489 1198 4172
85.097524 526 4172
85.141316 110 4172
85.262548 1198 4172
85.262614 782 4172
85.273313 1198 4172
85.282722 1198 4172
85.282768 1198 4172
85.282809 302 4172
85.294725 1198 4172
85.294774 1198 4172
85.294830 1198 4172
85.294872 862 4172
85.302575 1198 4172
85.302626 1198 4172
85.302669 1198 4172
85.302708 1198 4172
85.302747 606 4172
85.302787 846 4172
85.315012 1198 4172
85.315059 1198 4172
85.315101 1198 4172
85.315154 926 4172
85.317153 1198 4172
85.317216 1198 4172
85.317261 1198 4172
85.317302 1198 4172
85.317342 1198 4172
85.317380 1198 4172
85.317417 1198 4172
85.317454 1198 4172
85.317493 1198 4172
85.333962 1198 4172
85.334056 430 4172
85.346663 1166 4172
85.354748 1198 4172
85.354791 1198 4172
85.354841 1198 4172
85.354888 1134 4172
85.354931 110 4172
85.354969 110 4172
85.355012 110 4172
85.361433 1198 4172
85.361467 1198 4172
85.361518 1198 4172
85.361571 1198 4172
85.361608 1198 4172
85.361647 318 4172
85.361685 366 4172
85.361725 1198 4172
85.374802 1198 4172
85.374855 1198 4172
85.374906 1198 4172
85.374949 1198 4172
85.374990 1198 4172
85.375027 1198 4172
85.375065 110 4172
85.382946 1198 4172
85.382992 1198 4172
85.383037 1198 4172
85.383077 1198 4172
85.383115 1198 4172
85.383153 1198 4172
85.383191 750 4172
85.395359 1198 4172
85.395437 1198 4172
85.395485 1198 4172
85.395531 1198 4172
85.395572 1198 4172
85.395610 1198 4172
85.395649 622 4172
85.405294 1198 4172
85.405343 1198 4172
85.405383 1198 4172
85.405421 1198 4172
85.405458 1198 4172
85.405496 1198 4172
85.405532 1198 4172
85.405571 1198 4172
85.405611 1198 4172
85.405651 398 4172
85.413329 1198 4172
85.413369 1198 4172
85.413407 1198 4172
85.413445 1198 4172
85.413481 1198 4172
85.413519 1198 4172
85.421259 1198 4172
85.421328 1198 4172
85.429276 1198 4172
85.429329 1198 4172
85.437259 766 4172
85.437292 1198 4172
85.437344 1198 4172
85.437387 1198 4172
85.445330 1198 4172
85.445366 1198 4172
85.445404 1198 4172
85.449243 1198 4172
85.449303 1198 4172
85.449356 1182 4172
85.493369 1198 4172
85.493443 1198 4172
85.493496 366 4172
85.537465 1198 4172
85.581371 1198 4172
85.625335 110 4172
85.625466 110 4172
85.625506 110 4172
85.933404 110 4172
85.933437 110 4172
85.933511 110 4172
86.109236 110 4172
86.197362 110 4172
86.197539 110 4172
86.241657 110 4172
86.461291 110 4172
86.721467 110 4172
86.985337 110 4172
87.117223 110 4172
87.221381 110 4172
87.249671 110 4172
87.513369 110 4172
87.777493 110 4172
88.041352 110 4172
88.129423 110 4172
88.217321 110 4172
88.305636 110 4172
89.137795 110 4172
89.225244 110 4172
90.145365 110 4172
90.233338 110 4172
91.021264 110 4172
91.109225 110 4172
91.241301 110 4172
92.121285 110 4172
92.209262 110 4172
93.133253 110 4172
93.221255 110 4172
93.661203 110 4172
94.145262 110 4172
94.233255 110 4172
95.109125 110 4172
95.241319 110 4172
96.121179 110 4172
96.385323 110 4172
97.129241 110 4172
97.217204 110 4172
98.141172 110 4172
98.229187 110 4172
99.061232 110 4172
99.149196 110 4172
99.237243 110 4172
100.113142 110 4172
100.245127 110 4172
101.125167 110 4172
101.213124 110 4172
101.741085 110 4172
102.137120 110 4172
102.225106 110 4172
103.149103 110 4172
103.237183 110 4172
104.117064 110 4172
104.249163 110 4172
104.425239 110 4172
104.641194 1198 4172
104.641198 1198 4172
104.641207 1198 4172
104.641236 1198 4172
104.641266 1198 4172
104.641304 1198 4172
104.641326 1198 4172
104.641355 1198 4172
104.641389 574 4172
104.644940 1198 4172
104.644969 1198 4172
104.644996 1198 4172
104.645026 1198 4172
104.645065 1198 4172
104.645097 1198 4172
104.645122 1198 4172
104.645147 318 4172
104.670288 1198 4172
104.670332 1198 4172
104.670368 1198 4172
104.670401 1198 4172
104.670435 1198 4172
104.670465 1198 4172
104.670496 1198 4172
104.670527 1198 4172
104.670558 942 4172
104.670590 1198 4172
104.670620 1198 4172
104.670651 1198 4172
104.670682 1198 4172
104.670715 1198 4172
104.670752 1198 4172
104.670777 1198 4172
104.670808 1198 4172
104.670843 126 4172
104.681265 1198 4172
104.681314 1198 4172
104.681348 1198 4172
104.681386 1198 4172
104.681417 1198 4172
104.681447 1198 4172
104.681475 1198 4172
104.681507 142 4172
104.693133 1198 4172
104.693193 1198 4172
104.693224 1198 4172
104.693267 1198 4172
104.693291 1198 4172
104.693318 1198 4172
104.701138 1198 4172
104.701178 638 4172
104.701211 1198 4172
104.701249 1198 4172
104.701282 1198 4172
104.701317 1198 4172
104.709171 1198 4172
104.709207 60 60000
104.709208 1198 4172
104.709245 1198 4172
104.717147 478 4172
104.717190 1198 4172
104.717217 1198 4172
104.717244 1198 4172
104.725013 1198 4172
104.725047 1198 4172
104.725076 1198 4172
104.733100 1198 4172
104.733133 718 4172
104.733161 1198 4172
104.733187 1198 4172
104.740780 1198 4172
104.740828 1198 4172
104.740862 1198 4172
104.740897 1198 4172
104.749108 1198 4172
104.749142 910 4172
104.749194 1198 4172
104.757090 1198 4172
104.757115 1198 4172
104.757147 1198 4172
104.757177 1198 4172
104.765215 1198 4172
104.765268 1198 4172
104.773194 158 4172
104.773229 1198 4172
104.773263 1198 4172
104.773293 1198 4172
104.773321 1198 4172
104.781112 1198 4172
104.781152 1198 4172
104.781187 1198 4172
104.786328 1198 4172
104.786381 1198 4172
104.786421 110 4172
104.786459 1198 4172
104.786495 1198 4172
104.797085 1198 4172
104.797118 1198 4172
104.797150 1198 4172
104.805109 1198 4172
104.805154 718 4172
104.805188 1198 4172
104.813069 1198 4172
104.813111 1198 4172
104.813145 1198 4172
104.813180 1198 4172
104.821074 1198 4172
104.821114 862 4172
104.821142 1198 4172
104.821168 1198 4172
104.829060 1198 4172
104.829097 1198 4172
104.829142 1198 4172
104.837073 1198 4172
104.837106 1198 4172
104.837137 1198 4172
104.845071 1198 4172
104.845106 1198 4172
104.845135 1198 4172
104.845162 1198 4172
104.855518 1198 4172
104.855596 1198 4172
104.855623 1134 4172
104.861125 1198 4172
104.861174 1198 4172
104.861213 1198 4172
104.861251 1198 4172
104.870039 318 4172
104.870117 510 4172
104.870148 1198 4172
104.870182 1198 4172
104.870212 1198 4172
104.873103 1198 4172
104.873156 1198 4172
104.873194 798 4172
104.885221 1198 4172
104.885268 1198 4172
104.885312 1198 4172
104.885345 1198 4172
104.893148 1198 4172
104.893181 1198 4172
104.901219 1198 4172
104.901260 1198 4172
104.901296 1198 4172
104.901329 1198 4172
104.909085 1198 4172
104.909130 1198 4172
104.909177 1198 4172
104.909220 1198 4172
104.917082 1198 4172
104.917124 302 4172
104.917160 1198 4172
104.917191 1198 4172
104.925115 1022 4172
104.925148 1198 4172
104.933051 1198 4172
104.933085 110 4172
104.933119 1198 4172
104.933148 1198 4172
104.933176 1198 4172
104.941094 1070 4172
104.941127 1198 4172
104.941159 1198 4172
104.941187 1198 4172
104.949068 1198 4172
104.949119 1198 4172
104.949159 1198 4172
104.957127 1198 4172
104.957155 1198 4172
104.957245 1198 4172
104.957280 1102 4172
104.962100 1198 4172
104.962137 1198 4172
104.962186 1198 4172
104.962218 1198 4172
104.973334 1198 4172
104.973367 1198 4172
104.973399 1198 4172
104.981086 1198 4172
104.981121 734 4172
104.981153 1198 4172
104.981180 1198 4172
104.989070 1198 4172
104.989107 1198 4172
104.989138 1198 4172
104.997048 1198 4172
104.997085 926 4172
104.997119 1198 4172
105.005016 1198 4172
105.005065 1198 4172
105.005101 1198 4172
105.005131 1198 4172
105.013115 1198 4172
105.013143 1198 4172
105.013171 430 4172
105.013202 1198 4172
105.021136 1198 4172
105.021151 1198 4172
105.021182 1198 4172
105.032493 1198 4172
105.032728 1198 4172
105.032749 1198 4172
105.032780 622 4172
105.032810 1198 4172
105.039097 1198 4172
105.040564 1198 4172
105.040645 1198 4172
105.045123 1198 4172
105.045150 1198 4172
105.045182 1198 4172
105.049197 1198 4172
105.049236 1198 4172
105.049272 1198 4172
105.049303 254 4172
105.049334 1198 4172
105.061174 1198 4172
105.061195 1198 4172
105.061230 1198 4172
105.061261 1198 4172
105.069917 1198 4172
105.069955 1198 4172
105.069981 1198 4172
105.070012 1038 4172
105.078652 1198 4172
105.078706 1198 4172
105.078739 1198 4172
105.085118 1198 4172
105.085153 1198 4172
105.085261 1198 4172
105.085295 1198 4172
105.097691 1198 4172
105.097795 1086 4172
105.097816 1198 4172
105.097843 1198 4172
105.101884 1198 4172
105.101911 1198 4172
105.101938 1198 4172
105.115420 1198 4172
105.115487 1198 4172
105.115519 478 4172
105.115549 1198 4172
105.115580 1198 4172
105.117095 1198 4172
105.117130 110 4172
105.117165 1198 4172
105.117194 1198 4172
105.125066 1198 4172
105.125104 1198 4172
105.125136 190 4172
105.125165 1198 4172
105.125192 1198 4172
105.133085 1198 4172
105.133111 1198 4172
105.133140 1198 4172
105.141281 1198 4172
105.141305 1198 4172
105.141340 1198 4172
105.147058 1198 4172
105.147097 1198 4172
105.147131 1198 4172
105.147163 1198 4172
105.158761 1198 4172
105.160157 1198 4172
105.160517 1198 4172
105.166753 1102 4172
105.166785 1198 4172
105.166812 126 4172
105.166840 1198 4172
105.166867 1198 4172
105.173156 1198 4172
105.173187 1086 4172
105.173217 318 4172
105.181643 1198 4172
105.181776 1198 4172
105.181808 1198 4172
105.189801 126 4172
105.189863 1198 4172
105.189893 1198 4172
105.189921 1198 4172
105.189947 1198 4172
105.198451 110 4172
105.198687 1198 4172
105.198716 1198 4172
105.198742 1198 4172
105.206302 318 4172
105.206346 1198 4172
105.206424 1198 4172
105.206470 1198 4172
105.206503 1198 4172
105.213576 1198 4172
105.213617 1198 4172
105.213652 1198 4172
105.213686 1198 4172
105.221173 110 4172
105.221206 1198 4172
105.221236 1198 4172
105.221273 1198 4172
105.234109 126 4172
105.234142 1198 4172
105.234172 1198 4172
105.234200 1198 4172
105.234259 1198 4172
105.237054 1198 4172
105.237086 1198 4172
105.237117 1198 4172
105.237149 1198 4172
105.245547 1198 4172
105.245593 1198 4172
105.245619 110 4172
105.245649 1198 4172
105.277293 1198 4172
105.277943 1198 4172
105.278818 1198 4172
105.278904 1198 4172
105.289581 1198 4172
105.289631 1198 4172
105.289654 1198 4172
105.289687 1198 4172
105.289711 1022 4172
105.289757 1198 4172
105.289784 1198 4172
105.289809 1198 4172
105.289837 1198 4172
105.289868 1198 4172
105.289895 1198 4172
105.289923 846 4172
105.289951 1198 4172
105.289977 1198 4172
105.293218 1198 4172
105.293258 1198 4172
105.293291 1198 4172
105.301121 1198 4172
105.301154 318 4172
105.301188 1198 4172
105.301219 1198 4172
105.309613 1198 4172
105.309649 1198 4172
105.309677 1198 4172
105.309706 1198 4172
105.323281 110 4172
105.323581 1198 4172
105.323610 1198 4172
105.323637 1198 4172
105.323665 286 4172
105.325106 1198 4172
105.325135 1198 4172
105.325162 1198 4172
105.325188 1198 4172
105.333162 1198 4172
105.333191 1198 4172
105.333221 1198 4172
105.333248 1198 4172
105.344357 814 4172
105.344384 1198 4172
105.344420 1198 4172
105.344450 1198 4172
105.349087 1198 4172
105.349123 1198 4172
105.349153 1198 4172
105.349181 1198 4172
105.357090 1198 4172
105.357120 1198 4172
105.357150 1198 4172
105.357178 1198 4172
105.365077 1198 4172
105.365105 1198 4172
105.365141 1198 4172
105.365171 1198 4172
105.373127 1198 4172
105.373167 974 4172
105.373205 1198 4172
105.373262 1198 4172
105.381267 302 4172
105.381297 1198 4172
105.381325 1198 4172
105.381352 1198 4172
105.389140 1198 4172
105.389177 1198 4172
105.389205 1198 4172
105.389234 1198 4172
105.401594 158 4172
105.401637 1198 4172
105.401671 1198 4172
105.401702 1198 4172
105.401732 1198 4172
105.405082 1198 4172
105.405110 1198 4172
105.405143 1198 4172
105.405173 606 4172
105.421292 1198 4172
105.424469 1198 4172
105.424493 1198 4172
105.424523 1198 4172
105.434927 1198 4172
105.434970 1198 4172
105.434998 1198 4172
105.435030 1198 4172
105.435059 126 4172
105.435090 1198 4172
105.435119 1198 4172
105.435149 1198 4172
105.435178 1198 4172
105.437066 1198 4172
105.437090 1198 4172
105.437123 1198 4172
105.437153 1198 4172
105.452910 574 4172
105.453892 1198 4172
105.453921 1198 4172
105.453955 1198 4172
105.454003 1198 4172
105.466287 1198 4172
105.466351 1198 4172
105.466395 1198 4172
105.466445 1198 4172
105.466482 1198 4172
105.466515 1038 4172
105.466549 1198 4172
105.469105 1198 4172
105.469135 110 4172
105.469171 1198 4172
105.469202 1198 4172
105.469233 1198 4172
105.483111 1198 4172
105.483145 1198 4172
105.483175 1166 4172
105.485277 334 4172
105.485317 270 4172
105.485349 190 4172
105.485385 1198 4172
105.485416 606 4172
105.485447 1198 4172
105.485478 1198 4172
105.498069 1198 4172
105.498222 1198 4172
105.498248 846 4172
105.498280 1198 4172
105.501092 1198 4172
105.501115 1198 4172
105.501148 1198 4172
105.501177 1198 4172
105.514020 142 4172
105.514074 1198 4172
105.514109 1198 4172
105.514141 1198 4172
105.514172 1198 4172
105.520522 670 4172
105.520561 1198 4172
105.520596 1198 4172
105.531238 1198 4172
105.531275 1198 4172
105.531303 1198 4172
105.531332 910 4172
105.536824 1198 4172
105.536870 1198 4172
105.547336 1198 4172
105.547426 1198 4172
105.547480 798 4172
105.549058 1198 4172
105.549097 1198 4172
105.549134 1198 4172
105.549166 1198 4172
105.549197 1198 4172
105.549226 734 4172
105.549256 1198 4172
105.549289 1198 4172
105.552283 60 60000
105.557076 1198 4172
105.557108 1198 4172
105.557142 1198 4172
105.557179 350 4172
105.567257 1198 4172
105.567383 1198 4172
105.567501 1198 4172
105.567604 1198 4172
105.573141 1198 4172
105.573171 1134 4172
105.573206 1198 4172
105.573237 1198 4172
105.582509 1198 4172
105.582582 1198 4172
105.589073 1198 4172
105.589097 1198 4172
105.589125 1198 4172
105.589154 1198 4172
105.600534 158 4172
105.601034 1198 4172
105.601072 1198 4172
105.601120 1198 4172
105.605089 686 4172
105.605121 190 4172
105.605152 1198 4172
105.605182 1198 4172
105.613117 398 4172
105.613141 638 4172
105.613179 222 4172
105.613209 174 4172
105.613239 1198 4172
105.613268 558 4172
105.613298 1198 4172
105.618695 590 4172
105.618722 1198 4172
105.618756 1198 4172
105.618785 1198 4172
105.618815 1198 4172
105.629097 1198 4172
105.629164 1198 4172
105.629190 1198 4172
105.629224 1198 4172
105.637096 190 4172
105.637131 1198 4172
105.637163 1198 4172
105.637195 1198 4172
105.637224 1198 4172
105.645063 1198 4172
105.645094 1198 4172
105.645125 1198 4172
105.645155 414 4172
105.653087 1198 4172
105.653111 1198 4172
105.653145 1198 4172
105.653177 1198 4172
105.661091 1198 4172
105.661121 1198 4172
105.661154 1198 4172
105.661186 1198 4172
105.667569 542 4172
105.667610 1198 4172
105.667645 1198 4172
105.667674 1198 4172
105.667702 1198 4172
105.677218 1198 4172
105.677248 1198 4172
105.677276 1198 4172
105.677306 1198 4172
105.685601 414 4172
105.685642 1198 4172
105.685673 1198 4172
105.685703 1198 4172
105.693172 1198 4172
105.693202 1198 4172
105.693238 1198 4172
105.693270 1198 4172
105.701106 1198 4172
105.701135 1198 4172
105.701170 1198 4172
105.709150 1198 4172
105.709201 1198 4172
105.709237 1198 4172
105.709272 782 4172
105.709312 1198 4172
105.717098 1198 4172
105.717126 1198 4172
105.717159 1198 4172
105.725086 1198 4172
105.725122 1198 4172
105.725152 1198 4172
105.725184 766 4172
105.733085 1198 4172
105.733126 110 4172
105.733157 1198 4172
105.733265 1198 4172
105.733297 1198 4172
105.741332 1198 4172
105.741376 1198 4172
105.741409 1198 4172
105.741438 1198 4172
105.749109 1198 4172
105.749128 526 4172
105.749175 1198 4172
105.749210 1198 4172
105.749240 1198 4172
105.753875 1198 4172
105.753904 1198 4172
105.753937 1198 4172
105.753980 1198 4172
105.772677 782 4172
105.776097 1198 4172
105.776317 1198 4172
105.776702 1198 4172
105.776753 1198 4172
105.781081 1198 4172
105.781114 1198 4172
105.781146 1150 4172
105.781191 1198 4172
105.781241 1198 4172
105.781276 1198 4172
105.781306 1198 4172
105.781335 702 4172
105.789076 174 4172
105.789108 1198 4172
105.789142 1198 4172
105.789171 1198 4172
105.789198 734 4172
105.797013 638 4172
105.797046 1198 4172
105.797082 702 4172
105.846638 1198 4172
105.894828 1198 4172
105.894855 1198 4172
105.894943 366 4172
105.894966 302 4172
105.894994 558 4172
105.895021 238 4172
105.937410 654 4172
105.981069 1198 4172
105.981124 398 4172
106.002494 1198 4172
106.002581 1198 4172
106.002669 990 4172
106.002709 110 4172
106.002747 1198 4172
106.002785 1198 4172
106.002821 1198 4172
106.002858 1198 4172
106.002894 1198 4172
106.002930 1198 4172
106.002966 1198 4172
106.003002 1198 4172
106.003038 1198 4172
106.003073 1198 4172
106.003109 1198 4172
106.003144 1198 4172
106.003183 1198 4172
106.003220 1198 4172
106.003255 734 4172
106.010092 1198 4172
106.010126 1198 4172
106.010183 1198 4172
106.010224 1198 4172
106.010262 1198 4172
106.010297 1198 4172
106.010333 1198 4172
106.010369 1198 4172
106.010405 1198 4172
106.010442 1198 4172
106.010482 1198 4172
106.010518 1198 4172
106.010554 734 4172
106.018236 1198 4172
106.018289 1198 4172
106.018331 1198 4172
106.018367 1198 4172
106.018404 1198 4172
106.018440 1198 4172
106.018475 1198 4172
106.018510 1198 4172
106.018551 1198 4172
106.025077 1198 4172
106.025116 1198 4172
106.025157 1198 4172
106.025195 1198 4172
106.033232 1198 4172
106.033274 1198 4172
106.033325 1198 4172
106.033362 958 4172
106.033403 1198 4172
106.041108 1198 4172
106.041162 1198 4172
106.041211 1198 4172
106.041248 1198 4172
106.052168 1198 4172
106.052253 1198 4172
106.052291 1198 4172
106.052331 1198 4172
106.057117 1198 4172
106.057162 1198 4172
106.057198 1198 4172
106.057234 1198 4172
106.065467 1198 4172
106.065513 1198 4172
106.065554 1198 4172
106.065641 254 4172
106.065688 1198 4172
106.069069 1198 4172
106.069117 1198 4172
106.069158 1198 4172
106.069194 1198 4172
106.082065 1198 4172
106.082936 1198 4172
106.082974 1198 4172
106.083014 1198 4172
106.089134 1198 4172
106.089191 1198 4172
106.089236 1198 4172
106.089283 1198 4172
106.097293 1198 4172
106.097335 1198 4172
106.097375 1198 4172
106.097405 126 4172
106.097454 1198 4172
106.105120 1198 4172
106.105160 1198 4172
106.105195 1198 4172
106.105233 1198 4172
106.113582 1198 4172
106.113645 1198 4172
106.113688 1198 4172
106.121101 110 4172
106.121157 1198 4172
106.121207 1198 4172
106.121248 1198 4172
106.121284 1198 4172
106.129500 1054 4172
106.129553 1198 4172
106.129593 1198 4172
106.129628 1198 4172
106.129663 1198 4172
106.137108 1198 4172
106.137150 1198 4172
106.137187 1198 4172
106.137224 1198 4172
106.145253 1198 4172
106.145290 1198 4172
106.145330 1198 4172
106.145379 1198 4172
106.153131 1198 4172
106.153173 1198 4172
106.153219 1198 4172
106.153263 1198 4172
106.157053 622 4172
106.157095 1198 4172
106.157139 1198 4172
106.157178 1198 4172
106.157215 1198 4172
106.169177 1198 4172
106.169208 1198 4172
106.169244 1198 4172
106.169280 1198 4172
106.177277 1198 4172
106.177313 1198 4172
106.177368 1198 4172
106.177406 1198 4172
106.185141 1198 4172
106.185188 1198 4172
106.185236 1198 4172
106.185274 622 4172
106.193540 1198 4172
106.193644 1198 4172
106.193671 1198 4172
106.193708 1198 4172
106.201086 1198 4172
106.201136 1198 4172
106.201178 1198 4172
106.201217 1198 4172
106.209222 1198 4172
106.209262 1198 4172
106.209299 1198 4172
106.209334 1198 4172
106.217152 1198 4172
106.217196 110 4172
106.217235 1198 4172
106.217271 222 4172
106.217307 1198 4172
106.225453 1198 4172
106.225490 1198 4172
106.225523 1198 4172
106.225555 1198 4172
106.225587 1198 4172
106.233099 1198 4172
106.233146 1198 4172
106.233195 1198 4172
106.233237 1198 4172
106.241234 1198 4172
106.241287 1198 4172
106.241340 1198 4172
106.241392 878 4172
106.245042 1198 4172
106.245083 1198 4172
106.245128 1198 4172
106.245172 1198 4172
106.257334 1198 4172
106.257368 1198 4172
106.257405 1198 4172
106.257461 1198 4172
106.257516 1198 4172
106.289296 1054 4172
106.289420 126 4172
106.333095 110 4172
106.385537 126 4172
106.397840 126 4172
106.406089 1198 4172
106.406128 1006 4172
106.417667 110 4172
106.417761 1198 4172
106.417801 1198 4172
106.417853 926 4172
106.437592 126 4172
106.449636 126 4172
106.457501 126 4172
106.465240 142 4172
106.481591 126 4172
106.489467 126 4172
106.489503 126 4172
106.498473 126 4172
106.505995 1198 4172
106.506038 1198 4172
106.506076 1198 4172
106.506111 734 4172
106.508974 110 4172
106.517856 1198 4172
106.517950 1198 4172
106.517978 1102 4172
106.530074 1198 4172
106.530189 318 4172
106.530234 110 4172
106.539405 1198 4172
106.539449 478 4172
106.546310 1198 4172
106.546348 1198 4172
106.546384 1198 4172
106.546421 334 4172
106.553062 1198 4172
106.553102 1134 4172
106.566480 1198 4172
106.566554 1198 4172
106.566588 1198 4172
106.566634 366 4172
106.578696 1198 4172
106.578735 1198 4172
106.578774 1118 4172
106.586665 1198 4172
106.586713 1198 4172
106.586756 1198 4172
106.586794 1198 4172
106.586830 446 4172
106.589177 1198 4172
106.589220 1198 4172
106.589257 1198 4172
106.589294 718 4172
106.597018 1198 4172
106.606038 1198 4172
106.606081 1198 4172
106.606119 1198 4172
106.606154 1198 4172
106.618588 110 4172
106.618626 1198 4172
106.618666 1198 4172
106.618705 1198 4172
106.618753 1198 4172
106.618790 894 4172
106.618827 1198 4172
106.625646 1198 4172
106.625676 1198 4172
106.625713 1198 4172
106.625750 1198 4172
106.625786 190 4172
106.625829 446 4172
106.641209 366 4172
106.729232 110 4172
106.773111 1198 4172
106.806131 110 4172
106.806181 110 4172
106.806221 110 4172
106.817271 110 4172
106.949292 110 4172
107.081151 110 4172
107.081222 110 4172
107.081317 110 4172
107.125154 110 4172
107.345422 110 4172
107.345579 110 4172
107.345641 110 4172
107.609055 110 4172
107.873405 110 4172
108.125043 110 4172
108.225343 110 4172
108.401515 110 4172
108.661186 110 4172
108.925132 110 4172
109.145120 110 4172
109.189080 110 4172
109.233306 110 4172
109.493080 110 4172
109.713230 110 4172
110.149127 110 4172
110.237089 110 4172
111.233069 110 4172
112.109008 110 4172
112.241125 110 4172
112.417215 110 4172
113.113088 110 4172
113.245125 110 4172
114.109016 110 4172
114.241234 110 4172
115.117125 110 4172
115.249205 110 4172
116.125044 110 4172
116.212982 110 4172
117.133152 110 4172
117.220986 110 4172
118.124987 110 4172
118.212974 110 4172
119.133028 110 4172
119.221020 110 4172
120.129058 110 4172
120.217077 110 4172
120.437033 110 4172
121.136952 110 4172
121.224860 110 4172
122.145097 110 4172
122.232953 110 4172
123.152880 110 4172
123.236985 110 4172
124.145039 110 4172
125.236926 110 4172
125.767632 1198 4172
125.767708 1198 4172
125.767747 1198 4172
125.767780 1198 4172
125.767824 1198 4172
125.767858 1198 4172
125.767888 1198 4172
125.767920 1198 4172
125.767951 1198 4172
125.767982 686 4172
125.772818 1198 4172
125.772853 1198 4172
125.772886 1198 4172
125.772918 1198 4172
125.772951 1198 4172
125.772997 1198 4172
125.773031 1198 4172
125.773064 862 4172
125.780793 1198 4172
125.789011 110 4172
125.789086 1198 4172
125.789118 1198 4172
125.789149 1198 4172
125.789185 1198 4172
125.789220 1198 4172
125.789249 1198 4172
125.789279 1198 4172
125.789309 254 4172
125.789340 1198 4172
125.789377 1198 4172
125.789404 1198 4172
125.789434 1198 4172
125.789466 1198 4172
125.789498 1198 4172
125.793371 1198 4172
125.793400 1198 4172
125.793434 462 4172
125.800837 1198 4172
125.800876 1198 4172
125.800912 1198 4172
125.800949 1198 4172
125.800977 1198 4172
125.804776 60 60000
125.808946 1198 4172
125.808990 1198 4172
125.809026 1198 4172
125.809061 1198 4172
125.816906 1198 4172
125.816928 1198 4172
125.816975 494 4172
125.824869 1198 4172
125.824897 1198 4172
125.824929 1198 4172
125.824962 1198 4172
125.833329 1198 4172
125.833423 1198 4172
125.833751 1198 4172
125.833790 1198 4172
125.845181 1198 4172
125.845273 1198 4172
125.845300 1182 4172
125.845329 1198 4172
125.848900 1198 4172
125.848938 1198 4172
125.848973 1198 4172
125.849009 1198 4172
125.856903 1198 4172
125.856934 1198 4172
125.856966 1198 4172
125.860809 1198 4172
125.860873 1198 4172
125.872897 1198 4172
125.872979 1198 4172
125.873007 1198 4172
125.880911 1198 4172
125.880949 1198 4172
125.880986 1198 4172
125.889044 1198 4172
125.889080 1198 4172
125.889138 334 4172
125.889243 1198 4172
125.896833 1198 4172
125.896876 1198 4172
125.896917 1198 4172
125.904955 462 4172
125.905009 1198 4172
125.905055 1198 4172
125.912928 1198 4172
125.912968 1198 4172
125.913010 1198 4172
125.920982 1198 4172
125.921007 1198 4172
125.921044 318 4172
125.921080 1198 4172
125.929390 1198 4172
125.929478 1198 4172
125.936956 1198 4172
125.936975 1198 4172
125.937008 1198 4172
125.944873 1198 4172
125.944901 1198 4172
125.944935 1198 4172
125.948789 1070 4172
125.948876 1198 4172
125.948925 1198 4172
125.960944 1198 4172
125.961022 1198 4172
125.961066 1198 4172
125.969018 1198 4172
125.969044 1198 4172
125.969074 1198 4172
125.976819 1198 4172
125.976852 1198 4172
125.976909 1198 4172
125.985147 542 4172
125.985227 1198 4172
125.985257 1198 4172
125.985292 1198 4172
125.992967 1198 4172
125.993001 1198 4172
125.993037 1198 4172
126.000857 1198 4172
126.000899 974 4172
126.000953 1198 4172
126.008895 1198 4172
126.008939 1198 4172
126.008976 1198 4172
126.017007 1198 4172
126.017033 1198 4172
126.017081 862 4172
126.024891 1198 4172
126.024929 1198 4172
126.024970 1198 4172
126.033142 1198 4172
126.033168 1198 4172
126.033207 1198 4172
126.036767 1198 4172
126.036801 1198 4172
126.036834 430 4172
126.036869 1198 4172
126.053926 1198 4172
126.053943 1198 4172
126.056822 1198 4172
126.056849 1198 4172
126.056897 1198 4172
126.056935 1198 4172
126.064907 1198 4172
126.072891 606 4172
126.072960 1198 4172
126.073008 1198 4172
126.073069 1198 4172
126.082357 1198 4172
126.082956 1198 4172
126.083056 542 4172
126.088836 1198 4172
126.088871 1198 4172
126.088904 1198 4172
126.097013 1198 4172
126.097039 1198 4172
126.104868 1198 4172
126.104895 798 4172
126.104925 1198 4172
126.104956 1198 4172
126.113184 1198 4172
126.113891 1198 4172
126.113987 1198 4172
126.120850 110 4172
126.120882 1198 4172
126.124844 1198 4172
126.124873 1198 4172
126.124906 1198 4172
126.136891 1198 4172
126.136954 1198 4172
126.136983 1198 4172
126.144952 1198 4172
126.144968 1198 4172
126.145003 1198 4172
126.154151 1198 4172
126.154300 1198 4172
126.154332 1198 4172
126.163281 1198 4172
126.163465 1198 4172
126.163496 1198 4172
126.168909 1198 4172
126.168933 1198 4172
126.168963 366 4172
126.168993 1198 4172
126.176942 1198 4172
126.176969 1198 4172
126.177005 1198 4172
126.185723 798 4172
126.185749 1198 4172
126.185785 1198 4172
126.195862 1198 4172
126.196831 1198 4172
126.196911 1198 4172
126.197124 1198 4172
126.200853 1198 4172
126.200887 1198 4172
126.211972 1198 4172
126.212007 1198 4172
126.214679 110 4172
126.214731 942 4172
126.214752 1198 4172
126.239748 622 4172
126.240681 1198 4172
126.243531 1198 4172
126.244562 1198 4172
126.244617 1198 4172
126.244767 1198 4172
126.244827 1198 4172
126.244854 206 4172
126.244890 1198 4172
126.244917 1198 4172
126.244945 1198 4172
126.244974 1198 4172
126.248994 1198 4172
126.249026 1198 4172
126.257711 1198 4172
126.257746 638 4172
126.257777 1198 4172
126.266880 1198 4172
126.268214 1198 4172
126.268623 1198 4172
126.268890 1198 4172
126.273257 1198 4172
126.273284 1198 4172
126.283247 1198 4172
126.283284 1198 4172
126.283315 990 4172
126.283351 1198 4172
126.288947 1198 4172
126.288985 1198 4172
126.289018 1198 4172
126.299463 1198 4172
126.299519 1198 4172
126.299551 1198 4172
126.302236 1198 4172
126.302338 1198 4172
126.302385 910 4172
126.313028 1198 4172
126.313053 110 4172
126.313085 1198 4172
126.313114 1198 4172
126.321368 1198 4172
126.321394 1198 4172
126.321423 110 4172
126.321477 1198 4172
126.329481 1198 4172
126.329514 1198 4172
126.329852 1198 4172
126.345265 126 4172
126.345320 878 4172
126.345352 1198 4172
126.345381 1198 4172
126.352897 1198 4172
126.352933 1198 4172
126.352963 1198 4172
126.353103 1198 4172
126.353249 1198 4172
126.353279 1198 4172
126.353311 1198 4172
126.361819 478 4172
126.362024 1198 4172
126.362050 1198 4172
126.382811 1198 4172
126.383505 1198 4172
126.383545 1198 4172
126.386139 1198 4172
126.386249 1198 4172
126.386279 446 4172
126.387135 1198 4172
126.387605 1198 4172
126.387644 1198 4172
126.393427 1198 4172
126.393445 750 4172
126.393494 1198 4172
126.393527 1198 4172
126.401177 1198 4172
126.401276 1198 4172
126.401308 1198 4172
126.412030 1198 4172
126.412061 1198 4172
126.412092 318 4172
126.412122 1198 4172
126.417611 1198 4172
126.417797 1198 4172
126.417834 110 4172
126.417964 1198 4172
126.428902 1198 4172
126.428958 1198 4172
126.433184 1198 4172
126.433377 734 4172
126.440988 1198 4172
126.441041 1198 4172
126.449073 1198 4172
126.449115 302 4172
126.449146 318 4172
126.449176 1198 4172
126.449211 1198 4172
126.456933 1198 4172
126.456953 1198 4172
126.456985 302 4172
126.457016 1198 4172
126.470036 1198 4172
126.470100 1198 4172
126.470129 1198 4172
126.472973 1198 4172
126.473012 1198 4172
126.473045 1198 4172
126.484209 126 4172
126.484244 1198 4172
126.484278 1198 4172
126.488895 1198 4172
126.488927 350 4172
126.488957 1198 4172
126.488985 1198 4172
126.497020 1198 4172
126.497052 1198 4172
126.497087 1198 4172
126.504935 1198 4172
126.504973 766 4172
126.505006 1198 4172
126.505035 1198 4172
126.512931 1198 4172
126.512937 1198 4172
126.512977 1022 4172
126.521181 1198 4172
126.521218 110 4172
126.521250 1198 4172
126.521281 1198 4172
126.528976 1198 4172
126.529017 766 4172
126.529051 1198 4172
126.529081 1198 4172
126.536914 1198 4172
126.536944 1198 4172
126.536976 302 4172
126.537005 1198 4172
126.554034 1198 4172
126.557863 1198 4172
126.558231 1198 4172
126.558283 1198 4172
126.574748 1198 4172
126.574823 494 4172
126.574855 1198 4172
126.574887 1198 4172
126.574918 1198 4172
126.589089 1198 4172
126.589187 1198 4172
126.589222 254 4172
126.589268 1198 4172
126.589297 110 4172
126.589325 1198 4172
126.589352 1198 4172
126.589379 1198 4172
126.599697 1198 4172
126.599882 286 4172
126.599923 1198 4172
126.599956 1198 4172
126.599984 1198 4172
126.600014 1198 4172
126.600045 1198 4172
126.602890 462 4172
126.602931 1198 4172
126.602958 1198 4172
126.602988 1198 4172
126.605557 1198 4172
126.605597 958 4172
126.605630 1198 4172
126.617020 1198 4172
126.617035 1198 4172
126.617069 158 4172
126.617095 110 4172
126.617123 1198 4172
126.629544 1198 4172
126.629609 558 4172
126.629637 1198 4172
126.629669 1198 4172
126.633648 1198 4172
126.633676 782 4172
126.633712 686 4172
126.641393 254 4172
126.641593 1198 4172
126.641639 1198 4172
126.641658 1198 4172
126.649178 1198 4172
126.649218 510 4172
126.649250 1198 4172
126.649280 1198 4172
126.653065 1198 4172
126.653105 1198 4172
126.653138 1198 4172
126.655964 60 60000
126.664874 1198 4172
126.664937 190 4172
126.664963 1198 4172
126.664992 1198 4172
126.676192 1198 4172
126.676274 1198 4172
126.676308 1198 4172
126.706647 1198 4172
126.707117 558 4172
126.707157 1198 4172
126.707190 1198 4172
126.724450 1198 4172
126.725535 1198 4172
126.725578 1198 4172
126.725620 1198 4172
126.725844 1038 4172
126.726004 1198 4172
126.726031 1198 4172
126.726061 1198 4172
126.726090 1198 4172
126.726118 1198 4172
126.726146 1198 4172
126.726197 126 4172
126.728903 1198 4172
126.728943 110 4172
126.728976 1198 4172
126.729007 1198 4172
126.729039 1198 4172
126.729173 1198 4172
126.729203 1198 4172
126.736992 910 4172
126.737027 1198 4172
126.737062 1198 4172
126.737120 1198 4172
126.748923 1198 4172
126.749071 1198 4172
126.749103 1198 4172
126.753147 1198 4172
126.753185 734 4172
126.753249 1198 4172
126.764475 1198 4172
126.764559 1198 4172
126.764585 1198 4172
126.769864 1070 4172
126.770527 1198 4172
126.770567 1198 4172
126.776869 1198 4172
126.776902 1198 4172
126.776932 1198 4172
126.785025 862 4172
126.785053 1198 4172
126.785090 1198 4172
126.793646 1198 4172
126.793680 1198 4172
126.793712 1198 4172
126.801132 1198 4172
126.801172 830 4172
126.801203 1198 4172
126.801232 1198 4172
126.805036 1198 4172
126.805097 1198 4172
126.805125 1198 4172
126.816909 750 4172
126.816928 1198 4172
126.816962 1198 4172
126.825594 1198 4172
126.825670 1198 4172
126.825699 1198 4172
126.833563 302 4172
126.833597 1198 4172
126.833782 1198 4172
126.840897 1198 4172
126.840923 1198 4172
126.840962 110 4172
126.840993 1198 4172
126.849043 1198 4172
126.849063 1198 4172
126.849092 1198 4172
126.857123 1198 4172
126.857206 894 4172
126.863082 1198 4172
126.863551 1198 4172
126.863612 1198 4172
126.865771 1198 4172
126.865803 1198 4172
126.872862 1198 4172
126.872896 350 4172
126.872931 1198 4172
126.872962 1198 4172
126.881271 1198 4172
126.881348 1198 4172
126.885838 430 4172
126.885874 174 4172
126.885906 1198 4172
126.885953 1198 4172
126.888934 1198 4172
126.888967 1198 4172
126.892861 1198 4172
126.892910 366 4172
126.892952 1198 4172
126.892991 1198 4172
126.904927 1198 4172
126.904968 1198 4172
126.905000 1198 4172
126.913487 1198 4172
126.913530 1198 4172
126.913562 542 4172
126.913597 1198 4172
126.920906 1198 4172
126.920935 1198 4172
126.920964 1198 4172
126.929613 110 4172
126.933095 1198 4172
126.938176 1198 4172
126.940459 1198 4172
126.940828 1038 4172
126.945217 1198 4172
126.945269 1198 4172
126.945303 1198 4172
126.945335 1198 4172
126.953283 1198 4172
126.953314 1198 4172
126.953377 558 4172
126.953430 1198 4172
126.962040 1198 4172
126.962084 1198 4172
126.962112 1198 4172
126.970397 1198 4172
126.973343 1198 4172
126.973470 1198 4172
126.973518 1198 4172
126.980277 1198 4172
126.980317 1198 4172
126.981117 782 4172
126.981160 1198 4172
126.984896 1198 4172
126.984919 1198 4172
126.994981 1198 4172
126.995050 1198 4172
126.995076 1198 4172
126.995114 1198 4172
127.001615 1198 4172
127.001699 334 4172
127.001737 1198 4172
127.001791 1198 4172
127.019706 1198 4172
127.020091 1198 4172
127.020118 1198 4172
127.025407 1198 4172
127.032965 1198 4172
127.033006 110 4172
127.033038 1198 4172
127.033069 1198 4172
127.033102 1198 4172
127.033606 1198 4172
127.033656 1198 4172
127.037874 1198 4172
127.042111 1198 4172
127.054174 1198 4172
127.054225 1198 4172
127.054266 1198 4172
127.054298 1198 4172
127.054330 1198 4172
127.054372 1198 4172
127.066155 894 4172
127.066824 1198 4172
127.066861 1198 4172
127.066967 1198 4172
127.076295 1198 4172
127.084889 1198 4172
127.084937 1198 4172
127.084990 910 4172
127.085033 1198 4172
127.085079 1198 4172
127.085121 1198 4172
127.085172 1198 4172
127.090973 1198 4172
127.091003 1198 4172
127.091037 1198 4172
127.091070 686 4172
127.091104 1198 4172
127.091135 1198 4172
127.097842 1198 4172
127.097881 1198 4172
127.097914 1198 4172
127.108466 1070 4172
127.108522 1198 4172
127.109034 1198 4172
127.112660 1198 4172
127.118312 1198 4172
127.124652 1198 4172
127.125585 1070 4172
127.129248 1198 4172
127.135312 1198 4172
127.135871 110 4172
127.135936 1198 4172
127.135989 1198 4172
127.137342 1198 4172
127.139920 1198 4172
127.139954 798 4172
127.139987 1198 4172
127.140017 1198 4172
127.140047 1198 4172
127.151252 1198 4172
127.151396 1198 4172
127.151431 1198 4172
127.154009 1198 4172
127.156022 1198 4172
127.156088 766 4172
127.156156 1198 4172
127.165692 1198 4172
127.165729 318 4172
127.165761 1198 4172
127.169139 1198 4172
127.169204 1198 4172
127.169528 1198 4172
127.179516 526 4172
127.181478 1198 4172
127.181509 1198 4172
127.181557 1198 4172
127.181592 1198 4172
127.181626 1198 4172
127.181658 1198 4172
127.203343 1198 4172
127.209166 558 4172
127.209220 1198 4172
127.209251 1198 4172
127.209280 1198 4172
127.209309 1198 4172
127.209338 1198 4172
127.209384 1198 4172
127.223153 1198 4172
127.227615 1198 4172
127.227664 1054 4172
127.227708 1198 4172
127.227737 1198 4172
127.227765 1198 4172
127.227808 110 4172
127.233221 1198 4172
127.233248 1198 4172
127.233283 1198 4172
127.233315 1198 4172
127.233417 1198 4172
127.233510 574 4172
127.233541 1198 4172
127.233571 1198 4172
127.240825 1198 4172
127.240857 1198 4172
127.240910 1198 4172
127.253859 1198 4172
127.253929 1198 4172
127.254047 1198 4172
127.261899 766 4172
127.265343 1198 4172
127.265376 1198 4172
127.265410 1198 4172
127.265441 1198 4172
127.265494 1198 4172
127.265522 1198 4172
127.272624 1198 4172
127.272655 350 4172
127.272759 1198 4172
127.272817 1198 4172
127.281117 1198 4172
127.281163 1198 4172
127.281197 1198 4172
127.288853 1198 4172
127.288896 1198 4172
127.288933 1198 4172
127.297775 1198 4172
127.297870 1198 4172
127.297899 1198 4172
127.297928 1198 4172
127.304854 1198 4172
127.304890 1198 4172
127.304927 1198 4172
127.313056 1198 4172
127.313113 126 4172
127.313365 1198 4172
127.313409 1198 4172
127.316765 110 4172
127.316814 126 4172
127.316879 1198 4172
127.316934 1198 4172
127.316985 1198 4172
127.317027 1198 4172
127.329046 894 4172
127.329104 1198 4172
127.329181 1198 4172
127.336840 1198 4172
127.336881 1198 4172
127.336938 1198 4172
127.336984 1198 4172
127.345704 910 4172
127.345785 1198 4172
127.345825 1198 4172
127.352797 1198 4172
127.352840 1198 4172
127.352883 1198 4172
127.352919 1198 4172
127.361165 670 4172
127.361217 1198 4172
127.361260 1198 4172
127.361304 1198 4172
127.368863 1198 4172
127.368907 110 4172
127.368946 1198 4172
127.368983 1054 4172
127.377145 1198 4172
127.377187 1198 4172
127.377221 1198 4172
127.377257 1198 4172
127.384949 1198 4172
127.384997 1054 4172
127.385038 1198 4172
127.393418 1198 4172
127.393514 1198 4172
127.393546 1198 4172
127.393584 1198 4172
127.400804 1198 4172
127.400868 798 4172
127.400912 1198 4172
127.404740 1198 4172
127.416998 1198 4172
127.417069 1198 4172
127.417107 1198 4172
127.417148 1198 4172
127.425178 766 4172
127.425239 1198 4172
127.425280 1198 4172
127.425317 1198 4172
127.432900 1198 4172
127.432948 1198 4172
127.432990 718 4172
127.433028 1198 4172
127.441035 1198 4172
127.441076 1198 4172
127.448859 1198 4172
127.448911 1198 4172
127.448954 1198 4172
127.448995 1198 4172
127.457022 1198 4172
127.457063 1198 4172
127.457101 1166 4172
127.465130 1198 4172
127.465172 1198 4172
127.465209 1198 4172
127.473068 1198 4172
127.473120 1198 4172
127.473167 1198 4172
127.480815 1198 4172
127.480858 798 4172
127.480894 1198 4172
127.480929 1198 4172
127.489092 1198 4172
127.489147 1198 4172
127.489188 1198 4172
127.492804 1198 4172
127.492853 1198 4172
127.492897 1198 4172
127.492939 1198 4172
127.505012 1198 4172
127.505099 526 4172
127.505143 1198 4172
127.505185 1198 4172
127.512812 1198 4172
127.512848 1198 4172
127.512884 1198 4172
127.512919 1198 4172
127.521219 1198 4172
127.521301 1198 4172
127.521337 1198 4172
127.528778 670 4172
127.528831 1198 4172
127.528874 1198 4172
127.528912 1198 4172
127.528952 1198 4172
127.537003 1198 4172
127.537054 1198 4172
127.537093 1198 4172
127.544805 1198 4172
127.544838 1102 4172
127.544880 1198 4172
127.544915 1198 4172
127.553031 1198 4172
127.553058 1198 4172
127.553098 1198 4172
127.560960 1198 4172
127.560999 1198 4172
127.561035 846 4172
127.569070 1198 4172
127.569114 1198 4172
127.569153 1198 4172
127.576762 1198 4172
127.576808 1198 4172
127.576847 1198 4172
127.576888 718 4172
127.580835 1198 4172
127.580876 1198 4172
127.580913 1198 4172
127.592837 1198 4172
127.592916 1198 4172
127.592951 1198 4172
127.601095 1198 4172
127.601133 1198 4172
127.601170 1198 4172
127.601205 238 4172
127.601244 1198 4172
127.608790 1198 4172
127.608828 1198 4172
127.608863 1198 4172
127.617059 1198 4172
127.617090 1198 4172
127.617146 1198 4172
127.617183 1198 4172
127.624833 318 4172
127.624878 1198 4172
127.624914 1198 4172
127.624955 1198 4172
127.632947 1198 4172
127.632991 1198 4172
127.633033 1198 4172
127.633074 1166 4172
127.640881 110 4172
127.640918 110 4172
127.640959 110 4172
127.641003 1198 4172
127.641042 1198 4172
127.641083 1198 4172
127.649195 1198 4172
127.649237 1198 4172
127.649274 1198 4172
127.649309 238 4172
127.649345 1198 4172
127.656787 1198 4172
127.656838 1198 4172
127.656882 1198 4172
127.656922 1198 4172
127.665125 1198 4172
127.665169 206 4172
127.665206 1198 4172
127.665240 1198 4172
127.668757 1198 4172
127.668808 1198 4172
127.668849 1198 4172
127.681115 1150 4172
127.681164 1198 4172
127.681204 1198 4172
127.681247 1198 4172
127.688883 1198 4172
127.688923 1198 4172
127.688961 1198 4172
127.697291 1198 4172
127.697342 1198 4172
127.697414 1198 4172
127.697459 1198 4172
127.709432 1198 4172
127.709517 174 4172
127.709559 126 4172
127.712955 126 4172
127.733344 126 4172
127.745347 126 4172
127.756896 126 4172
127.769325 126 4172
127.777363 126 4172
127.777395 126 4172
127.789602 126 4172
127.798904 990 4172
127.800734 1198 4172
127.800778 910 4172
127.813381 302 4172
127.825258 126 4172
127.833310 126 4172
127.844873 126 4172
127.857435 126 4172
127.866883 126 4172
127.878790 1198 4172
127.878873 1198 4172
127.878914 1198 4172
127.878956 1198 4172
127.878993 126 4172
127.889322 1198 4172
127.889369 1198 4172
127.889405 1198 4172
127.889440 1102 4172
127.902493 1198 4172
127.902544 1198 4172
127.902591 1198 4172
127.902631 558 4172
127.910622 1198 4172
127.910676 1198 4172
127.910720 1198 4172
127.910758 190 4172
127.910797 110 4172
127.910835 110 4172
127.910872 110 4172
127.922653 1198 4172
127.922737 1198 4172
127.922778 1198 4172
127.922817 366 4172
127.932849 1198 4172
127.932927 1198 4172
127.932965 1198 4172
127.933001 206 4172
127.946510 1198 4172
127.946566 1198 4172
127.946611 622 4172
127.958632 1198 4172
127.958720 1198 4172
127.958763 606 4172
127.970272 1198 4172
127.970319 1198 4172
127.970358 1198 4172
127.970397 382 4172
127.976713 1198 4172
127.976749 1198 4172
127.976796 158 4172
127.990261 1198 4172
128.002638 1198 4172
128.002684 1198 4172
128.002725 110 4172
128.014800 1198 4172
128.014888 1198 4172
128.014925 1198 4172
128.014969 590 4172
128.020886 1198 4172
128.020927 1198 4172
128.020965 1198 4172
128.021001 1086 4172
128.021039 382 4172
128.034838 1198 4172
128.034921 1198 4172
128.034973 1198 4172
128.035016 1198 4172
128.035055 734 4172
128.047095 1198 4172
128.047183 1198 4172
128.047236 1198 4172
128.047278 1198 4172
128.047317 590 4172
128.055251 1198 4172
128.055282 1198 4172
128.055328 1198 4172
128.055372 1198 4172
128.055416 1198 4172
128.055456 1198 4172
128.055500 494 4172
128.065434 1198 4172
128.065511 1198 4172
128.065556 1198 4172
128.065596 1198 4172
128.065635 1198 4172
128.065674 1198 4172
128.065712 318 4172
128.078916 1198 4172
128.078962 1198 4172
128.079005 1198 4172
128.079044 1198 4172
128.079083 1198 4172
128.079121 702 4172
128.090979 1198 4172
128.091057 1198 4172
128.091105 1198 4172
128.091145 1198 4172
128.091183 1198 4172
128.091221 206 4172
128.098990 1198 4172
128.099041 1198 4172
128.099086 1198 4172
128.099125 1198 4172
128.099165 1198 4172
128.099202 558 4172
128.106377 1198 4172
128.106428 1198 4172
128.106468 1198 4172
128.106508 1198 4172
128.106547 1198 4172
128.118937 1198 4172
128.119032 1198 4172
128.119078 1198 4172
128.119117 1198 4172
128.119157 334 4172
128.121562 1198 4172
128.121606 1198 4172
128.121645 1198 4172
128.121684 1198 4172
128.121726 462 4172
128.131016 286 4172
128.142132 1198 4172
128.142224 1198 4172
128.142269 1198 4172
128.142309 1198 4172
128.142349 1198 4172
128.142387 430 4172
128.151186 1198 4172
128.151239 1198 4172
128.151281 1070 4172
128.152820 1198 4172
128.152868 1150 4172
128.171019 1198 4172
128.171105 1198 4172
128.171145 1198 4172
128.171183 574 4172
128.171223 110 4172
128.171260 110 4172
128.171301 110 4172
128.183139 1198 4172
128.183199 1198 4172
128.183243 1198 4172
128.183291 1198 4172
128.183333 1198 4172
128.183372 814 4172
128.195200 1198 4172
128.195322 1198 4172
128.195386 1198 4172
128.195429 1198 4172
128.195469 1198 4172
128.195510 1198 4172
128.195551 350 4172
128.196746 1198 4172
128.196781 1198 4172
128.196817 1198 4172
128.196853 1198 4172
128.196888 1198 4172
128.196931 1198 4172
128.196968 110 4172
128.215764 110 4172
128.215846 1198 4172
128.215889 1198 4172
128.215929 1198 4172
128.215971 1198 4172
128.216010 1198 4172
128.216050 974 4172
128.217567 1198 4172
128.217613 1198 4172
128.217652 1198 4172
128.217691 1198 4172
128.217730 1198 4172
128.217768 1198 4172
128.217806 1198 4172
128.217844 1198 4172
128.217882 830 4172
128.227624 1198 4172
128.227703 1198 4172
128.227751 1198 4172
128.235502 1198 4172
128.235570 1198 4172
128.235621 1198 4172
128.235663 1198 4172
128.235703 1198 4172
128.235742 1198 4172
128.235781 1198 4172
128.235818 1198 4172
128.235856 1198 4172
128.235894 958 4172
128.241171 1198 4172
128.241214 1198 4172
128.241249 1198 4172
128.241285 1198 4172
128.241321 1198 4172
128.241355 1198 4172
128.241390 1198 4172
128.241423 1198 4172
128.241467 318 4172
128.248916 1198 4172
128.248961 1198 4172
128.248998 1198 4172
128.249036 1198 4172
128.256909 1198 4172
128.256949 1198 4172
128.257002 1198 4172
128.264772 1198 4172
128.264826 1198 4172
128.264869 782 4172
128.264911 1198 4172
128.273273 1198 4172
128.273319 1198 4172
128.273357 1198 4172
128.273393 1198 4172
128.280915 1198 4172
128.280970 1198 4172
128.281015 1198 4172
128.284756 1198 4172
128.284812 206 4172
128.284857 1198 4172
128.284901 1198 4172
128.284941 1198 4172
128.296923 1198 4172
128.297005 1198 4172
128.297045 1198 4172
128.304898 1198 4172
128.304945 862 4172
128.304991 1198 4172
128.312820 1198 4172
128.312867 1198 4172
128.312907 1198 4172
128.312947 1198 4172
128.321146 1198 4172
128.321188 110 4172
128.321224 254 4172
128.321261 1198 4172
128.321295 1198 4172
128.328904 1198 4172
128.328950 1198 4172
128.328999 1198 4172
128.329040 1198 4172
128.336977 1198 4172
128.337020 1198 4172
128.337059 1198 4172
128.337094 334 4172
128.337130 1198 4172
128.344885 1198 4172
128.344937 1198 4172
128.344979 1198 4172
128.345020 1198 4172
128.353013 1198 4172
128.353066 1198 4172
128.353103 1198 4172
128.353140 494 4172
128.362809 1198 4172
128.362852 1198 4172
128.362897 382 4172
128.372867 1198 4172
128.372910 1198 4172
128.372946 1198 4172
128.372981 1198 4172
128.373015 1198 4172
128.373050 990 4172
128.380875 1198 4172
128.380919 590 4172
128.380959 1198 4172
128.380998 1198 4172
128.381036 1198 4172
128.381074 1198 4172
128.381111 1198 4172
128.388800 1198 4172
128.388845 1198 4172
128.388885 1102 4172
128.396821 1198 4172
128.396858 1198 4172
128.396893 1198 4172
128.404840 1198 4172
128.404893 1198 4172
128.404935 1198 4172
128.404973 1198 4172
128.412876 1198 4172
128.412932 1198 4172
128.412983 638 4172
128.413032 1198 4172
128.413081 1198 4172
128.416985 110 4172
128.417040 1198 4172
128.417090 1198 4172
128.417140 1198 4172
128.417184 1198 4172
128.428784 1198 4172
128.428826 1198 4172
128.428864 1198 4172
128.428902 1198 4172
128.436903 110 4172
128.436955 110 4172
128.437012 110 4172
128.437062 430 4172
128.437112 1198 4172
128.437152 1198 4172
128.437192 1198 4172
128.444972 1198 4172
128.445001 1198 4172
128.445037 1198 4172
128.445073 1198 4172
128.460728 1198 4172
128.460787 1198 4172
128.460827 1198 4172
128.460867 286 4172
128.548921 110 4172
128.637040 110 4172
128.724971 110 4172
128.725018 110 4172
128.725056 110 4172
128.984866 110 4172
128.984948 110 4172
128.985008 110 4172
129.116910 110 4172
129.240976 110 4172
129.249063 110 4172
129.249145 110 4172
129.249183 110 4172
129.512928 110 4172
129.816795 110 4172
130.120909 110 4172
130.208923 110 4172
130.340819 110 4172
130.604790 110 4172
130.865183 110 4172
131.106431 110 4172
131.128921 110 4172
131.217003 110 4172
131.388882 110 4172
131.649045 110 4172
132.132906 110 4172
132.220927 110 4172
133.132881 110 4172
133.220878 110 4172
134.140956 110 4172
134.228870 110 4172
134.357087 110 4172
135.224806 110 4172
136.140899 110 4172
136.228837 110 4172
136.972818 110 4172
137.148975 110 4172
137.233109 110 4172
138.148886 110 4172
138.236880 110 4172
139.108797 110 4172
139.240752 110 4172
139.677027 110 4172
140.108762 110 4172
140.240798 110 4172
141.112722 110 4172
141.200691 430 4172
141.200816 286 4172
141.244704 110 4172
141.329965 110 4172
141.332646 174 4172
141.332694 174 4172
141.332726 174 4172
141.332763 174 4172
141.332805 174 4172
141.337044 174 4172
141.337085 174 4172
141.337124 174 4172
141.337161 174 4172
141.337211 174 4172
141.337239 174 4172
141.342903 174 4172
141.342941 174 4172
141.342999 174 4172
141.343049 174 4172
141.343099 206 4172
141.376792 1198 4172
141.376907 1198 4172
141.377022 1198 4172
141.377071 1198 4172
141.377115 1198 4172
141.377158 1198 4172
141.377200 1086 4172
141.495138 174 4172
141.507076 1198 4172
141.507145 1118 4172
141.507197 110 4172
141.508715 1198 4172
141.508768 1198 4172
141.508816 126 4172
141.513155 1198 4172
141.552761 174 4172
141.772710 110 4172
142.036771 110 4172
142.124756 110 4172
142.212965 110 4172
142.300865 110 4172
143.132744 110 4172
143.220772 110 4172
144.144758 110 4172
144.232798 110 4172
145.016837 110 4172
145.148652 110 4172
145.236745 110 4172
146.248752 110 4172
146.897138 254 4172
146.897161 270 4172
146.897249 318 4172
146.900927 222 4172
146.900962 222 4172
146.900995 222 4172
146.901030 494 4172
146.901063 222 4172
146.904556 238 4172
146.904614 270 4172
146.904654 334 4172
146.904688 238 4172
146.904722 270 4172
146.904758 558 4172
146.904792 558 4172
146.948838 222 4172
146.986925 318 4172
146.997534 126 4172
147.057041 158 4172
147.065044 174 4172
147.073028 174 4172
147.086133 174 4172
147.090654 174 4172
147.097506 1198 4172
147.097545 1198 4172
147.097577 1198 4172
147.097608 446 4172
147.097638 1198 4172
147.097666 1198 4172
147.097695 1198 4172
147.097724 1198 4172
147.097751 1198 4172
147.097779 1198 4172
147.097808 1198 4172
147.097836 1198 4172
147.097865 1198 4172
147.097893 174 4172
147.104734 1198 4172
147.104768 1198 4172
147.104802 1198 4172
147.104835 1198 4172
147.104875 1198 4172
147.104912 1198 4172
147.104948 1198 4172
147.104984 1150 4172
147.114076 1198 4172
147.114101 1198 4172
147.114134 1198 4172
147.114164 1198 4172
147.114194 1198 4172
147.114224 1198 4172
147.114251 1198 4172
147.114280 1198 4172
147.114309 1198 4172
147.114338 1198 4172
147.114370 1198 4172
147.114403 254 4172
147.114430 110 4172
147.120698 1198 4172
147.120739 1198 4172
147.120779 1198 4172
147.120816 1198 4172
147.120860 1198 4172
147.120898 1198 4172
147.120937 1198 4172
147.120974 1198 4172
147.121020 1198 4172
147.128816 878 4172
147.128857 1198 4172
147.128895 1198 4172
147.128931 1198 4172
147.136740 1198 4172
147.136787 1198 4172
147.136829 1198 4172
147.145398 1198 4172
147.145435 718 4172
147.145473 1198 4172
147.145506 1198 4172
147.145543 1198 4172
147.152748 1198 4172
147.152789 1198 4172
147.152822 1198 4172
147.152854 1198 4172
147.161152 686 4172
147.161199 1198 4172
147.172674 1198 4172
147.172720 1198 4172
147.172754 126 4172
147.172782 430 4172
147.172811 1038 4172
147.206694 1198 4172
147.206731 1198 4172
147.216620 110 4172
147.260621 942 4172
147.273456 926 4172
147.285161 1198 4172
147.285192 702 4172
147.292653 142 4172
147.301555 1198 4172
147.301585 1198 4172
147.301618 1198 4172
147.301655 1198 4172
147.301689 1198 4172
147.301719 414 4172
147.301749 1198 4172
147.301779 1198 4172
147.301808 1198 4172
147.301838 1198 4172
147.301869 1198 4172
147.301899 1198 4172
147.301928 1198 4172
147.301957 1198 4172
147.301987 1198 4172
147.302016 1198 4172
147.302046 1198 4172
147.302075 1198 4172
147.302103 142 4172
147.304556 1198 4172
147.304589 1198 4172
147.304619 1198 4172
147.304647 1198 4172
147.304691 1198 4172
147.304708 1198 4172
147.304735 1198 4172
147.304765 1198 4172
147.304793 1198 4172
147.304820 1198 4172
147.304847 1198 4172
147.317160 110 4172
147.317190 1198 4172
147.317218 1198 4172
147.317243 1198 4172
147.317274 462 4172
147.317303 1198 4172
147.317332 1198 4172
147.317362 1198 4172
147.317389 1198 4172
147.324573 1198 4172
147.324622 1198 4172
147.324657 1198 4172
147.324687 1198 4172
147.324716 1198 4172
147.332652 1198 4172
147.332683 1198 4172
147.333186 1198 4172
147.333219 1198 4172
147.340592 1198 4172
147.340634 622 4172
147.340661 1198 4172
147.340693 1198 4172
147.349118 1198 4172
147.349226 1198 4172
147.349241 1198 4172
147.356610 1198 4172
147.356650 1198 4172
147.356682 1198 4172
147.356712 1198 4172
147.365184 1198 4172
147.365218 1198 4172
147.365246 1198 4172
147.365278 606 4172
147.365305 1198 4172
147.372636 1198 4172
147.372657 1198 4172
147.372689 1198 4172
147.372727 1198 4172
147.380762 1198 4172
147.380808 1198 4172
147.389071 1198 4172
147.390633 750 4172
147.390689 1198 4172
147.401091 1198 4172
147.401135 1198 4172
147.404680 1198 4172
147.404737 1198 4172
147.404770 1198 4172
147.423118 110 4172
147.423216 1198 4172
147.423234 1198 4172
147.440776 1198 4172
147.440818 1038 4172
147.440845 110 4172
147.440876 1198 4172
147.440905 1198 4172
147.440935 1198 4172
147.452243 1198 4172
147.452286 1198 4172
147.452320 1198 4172
147.452350 1198 4172
147.452380 1198 4172
147.452648 110 4172
147.452684 158 4172
147.452716 158 4172
147.452742 1022 4172
147.452769 1198 4172
147.466614 1198 4172
147.466651 798 4172
147.466680 1198 4172
147.468629 1198 4172
147.468666 1198 4172
147.484492 1198 4172
147.484685 1198 4172
147.484735 1198 4172
147.499849 926 4172
147.499877 1198 4172
147.499907 1198 4172
147.499933 1198 4172
147.500576 1198 4172
147.500605 142 4172
147.500636 1198 4172
147.508682 1198 4172
147.508721 686 4172
147.508755 1198 4172
147.516693 110 4172
147.516726 558 4172
147.516759 1198 4172
147.516785 1198 4172
147.530360 1198 4172
147.530454 798 4172
147.530475 1198 4172
147.532604 1198 4172
147.532636 1198 4172
147.547499 1198 4172
147.547556 1198 4172
147.547582 1198 4172
147.548633 1198 4172
147.548663 670 4172
147.548696 1198 4172
147.561408 1198 4172
147.561451 1198 4172
147.564645 1198 4172
147.564679 654 4172
147.577750 1198 4172
147.577783 1198 4172
147.577816 1198 4172
147.580625 1198 4172
147.580657 750 4172
147.592149 1198 4172
147.592189 1198 4172
147.596609 1198 4172
147.596643 1182 4172
147.604624 1198 4172
147.604663 1198 4172
147.604690 1198 4172
147.609339 1198 4172
147.609376 1198 4172
147.623717 1198 4172
147.623748 574 4172
147.623779 110 4172
147.623810 1198 4172
147.629782 1198 4172
147.629813 1198 4172
147.629846 126 4172
147.629875 142 4172
147.641189 350 4172
147.641225 558 4172
147.641269 1198 4172
147.641323 1198 4172
147.645250 1198 4172
147.645283 1198 4172
147.645316 1198 4172
147.656225 238 4172
147.656262 1198 4172
147.664660 222 4172
147.664758 1086 4172
147.664791 1198 4172
147.664830 734 4172
147.672690 110 4172
147.672722 1198 4172
147.672756 1198 4172
147.672784 430 4172
147.680726 1198 4172
147.680769 1102 4172
147.680809 1198 4172
147.688704 1198 4172
147.688755 1198 4172
147.696730 1182 4172
147.696782 1198 4172
147.696836 510 4172
147.704743 158 4172
147.704780 174 4172
147.704817 158 4172
147.704850 750 4172
147.704886 1198 4172
147.704920 1198 4172
147.712759 1198 4172
147.712806 1166 4172
147.720744 158 4172
147.720785 782 4172
147.720818 846 4172
147.720849 894 4172
147.728725 1054 4172
147.728776 510 4172
147.728816 878 4172
147.728854 1198 4172
147.736755 1198 4172
147.736815 926 4172
147.740646 1198 4172
147.740685 318 4172
147.740727 318 4172
147.740764 782 4172
147.740802 238 4172
147.740842 558 4172
147.784714 670 4172
147.784797 462 4172
147.786422 1006 4172
147.827465 110 4172
147.829083 270 4172
147.829139 254 4172
147.832769 318 4172
147.832821 222 4172
147.832869 238 4172
147.832920 238 4172
147.838640 238 4172
147.838690 222 4172
147.838755 222 4172
147.838800 238 4172
147.838842 270 4172
147.838885 126 4172
147.838927 334 4172
147.838967 238 4172
147.839011 430 4172
147.840812 1198 4172
147.840870 1198 4172
147.840920 1198 4172
147.840976 1198 4172
147.841030 1198 4172
147.841082 1006 4172
147.850120 270 4172
147.850184 270 4172
147.872691 174 4172
147.872753 158 4172
147.872819 798 4172
147.872865 1198 4172
147.897242 270 4172
147.901009 270 4172
147.901060 318 4172
147.904911 238 4172
147.904958 238 4172
147.905001 238 4172
147.905040 222 4172
147.905090 222 4172
147.905128 238 4172
147.905165 270 4172
147.909450 334 4172
147.909515 238 4172
147.909558 270 4172
147.909618 238 4172
147.909675 110 4172
147.916674 254 4172
147.916732 222 4172
147.916784 1198 4172
147.916839 1198 4172
147.916881 1198 4172
147.916920 1198 4172
147.916960 1198 4172
147.917007 1198 4172
147.917046 1006 4172
147.960654 110 4172
147.960708 110 4172
148.051020 110 4172
148.092666 126 4172
148.097241 270 4172
148.100994 254 4172
148.101048 270 4172
148.101093 318 4172
148.101130 222 4172
148.104917 238 4172
148.104966 238 4172
148.105002 238 4172
148.105041 222 4172
148.105089 222 4172
148.105129 238 4172
148.105166 270 4172
148.109655 334 4172
148.109707 238 4172
148.109754 270 4172
148.109793 238 4172
148.109841 110 4172
148.136696 1198 4172
148.136805 1198 4172
148.136853 1198 4172
148.136908 1198 4172
148.136949 1198 4172
148.136989 1198 4172
148.137048 1006 4172
148.224733 110 4172
148.224778 110 4172
148.224818 110 4172
148.256001 126 4172
148.268687 142 4172
148.268749 126 4172
148.312679 126 4172
148.444562 222 4172
148.444609 302 4172
148.444641 126 4172
148.472611 174 4172
148.472661 1198 4172
148.472728 606 4172
148.472767 126 4172
148.488639 110 4172
148.488716 110 4172
148.532692 126 4172
148.576593 254 4172
148.576647 126 4172
148.620693 126 4172
148.656748 782 4172
148.656806 1198 4172
148.656849 1198 4172
148.656932 558 4172
148.656979 1198 4172
148.657052 1198 4172
148.657103 1198 4172
148.657146 1022 4172
148.657186 1198 4172
148.657224 1198 4172
148.657270 926 4172
148.664670 1198 4172
148.664710 1198 4172
148.664754 1198 4172
148.664801 126 4172
148.688565 1198 4172
148.688590 1198 4172
148.688627 1198 4172
148.708700 1198 4172
148.708744 926 4172
148.708781 1006 4172
148.744808 142 4172
148.752652 110 4172
148.752702 110 4172
148.796632 158 4172
148.840672 1198 4172
148.840719 1198 4172
148.840761 718 4172
148.884720 126 4172
148.928750 126 4172
