0.090035 158 4172
0.090103 1198 4172
0.090197 1198 4172
0.090251 1198 4172
0.090302 1198 4172
0.266130 110 4172
0.529989 110 4172
0.618165 1198 4172
0.618246 830 4172
0.618300 990 4172
0.618350 1198 4172
0.618397 334 4172
0.618444 1086 4172
0.618495 846 4172
0.618549 1198 4172
0.618605 1198 4172
0.618679 1198 4172
0.618749 1198 4172
0.618917 1198 4172
0.618987 862 4172
0.619037 158 4172
0.619085 158 4172
0.619131 158 4172
0.627643 670 4172
0.627698 1198 4172
0.638219 1198 4172
0.638286 1198 4172
0.638327 286 4172
0.638364 1198 4172
0.638403 1198 4172
0.638460 1198 4172
0.638480 1198 4172
0.638515 1198 4172
0.638549 1198 4172
0.638587 1198 4172
0.638622 1198 4172
0.638658 1198 4172
0.638693 1198 4172
0.638741 1198 4172
0.638776 1198 4172
0.638823 1198 4172
0.638862 750 4172
0.638902 1198 4172
0.638964 1198 4172
0.639019 1198 4172
0.639077 1198 4172
0.639130 1198 4172
0.646105 1198 4172
0.646161 1198 4172
0.646215 1198 4172
0.646283 1198 4172
0.646347 1198 4172
0.646408 1198 4172
0.646470 1198 4172
0.646536 1198 4172
0.654261 1198 4172
0.654264 1198 4172
0.654306 1198 4172
0.654344 990 4172
0.654383 1198 4172
0.654421 1198 4172
0.654457 1198 4172
0.662097 1198 4172
0.662117 1198 4172
0.662153 1198 4172
0.662187 1198 4172
0.670142 1198 4172
0.670166 1198 4172
0.670212 1198 4172
0.678109 1198 4172
0.678175 1198 4172
0.678246 1198 4172
0.678324 1198 4172
0.686207 1198 4172
0.686242 1198 4172
0.686291 1198 4172
0.686366 1166 4172
0.694141 1198 4172
0.694192 1198 4172
0.694236 1198 4172
0.702106 1198 4172
0.702201 1198 4172
0.702273 1198 4172
0.702340 1198 4172
0.706089 110 4172
0.706158 1198 4172
0.706198 1198 4172
0.706245 1198 4172
0.706295 1198 4172
0.718214 1198 4172
0.718270 1198 4172
0.718316 1198 4172
0.726125 1198 4172
0.726181 654 4172
0.726231 1198 4172
0.726278 1198 4172
0.726330 1198 4172
0.734188 1198 4172
0.734233 1198 4172
0.734284 1198 4172
0.742150 1198 4172
0.742201 1198 4172
0.742267 1198 4172
0.742300 1198 4172
0.750163 1198 4172
0.750195 1198 4172
0.750282 1198 4172
0.750350 1198 4172
0.758039 1198 4172
0.758089 1198 4172
0.758130 1198 4172
0.758174 1198 4172
0.766159 1198 4172
0.766216 110 4172
0.766276 1198 4172
0.766332 1198 4172
0.774018 1198 4172
0.774085 1198 4172
0.774134 1198 4172
0.774189 1198 4172
0.783011 1198 4172
0.783061 974 4172
0.783106 1198 4172
0.790164 1198 4172
0.790213 1198 4172
0.790254 1198 4172
0.794097 1198 4172
0.794142 1198 4172
0.794190 1198 4172
0.806141 1198 4172
0.806189 1198 4172
0.806234 1198 4172
0.806281 110 4172
0.806327 1198 4172
0.814211 1198 4172
0.814261 1198 4172
0.814306 1198 4172
0.814348 1198 4172
0.822187 1198 4172
0.822240 1198 4172
0.822285 1198 4172
0.830193 1198 4172
0.830236 1198 4172
0.830279 398 4172
0.830350 1198 4172
0.830370 1198 4172
0.838067 1198 4172
0.838140 1198 4172
0.838189 1198 4172
0.838242 1198 4172
0.846093 1198 4172
0.846151 1198 4172
0.846199 1198 4172
0.854223 1198 4172
0.854267 1198 4172
0.854308 1198 4172
0.854353 1198 4172
0.862182 1198 4172
0.862229 1198 4172
0.862275 1198 4172
0.870108 1198 4172
0.870166 718 4172
0.870213 1198 4172
0.870262 1198 4172
0.870315 1198 4172
0.878138 1198 4172
0.878191 1198 4172
0.878248 1198 4172
0.882053 766 4172
0.882104 1198 4172
0.882148 1198 4172
0.882192 1198 4172
0.882242 1198 4172
0.894240 1198 4172
0.894307 1198 4172
0.894355 222 4172
0.894432 1198 4172
0.902111 1198 4172
0.902158 1198 4172
0.902205 1198 4172
0.902256 1198 4172
0.910088 1198 4172
0.910148 1198 4172
0.910196 1198 4172
0.910248 110 4172
0.910296 1198 4172
0.918119 1198 4172
0.918173 1198 4172
0.918221 1198 4172
0.918267 1198 4172
0.926144 1198 4172
0.926200 1198 4172
0.926247 1198 4172
0.934093 1022 4172
0.934157 1198 4172
0.934204 1198 4172
0.942114 1198 4172
0.942149 1198 4172
0.942198 1198 4172
0.950109 1198 4172
0.950171 1198 4172
0.950222 1198 4172
0.950267 1198 4172
0.958034 1198 4172
0.958083 1198 4172
0.958125 1198 4172
0.958170 1198 4172
0.966155 1198 4172
0.966208 1198 4172
0.966260 1198 4172
0.966304 1198 4172
0.970113 1198 4172
0.970157 398 4172
0.970199 1198 4172
0.970242 1198 4172
0.982155 1198 4172
0.982227 1198 4172
0.982276 1198 4172
0.990195 1198 4172
0.990242 1198 4172
0.990283 1198 4172
0.990323 1198 4172
0.998103 1198 4172
0.998147 1198 4172
0.998203 1198 4172
1.006216 110 4172
1.006277 1198 4172
1.006326 1198 4172
1.006375 734 4172
1.006420 1198 4172
1.014098 1198 4172
1.014138 1198 4172
1.014184 1198 4172
1.014230 1198 4172
1.022215 1198 4172
1.022267 1198 4172
1.022313 1198 4172
1.030137 110 4172
1.030197 1198 4172
1.030245 1198 4172
1.030290 1198 4172
1.030333 1198 4172
1.038096 1198 4172
1.038140 1198 4172
1.038184 1198 4172
1.046110 1198 4172
1.046162 1198 4172
1.046205 1198 4172
1.046249 1198 4172
1.054037 1198 4172
1.054109 1198 4172
1.054182 1198 4172
1.057957 1198 4172
1.058004 1198 4172
1.058045 1198 4172
1.058088 1182 4172
1.069976 1198 4172
1.070021 1198 4172
1.070056 1198 4172
1.070090 1198 4172
1.077970 1198 4172
1.078004 1198 4172
1.078042 1198 4172
1.078076 1198 4172
1.086030 1198 4172
1.086066 1198 4172
1.086105 1198 4172
1.086141 1198 4172
1.094019 1198 4172
1.094057 1198 4172
1.094091 1198 4172
1.094124 1198 4172
1.102158 1198 4172
1.102227 606 4172
1.102274 1198 4172
1.102307 1198 4172
1.110091 1198 4172
1.110156 1198 4172
1.118109 1198 4172
1.118159 1198 4172
1.118203 1198 4172
1.126097 1198 4172
1.126165 1198 4172
1.126219 1198 4172
1.126260 1198 4172
1.134082 350 4172
1.134128 526 4172
1.134175 1198 4172
1.134215 238 4172
1.134257 158 4172
1.134299 158 4172
1.134341 158 4172
1.134384 158 4172
1.134423 158 4172
1.134463 158 4172
1.134502 238 4172
1.134541 158 4172
1.134581 142 4172
1.134624 654 4172
1.146138 1198 4172
1.146158 1198 4172
1.146203 1198 4172
1.234135 110 4172
1.321994 110 4172
1.322062 110 4172
1.498127 142 4172
1.586066 110 4172
1.718140 110 4172
1.806054 110 4172
1.850164 110 4172
2.114068 110 4172
2.374056 110 4172
2.659864 110 4172
2.678109 142 4172
2.678244 142 4172
2.722093 110 4172
2.810270 110 4172
2.898123 142 4172
2.898192 142 4172
2.942075 110 4172
3.206119 110 4172
3.470079 110 4172
3.514181 142 4172
3.514348 142 4172
3.694682 142 4172
3.694757 142 4172
3.734055 110 4172
3.734114 110 4172
3.822202 110 4172
3.910154 110 4172
3.998123 110 4172
3.998234 110 4172
4.257977 110 4172
4.302127 142 4172
4.390093 142 4172
4.522196 142 4172
4.522331 142 4172
4.694719 142 4172
4.698019 110 4172
4.918158 110 4172
4.962091 142 4172
5.138122 142 4172
5.313970 110 4172
5.401989 110 4172
5.402077 126 4172
5.446053 286 4172
5.446113 286 4172
5.489945 110 4172
5.510195 398 4172
5.510319 462 4172
5.534039 110 4172
5.710065 110 4172
5.798010 110 4172
6.146163 142 4172
6.146263 142 4172
6.366086 142 4172
6.366154 142 4172
6.718058 110 4172
6.762029 142 4172
6.762099 142 4172
6.806014 110 4172
6.910094 110 4172
6.926137 110 4172
6.938010 110 4172
6.978120 142 4172
6.981913 110 4172
7.070066 110 4172
7.070126 142 4172
7.157985 110 4172
7.178122 142 4172
7.202018 110 4172
7.378082 142 4172
7.422099 110 4172
7.730109 110 4172
7.774109 142 4172
7.818110 110 4172
7.905913 110 4172
7.994091 142 4172
8.389918 142 4172
8.389962 142 4172
8.610094 142 4172
8.610203 142 4172
8.697982 110 4172
8.830060 110 4172
9.222037 142 4172
9.222195 142 4172
9.398025 142 4172
9.398078 142 4172
9.614131 110 4172
9.702016 110 4172
9.834082 110 4172
10.230017 142 4172
10.230071 142 4172
10.450030 142 4172
10.450082 142 4172
10.714019 110 4172
10.802011 110 4172
11.234014 142 4172
11.234065 142 4172
11.453962 142 4172
11.454031 142 4172
11.714114 110 4172
11.802054 110 4172
12.242048 142 4172
12.242089 142 4172
12.285920 110 4172
12.502054 142 4172
12.502139 142 4172
12.722040 110 4172
12.810079 110 4172
13.074057 142 4172
13.334020 142 4172
13.730057 142 4172
13.730157 142 4172
13.730159 110 4172
13.818068 110 4172
13.896062 110 4172
13.906011 142 4172
13.906106 142 4172
14.298037 142 4172
14.298112 142 4172
14.561942 142 4172
14.693931 110 4172
14.738048 142 4172
14.809164 110 4172
14.826021 142 4172
14.957910 142 4172
15.002066 110 4172
15.354055 142 4172
15.441814 142 4172
15.530038 142 4172
15.530156 142 4172
15.706020 110 4172
15.750084 142 4172
15.793909 110 4172
15.925928 110 4172
16.361956 142 4172
16.362064 142 4172
16.578023 142 4172
16.578200 142 4172
16.710056 110 4172
16.797984 110 4172
17.189948 142 4172
17.189952 142 4172
17.365955 142 4172
17.586037 142 4172
17.670038 142 4172
17.692850 110 4172
17.713966 110 4172
17.792872 142 4172
17.801876 110 4172
18.197917 142 4172
18.197968 142 4172
18.373961 142 4172
18.374009 142 4172
18.722010 110 4172
18.810016 142 4172
18.810073 110 4172
19.029949 142 4172
19.417964 142 4172
19.418055 142 4172
19.633923 142 4172
19.633960 142 4172
19.722004 110 4172
19.809999 110 4172
20.250019 142 4172
20.250107 142 4172
20.395630 110 4172
20.425858 142 4172
20.425883 142 4172
20.561945 60 60000
20.737343 110 4172
20.737373 174 4172
20.737409 158 4172
20.737440 158 4172
20.737474 158 4172
20.737511 158 4172
20.737542 158 4172
20.737572 158 4172
20.737602 158 4172
20.799807 110 4172
20.801964 1198 4172
20.801989 1198 4172
20.802022 1198 4172
20.802055 1198 4172
20.802088 1198 4172
20.802121 1198 4172
20.802159 1198 4172
20.802191 542 4172
20.802227 1198 4172
20.802258 1198 4172
20.802292 1198 4172
20.802324 1198 4172
20.806558 670 4172
20.806589 1198 4172
20.806624 1198 4172
20.806657 1198 4172
20.806688 702 4172
20.806729 1198 4172
20.806762 1198 4172
20.806792 1198 4172
20.806822 1198 4172
20.806981 1198 4172
20.807018 526 4172
20.816436 1198 4172
20.816780 1198 4172
20.817305 1198 4172
20.817362 1198 4172
20.817393 1198 4172
20.817423 1198 4172
20.817449 1198 4172
20.823837 1198 4172
20.823871 1198 4172
20.823902 670 4172
20.823931 1198 4172
20.823959 1198 4172
20.823985 1198 4172
20.824013 1198 4172
20.824041 1198 4172
20.824068 1198 4172
20.824094 1198 4172
20.834276 1198 4172
20.834309 1198 4172
20.834345 1198 4172
20.834378 1198 4172
20.834411 1198 4172
20.837933 1198 4172
20.837963 1198 4172
20.837999 1198 4172
20.845959 1198 4172
20.846002 430 4172
20.846032 1198 4172
20.846062 1198 4172
20.846089 1198 4172
20.854289 1198 4172
20.854323 1198 4172
20.854352 1198 4172
20.854379 1198 4172
20.861884 1198 4172
20.861928 1198 4172
20.861962 430 4172
20.862002 1198 4172
20.862033 1198 4172
20.870599 1198 4172
20.870943 1198 4172
20.871283 1198 4172
20.871326 1198 4172
20.889480 1198 4172
20.890077 1198 4172
20.890121 1198 4172
20.890157 1198 4172
20.893960 1198 4172
20.894006 1198 4172
20.894040 478 4172
20.894073 1198 4172
20.894105 1198 4172
20.894139 1198 4172
20.894172 1198 4172
20.894202 1198 4172
20.902980 1198 4172
20.903025 1198 4172
20.903063 110 4172
20.903093 1198 4172
20.903121 1198 4172
20.911705 1198 4172
20.911807 1198 4172
20.911830 1198 4172
20.911857 686 4172
20.918585 1198 4172
20.918615 1198 4172
20.918644 1198 4172
20.918671 1198 4172
20.930519 1198 4172
20.930578 1198 4172
20.935270 1198 4172
20.935323 286 4172
20.935354 1198 4172
20.935412 1198 4172
20.935442 1198 4172
20.941869 1198 4172
20.941912 110 4172
20.941947 1198 4172
20.941978 1198 4172
20.942043 846 4172
20.942085 1198 4172
20.949922 1198 4172
20.949955 1198 4172
20.949992 1198 4172
20.950027 702 4172
20.965371 1198 4172
20.967311 1198 4172
20.968249 1198 4172
20.968684 1198 4172
20.968758 1198 4172
20.978329 1198 4172
20.978633 1198 4172
20.979162 1198 4172
20.979810 1198 4172
20.980175 942 4172
20.980211 1198 4172
20.980271 1198 4172
20.980576 606 4172
20.988692 1198 4172
20.988815 1198 4172
20.988847 1198 4172
20.988877 606 4172
20.988907 334 4172
20.988935 1198 4172
20.988962 1198 4172
20.994205 1198 4172
20.994239 1198 4172
20.994267 1198 4172
20.994294 574 4172
20.994321 1198 4172
21.000173 110 4172
21.000256 1134 4172
21.000293 1198 4172
21.000326 974 4172
21.000363 1198 4172
21.012752 1198 4172
21.012950 1198 4172
21.012998 254 4172
21.013236 1198 4172
21.018126 1198 4172
21.018180 1150 4172
21.018216 1198 4172
21.018245 1198 4172
21.026099 1198 4172
21.026138 1198 4172
21.026171 1198 4172
21.026202 1182 4172
21.037058 1198 4172
21.037122 1198 4172
21.037154 1198 4172
21.037183 1198 4172
21.041958 1198 4172
21.042095 1198 4172
21.042137 1198 4172
21.042208 1198 4172
21.050525 1198 4172
21.050568 1198 4172
21.050596 1198 4172
21.050626 1198 4172
21.058563 462 4172
21.058606 1198 4172
21.058639 1198 4172
21.058668 1198 4172
21.058716 1198 4172
21.073431 798 4172
21.073482 1198 4172
21.073513 830 4172
21.073542 1198 4172
21.073569 1198 4172
21.073617 1198 4172
21.074253 1198 4172
21.074289 926 4172
21.074318 1198 4172
21.083932 1198 4172
21.084034 1102 4172
21.084055 1198 4172
21.084093 878 4172
21.092431 1198 4172
21.092497 1198 4172
21.092528 1198 4172
21.092556 1198 4172
21.105111 1198 4172
21.105188 286 4172
21.105222 1198 4172
21.105252 1198 4172
21.105281 238 4172
21.105315 1198 4172
21.105904 110 4172
21.105939 1198 4172
21.105966 1198 4172
21.105994 1198 4172
21.106023 190 4172
21.106052 942 4172
21.123446 270 4172
21.125092 190 4172
21.125127 190 4172
21.125155 190 4172
21.125182 190 4172
21.125209 190 4172
21.125236 190 4172
21.125263 190 4172
21.125290 190 4172
21.126123 1198 4172
21.126161 190 4172
21.126191 190 4172
21.126218 190 4172
21.126245 190 4172
21.126273 190 4172
21.126299 1198 4172
21.126326 1198 4172
21.126354 1198 4172
21.126380 158 4172
21.126411 222 4172
21.126438 190 4172
21.126463 190 4172
21.142198 190 4172
21.142255 190 4172
21.142283 190 4172
21.142309 190 4172
21.142335 190 4172
21.142362 190 4172
21.157394 190 4172
21.157470 190 4172
21.157502 190 4172
21.157531 190 4172
21.157558 190 4172
21.157586 190 4172
21.157614 1198 4172
21.157647 1198 4172
21.157674 1198 4172
21.157727 974 4172
21.157756 222 4172
21.157783 190 4172
21.157809 190 4172
21.157836 190 4172
21.157862 190 4172
21.157887 190 4172
21.157914 190 4172
21.157940 190 4172
21.157966 190 4172
21.157991 190 4172
21.158023 190 4172
21.158049 190 4172
21.158092 190 4172
21.172643 190 4172
21.172819 190 4172
21.172853 1198 4172
21.172887 1198 4172
21.173187 1198 4172
21.173219 430 4172
21.173248 222 4172
21.173275 190 4172
21.173303 238 4172
21.173801 190 4172
21.173834 222 4172
21.173864 222 4172
21.173892 222 4172
21.173919 222 4172
21.173946 222 4172
21.173976 222 4172
21.174006 222 4172
21.174035 222 4172
21.174063 222 4172
21.174091 222 4172
21.174118 1198 4172
21.174145 110 4172
21.192892 190 4172
21.192937 1198 4172
21.192973 1198 4172
21.193006 1198 4172
21.193040 1198 4172
21.193075 238 4172
21.193107 1086 4172
21.199771 110 4172
21.199830 222 4172
21.199860 190 4172
21.206715 238 4172
21.206755 222 4172
21.206785 222 4172
21.206813 222 4172
21.206844 110 4172
21.206871 222 4172
21.206900 222 4172
21.206927 222 4172
21.206960 222 4172
21.206986 222 4172
21.216422 222 4172
21.217404 222 4172
21.217443 1198 4172
21.217475 110 4172
21.217505 190 4172
21.231678 1198 4172
21.231732 1198 4172
21.231781 1198 4172
21.231842 1198 4172
21.231875 398 4172
21.231908 270 4172
21.238052 222 4172
21.238085 174 4172
21.243134 222 4172
21.243167 222 4172
21.243202 222 4172
21.243235 222 4172
21.243266 222 4172
21.243298 222 4172
21.246365 222 4172
21.246401 222 4172
21.246432 222 4172
21.246465 222 4172
21.246498 1198 4172
21.246525 110 4172
21.246556 222 4172
21.246585 174 4172
21.252130 60 60000
21.264423 1198 4172
21.264483 1198 4172
21.264523 1198 4172
21.264627 1198 4172
21.264663 542 4172
21.281734 158 4172
21.281949 206 4172
21.282011 126 4172
21.326132 1198 4172
21.326163 1198 4172
21.326195 542 4172
21.418486 110 4172
21.492839 110 4172
21.492917 110 4172
21.492992 110 4172
21.505812 110 4172
21.539944 174 4172
21.539977 174 4172
21.540031 222 4172
21.540087 222 4172
21.540123 222 4172
21.540153 222 4172
21.540184 222 4172
21.540213 222 4172
21.540283 222 4172
21.540325 222 4172
21.540361 222 4172
21.540393 254 4172
21.542111 174 4172
21.542178 1198 4172
21.542207 1198 4172
21.542235 1198 4172
21.542269 1198 4172
21.542297 766 4172
21.542325 1198 4172
21.542352 1198 4172
21.542380 1198 4172
21.542412 1198 4172
21.542439 1198 4172
21.542472 1198 4172
21.542520 1198 4172
21.542550 1198 4172
21.542581 734 4172
21.550397 222 4172
21.550454 222 4172
21.598053 1198 4172
21.598100 334 4172
21.646231 1198 4172
21.646298 1198 4172
21.646322 366 4172
21.646350 302 4172
21.646377 1198 4172
21.646403 158 4172
21.690243 1198 4172
21.690279 1150 4172
21.695686 110 4172
21.730031 206 4172
21.730121 206 4172
21.730167 1198 4172
21.730209 414 4172
21.733859 110 4172
21.733911 110 4172
21.733952 110 4172
21.818125 110 4172
21.905962 110 4172
22.037926 110 4172
22.037969 110 4172
22.301924 110 4172
22.565918 110 4172
22.810107 110 4172
23.093869 110 4172
23.354232 110 4172
23.617954 110 4172
23.706127 110 4172
23.793884 110 4172
23.882190 110 4172
24.145994 110 4172
24.717898 110 4172
24.805858 110 4172
25.729910 110 4172
25.818087 110 4172
26.698019 110 4172
26.810151 110 4172
26.829902 110 4172
27.709940 110 4172
27.797838 110 4172
28.717870 110 4172
28.805818 110 4172
29.509911 110 4172
29.729923 110 4172
29.817875 110 4172
30.697898 110 4172
30.825893 110 4172
31.793841 110 4172
32.181885 110 4172
32.705793 110 4172
32.793844 110 4172
33.713894 110 4172
33.801810 110 4172
34.725820 110 4172
34.813821 110 4172
34.857790 110 4172
35.729779 110 4172
35.813840 110 4172
36.733772 110 4172
36.821753 110 4172
37.525846 110 4172
37.701787 110 4172
37.834065 110 4172
38.705757 110 4172
38.793726 110 4172
39.717816 110 4172
39.805814 110 4172
40.237779 110 4172
40.721818 110 4172
40.809757 110 4172
41.435596 1198 4172
41.435635 1198 4172
41.435674 1198 4172
41.435710 1198 4172
41.435762 1198 4172
41.435797 1198 4172
41.435844 1198 4172
41.435878 638 4172
41.441752 1198 4172
41.441801 1198 4172
41.441849 1198 4172
41.441896 1198 4172
41.441976 1198 4172
41.442022 1198 4172
41.442074 462 4172
41.446915 1198 4172
41.446959 1198 4172
41.447000 1198 4172
41.447040 1198 4172
41.447075 1198 4172
41.447112 1102 4172
41.447151 1198 4172
41.447185 1198 4172
41.447223 1198 4172
41.447259 1198 4172
41.447297 1198 4172
41.447334 654 4172
41.455895 1198 4172
41.455923 1198 4172
41.455964 1198 4172
41.456005 1198 4172
41.456043 1198 4172
41.461658 1198 4172
41.461697 1198 4172
41.461735 1198 4172
41.469641 1198 4172
41.469675 430 4172
41.469723 1198 4172
41.469757 1198 4172
41.477764 1198 4172
41.477805 1198 4172
41.477841 1198 4172
41.485793 1198 4172
41.485829 1198 4172
41.485882 1198 4172
41.493626 1198 4172
41.493673 1198 4172
41.493723 558 4172
41.493769 1198 4172
41.501977 1198 4172
41.502018 1198 4172
41.509778 1198 4172
41.509828 1198 4172
41.509885 1198 4172
41.510334 60 60000
41.513631 1198 4172
41.513681 270 4172
41.513730 1198 4172
41.525684 1198 4172
41.525724 1198 4172
41.525767 1198 4172
41.533739 1198 4172
41.533771 1198 4172
41.533855 1198 4172
41.533905 1198 4172
41.541867 1198 4172
41.542121 494 4172
41.542167 1198 4172
41.549701 1198 4172
41.549755 1198 4172
41.557721 1198 4172
41.557760 1198 4172
41.557794 1198 4172
41.565709 1198 4172
41.565766 1198 4172
41.565815 1198 4172
41.565860 1198 4172
41.573719 1198 4172
41.573760 1198 4172
41.573797 1198 4172
41.581726 1198 4172
41.581767 1198 4172
41.589766 1198 4172
41.589812 990 4172
41.589854 1198 4172
41.597751 1198 4172
41.597803 1198 4172
41.601680 1198 4172
41.601727 1198 4172
41.613704 1198 4172
41.613809 1198 4172
41.621760 1198 4172
41.621803 1198 4172
41.629666 1198 4172
41.629695 1198 4172
41.629727 1198 4172
41.637682 1198 4172
41.637710 910 4172
41.645614 1198 4172
41.645670 1198 4172
41.653698 1198 4172
41.653728 1198 4172
41.653765 1198 4172
41.661670 1198 4172
41.661709 1198 4172
41.669635 1198 4172
41.669677 1198 4172
41.677773 222 4172
41.677810 1198 4172
41.677845 1198 4172
41.685798 1198 4172
41.685841 1198 4172
41.689829 1198 4172
41.689867 1198 4172
41.689904 830 4172
41.701744 1198 4172
41.701788 1198 4172
41.709708 862 4172
41.709819 110 4172
41.709867 1198 4172
41.717714 1198 4172
41.717761 1198 4172
41.717799 1198 4172
41.725663 1198 4172
41.725705 1198 4172
41.733638 1198 4172
41.733679 1198 4172
41.741679 1198 4172
41.741706 1198 4172
41.749692 942 4172
41.749725 1198 4172
41.749756 1198 4172
41.757752 1198 4172
41.757789 1198 4172
41.765724 382 4172
41.765752 782 4172
41.765787 158 4172
41.765817 158 4172
41.765845 158 4172
41.765877 158 4172
41.770577 158 4172
41.770632 158 4172
41.770672 542 4172
41.770701 158 4172
41.770730 158 4172
41.770766 158 4172
41.774261 158 4172
41.774289 462 4172
41.774322 158 4172
41.774354 158 4172
41.774384 174 4172
41.777565 158 4172
41.777619 158 4172
41.822901 110 4172
41.856639 238 4172
41.856659 110 4172
41.862051 174 4172
41.862089 158 4172
41.862123 158 4172
41.862156 158 4172
41.862186 158 4172
41.862226 158 4172
41.862259 158 4172
41.873549 158 4172
41.873675 222 4172
41.893717 478 4172
41.932223 110 4172
41.940260 1198 4172
41.940278 1198 4172
41.940372 1198 4172
41.940395 1198 4172
41.940425 1198 4172
41.940455 1198 4172
41.940483 1198 4172
41.940510 1102 4172
41.943772 1198 4172
41.943810 782 4172
41.943846 1006 4172
41.943879 1198 4172
41.943912 1182 4172
41.955939 1198 4172
41.958976 1198 4172
41.959414 1198 4172
41.959456 1198 4172
41.959668 1198 4172
41.959706 1198 4172
41.959803 1198 4172
41.959857 1198 4172
41.968050 1198 4172
41.968090 174 4172
41.968121 1198 4172
41.968147 1198 4172
41.968174 1198 4172
41.973663 1198 4172
41.973698 1198 4172
41.981756 1198 4172
41.981825 1198 4172
41.981856 1198 4172
41.995234 1198 4172
41.999139 1198 4172
41.999309 958 4172
42.006118 1198 4172
42.016545 1198 4172
42.016612 1198 4172
42.017669 1198 4172
42.033011 1198 4172
42.037672 1198 4172
42.037706 1198 4172
42.053285 1198 4172
42.054917 638 4172
42.068077 1198 4172
42.070360 1198 4172
42.077741 1198 4172
42.077776 1198 4172
42.085682 1198 4172
42.094176 1198 4172
42.101724 110 4172
42.101762 1118 4172
42.109731 1198 4172
42.109767 1118 4172
42.118443 1198 4172
42.126825 1198 4172
42.126859 1198 4172
42.133674 1198 4172
42.141765 1198 4172
42.149789 1198 4172
42.161129 1198 4172
42.165612 1198 4172
42.165693 1198 4172
42.173729 1198 4172
42.181683 1198 4172
42.181718 1198 4172
42.193553 1198 4172
42.198760 1198 4172
42.205748 1198 4172
42.205779 302 4172
42.205813 1198 4172
42.213653 1198 4172
42.223933 1198 4172
42.230667 1198 4172
42.230695 1198 4172
42.242655 1198 4172
42.245652 1198 4172
42.245692 1198 4172
42.256545 1198 4172
42.261369 1198 4172
42.261636 1198 4172
42.270490 1198 4172
42.277672 1198 4172
42.287538 142 4172
42.287567 1198 4172
42.287597 1198 4172
42.296058 1198 4172
42.301687 1198 4172
42.301706 1198 4172
42.309675 1198 4172
42.317714 1198 4172
42.327948 1198 4172
42.327989 654 4172
42.332432 1198 4172
42.332474 1198 4172
42.343620 1198 4172
42.352969 1198 4172
42.353012 1198 4172
42.358442 110 4172
42.358480 1198 4172
42.365777 1150 4172
42.370514 60 60000
42.374653 1198 4172
42.375326 1198 4172
42.382504 718 4172
42.385912 1198 4172
42.389739 1198 4172
42.429862 1198 4172
42.430170 1198 4172
42.437729 1198 4172
42.438047 1198 4172
42.438088 1198 4172
42.438121 1198 4172
42.438175 1198 4172
42.438210 990 4172
42.438248 1198 4172
42.446465 1198 4172
42.447117 510 4172
42.453776 1198 4172
42.453808 1086 4172
42.462083 1198 4172
42.469699 1198 4172
42.469746 1198 4172
42.477728 1198 4172
42.483276 1198 4172
42.483323 1198 4172
42.493661 1198 4172
42.501694 1198 4172
42.509711 398 4172
42.509714 222 4172
42.509750 190 4172
42.509784 1198 4172
42.517648 590 4172
42.517677 1198 4172
42.531666 1198 4172
42.533705 1198 4172
42.541683 1198 4172
42.541723 1198 4172
42.549683 1198 4172
42.559341 1198 4172
42.565674 1198 4172
42.565720 1198 4172
42.574652 1198 4172
42.581670 1198 4172
42.581765 1198 4172
42.590328 1198 4172
42.597672 1198 4172
42.597707 350 4172
42.607728 1198 4172
42.607763 1198 4172
42.613648 1198 4172
42.619425 1198 4172
42.619476 1198 4172
42.629660 1198 4172
42.640791 1198 4172
42.640885 110 4172
42.640922 1198 4172
42.645640 702 4172
42.645671 1198 4172
42.655897 1198 4172
42.661648 1198 4172
42.661670 1198 4172
42.669726 1198 4172
42.685701 1198 4172
42.685730 1198 4172
42.693661 1198 4172
42.701663 238 4172
42.701706 110 4172
42.701761 1198 4172
42.701809 1198 4172
42.705583 1198 4172
42.717650 1198 4172
42.717701 1198 4172
42.725677 1198 4172
42.733661 1198 4172
42.733707 1198 4172
42.741650 1198 4172
42.749660 1198 4172
42.749700 542 4172
42.757626 1198 4172
42.757661 1198 4172
42.765668 1198 4172
42.773709 1198 4172
42.773756 1198 4172
42.781754 1198 4172
42.789735 1198 4172
42.793930 1198 4172
42.794024 1006 4172
42.805690 110 4172
42.805734 1198 4172
42.813711 1198 4172
42.821602 1198 4172
42.829714 1198 4172
42.829765 1198 4172
42.837709 1198 4172
42.845610 1198 4172
42.845657 1198 4172
42.853701 542 4172
42.853764 1198 4172
42.861781 1198 4172
42.869685 1198 4172
42.877764 1198 4172
42.881579 1198 4172
42.881623 1198 4172
42.893629 1198 4172
42.893677 1198 4172
42.901689 814 4172
42.909699 110 4172
42.909746 110 4172
42.909788 1198 4172
42.909827 1198 4172
42.917700 1198 4172
42.925673 1198 4172
42.925716 1198 4172
42.933680 1198 4172
42.941714 1198 4172
42.941766 1198 4172
42.949677 1198 4172
42.957722 222 4172
42.957778 1198 4172
42.957813 1198 4172
42.965668 1198 4172
42.970053 1198 4172
42.970101 1198 4172
42.981725 1198 4172
42.989770 1086 4172
42.989830 1198 4172
42.997714 1198 4172
43.005710 1198 4172
43.005768 1198 4172
43.013686 766 4172
43.013760 174 4172
43.013833 1198 4172
43.021750 158 4172
43.029707 1198 4172
43.029809 1198 4172
43.037715 366 4172
43.037798 318 4172
43.037860 1198 4172
43.045688 1198 4172
43.053734 846 4172
43.057661 1198 4172
43.057725 1198 4172
43.069729 1198 4172
43.077785 1198 4172
43.077822 1198 4172
43.085686 1198 4172
43.085731 1198 4172
43.093728 1198 4172
43.101701 1198 4172
43.101810 862 4172
43.109681 1198 4172
43.109735 1198 4172
43.117750 1198 4172
43.125696 1198 4172
43.125741 1198 4172
43.133724 1198 4172
43.141593 1198 4172
43.141692 1198 4172
43.145843 1198 4172
43.157728 462 4172
43.157769 1198 4172
43.157808 1198 4172
43.165706 1198 4172
43.173680 1198 4172
43.173728 1198 4172
43.181723 1198 4172
43.189688 110 4172
43.189749 1198 4172
43.189790 1198 4172
43.197724 1198 4172
43.205678 1198 4172
43.205731 1198 4172
43.213704 126 4172
43.213755 1198 4172
43.221691 1198 4172
43.221756 1198 4172
43.229683 1198 4172
43.229728 1198 4172
43.233654 1198 4172
43.245710 1198 4172
43.245852 1198 4172
43.253730 1198 4172
43.261694 1198 4172
43.261743 1198 4172
43.269668 910 4172
43.269722 1198 4172
43.277642 1198 4172
43.285672 1198 4172
43.285767 1198 4172
43.293701 1198 4172
43.301704 1198 4172
43.301757 1198 4172
43.309686 1198 4172
43.309739 1198 4172
43.317646 1198 4172
43.321794 878 4172
43.321838 1198 4172
43.333693 1198 4172
43.333742 1198 4172
43.341687 1198 4172
43.349716 1198 4172
43.349765 1198 4172
43.357694 1198 4172
43.365770 1198 4172
43.373716 1182 4172
43.373759 1198 4172
43.381782 1198 4172
43.389782 1198 4172
43.389835 1198 4172
43.397679 1198 4172
43.397729 1198 4172
43.405703 1198 4172
43.409665 1198 4172
43.409723 1198 4172
43.421729 1198 4172
43.429694 1198 4172
43.429742 1006 4172
43.445693 1198 4172
43.453737 1198 4172
43.453792 1198 4172
43.461714 110 4172
43.461762 1198 4172
43.461819 1198 4172
43.469742 1198 4172
43.477675 1198 4172
43.477714 1198 4172
43.485714 1198 4172
43.493696 1198 4172
43.493801 1198 4172
43.497791 1038 4172
43.497839 1198 4172
43.509679 1198 4172
43.517704 1198 4172
43.517755 1198 4172
43.525688 1198 4172
43.525748 1198 4172
43.533689 1198 4172
43.541681 1198 4172
43.541718 1198 4172
43.549707 1198 4172
43.557710 286 4172
43.557761 1198 4172
43.557801 1198 4172
43.565717 846 4172
43.565761 1198 4172
43.573700 1054 4172
43.578142 158 4172
43.578188 126 4172
43.598131 126 4172
43.610118 126 4172
43.618120 126 4172
43.626085 126 4172
43.629661 126 4172
43.634087 126 4172
43.646130 126 4172
43.658412 126 4172
43.666235 1198 4172
43.666292 1198 4172
43.666334 1006 4172
43.673808 1198 4172
43.673857 1198 4172
43.673897 638 4172
43.692038 430 4172
43.701962 1198 4172
43.702023 222 4172
43.702071 110 4172
43.710827 126 4172
43.717648 1198 4172
43.717723 1198 4172
43.717786 398 4172
43.717850 110 4172
43.734967 1198 4172
43.735068 1198 4172
43.735128 638 4172
43.743070 1198 4172
43.743118 1198 4172
43.743158 1198 4172
43.755292 1198 4172
43.755346 1198 4172
43.755392 254 4172
43.761621 1198 4172
43.761668 1198 4172
43.761709 1198 4172
43.761749 478 4172
43.767006 126 4172
43.767052 1198 4172
43.775086 1198 4172
43.775135 1198 4172
43.775175 1198 4172
43.775214 254 4172
43.787115 1198 4172
43.787216 1198 4172
43.787246 670 4172
43.793159 1198 4172
43.793209 1198 4172
43.793250 1166 4172
43.795324 110 4172
43.798984 1198 4172
43.805652 1198 4172
43.805696 1198 4172
43.805737 926 4172
43.818437 830 4172
43.828035 526 4172
43.838078 1198 4172
43.838135 1150 4172
43.849979 446 4172
43.858935 1198 4172
43.858983 1198 4172
43.859026 1198 4172
43.859065 334 4172
43.871145 1198 4172
43.871188 1198 4172
43.871229 1198 4172
43.871267 574 4172
43.883371 1198 4172
43.883466 1198 4172
43.883502 1198 4172
43.883540 1198 4172
43.883578 190 4172
43.889668 1198 4172
43.889739 1198 4172
43.889782 1198 4172
43.889821 1198 4172
43.893655 590 4172
43.905709 1198 4172
43.905758 1198 4172
43.914343 1198 4172
43.915425 1198 4172
43.921673 910 4172
43.921737 1198 4172
43.929797 1198 4172
43.937645 1198 4172
43.937692 1198 4172
43.946819 542 4172
43.946877 1198 4172
43.953678 1198 4172
43.953745 1198 4172
43.961798 1198 4172
43.969717 990 4172
43.969761 1198 4172
43.978317 1198 4172
43.978359 1198 4172
43.981645 1198 4172
43.981682 110 4172
43.993963 110 4172
43.994037 110 4172
43.994089 286 4172
43.994135 1198 4172
43.994175 1198 4172
44.001732 1198 4172
44.010018 110 4172
44.010074 1006 4172
44.010113 1022 4172
44.017632 702 4172
44.017690 414 4172
44.017736 1198 4172
44.022451 654 4172
44.025807 1022 4172
44.046540 1198 4172
44.046634 1198 4172
44.046675 430 4172
44.059003 1198 4172
44.059101 414 4172
44.069637 1198 4172
44.069687 1198 4172
44.069723 1198 4172
44.069760 206 4172
44.093221 1198 4172
44.093308 862 4172
44.113642 110 4172
44.202017 110 4172
44.289738 110 4172
44.289835 110 4172
44.289931 110 4172
44.333698 110 4172
44.553812 110 4172
44.553865 110 4172
44.729859 110 4172
44.817679 110 4172
44.817729 110 4172
45.081927 110 4172
45.345690 110 4172
45.610185 110 4172
45.697677 110 4172
45.829699 110 4172
45.873605 110 4172
46.137785 110 4172
46.397804 110 4172
46.693239 110 4172
46.705729 110 4172
47.802008 110 4172
48.721767 110 4172
48.809736 110 4172
49.333608 110 4172
49.729690 110 4172
49.817685 110 4172
50.697608 110 4172
50.829634 110 4172
51.697560 110 4172
51.829565 110 4172
52.049632 110 4172
52.709553 110 4172
52.797558 110 4172
53.713650 110 4172
53.801542 110 4172
54.593506 254 4172
54.593560 286 4172
54.700744 110 4172
54.701914 174 4172
54.701951 110 4172
54.705462 174 4172
54.705500 174 4172
54.705537 174 4172
54.705574 174 4172
54.709471 174 4172
54.709510 174 4172
54.709547 174 4172
54.709583 174 4172
54.709618 174 4172
54.714315 174 4172
54.714353 174 4172
54.714393 174 4172
54.714428 174 4172
54.714463 174 4172
54.717427 190 4172
54.725494 1198 4172
54.725534 1198 4172
54.725563 1198 4172
54.725591 446 4172
54.813555 110 4172
54.901541 110 4172
54.988207 190 4172
54.989539 1198 4172
54.989596 1198 4172
54.989645 1198 4172
54.989686 846 4172
55.139825 158 4172
55.145851 958 4172
55.158199 1198 4172
55.158288 430 4172
55.161459 1198 4172
55.161509 1198 4172
55.161550 830 4172
55.178157 1198 4172
55.178253 1198 4172
55.178291 1198 4172
55.178333 1198 4172
55.178371 430 4172
55.190255 1198 4172
55.190344 1198 4172
55.190380 1198 4172
55.190420 1198 4172
55.190459 254 4172
55.190497 1198 4172
55.198181 1198 4172
55.198229 1198 4172
55.198268 1198 4172
55.198305 1006 4172
55.205553 1198 4172
55.205604 1198 4172
55.213554 1198 4172
55.213605 1198 4172
55.221612 1198 4172
55.221656 302 4172
55.229537 1198 4172
55.229580 1198 4172
55.237513 1198 4172
55.237562 1198 4172
55.245623 110 4172
55.245677 910 4172
55.249529 1198 4172
55.249577 110 4172
55.249619 1198 4172
55.261600 1198 4172
55.261685 1198 4172
55.269559 318 4172
55.269702 1198 4172
55.277459 1198 4172
55.285579 846 4172
55.285624 1198 4172
55.293574 1198 4172
55.301603 1198 4172
55.301736 1198 4172
55.309553 110 4172
55.309609 1198 4172
55.309650 1198 4172
55.317567 1198 4172
55.325502 1198 4172
55.325589 1198 4172
55.333566 1134 4172
55.333618 1198 4172
55.337453 206 4172
55.337494 1198 4172
55.349635 1198 4172
55.349725 1198 4172
55.357590 1198 4172
55.365657 1198 4172
55.365738 1198 4172
55.373582 206 4172
55.373625 1198 4172
55.373667 1198 4172
55.381510 1198 4172
55.389634 1198 4172
55.389681 1006 4172
55.397561 1198 4172
55.397606 1198 4172
55.405572 1198 4172
55.413555 1198 4172
55.413607 894 4172
55.421631 1198 4172
55.425442 1198 4172
55.425482 1198 4172
55.437593 1198 4172
55.445588 1198 4172
55.453720 1198 4172
55.453781 1198 4172
55.461446 1198 4172
55.461489 1150 4172
55.477656 590 4172
55.477832 1198 4172
55.477875 1198 4172
55.493613 1198 4172
55.493702 526 4172
55.493756 1198 4172
55.501539 1198 4172
55.509561 1198 4172
55.509642 1198 4172
55.513429 110 4172
55.513482 1198 4172
55.525565 1198 4172
55.525622 1198 4172
55.533450 222 4172
55.533494 1198 4172
55.533533 1198 4172
55.541566 1198 4172
55.549581 1198 4172
55.549675 1182 4172
55.557570 1198 4172
55.557609 1198 4172
55.565577 1198 4172
55.573671 1198 4172
55.573754 446 4172
55.573787 1198 4172
55.581557 1198 4172
55.589585 1198 4172
55.589682 1198 4172
55.597556 910 4172
55.597600 1198 4172
55.601503 1198 4172
55.613645 1198 4172
55.613728 1198 4172
55.621616 1198 4172
55.621673 318 4172
55.629563 1198 4172
55.629607 446 4172
55.629648 1198 4172
55.637456 1198 4172
55.645593 1070 4172
55.645720 1198 4172
55.653617 1198 4172
55.653677 1198 4172
55.661437 590 4172
55.661490 1198 4172
55.669566 1198 4172
55.669609 1198 4172
55.677452 1198 4172
55.685565 1198 4172
55.685608 366 4172
55.685646 1198 4172
55.689527 1198 4172
55.701645 1198 4172
55.701738 1198 4172
55.709549 958 4172
55.709592 1198 4172
55.717435 1198 4172
55.725570 1198 4172
55.725654 1198 4172
55.733583 1198 4172
55.733687 1054 4172
55.741449 1198 4172
55.741501 1198 4172
55.757593 1198 4172
55.757644 1198 4172
55.765449 254 4172
55.765501 1198 4172
55.773568 1198 4172
55.773615 1198 4172
55.777416 1198 4172
55.777467 1198 4172
55.789547 1198 4172
55.797563 110 4172
55.797621 110 4172
55.797663 110 4172
55.797702 334 4172
55.797743 1198 4172
55.805591 1198 4172
55.805632 1198 4172
55.813486 110 4172
55.813525 1198 4172
55.813566 1198 4172
55.821589 142 4172
55.821636 1198 4172
55.829479 1198 4172
55.829525 1198 4172
55.837474 1198 4172
55.837528 1198 4172
55.845575 910 4172
55.853672 1198 4172
55.853721 1198 4172
55.861502 1198 4172
55.861552 1198 4172
55.865550 974 4172
55.877687 1198 4172
55.877896 1198 4172
55.885484 174 4172
55.885534 862 4172
55.890363 910 4172
55.890420 942 4172
55.897459 1198 4172
55.902401 606 4172
55.902448 110 4172
55.909427 1198 4172
55.909474 1198 4172
55.914449 910 4172
55.921472 1198 4172
55.921525 1198 4172
55.929448 1198 4172
55.929501 190 4172
55.938416 1198 4172
55.938500 1102 4172
55.945455 1198 4172
55.945502 1198 4172
55.950343 798 4172
55.953502 1198 4172
55.953576 638 4172
55.974372 1198 4172
55.974596 462 4172
55.985974 1198 4172
55.986056 1198 4172
55.986095 126 4172
55.993281 142 4172
55.997511 110 4172
56.010054 158 4172
56.022163 174 4172
56.034192 606 4172
56.041455 718 4172
56.058200 446 4172
56.070086 110 4172
56.070137 110 4172
56.070172 110 4172
56.082128 174 4172
56.085510 318 4172
56.129505 110 4172
56.173492 638 4172
56.305593 110 4172
56.349669 110 4172
56.349828 110 4172
56.349841 110 4172
56.613658 110 4172
56.613729 110 4172
56.613732 110 4172
56.701600 110 4172
56.833707 110 4172
56.877694 110 4172
57.141662 110 4172
57.405687 110 4172
57.669457 110 4172
57.713590 110 4172
57.969447 110 4172
58.233633 110 4172
58.497534 110 4172
58.717636 110 4172
58.805578 110 4172
59.725598 110 4172
59.813512 110 4172
60.721772 110 4172
60.805620 110 4172
61.149591 110 4172
61.709499 110 4172
61.797486 110 4172
62.533400 1198 4172
62.533448 1198 4172
62.533488 1198 4172
62.533526 1198 4172
62.533562 990 4172
62.551417 1198 4172
62.551466 1198 4172
62.551504 1198 4172
62.551540 110 4172
62.560668 1198 4172
62.560721 638 4172
62.565420 1198 4172
62.565481 1198 4172
62.565524 1198 4172
62.565571 1198 4172
62.565613 942 4172
62.565648 1198 4172
62.565682 1198 4172
62.565715 1198 4172
62.565749 1198 4172
62.573452 1038 4172
62.573495 1198 4172
62.577507 1198 4172
62.589633 1198 4172
62.589710 1198 4172
62.597494 1198 4172
62.597540 254 4172
62.597585 1198 4172
62.605583 1198 4172
62.613525 1198 4172
62.613581 1198 4172
62.621518 1198 4172
62.629450 750 4172
62.629498 1198 4172
62.629535 1198 4172
62.637490 1198 4172
62.645486 1198 4172
62.645538 1198 4172
62.653486 1022 4172
62.653536 1198 4172
62.663193 1198 4172
62.667248 1198 4172
62.667288 1198 4172
62.677499 1198 4172
62.677543 510 4172
62.685509 1198 4172
62.685544 1198 4172
62.693863 126 4172
62.693903 1198 4172
62.701543 1198 4172
62.701587 1198 4172
62.709484 798 4172
62.709535 110 4172
62.709567 1198 4172
62.717579 1198 4172
62.717616 1198 4172
62.725430 1198 4172
62.725472 1198 4172
62.734940 318 4172
62.734986 110 4172
62.735021 1198 4172
62.741433 1198 4172
62.741473 1198 4172
62.749537 1198 4172
62.756311 974 4172
62.756331 1198 4172
62.765483 1198 4172
62.765521 1198 4172
62.773462 1198 4172
62.781486 1198 4172
62.781523 1198 4172
62.789618 1198 4172
62.789667 1198 4172
62.797485 1198 4172
62.805433 734 4172
62.805481 110 4172
62.805520 1198 4172
62.814054 606 4172
62.814088 1198 4172
62.814130 174 4172
62.814173 1198 4172
62.821566 1198 4172
62.831576 302 4172
62.831621 398 4172
62.831658 158 4172
62.831694 158 4172
62.835217 158 4172
62.835255 158 4172
62.837407 1118 4172
62.841654 1198 4172
62.841696 1198 4172
62.841732 126 4172
62.841765 1198 4172
62.841795 1198 4172
62.853609 126 4172
62.853663 1198 4172
62.861596 1198 4172
62.861627 334 4172
62.861667 1198 4172
62.869878 1198 4172
62.877544 590 4172
62.877586 1198 4172
62.877626 1198 4172
62.885427 334 4172
62.885465 1198 4172
62.893488 1198 4172
62.893537 398 4172
62.893584 1198 4172
62.901507 974 4172
62.901539 158 4172
62.901580 158 4172
62.927789 174 4172
62.927818 270 4172
62.927847 398 4172
62.929352 1198 4172
62.929391 1198 4172
62.929432 1198 4172
62.941484 1198 4172
62.941521 1198 4172
62.941560 1198 4172
62.941596 1198 4172
62.941634 1198 4172
62.949420 1022 4172
62.949453 1198 4172
62.957689 1198 4172
62.957727 1102 4172
62.965395 1198 4172
62.973548 1198 4172
62.973571 1198 4172
62.981394 1198 4172
62.981441 1198 4172
62.989496 558 4172
62.989508 1198 4172
62.989550 1198 4172
62.997397 1198 4172
63.005449 110 4172
63.005487 1198 4172
63.005520 1198 4172
63.013425 1198 4172
63.013458 1198 4172
63.017390 1198 4172
63.017455 1198 4172
63.029429 1198 4172
63.029456 414 4172
63.037409 1198 4172
63.037451 1198 4172
63.045407 1198 4172
63.045455 1198 4172
63.053496 1198 4172
63.053548 1198 4172
63.061397 1198 4172
63.061436 1054 4172
63.069405 1198 4172
63.069440 1198 4172
63.077369 1198 4172
63.077405 1198 4172
63.085409 1198 4172
63.093512 1198 4172
63.093538 1198 4172
63.102983 126 4172
63.103138 1198 4172
63.103312 1198 4172
63.105380 1198 4172
63.105426 1198 4172
63.117989 1198 4172
63.118030 1198 4172
63.138755 1198 4172
63.144063 894 4172
63.144121 1198 4172
63.152604 1198 4172
63.152705 1198 4172
63.152763 1198 4172
63.152791 1198 4172
63.157485 1198 4172
63.157514 1198 4172
63.204390 1198 4172
63.221521 190 4172
63.221555 414 4172
63.221591 1198 4172
63.221637 110 4172
63.231659 206 4172
63.231694 334 4172
63.231728 1198 4172
63.231757 1166 4172
63.231783 1198 4172
63.231811 190 4172
63.231837 1198 4172
63.231864 878 4172
63.231890 1198 4172
63.231916 718 4172
63.231944 1198 4172
63.231969 1198 4172
63.231996 558 4172
63.232022 1198 4172
63.232048 1198 4172
63.232074 1198 4172
63.237041 878 4172
63.237067 1198 4172
63.269436 1198 4172
63.284112 1198 4172
63.285444 1198 4172
63.285527 1198 4172
63.285562 206 4172
63.285618 1198 4172
63.285686 110 4172
63.285714 1198 4172
63.285786 1134 4172
63.285813 1198 4172
63.286067 1054 4172
63.298111 1118 4172
63.298148 238 4172
63.298178 286 4172
63.298208 190 4172
63.301394 1198 4172
63.301425 398 4172
63.301460 1198 4172
63.310560 1198 4172
63.310595 1198 4172
63.317373 1198 4172
63.317408 1022 4172
63.325416 1198 4172
63.333407 1198 4172
63.333437 1198 4172
63.341529 1198 4172
63.341562 1198 4172
63.349388 254 4172
63.349411 1198 4172
63.357460 1198 4172
63.357495 1198 4172
63.368387 830 4172
63.368418 1198 4172
63.372042 1198 4172
63.372087 1198 4172
63.381379 1198 4172
63.381433 1150 4172
63.389663 1198 4172
63.397524 238 4172
63.397574 1198 4172
63.397614 1198 4172
63.405537 1198 4172
63.405574 1198 4172
63.413546 1198 4172
63.414197 302 4172
63.421507 1198 4172
63.421563 1198 4172
63.429490 1198 4172
63.437441 1198 4172
63.437480 1198 4172
63.445428 734 4172
63.445484 1198 4172
63.453528 1198 4172
63.453583 1198 4172
63.457429 1198 4172
63.457472 1198 4172
63.469437 1198 4172
63.469575 1198 4172
63.477509 1198 4172
63.477555 1198 4172
63.485540 1198 4172
63.485580 1198 4172
63.493513 446 4172
63.493558 1198 4172
63.493600 1198 4172
63.501589 1198 4172
63.501642 1198 4172
63.509519 1198 4172
63.509632 430 4172
63.517438 446 4172
63.517498 718 4172
63.517551 270 4172
63.517595 942 4172
63.525497 1198 4172
63.525541 1198 4172
63.533496 1198 4172
63.533546 1198 4172
63.541494 110 4172
63.541537 1198 4172
63.541576 718 4172
63.541610 1198 4172
63.545932 302 4172
63.545979 1054 4172
63.546013 1198 4172
63.561619 526 4172
63.561700 1198 4172
63.561730 222 4172
63.561769 1198 4172
63.569379 1198 4172
63.569438 1118 4172
63.577564 1198 4172
63.577607 1198 4172
63.585490 814 4172
63.585549 1198 4172
63.589539 1198 4172
63.589583 1198 4172
63.601588 1134 4172
63.601623 174 4172
63.601662 158 4172
63.601701 158 4172
63.601740 1198 4172
63.623672 142 4172
63.623774 126 4172
63.623775 158 4172
63.623807 846 4172
63.633447 1198 4172
63.633491 366 4172
63.677406 126 4172
63.721583 110 4172
63.809491 110 4172
63.809503 110 4172
63.853567 126 4172
63.853589 126 4172
63.897415 126 4172
64.023287 142 4172
64.029370 174 4172
64.029415 494 4172
64.063708 110 4172
64.065348 206 4172
64.070999 334 4172
64.071044 318 4172
64.071076 270 4172
64.073419 238 4172
64.073461 238 4172
64.077897 238 4172
64.077933 766 4172
64.082676 238 4172
64.082723 238 4172
64.082756 238 4172
64.086262 238 4172
64.086296 238 4172
64.086328 286 4172
64.090722 190 4172
64.090766 270 4172
64.117408 1198 4172
64.117478 238 4172
64.117532 1198 4172
64.117574 1198 4172
64.117610 1198 4172
64.117648 206 4172
64.117687 142 4172
64.117726 1198 4172
64.117763 574 4172
64.166144 206 4172
64.170181 334 4172
64.170232 318 4172
64.173686 430 4172
64.173726 238 4172
64.178171 238 4172
64.178205 238 4172
64.178236 238 4172
64.182204 238 4172
64.182245 238 4172
64.182275 238 4172
64.186373 238 4172
64.186409 238 4172
64.186459 286 4172
64.190108 190 4172
64.190167 286 4172
64.205429 1198 4172
64.205471 1198 4172
64.205507 1198 4172
64.205541 1198 4172
64.205575 862 4172
64.226289 1198 4172
64.226374 1198 4172
64.226418 414 4172
64.249333 766 4172
64.249385 718 4172
64.257632 1198 4172
64.257670 1198 4172
64.257711 446 4172
64.265498 1198 4172
64.265547 1198 4172
64.265585 1198 4172
64.265622 990 4172
64.265661 1198 4172
64.265700 1198 4172
64.265736 878 4172
64.265775 1198 4172
64.265810 1198 4172
64.293431 1198 4172
64.293449 846 4172
64.381494 110 4172
64.425441 126 4172
64.469528 1006 4172
64.645334 926 4172
64.689386 382 4172
64.724288 1118 4172
64.724318 110 4172
64.733333 270 4172
64.821586 110 4172
64.821658 510 4172
64.858223 206 4172
64.865331 286 4172
64.865381 1198 4172
64.865421 190 4172
64.865461 1198 4172
64.865501 254 4172
64.893388 110 4172
64.909454 110 4172
64.909595 1198 4172
64.909638 606 4172
64.997414 110 4172
