0.071361 110 4172
0.085868 1198 4172
0.085960 238 4172
0.173822 1198 4172
0.173917 1198 4172
0.173997 910 4172
0.345865 110 4172
0.589798 110 4172
0.604077 110 4172
0.605824 1198 4172
0.605876 1198 4172
0.605907 1198 4172
0.605939 1198 4172
0.605966 222 4172
0.605995 1102 4172
0.606023 1198 4172
0.606050 622 4172
0.606076 510 4172
0.606103 462 4172
0.606131 638 4172
0.606161 1198 4172
0.606222 510 4172
0.609696 398 4172
0.609732 158 4172
0.609775 158 4172
0.649919 1198 4172
0.649952 1198 4172
0.649996 1198 4172
0.650031 1198 4172
0.650066 1198 4172
0.650105 1198 4172
0.650141 1198 4172
0.650176 1198 4172
0.650211 974 4172
0.650247 1198 4172
0.650281 1198 4172
0.650315 1198 4172
0.650351 1198 4172
0.650387 1198 4172
0.650420 1198 4172
0.650453 1198 4172
0.650487 1198 4172
0.653748 1198 4172
0.653798 1198 4172
0.653841 1198 4172
0.653880 1054 4172
0.653919 1198 4172
0.653958 1198 4172
0.653996 1198 4172
0.665949 1198 4172
0.665989 1198 4172
0.666028 1198 4172
0.666069 1198 4172
0.666109 1198 4172
0.666149 1198 4172
0.666189 1198 4172
0.673805 1198 4172
0.673855 1198 4172
0.673902 1198 4172
0.673941 1198 4172
0.681793 1198 4172
0.681843 110 4172
0.681889 526 4172
0.681929 1198 4172
0.689834 1198 4172
0.689864 1198 4172
0.689925 1198 4172
0.689972 1198 4172
0.697816 1198 4172
0.697856 1198 4172
0.697906 1198 4172
0.705821 1198 4172
0.705866 1198 4172
0.705907 1198 4172
0.713792 174 4172
0.713828 1198 4172
0.713872 1198 4172
0.713911 1198 4172
0.721797 1198 4172
0.721844 1198 4172
0.721885 1198 4172
0.721925 1198 4172
0.729909 1198 4172
0.729976 1198 4172
0.730029 1198 4172
0.737818 1198 4172
0.737865 1198 4172
0.741812 1198 4172
0.741864 1198 4172
0.753852 1198 4172
0.753891 1198 4172
0.753934 1198 4172
0.753975 1198 4172
0.761866 494 4172
0.761905 1198 4172
0.761947 1198 4172
0.769817 1198 4172
0.769859 1198 4172
0.769908 1198 4172
0.769947 1198 4172
0.777877 1198 4172
0.777927 1198 4172
0.777969 1198 4172
0.785766 1198 4172
0.785818 110 4172
0.785855 1198 4172
0.785890 1198 4172
0.793849 1198 4172
0.793907 1198 4172
0.801876 1198 4172
0.801921 814 4172
0.801957 1198 4172
0.801986 1198 4172
0.809868 1198 4172
0.809922 1198 4172
0.809960 1198 4172
0.817878 1198 4172
0.817916 1198 4172
0.817954 1198 4172
0.825851 462 4172
0.825909 1198 4172
0.825953 1198 4172
0.825999 1102 4172
0.829763 414 4172
0.829822 1150 4172
0.829865 1198 4172
0.829901 1198 4172
0.829937 1198 4172
0.841848 798 4172
0.841938 158 4172
0.841941 158 4172
0.841972 1198 4172
0.842009 126 4172
0.842043 158 4172
0.842080 158 4172
0.842128 158 4172
0.842166 158 4172
0.842206 142 4172
0.842243 1006 4172
0.870316 110 4172
0.870428 142 4172
0.873759 110 4172
0.969947 1198 4172
0.970015 1198 4172
0.970056 1198 4172
0.970095 1198 4172
0.970133 286 4172
1.005959 110 4172
1.049857 142 4172
1.093736 110 4172
1.137772 110 4172
1.181797 110 4172
1.401883 110 4172
1.573754 110 4172
1.670053 110 4172
1.705719 110 4172
1.969811 110 4172
2.233873 110 4172
2.277827 142 4172
2.497983 110 4172
2.541872 142 4172
2.585960 110 4172
2.673835 110 4172
2.761843 110 4172
3.025852 110 4172
3.285895 110 4172
3.329803 142 4172
3.329899 142 4172
3.505735 142 4172
3.505797 142 4172
3.549830 110 4172
3.593764 110 4172
3.681858 110 4172
4.165836 142 4172
4.165955 142 4172
4.341764 142 4172
4.341828 142 4172
4.605753 110 4172
4.693799 110 4172
5.173700 142 4172
5.173774 142 4172
5.349735 142 4172
5.349792 142 4172
5.613763 110 4172
5.701753 110 4172
5.965833 142 4172
6.185857 142 4172
6.186006 110 4172
6.577795 110 4172
6.577825 142 4172
6.577854 142 4172
6.709778 110 4172
6.797869 142 4172
6.797894 142 4172
7.181768 142 4172
7.181813 142 4172
7.441729 142 4172
7.441778 142 4172
7.573732 110 4172
7.705756 110 4172
8.013796 142 4172
8.229802 142 4172
8.229868 142 4172
8.317735 142 4172
8.405738 142 4172
8.581889 110 4172
8.713662 110 4172
8.889810 110 4172
9.241835 142 4172
9.241856 142 4172
9.461945 142 4172
9.462070 142 4172
9.593733 110 4172
9.681695 110 4172
10.033627 142 4172
10.033650 142 4172
10.473710 142 4172
10.473746 142 4172
10.561734 142 4172
10.561807 142 4172
10.605721 110 4172
10.649724 142 4172
10.649762 142 4172
10.693691 110 4172
11.041711 142 4172
11.041737 142 4172
11.253645 142 4172
11.253742 142 4172
11.570068 110 4172
11.597766 110 4172
11.685710 110 4172
12.077641 142 4172
12.077677 142 4172
12.293674 142 4172
12.293723 142 4172
12.597734 110 4172
12.685945 110 4172
13.077682 142 4172
13.077735 142 4172
13.341700 142 4172
13.341753 142 4172
13.605715 110 4172
13.689823 110 4172
14.129731 142 4172
14.129812 142 4172
14.301641 110 4172
14.345671 142 4172
14.345771 142 4172
14.609694 110 4172
14.693768 110 4172
15.133573 142 4172
15.133620 142 4172
15.309640 142 4172
15.309700 142 4172
15.613717 110 4172
15.701697 110 4172
16.141649 142 4172
16.141698 142 4172
16.357724 142 4172
16.357738 142 4172
16.577613 110 4172
16.709783 110 4172
16.971470 110 4172
16.973510 142 4172
17.149707 142 4172
17.537637 142 4172
17.537690 142 4172
17.581599 110 4172
17.713650 110 4172
17.801578 142 4172
17.801601 142 4172
18.189530 142 4172
18.189644 142 4172
18.405746 142 4172
18.405905 142 4172
18.581563 110 4172
18.713650 110 4172
18.973615 142 4172
19.193548 142 4172
19.577497 110 4172
19.577557 142 4172
19.577603 142 4172
19.665756 110 4172
19.709663 110 4172
19.841673 142 4172
19.841753 142 4172
20.233534 142 4172
20.233591 142 4172
20.409650 142 4172
20.409669 142 4172
20.558155 60 60000
20.585586 110 4172
20.677682 110 4172
20.737811 174 4172
20.739745 158 4172
20.739837 206 4172
20.739896 158 4172
20.740007 158 4172
20.740040 158 4172
20.740071 158 4172
20.746109 126 4172
20.783666 1198 4172
20.783694 1198 4172
20.783723 1198 4172
20.783755 1198 4172
20.783786 1198 4172
20.783817 1198 4172
20.783855 1198 4172
20.783885 1198 4172
20.783912 1198 4172
20.783943 1198 4172
20.783972 430 4172
20.800967 1198 4172
20.801033 1198 4172
20.801042 1198 4172
20.801072 1198 4172
20.801100 1198 4172
20.801128 1198 4172
20.801155 926 4172
20.801526 158 4172
20.801566 1198 4172
20.801597 1198 4172
20.801627 1198 4172
20.801657 1198 4172
20.801688 1198 4172
20.801716 1198 4172
20.801744 1118 4172
20.801776 1198 4172
20.801804 1198 4172
20.801831 1198 4172
20.801863 1198 4172
20.801890 1198 4172
20.801918 446 4172
20.801948 1198 4172
20.801977 1198 4172
20.802004 1198 4172
20.809970 1198 4172
20.810013 1198 4172
20.810041 1198 4172
20.817616 1198 4172
20.817715 1198 4172
20.817747 526 4172
20.817789 1198 4172
20.825580 1198 4172
20.825618 1198 4172
20.825648 1198 4172
20.833591 1198 4172
20.833635 1198 4172
20.833671 446 4172
20.833706 1198 4172
20.842682 1198 4172
20.843573 1198 4172
20.844441 1198 4172
20.846724 1198 4172
20.846793 1198 4172
20.846885 1198 4172
20.847009 126 4172
20.847057 1198 4172
20.857615 1198 4172
20.857641 1198 4172
20.857747 1198 4172
20.866254 1198 4172
20.866362 1198 4172
20.866428 1198 4172
20.874784 1198 4172
20.874813 1198 4172
20.874843 638 4172
20.874870 1198 4172
20.884139 1198 4172
20.884186 1198 4172
20.884214 1198 4172
20.884241 1198 4172
20.896063 1198 4172
20.896158 1198 4172
20.896193 1198 4172
20.897678 1198 4172
20.897708 1198 4172
20.897735 1198 4172
20.909377 430 4172
20.909477 1198 4172
20.909507 1198 4172
20.909548 1198 4172
20.914000 1198 4172
20.914038 1198 4172
20.914072 1198 4172
20.922103 1198 4172
20.922427 1198 4172
20.922455 126 4172
20.922486 1198 4172
20.929615 1198 4172
20.929654 1198 4172
20.929686 622 4172
20.929720 1198 4172
20.937666 1198 4172
20.937710 1198 4172
20.937743 1198 4172
20.946637 1198 4172
20.946673 1198 4172
20.946697 1198 4172
20.955704 1198 4172
20.957119 1198 4172
20.957193 1198 4172
20.964060 1198 4172
20.964097 1198 4172
20.964132 1198 4172
20.974909 1198 4172
20.975551 1198 4172
20.976846 1198 4172
20.977552 1198 4172
20.985845 1198 4172
20.985877 1198 4172
20.985911 110 4172
20.985943 846 4172
20.985974 1198 4172
20.986027 1198 4172
20.993595 1198 4172
20.993628 1198 4172
20.993659 1198 4172
20.993688 1198 4172
21.003050 1198 4172
21.009617 1198 4172
21.009653 1198 4172
21.017622 526 4172
21.017696 1198 4172
21.024069 1198 4172
21.034486 1198 4172
21.042316 1198 4172
21.054717 1198 4172
21.055183 1198 4172
21.057567 1198 4172
21.065909 910 4172
21.065954 1198 4172
21.074139 1198 4172
21.074196 1198 4172
21.083812 1198 4172
21.089833 1198 4172
21.090279 1198 4172
21.102843 1198 4172
21.105556 1198 4172
21.105607 1198 4172
21.113647 1198 4172
21.119049 1198 4172
21.119106 238 4172
21.119145 1198 4172
21.129724 1198 4172
21.139844 1198 4172
21.139894 1198 4172
21.145610 1198 4172
21.156036 1198 4172
21.156090 1198 4172
21.163851 174 4172
21.163994 254 4172
21.164015 190 4172
21.164073 190 4172
21.164074 190 4172
21.166991 190 4172
21.167026 190 4172
21.167052 190 4172
21.167079 190 4172
21.167105 190 4172
21.167131 190 4172
21.170441 190 4172
21.170483 190 4172
21.170592 190 4172
21.170621 190 4172
21.177583 1198 4172
21.177623 1198 4172
21.185560 190 4172
21.185598 1198 4172
21.193589 974 4172
21.193623 862 4172
21.202370 254 4172
21.202406 190 4172
21.202447 190 4172
21.202478 190 4172
21.202537 190 4172
21.202585 190 4172
21.202596 190 4172
21.213600 190 4172
21.213656 190 4172
21.213689 190 4172
21.213718 190 4172
21.213752 190 4172
21.213786 190 4172
21.213812 190 4172
21.213847 1198 4172
21.219219 1198 4172
21.219264 1198 4172
21.230740 190 4172
21.230770 1198 4172
21.230804 270 4172
21.235589 254 4172
21.235616 190 4172
21.235646 190 4172
21.235676 190 4172
21.235701 190 4172
21.235735 190 4172
21.235760 190 4172
21.242851 1198 4172
21.242895 1198 4172
21.250378 622 4172
21.250407 110 4172
21.257718 1198 4172
21.257746 1198 4172
21.263400 670 4172
21.263450 1198 4172
21.264168 60 60000
21.273550 398 4172
21.273591 190 4172
21.273622 190 4172
21.273653 190 4172
21.273677 190 4172
21.273714 190 4172
21.281638 1198 4172
21.281664 1198 4172
21.290723 1198 4172
21.290761 1198 4172
21.298757 542 4172
21.298798 606 4172
21.311061 174 4172
21.311105 174 4172
21.311133 174 4172
21.311159 174 4172
21.311199 174 4172
21.311224 174 4172
21.311254 174 4172
21.313634 1198 4172
21.313672 1198 4172
21.313703 1198 4172
21.333394 542 4172
21.341196 1198 4172
21.347211 1198 4172
21.347239 1198 4172
21.347276 686 4172
21.347308 1198 4172
21.347347 894 4172
21.353596 174 4172
21.353625 174 4172
21.353657 174 4172
21.353754 174 4172
21.354034 174 4172
21.354114 1198 4172
21.362001 1198 4172
21.369670 1198 4172
21.369868 1198 4172
21.402338 542 4172
21.402362 126 4172
21.402459 126 4172
21.409425 126 4172
21.500598 126 4172
21.502197 1198 4172
21.502247 1198 4172
21.502289 1198 4172
21.502325 1150 4172
21.545568 1198 4172
21.545636 1198 4172
21.545671 158 4172
21.589829 110 4172
21.631140 1198 4172
21.631192 1198 4172
21.631231 366 4172
21.631263 302 4172
21.631299 1198 4172
21.631333 254 4172
21.633484 1198 4172
21.633531 1198 4172
21.633569 1198 4172
21.633605 1198 4172
21.633638 126 4172
21.670314 1198 4172
21.670357 494 4172
21.677502 110 4172
21.809588 110 4172
21.809668 110 4172
21.897554 110 4172
22.073919 110 4172
22.337811 110 4172
22.601783 110 4172
22.601877 110 4172
22.689636 110 4172
22.865753 110 4172
23.129691 110 4172
23.389697 110 4172
23.609689 110 4172
23.653856 110 4172
23.697581 110 4172
23.920769 110 4172
24.577437 110 4172
24.705640 110 4172
25.581506 110 4172
25.713509 110 4172
26.570328 110 4172
26.589523 110 4172
26.677867 110 4172
27.593585 110 4172
27.681528 110 4172
28.601603 110 4172
28.689483 110 4172
29.261553 110 4172
29.613486 110 4172
29.701849 110 4172
30.581512 110 4172
30.709466 110 4172
31.585521 110 4172
31.673428 110 4172
31.893631 110 4172
32.597454 110 4172
32.685543 110 4172
33.609512 110 4172
33.697585 110 4172
34.570450 110 4172
34.577458 110 4172
34.614334 174 4172
34.614395 174 4172
34.614426 174 4172
34.614457 174 4172
34.617782 174 4172
34.617808 174 4172
34.617841 174 4172
34.621341 174 4172
34.621376 174 4172
34.621406 174 4172
34.621436 174 4172
34.625966 174 4172
34.625994 174 4172
34.626024 174 4172
34.629778 174 4172
34.629821 462 4172
34.665528 1198 4172
34.665612 1198 4172
34.665654 1198 4172
34.665694 1198 4172
34.665733 1198 4172
34.665769 1198 4172
34.665804 1198 4172
34.665840 462 4172
34.709451 110 4172
34.753503 1198 4172
34.753604 254 4172
34.797505 110 4172
34.870542 110 4172
34.885476 110 4172
34.908406 286 4172
34.914070 1198 4172
34.914129 1198 4172
34.914172 174 4172
34.929384 414 4172
35.149491 110 4172
35.413665 110 4172
35.589535 110 4172
35.677522 110 4172
36.597506 110 4172
37.605572 110 4172
37.693498 110 4172
38.089503 110 4172
38.609548 110 4172
38.697521 110 4172
39.573333 110 4172
39.705441 110 4172
40.673416 110 4172
40.717437 110 4172
41.505338 270 4172
41.505388 270 4172
41.509362 318 4172
41.509403 238 4172
41.509508 254 4172
41.509565 318 4172
41.509605 238 4172
41.509660 238 4172
41.509708 302 4172
41.513458 60 60000
41.553459 254 4172
41.553509 334 4172
41.553560 286 4172
41.553606 334 4172
41.553662 254 4172
41.553707 574 4172
41.553752 606 4172
41.570548 270 4172
41.597466 110 4172
41.670060 142 4172
41.681860 142 4172
41.681920 110 4172
41.686545 174 4172
41.701041 174 4172
41.729411 158 4172
41.773332 110 4172
41.873773 110 4172
41.882368 158 4172
41.894645 158 4172
41.906056 158 4172
41.921546 1198 4172
41.921626 1198 4172
41.921658 1198 4172
41.921714 1198 4172
41.921793 1198 4172
41.922081 1198 4172
41.922119 1198 4172
41.922150 1198 4172
41.933372 494 4172
41.934488 1198 4172
41.934532 1198 4172
41.934568 1198 4172
41.934597 1198 4172
41.934628 1198 4172
41.934660 1198 4172
41.937860 174 4172
41.937936 1198 4172
41.937985 1198 4172
41.945946 1198 4172
41.946130 1198 4172
41.953911 334 4172
41.953945 1198 4172
41.962615 1198 4172
41.962669 1198 4172
41.969457 1198 4172
41.977387 126 4172
41.977421 1198 4172
41.977461 1198 4172
41.985868 1198 4172
41.994154 1198 4172
41.994194 1198 4172
42.002188 1198 4172
42.011648 782 4172
42.013740 1198 4172
42.014444 1198 4172
42.019855 1198 4172
42.028499 1198 4172
42.029685 1198 4172
42.037150 1198 4172
42.045182 1198 4172
42.045897 1198 4172
42.049422 1198 4172
42.054550 1198 4172
42.054620 830 4172
42.065503 1198 4172
42.065541 1198 4172
42.073473 1198 4172
42.081506 1198 4172
42.089734 1198 4172
42.097534 1198 4172
42.097602 1198 4172
42.105512 1198 4172
42.114724 1198 4172
42.119129 1198 4172
42.119241 974 4172
42.121389 1198 4172
42.129714 1198 4172
42.138657 1198 4172
42.138685 1198 4172
42.145362 1198 4172
42.156049 1198 4172
42.161399 1198 4172
42.178460 734 4172
42.178495 734 4172
42.178530 1198 4172
42.186440 1198 4172
42.186473 1198 4172
42.193395 1198 4172
42.201527 1198 4172
42.201584 1198 4172
42.209614 1198 4172
42.219786 1198 4172
42.225659 1198 4172
42.225715 1198 4172
42.233701 1198 4172
42.242015 782 4172
42.249435 1198 4172
42.257509 1198 4172
42.266073 1198 4172
42.266098 1198 4172
42.274452 1198 4172
42.274563 1198 4172
42.288804 1198 4172
42.319514 1198 4172
42.319560 1198 4172
42.321601 1198 4172
42.327555 60 60000
42.327646 1198 4172
42.327724 1198 4172
42.327916 702 4172
42.327955 1198 4172
42.327992 110 4172
42.328025 1198 4172
42.328054 1198 4172
42.328083 1198 4172
42.328353 1198 4172
42.338076 1198 4172
42.347874 1198 4172
42.354359 1198 4172
42.354393 1198 4172
42.361704 1198 4172
42.369374 894 4172
42.369468 1198 4172
42.378130 1198 4172
42.378173 1198 4172
42.385353 1198 4172
42.385390 1198 4172
42.393348 1198 4172
42.403008 1198 4172
42.409383 1198 4172
42.409416 1198 4172
42.413537 1198 4172
42.413575 926 4172
42.425453 1198 4172
42.425503 1198 4172
42.433378 1198 4172
42.442751 1198 4172
42.442792 1198 4172
42.449954 1198 4172
42.449995 702 4172
42.457558 1198 4172
42.457594 1198 4172
42.465413 1198 4172
42.465456 1198 4172
42.473375 1198 4172
42.481382 270 4172
42.481429 1198 4172
42.481461 1198 4172
42.489344 1198 4172
42.489391 1198 4172
42.497441 1198 4172
42.502747 254 4172
42.502799 1198 4172
42.502833 1198 4172
42.513389 1198 4172
42.521448 1198 4172
42.521479 1198 4172
42.529580 206 4172
42.529633 1198 4172
42.529664 1198 4172
42.538341 686 4172
42.538429 222 4172
42.538460 174 4172
42.538488 174 4172
42.541747 174 4172
42.541787 174 4172
42.545734 174 4172
42.545767 1086 4172
42.552112 1198 4172
42.552144 206 4172
42.552174 734 4172
42.552200 174 4172
42.554520 174 4172
42.554561 174 4172
42.558541 174 4172
42.558597 174 4172
42.558627 174 4172
42.558655 270 4172
42.558683 446 4172
42.570526 398 4172
42.570576 174 4172
42.570606 158 4172
42.570634 174 4172
42.589395 110 4172
42.589491 110 4172
42.589538 254 4172
42.633750 1198 4172
42.633846 494 4172
42.666690 1198 4172
42.666742 1198 4172
42.666773 1198 4172
42.666807 366 4172
42.670439 1102 4172
42.677696 110 4172
42.721438 398 4172
42.765491 654 4172
42.774708 110 4172
42.777865 174 4172
42.777898 174 4172
42.777930 174 4172
42.781675 174 4172
42.781717 174 4172
42.781748 174 4172
42.785283 174 4172
42.785317 174 4172
42.785345 174 4172
42.790505 174 4172
42.790540 174 4172
42.790570 174 4172
42.790601 174 4172
42.795893 174 4172
42.795937 174 4172
42.795978 206 4172
42.809329 1198 4172
42.809380 1198 4172
42.809422 1198 4172
42.809459 1198 4172
42.809499 174 4172
42.837934 110 4172
42.842151 174 4172
42.842192 174 4172
42.846822 174 4172
42.846854 174 4172
42.846887 174 4172
42.849372 174 4172
42.853691 174 4172
42.853723 174 4172
42.853755 174 4172
42.858165 174 4172
42.858198 174 4172
42.858230 174 4172
42.858261 174 4172
42.861304 206 4172
42.870597 1198 4172
42.870655 174 4172
42.870699 1198 4172
42.870739 1198 4172
42.870781 1198 4172
42.870819 174 4172
42.897485 110 4172
42.985504 110 4172
43.014789 1198 4172
43.014921 1198 4172
43.014965 1166 4172
43.029898 174 4172
43.051831 126 4172
43.073388 958 4172
43.103373 190 4172
43.113960 1198 4172
43.114003 206 4172
43.114036 110 4172
43.114066 110 4172
43.114097 110 4172
43.117420 1198 4172
43.117463 1118 4172
43.133865 1198 4172
43.133905 1198 4172
43.133964 1198 4172
43.134033 1198 4172
43.134097 126 4172
43.145887 1198 4172
43.146020 574 4172
43.159864 638 4172
43.161366 1198 4172
43.161412 430 4172
43.178343 1198 4172
43.178469 350 4172
43.190008 1198 4172
43.190092 1198 4172
43.190138 286 4172
43.203827 750 4172
43.205682 1198 4172
43.205737 1198 4172
43.205780 174 4172
43.221871 270 4172
43.249450 254 4172
43.381794 110 4172
43.381887 110 4172
43.381969 110 4172
43.601518 110 4172
43.645499 110 4172
43.645579 110 4172
43.645682 110 4172
43.689484 110 4172
43.953468 110 4172
44.173405 110 4172
44.477450 110 4172
44.609541 110 4172
44.697590 110 4172
44.741732 110 4172
45.001405 110 4172
45.265535 110 4172
45.573580 110 4172
45.705552 110 4172
46.585445 110 4172
46.673313 110 4172
47.597534 110 4172
47.685717 110 4172
47.993455 110 4172
48.609458 110 4172
48.697558 110 4172
49.573308 110 4172
49.705398 110 4172
50.585452 110 4172
50.629368 110 4172
50.673318 110 4172
51.685474 110 4172
52.605467 110 4172
52.693635 110 4172
53.301420 110 4172
53.605458 110 4172
53.693408 110 4172
54.573331 110 4172
54.705365 110 4172
55.585423 110 4172
55.673330 110 4172
56.021385 110 4172
56.593396 110 4172
56.681299 110 4172
57.601358 110 4172
57.689321 110 4172
58.613551 110 4172
58.670900 110 4172
58.701299 110 4172
59.581265 110 4172
59.713160 110 4172
60.593330 110 4172
60.681317 110 4172
61.341375 110 4172
61.601342 110 4172
61.689415 110 4172
62.437358 1198 4172
62.437363 1198 4172
62.437449 1198 4172
62.437451 1198 4172
62.437527 1198 4172
62.437528 1198 4172
62.437564 1198 4172
62.437603 958 4172
62.451726 1198 4172
62.451766 1198 4172
62.451794 1198 4172
62.451824 1198 4172
62.451862 1198 4172
62.460107 222 4172
62.460143 1198 4172
62.460170 1198 4172
62.460202 1198 4172
62.465358 1198 4172
62.465387 462 4172
62.465418 1198 4172
62.473190 1198 4172
62.473222 1198 4172
62.481136 1198 4172
62.489228 1198 4172
62.489261 1198 4172
62.497217 1182 4172
62.497279 1198 4172
62.505264 1198 4172
62.505291 1198 4172
62.513131 1198 4172
62.513176 1198 4172
62.525214 1038 4172
62.525266 1198 4172
62.537243 1198 4172
62.537298 1198 4172
62.545256 1198 4172
62.545300 1198 4172
62.553655 222 4172
62.553690 1198 4172
62.553736 1198 4172
62.561247 1198 4172
62.561298 1198 4172
62.569246 1198 4172
62.577985 1198 4172
62.577988 398 4172
62.577988 1198 4172
62.585272 110 4172
62.585307 1198 4172
62.585335 1198 4172
62.589150 60 60000
62.593153 1198 4172
62.601190 1198 4172
62.601240 1198 4172
62.609122 318 4172
62.609160 1198 4172
62.609195 1198 4172
62.613109 1198 4172
62.613145 1198 4172
62.626869 1198 4172
62.633227 1198 4172
62.633271 1198 4172
62.641206 414 4172
62.641244 1198 4172
62.641271 1198 4172
62.649211 1198 4172
62.657131 1198 4172
62.657183 1198 4172
62.665333 1182 4172
62.665375 110 4172
62.665411 1198 4172
62.673154 1198 4172
62.673189 1198 4172
62.681192 1198 4172
62.681234 110 4172
62.681271 1198 4172
62.689213 1198 4172
62.697238 174 4172
62.697277 1198 4172
62.697306 1198 4172
62.701114 1198 4172
62.701149 1198 4172
62.713204 1198 4172
62.713236 1198 4172
62.721309 1118 4172
62.721368 1198 4172
62.729353 1198 4172
62.737157 1198 4172
62.745239 1198 4172
62.745273 1054 4172
62.753254 1198 4172
62.753311 1198 4172
62.761257 1198 4172
62.761300 1198 4172
62.769215 1198 4172
62.769259 798 4172
62.777238 1198 4172
62.777295 1198 4172
62.785188 1198 4172
62.785235 1198 4172
62.789240 1198 4172
62.801315 1198 4172
62.801318 414 4172
62.801351 1198 4172
62.809222 1198 4172
62.809249 1198 4172
62.817209 1198 4172
62.825299 1198 4172
62.825394 1198 4172
62.832242 1198 4172
62.832266 110 4172
62.832296 462 4172
62.833060 270 4172
62.833093 254 4172
62.837589 270 4172
62.837625 318 4172
62.837663 222 4172
62.837689 222 4172
62.837724 222 4172
62.841147 334 4172
62.841174 222 4172
62.841201 222 4172
62.841226 238 4172
62.841251 270 4172
62.841275 238 4172
62.855627 270 4172
62.855733 1198 4172
62.855762 1198 4172
62.861209 1198 4172
62.861229 1198 4172
62.869197 1198 4172
62.869230 1198 4172
62.877167 334 4172
62.877196 974 4172
62.885223 1198 4172
62.885248 1198 4172
62.893192 1198 4172
62.893236 1198 4172
62.901266 366 4172
62.901289 126 4172
62.923540 126 4172
62.969687 110 4172
63.007328 158 4172
63.007388 158 4172
63.007439 158 4172
63.007477 158 4172
63.007505 158 4172
63.007536 158 4172
63.007564 158 4172
63.007592 126 4172
63.022209 1198 4172
63.022723 1198 4172
63.022816 1198 4172
63.022846 1198 4172
63.022879 1198 4172
63.022906 1198 4172
63.025164 174 4172
63.025212 1198 4172
63.025238 1198 4172
63.025268 1198 4172
63.025296 1198 4172
63.025324 1198 4172
63.025353 1198 4172
63.025380 1198 4172
63.025408 446 4172
63.025438 1198 4172
63.025466 1198 4172
63.038179 1198 4172
63.038222 1198 4172
63.038256 1198 4172
63.041553 1198 4172
63.041674 1198 4172
63.049246 382 4172
63.049286 1198 4172
63.049317 1198 4172
63.057526 1198 4172
63.057562 1198 4172
63.089230 1198 4172
63.089253 1070 4172
63.089288 1198 4172
63.089320 126 4172
63.089355 1198 4172
63.089385 1198 4172
63.089417 1198 4172
63.101963 1198 4172
63.102059 366 4172
63.102092 1198 4172
63.105280 1198 4172
63.113245 1198 4172
63.113297 1198 4172
63.122286 830 4172
63.123019 1198 4172
63.123137 1198 4172
63.131997 1198 4172
63.140702 1198 4172
63.149304 1198 4172
63.153964 878 4172
63.161878 1198 4172
63.162357 1198 4172
63.162392 1198 4172
63.162503 1198 4172
63.162538 1198 4172
63.172667 110 4172
63.172765 1198 4172
63.177339 1198 4172
63.177387 1198 4172
63.185241 1198 4172
63.185263 1198 4172
63.193226 110 4172
63.193259 1198 4172
63.193295 990 4172
63.203415 1198 4172
63.203445 1198 4172
63.210183 1198 4172
63.210219 1198 4172
63.217198 1198 4172
63.217230 1166 4172
63.227330 1198 4172
63.227432 1198 4172
63.233993 1182 4172
63.234022 1198 4172
63.242749 1182 4172
63.249200 1198 4172
63.249281 1198 4172
63.257834 1038 4172
63.257869 1198 4172
63.265262 1086 4172
63.273855 1198 4172
63.273953 1198 4172
63.281282 1198 4172
63.281311 654 4172
63.293752 286 4172
63.293893 1198 4172
63.294158 222 4172
63.294196 238 4172
63.294232 190 4172
63.294263 190 4172
63.298107 190 4172
63.298143 190 4172
63.298176 190 4172
63.298207 190 4172
63.298235 190 4172
63.298265 190 4172
63.298292 190 4172
63.309777 190 4172
63.325918 222 4172
63.326052 510 4172
63.326091 622 4172
63.326125 638 4172
63.326156 1198 4172
63.326186 1198 4172
63.326215 334 4172
63.326245 510 4172
63.330077 254 4172
63.330108 190 4172
63.330141 190 4172
63.330172 190 4172
63.330202 190 4172
63.330232 190 4172
63.330261 190 4172
63.330290 190 4172
63.330319 190 4172
63.330349 190 4172
63.342626 190 4172
63.345299 190 4172
63.345327 190 4172
63.345362 190 4172
63.345393 174 4172
63.345424 1198 4172
63.345454 1198 4172
63.345484 382 4172
63.345511 254 4172
63.357684 174 4172
63.357719 174 4172
63.357752 174 4172
63.357782 174 4172
63.362337 174 4172
63.362369 174 4172
63.362402 174 4172
63.362436 174 4172
63.362467 174 4172
63.362496 174 4172
63.362526 174 4172
63.362553 174 4172
63.362582 174 4172
63.365608 174 4172
63.365648 1198 4172
63.365681 1198 4172
63.365712 526 4172
63.375756 1198 4172
63.375794 1198 4172
63.375827 1198 4172
63.375856 590 4172
63.379132 254 4172
63.379160 190 4172
63.379195 190 4172
63.384175 190 4172
63.384195 190 4172
63.385690 190 4172
63.385724 190 4172
63.389081 190 4172
63.389128 190 4172
63.395522 190 4172
63.395599 190 4172
63.395630 190 4172
63.397989 190 4172
63.398064 190 4172
63.398100 190 4172
63.404749 1198 4172
63.404788 1198 4172
63.404817 670 4172
63.407309 174 4172
63.409739 174 4172
63.409774 174 4172
63.413227 174 4172
63.413382 174 4172
63.417936 60 60000
63.418602 1198 4172
63.418644 1198 4172
63.418678 1038 4172
63.418709 1198 4172
63.418738 1198 4172
63.418768 350 4172
63.421481 1198 4172
63.421520 1198 4172
63.421550 814 4172
63.429648 1198 4172
63.429697 1198 4172
63.437280 910 4172
63.437316 1198 4172
63.437350 1198 4172
63.447035 718 4172
63.447069 1198 4172
63.455338 1198 4172
63.455379 302 4172
63.462445 862 4172
63.462489 110 4172
63.462521 174 4172
63.462550 174 4172
63.470061 174 4172
63.470168 1198 4172
63.470246 1198 4172
63.477279 814 4172
63.477319 1198 4172
63.477351 126 4172
63.481411 1198 4172
63.481451 158 4172
63.481480 158 4172
63.481506 158 4172
63.481535 158 4172
63.481561 158 4172
63.513239 158 4172
63.582194 110 4172
63.622515 158 4172
63.701793 110 4172
63.709137 126 4172
63.729550 414 4172
63.754736 110 4172
63.754823 110 4172
63.754867 110 4172
63.789813 110 4172
63.802234 1198 4172
63.870826 1198 4172
63.870867 1198 4172
63.870901 366 4172
63.870934 174 4172
63.870970 1198 4172
63.889150 110 4172
63.902088 158 4172
63.902111 158 4172
63.902148 158 4172
63.902189 158 4172
63.902224 158 4172
63.902255 158 4172
63.902288 158 4172
63.930707 1198 4172
63.930783 1182 4172
63.930816 126 4172
63.933077 990 4172
63.970900 414 4172
63.977222 110 4172
63.999089 110 4172
63.999129 110 4172
63.999168 110 4172
64.021386 1198 4172
64.021490 158 4172
64.065314 1198 4172
64.065390 494 4172
64.109211 110 4172
64.142484 1198 4172
64.142499 1006 4172
64.142539 174 4172
64.145571 174 4172
64.145605 174 4172
64.149872 174 4172
64.149918 174 4172
64.149962 174 4172
64.153058 174 4172
64.153100 174 4172
64.153131 174 4172
64.158137 174 4172
64.158186 174 4172
64.158218 174 4172
64.163106 174 4172
64.163163 1198 4172
64.163209 1198 4172
64.163246 1198 4172
64.163279 830 4172
64.170825 174 4172
64.170885 1198 4172
64.170931 1198 4172
64.170972 1198 4172
64.171012 1198 4172
64.171056 1198 4172
64.171095 558 4172
64.197463 110 4172
64.270912 110 4172
64.270980 110 4172
64.271022 110 4172
64.285235 110 4172
64.305697 1198 4172
64.305765 1198 4172
64.305800 1198 4172
64.305838 606 4172
64.318064 734 4172
64.327550 1070 4172
64.329276 1198 4172
64.329317 430 4172
64.347697 1198 4172
64.347787 158 4172
64.358127 1198 4172
64.358216 174 4172
64.370858 1198 4172
64.370906 462 4172
64.373441 110 4172
64.461579 1198 4172
64.505247 110 4172
64.549564 110 4172
64.549694 110 4172
64.549744 110 4172
64.593314 110 4172
64.813243 110 4172
64.813291 110 4172
64.813333 110 4172
65.077444 110 4172
65.341211 110 4172
65.585359 110 4172
65.605508 110 4172
65.693210 110 4172
65.869264 110 4172
66.133458 110 4172
66.397248 110 4172
66.573274 110 4172
66.705185 110 4172
67.585201 110 4172
67.673163 110 4172
68.597439 110 4172
68.685280 110 4172
69.081462 110 4172
69.605252 110 4172
69.693186 110 4172
70.613396 110 4172
70.701193 110 4172
71.581432 110 4172
71.713165 110 4172
71.801199 110 4172
72.593205 110 4172
73.601212 110 4172
73.689205 110 4172
74.437158 110 4172
74.613178 110 4172
74.697277 110 4172
75.577095 110 4172
75.709149 110 4172
76.581098 110 4172
76.713132 110 4172
77.109327 110 4172
77.593217 110 4172
77.681128 110 4172
78.605159 110 4172
78.693104 110 4172
79.573050 110 4172
79.705145 110 4172
79.837035 110 4172
80.585149 110 4172
80.673037 110 4172
81.589126 110 4172
81.677040 110 4172
82.501088 110 4172
82.589089 110 4172
82.677100 110 4172
83.552975 1198 4172
83.553022 1198 4172
83.553065 1198 4172
83.553102 1198 4172
83.553145 1198 4172
83.553181 1198 4172
83.553217 1198 4172
83.553253 862 4172
83.553300 1198 4172
83.553325 1198 4172
83.553359 1198 4172
83.568644 1198 4172
83.568693 1198 4172
83.568727 1198 4172
83.573129 1198 4172
83.573183 654 4172
83.573233 1198 4172
83.573287 1198 4172
83.573326 1198 4172
83.573371 1198 4172
83.581031 110 4172
83.581082 1198 4172
83.581123 1198 4172
83.589117 1198 4172
83.589170 766 4172
83.589213 1198 4172
83.597132 1198 4172
83.597152 1198 4172
83.605096 1198 4172
83.605144 1198 4172
83.613081 1198 4172
83.613141 1198 4172
83.621044 398 4172
83.621077 1198 4172
83.629153 1198 4172
83.636982 1198 4172
83.637026 1198 4172
83.641004 1198 4172
83.641047 1198 4172
83.653050 718 4172
83.653153 1198 4172
83.653193 1198 4172
83.661060 1198 4172
83.661116 1198 4172
83.668966 1198 4172
83.669011 1198 4172
83.673020 60 60000
83.676952 1198 4172
83.676998 1198 4172
83.685088 110 4172
83.685154 1198 4172
83.685204 126 4172
83.685311 1198 4172
83.692959 1198 4172
83.693008 1198 4172
83.701097 1198 4172
83.701139 1198 4172
83.709086 1198 4172
83.709146 1198 4172
83.717092 702 4172
83.717131 1198 4172
83.724918 1198 4172
83.724973 1198 4172
83.729093 1198 4172
83.729143 1198 4172
83.741077 1198 4172
83.741162 1198 4172
83.749138 1198 4172
83.749169 830 4172
83.749211 1198 4172
83.757106 1198 4172
83.757135 1198 4172
83.765515 1198 4172
83.765592 1198 4172
83.773022 1198 4172
83.773051 1198 4172
83.781060 1198 4172
83.781090 1054 4172
83.789149 1198 4172
83.789173 1198 4172
83.797052 1198 4172
83.797092 1198 4172
83.805040 1198 4172
83.805063 1198 4172
83.813132 1198 4172
83.813168 110 4172
83.817013 1150 4172
83.817058 1198 4172
83.829576 1198 4172
83.829623 1198 4172
83.837003 1198 4172
83.837048 1198 4172
83.845216 1198 4172
83.845289 1198 4172
83.853007 1198 4172
83.853037 1198 4172
83.861195 622 4172
83.861276 1198 4172
83.868986 1198 4172
83.869025 1198 4172
83.877687 1198 4172
83.877731 1198 4172
83.877776 1198 4172
83.884997 1198 4172
83.885029 574 4172
83.894482 1198 4172
83.894624 1198 4172
83.900995 1198 4172
83.901026 1198 4172
83.904955 1198 4172
83.905003 1198 4172
83.917004 302 4172
83.917037 1198 4172
83.925095 1198 4172
83.925134 1198 4172
83.933021 1198 4172
83.933034 1198 4172
83.941062 430 4172
83.941096 1198 4172
83.941136 1198 4172
83.949335 1198 4172
83.949375 1198 4172
83.957749 1198 4172
83.958397 1198 4172
83.965131 1198 4172
83.965168 254 4172
83.965208 1198 4172
83.975034 1198 4172
83.982434 1198 4172
83.982482 1198 4172
83.996408 1198 4172
83.998701 1198 4172
83.998939 1198 4172
84.003331 510 4172
84.003369 590 4172
84.003402 1198 4172
84.003433 1198 4172
84.003461 1198 4172
84.013041 1198 4172
84.013067 1198 4172
84.021882 1198 4172
84.021924 1198 4172
84.032336 1198 4172
84.032392 142 4172
84.032414 1198 4172
84.047028 1198 4172
84.047069 1198 4172
84.047118 1198 4172
84.066565 1198 4172
84.067342 1198 4172
84.067405 1198 4172
84.067460 126 4172
84.069024 542 4172
84.069062 1198 4172
84.069105 1198 4172
84.069144 1198 4172
84.069180 110 4172
84.069219 1198 4172
84.077099 1198 4172
84.077135 1198 4172
84.086027 1198 4172
84.088114 622 4172
84.089685 1198 4172
84.090137 1198 4172
84.093041 1198 4172
84.102505 1198 4172
84.102674 1198 4172
84.109008 1198 4172
84.109040 1198 4172
84.131643 1198 4172
84.132369 110 4172
84.132415 1198 4172
84.134672 1198 4172
84.134704 1198 4172
84.134738 1198 4172
84.134768 1198 4172
84.138816 1198 4172
84.138855 1198 4172
84.156295 1198 4172
84.156345 1198 4172
84.156384 190 4172
84.160338 1198 4172
84.160386 1198 4172
84.160425 1198 4172
84.177800 1198 4172
84.194596 1198 4172
84.195820 1118 4172
84.196467 1198 4172
84.196519 1198 4172
84.198017 1198 4172
84.198867 1198 4172
84.198911 1198 4172
84.199455 1198 4172
84.199657 1198 4172
84.205031 510 4172
84.205211 1198 4172
84.213134 1198 4172
84.213165 1198 4172
84.223191 1198 4172
84.223274 1198 4172
84.223301 1198 4172
84.230193 1198 4172
84.230231 1198 4172
84.237067 158 4172
84.237101 1198 4172
84.237143 1198 4172
84.251958 1198 4172
84.252059 1198 4172
84.261624 1198 4172
84.261745 1198 4172
84.268998 1198 4172
84.269034 142 4172
84.269074 1198 4172
84.277083 1198 4172
84.277114 1198 4172
84.285065 1198 4172
84.285106 1198 4172
84.285141 1198 4172
84.293088 1198 4172
84.293122 1198 4172
84.303264 1198 4172
84.303346 1198 4172
84.305105 286 4172
84.305143 1198 4172
84.305202 1198 4172
84.317057 1198 4172
84.317075 1198 4172
84.327344 1198 4172
84.327389 1198 4172
84.333014 1198 4172
84.333047 1166 4172
84.333091 1198 4172
84.341052 1198 4172
84.341092 1198 4172
84.349058 110 4172
84.349093 1198 4172
84.349127 1198 4172
84.360455 1198 4172
84.360490 1198 4172
84.367893 894 4172
84.367937 1198 4172
84.367969 1198 4172
84.375111 1198 4172
84.375150 1198 4172
84.381780 1198 4172
84.389060 734 4172
84.389103 1198 4172
84.389145 1198 4172
84.397616 1198 4172
84.397651 1198 4172
84.406332 1198 4172
84.406364 1198 4172
84.413699 846 4172
84.413794 1198 4172
84.423601 1198 4172
84.423625 1198 4172
84.429035 1198 4172
84.429076 1198 4172
84.441623 1198 4172
84.441698 1198 4172
84.445348 670 4172
84.445687 1198 4172
84.445732 1198 4172
84.453010 1198 4172
84.453041 1198 4172
84.471353 1198 4172
84.471431 1070 4172
84.471477 606 4172
84.484981 270 4172
84.485300 174 4172
84.485385 174 4172
84.485427 1198 4172
84.485467 1198 4172
84.485502 222 4172
84.485538 1198 4172
84.485573 1198 4172
84.495376 1198 4172
84.495467 606 4172
84.495504 1198 4172
84.495543 1198 4172
84.495581 1198 4172
84.498238 60 60000
84.498365 830 4172
84.498427 1198 4172
84.498475 1198 4172
84.511790 1198 4172
84.511830 990 4172
84.517051 1198 4172
84.517087 1198 4172
84.517128 1198 4172
84.527606 990 4172
84.527653 1198 4172
84.537214 1198 4172
84.544066 1198 4172
84.544107 1198 4172
84.544142 206 4172
84.544181 1198 4172
84.544218 1198 4172
84.545148 1198 4172
84.545186 1198 4172
84.573059 1198 4172
84.573133 446 4172
84.573171 1198 4172
84.573206 1198 4172
84.573245 1198 4172
84.573280 1198 4172
84.573316 1198 4172
84.581034 110 4172
84.581063 1198 4172
84.581106 238 4172
84.581138 1198 4172
84.589043 1198 4172
84.589076 1198 4172
84.597804 1198 4172
84.597876 382 4172
84.597915 1198 4172
84.606079 1198 4172
84.606119 1198 4172
84.613682 1198 4172
84.613719 110 4172
84.613762 1198 4172
84.621012 398 4172
84.621041 174 4172
84.621081 174 4172
84.621117 1198 4172
84.621172 1198 4172
84.631197 1198 4172
84.632158 734 4172
84.632369 606 4172
84.633701 270 4172
84.677249 254 4172
84.677438 110 4172
84.720969 734 4172
84.771101 1198 4172
84.771193 1198 4172
84.771231 366 4172
84.771287 302 4172
84.771334 830 4172
84.771367 238 4172
84.798618 110 4172
84.809816 1086 4172
84.853417 1198 4172
84.853472 222 4172
84.867156 110 4172
84.871159 1198 4172
84.871212 750 4172
84.897102 110 4172
84.930555 1198 4172
84.930617 1038 4172
84.940970 206 4172
84.971102 446 4172
84.984923 110 4172
85.071124 318 4172
85.072969 110 4172
85.160935 990 4172
85.161069 110 4172
85.202078 878 4172
85.205151 990 4172
85.222613 1198 4172
85.222673 702 4172
85.230270 1198 4172
85.230341 1022 4172
85.238442 1198 4172
85.238512 1198 4172
85.238564 286 4172
85.249013 1198 4172
85.249057 1198 4172
85.249096 574 4172
85.258555 1198 4172
85.258626 1198 4172
85.258667 1198 4172
85.258707 622 4172
85.266324 1198 4172
85.266379 1198 4172
85.266419 1198 4172
85.266457 990 4172
85.278169 1198 4172
85.278256 1198 4172
85.278297 670 4172
85.285907 1198 4172
85.285952 1198 4172
85.285990 606 4172
85.292978 1198 4172
85.293025 158 4172
85.305653 718 4172
85.318147 1118 4172
85.326244 1198 4172
85.326293 750 4172
85.336873 1198 4172
85.337001 1198 4172
85.337002 1134 4172
85.346599 1198 4172
85.346711 1198 4172
85.346752 1198 4172
85.346791 542 4172
85.358589 1198 4172
85.358683 1198 4172
85.358684 1198 4172
85.358728 1118 4172
85.366825 1198 4172
85.366872 1198 4172
85.366915 1198 4172
85.366952 1198 4172
85.366988 382 4172
85.378848 1198 4172
85.378972 1198 4172
85.378974 1198 4172
85.379004 1198 4172
85.379044 1198 4172
85.379080 814 4172
85.381193 1198 4172
85.381240 1198 4172
85.381279 1198 4172
85.381314 1198 4172
85.381349 1198 4172
85.381390 926 4172
85.394508 1198 4172
85.394590 1198 4172
85.394592 1198 4172
85.394628 894 4172
85.401943 1198 4172
85.401992 1198 4172
85.402029 1198 4172
85.402066 1198 4172
85.402107 110 4172
85.402143 110 4172
85.402178 110 4172
85.402214 142 4172
85.413786 1198 4172
85.413963 494 4172
85.422126 1038 4172
85.424954 1198 4172
85.425010 1198 4172
85.425051 350 4172
85.441849 1198 4172
85.441853 222 4172
85.453698 1198 4172
85.453797 398 4172
85.465754 1054 4172
85.468857 318 4172
85.489960 1198 4172
85.489977 1198 4172
85.490019 110 4172
85.498714 1198 4172
85.498813 222 4172
85.510649 1198 4172
85.510667 1198 4172
85.510711 1198 4172
85.510750 1198 4172
85.510802 1198 4172
85.510841 318 4172
85.510891 1198 4172
85.512964 1198 4172
85.513042 1198 4172
85.513113 1198 4172
85.513168 1198 4172
85.513208 990 4172
85.513248 1198 4172
85.601139 110 4172
85.671190 110 4172
85.671259 110 4172
85.671305 110 4172
85.685234 110 4172
85.945080 110 4172
85.945095 110 4172
86.209182 110 4172
86.209321 110 4172
86.209323 110 4172
86.469259 110 4172
86.601045 110 4172
86.689027 110 4172
86.732966 110 4172
86.997096 110 4172
87.261039 110 4172
87.525112 110 4172
87.613165 110 4172
87.701234 110 4172
87.789150 110 4172
88.613326 110 4172
88.700916 110 4172
89.573211 110 4172
89.705109 110 4172
90.572898 110 4172
90.701134 110 4172
90.788989 110 4172
91.573081 110 4172
91.704971 110 4172
92.581133 110 4172
92.712873 110 4172
93.452969 110 4172
93.584913 110 4172
93.672893 110 4172
94.580929 110 4172
94.613600 366 4172
94.613623 174 4172
94.613651 174 4172
94.619277 1198 4172
94.619317 1198 4172
94.619349 222 4172
94.619380 1198 4172
94.619415 1198 4172
94.619448 1198 4172
94.619479 654 4172
94.622302 1198 4172
94.622340 1198 4172
94.622372 830 4172
94.624823 1198 4172
94.624870 1198 4172
94.624902 1198 4172
94.624931 990 4172
94.636838 1198 4172
94.636891 1198 4172
94.636930 1198 4172
94.636971 1006 4172
94.637017 1198 4172
94.637057 1198 4172
94.637095 1198 4172
94.637145 1198 4172
94.637177 1198 4172
94.644885 222 4172
94.644932 1198 4172
94.644977 1198 4172
94.645018 1198 4172
94.645059 1198 4172
94.648803 446 4172
94.656902 1198 4172
94.656954 1198 4172
94.664919 1198 4172
94.665024 1198 4172
94.668811 1198 4172
94.668863 1198 4172
94.668909 286 4172
94.668953 1198 4172
94.680899 110 4172
94.680948 1198 4172
94.681010 1198 4172
94.688881 1198 4172
94.688932 1198 4172
94.696931 1198 4172
94.696978 350 4172
94.697023 1198 4172
94.697065 1198 4172
94.704909 1198 4172
94.704960 1198 4172
94.712834 414 4172
94.712886 174 4172
94.712929 174 4172
94.712970 382 4172
94.713013 1198 4172
94.713053 1198 4172
94.720853 1198 4172
94.720906 1198 4172
94.728861 1198 4172
94.728908 1038 4172
94.756863 350 4172
94.800924 110 4172
94.869458 1198 4172
94.869462 1198 4172
94.869546 1134 4172
94.877907 1198 4172
94.877964 670 4172
94.878005 110 4172
94.888817 1198 4172
94.888880 1198 4172
94.888916 110 4172
94.898014 1198 4172
94.898064 1198 4172
94.898106 910 4172
94.906091 1198 4172
94.906141 1198 4172
94.906185 1198 4172
94.906225 366 4172
94.918090 1198 4172
94.918134 1198 4172
94.918178 1198 4172
94.918218 654 4172
94.926339 1198 4172
94.926382 1198 4172
94.926436 1198 4172
94.926480 1198 4172
94.926522 286 4172
94.933296 1198 4172
94.933346 1198 4172
94.933386 1198 4172
94.933428 1198 4172
94.933468 1198 4172
94.933508 414 4172
94.946354 1198 4172
94.946407 1198 4172
94.946464 1198 4172
94.946512 1198 4172
94.946556 1198 4172
94.946603 1198 4172
94.946643 1198 4172
94.946681 142 4172
94.954183 1198 4172
94.954230 1198 4172
94.954270 1198 4172
94.954309 1198 4172
94.954347 1198 4172
94.954386 1198 4172
94.954426 174 4172
94.954468 1198 4172
94.960922 1198 4172
94.960971 1198 4172
94.961010 1198 4172
94.961047 1198 4172
94.968911 1198 4172
94.968963 1102 4172
94.977799 1198 4172
94.977853 446 4172
94.977899 1198 4172
94.990238 174 4172
94.990295 1198 4172
94.990335 1198 4172
94.990373 782 4172
94.998363 1198 4172
94.998416 1198 4172
94.998462 1198 4172
94.998504 494 4172
95.004873 1198 4172
95.004918 1198 4172
95.004960 1198 4172
95.013056 1038 4172
95.013106 1198 4172
95.020802 1198 4172
95.020863 1198 4172
95.028913 1198 4172
95.028972 110 4172
95.029081 366 4172
95.029133 1198 4172
95.036809 1198 4172
95.036858 1198 4172
95.036901 1198 4172
95.044890 942 4172
95.044934 1198 4172
95.052986 1198 4172
95.053039 1198 4172
95.060830 1198 4172
95.060878 1198 4172
95.064926 462 4172
95.064985 1198 4172
95.065027 1198 4172
95.076814 1198 4172
95.076867 1198 4172
95.076909 1198 4172
95.084874 1198 4172
95.084918 1198 4172
95.092816 510 4172
95.092869 1198 4172
95.092910 1198 4172
95.100825 1198 4172
95.100872 1198 4172
95.100917 1198 4172
95.108876 606 4172
95.108926 1198 4172
95.108972 1198 4172
95.117139 1198 4172
95.117186 1198 4172
95.125133 1198 4172
95.125179 766 4172
95.125225 1198 4172
95.152841 1198 4172
95.152856 174 4172
95.324790 110 4172
95.571296 110 4172
95.588927 110 4172
95.677383 110 4172
95.852968 110 4172
96.108915 110 4172
96.372873 110 4172
96.592889 110 4172
96.636826 110 4172
96.680863 110 4172
96.896844 110 4172
97.200903 110 4172
97.464978 110 4172
97.596926 110 4172
97.684829 110 4172
98.592876 110 4172
98.680958 110 4172
99.604875 110 4172
99.692754 110 4172
100.128872 110 4172
100.688875 110 4172
101.608841 110 4172
101.696932 110 4172
102.612917 110 4172
102.700889 110 4172
102.788913 110 4172
103.576780 110 4172
103.709075 110 4172
104.584854 110 4172
104.672885 1198 4172
104.672920 1198 4172
104.672948 1198 4172
104.672975 1198 4172
104.673001 1198 4172
104.673029 1198 4172
104.673054 1198 4172
104.673080 654 4172
104.673107 110 4172
104.692906 1198 4172
104.692978 1198 4172
104.692986 1198 4172
104.693252 1198 4172
104.693300 1198 4172
104.693346 1198 4172
104.693387 1198 4172
104.693502 974 4172
104.704516 1198 4172
104.704556 1198 4172
104.704585 1198 4172
104.704614 1198 4172
104.704648 1198 4172
104.704676 1198 4172
104.704703 1198 4172
104.704731 462 4172
104.704775 1198 4172
104.713086 1198 4172
104.713120 1198 4172
104.713158 1198 4172
104.713194 1198 4172
104.713229 1198 4172
104.716673 1198 4172
104.716709 1198 4172
104.728903 158 4172
104.728960 1198 4172
104.729000 1198 4172
104.729040 1198 4172
104.736775 1198 4172
104.736820 1198 4172
104.744808 1198 4172
104.744850 1198 4172
104.744886 1198 4172
104.752803 430 4172
104.752845 1198 4172
104.752891 1198 4172
104.753001 60 60000
104.760764 1198 4172
104.760819 1198 4172
104.768729 1198 4172
104.768770 1198 4172
104.776789 1198 4172
104.776836 1198 4172
104.776873 862 4172
104.784842 1198 4172
104.784880 1198 4172
104.784917 1198 4172
104.792811 1198 4172
104.792847 1198 4172
104.800792 1198 4172
104.805758 1198 4172
104.805836 926 4172
104.805885 1198 4172
104.822901 1198 4172
104.822993 1198 4172
104.823030 1198 4172
104.823065 1198 4172
104.823096 1198 4172
104.823130 1198 4172
104.823161 1198 4172
104.823191 1198 4172
104.823222 654 4172
104.826517 1198 4172
104.826559 1198 4172
104.826596 1198 4172
104.826625 1198 4172
104.826659 1198 4172
104.826687 1198 4172
104.826725 1198 4172
104.826756 1198 4172
104.826788 1198 4172
104.826819 734 4172
104.838846 1198 4172
104.838883 1198 4172
104.838918 1198 4172
104.839018 1198 4172
104.839064 1198 4172
104.839100 1198 4172
104.839134 1198 4172
104.839165 1198 4172
104.839199 1198 4172
104.839231 1198 4172
104.839264 926 4172
104.842818 1198 4172
104.842860 1198 4172
104.842904 1198 4172
104.842936 1198 4172
104.842969 1198 4172
104.843002 1198 4172
104.843040 1198 4172
104.843073 1198 4172
104.843107 1198 4172
104.843139 1038 4172
104.848685 1198 4172
104.848723 1198 4172
104.848757 1198 4172
104.848792 1198 4172
104.848846 1198 4172
104.848879 1198 4172
104.848915 1198 4172
104.848949 270 4172
104.865022 1198 4172
104.865027 1198 4172
104.865064 1198 4172
104.865097 1198 4172
104.865131 1198 4172
104.865166 1198 4172
104.865197 958 4172
104.870320 1198 4172
104.870363 1198 4172
104.870408 1198 4172
104.870450 1198 4172
104.870490 1198 4172
104.870530 1198 4172
104.870576 846 4172
104.879100 1198 4172
104.879137 1198 4172
104.879175 1198 4172
104.879211 1198 4172
104.879247 1198 4172
104.879281 1198 4172
104.879316 1198 4172
104.879349 606 4172
104.886533 1198 4172
104.886571 1198 4172
104.886598 1198 4172
104.886630 1198 4172
104.886657 734 4172
104.886685 590 4172
104.889107 270 4172
104.889142 254 4172
104.889172 270 4172
104.889200 462 4172
104.889229 830 4172
104.892729 702 4172
104.892768 542 4172
104.892799 926 4172
104.892829 494 4172
104.892858 590 4172
104.892889 590 4172
104.892916 510 4172
104.897289 414 4172
104.897342 446 4172
104.897400 366 4172
104.897450 670 4172
104.916833 1198 4172
104.916870 1198 4172
104.916905 1198 4172
104.916941 1198 4172
104.916978 1198 4172
104.917011 1198 4172
104.917044 1198 4172
104.917092 1198 4172
104.917138 1198 4172
104.917205 1198 4172
104.917241 1198 4172
104.917274 1198 4172
104.917308 1198 4172
104.917340 1198 4172
104.917373 1198 4172
104.917403 1198 4172
104.917434 366 4172
104.936818 110 4172
105.049158 126 4172
105.069674 126 4172
105.072970 126 4172
105.085263 174 4172
105.085306 158 4172
105.085343 158 4172
105.085377 158 4172
105.085409 158 4172
105.085441 158 4172
105.085480 158 4172
105.085509 158 4172
105.085538 126 4172
105.102725 126 4172
105.123317 1198 4172
105.123350 318 4172
105.150765 1198 4172
105.150790 1054 4172
105.150823 942 4172
105.150852 1198 4172
105.150883 1198 4172
105.150914 1198 4172
105.150940 1198 4172
105.150968 1198 4172
105.150996 1198 4172
105.151024 1198 4172
105.151050 1198 4172
105.151080 1198 4172
105.151104 1198 4172
105.151129 1198 4172
105.151154 1134 4172
105.168651 1198 4172
105.168690 1198 4172
105.168728 1198 4172
105.168756 1198 4172
105.168788 1198 4172
105.168817 1198 4172
105.168852 1198 4172
105.168882 1198 4172
105.168914 1198 4172
105.168945 1198 4172
105.168975 1198 4172
105.169007 1198 4172
105.169036 1198 4172
105.169065 1198 4172
105.169108 398 4172
105.186843 1198 4172
105.186878 1198 4172
105.186907 1198 4172
105.186935 1198 4172
105.186961 1198 4172
105.186990 1198 4172
105.187022 1198 4172
105.187048 1198 4172
105.187074 1198 4172
105.187100 1198 4172
105.187151 1198 4172
105.187177 222 4172
105.187221 1198 4172
105.187247 1198 4172
105.187330 1198 4172
105.187357 1198 4172
105.187384 1198 4172
105.187409 1198 4172
105.187436 1198 4172
105.187465 1198 4172
105.187491 1198 4172
105.187518 1198 4172
105.187544 1182 4172
105.187571 1198 4172
105.187599 1198 4172
105.187625 1198 4172
105.187650 1198 4172
105.187676 1198 4172
105.187703 1198 4172
105.187728 1198 4172
105.187756 1198 4172
105.187781 1198 4172
105.187806 1198 4172
105.187835 1198 4172
105.187859 206 4172
105.187885 1198 4172
105.187910 1198 4172
105.187935 1198 4172
105.187962 1198 4172
105.187987 1198 4172
105.188012 1198 4172
105.188037 1198 4172
105.188061 1198 4172
105.188085 1198 4172
105.188110 1198 4172
105.188134 1198 4172
105.188160 1198 4172
105.188185 1198 4172
105.188260 158 4172
105.188290 1198 4172
105.188315 1198 4172
105.188340 1198 4172
105.188365 1198 4172
105.188390 1198 4172
105.188418 1198 4172
105.188445 1198 4172
105.188471 1198 4172
105.188497 1198 4172
105.188525 1198 4172
105.188550 1198 4172
105.188576 1198 4172
105.188601 1198 4172
105.190686 990 4172
105.190728 1198 4172
105.190764 1198 4172
105.190795 1198 4172
105.190831 1198 4172
105.190863 1198 4172
105.190893 1198 4172
105.190923 1198 4172
105.190953 1198 4172
105.190983 1198 4172
105.191013 1198 4172
105.191042 1198 4172
105.191073 1198 4172
105.191120 1198 4172
105.191157 990 4172
105.191195 1198 4172
105.191221 1198 4172
105.191247 1198 4172
105.191272 1198 4172
105.191296 1198 4172
105.191327 1198 4172
105.191353 1198 4172
105.191378 1198 4172
105.191403 1198 4172
105.191429 1198 4172
105.191454 1198 4172
105.191481 1198 4172
105.191508 1054 4172
105.191554 1198 4172
105.196047 110 4172
105.196090 1198 4172
105.196137 1198 4172
105.196176 1198 4172
105.196206 1198 4172
105.196240 1198 4172
105.196266 1198 4172
105.196296 1198 4172
105.196325 814 4172
105.196356 1198 4172
105.196386 1198 4172
105.196414 1198 4172
105.196443 1198 4172
105.196475 1198 4172
105.196504 1198 4172
105.196542 1198 4172
105.196577 1198 4172
105.196606 270 4172
105.196713 1198 4172
105.196763 1198 4172
105.196792 1198 4172
105.196828 1198 4172
105.196865 1198 4172
105.196895 1198 4172
105.196921 1198 4172
105.196951 1198 4172
105.196976 1198 4172
105.197002 1198 4172
105.197029 1198 4172
105.197056 1198 4172
105.197083 574 4172
105.197114 1198 4172
105.197141 1198 4172
105.197215 1198 4172
105.197242 1198 4172
105.197277 1198 4172
105.197314 862 4172
105.197366 1198 4172
105.227359 1198 4172
105.228954 1198 4172
105.229403 1198 4172
105.229493 1198 4172
105.229527 1198 4172
105.229554 1198 4172
105.229584 1198 4172
105.229610 1198 4172
105.229639 1198 4172
105.229665 1198 4172
105.229694 1198 4172
105.229720 1198 4172
105.229746 1198 4172
105.229807 942 4172
105.229852 1198 4172
105.235770 1198 4172
105.235816 1198 4172
105.235845 1198 4172
105.235872 1198 4172
105.235897 1198 4172
105.235924 1198 4172
105.235950 1198 4172
105.235976 1198 4172
105.236001 1198 4172
105.236032 1198 4172
105.236057 1198 4172
105.236083 1198 4172
105.236113 1198 4172
105.236139 1198 4172
105.236163 1198 4172
105.243952 958 4172
105.244029 1198 4172
105.244065 1198 4172
105.244093 1198 4172
105.244120 1198 4172
105.244146 1198 4172
105.244172 1198 4172
105.244198 1198 4172
105.244227 1198 4172
105.244253 1198 4172
105.244278 1198 4172
105.244304 1198 4172
105.244330 1198 4172
105.244355 1198 4172
105.244380 1198 4172
105.244406 1198 4172
105.244432 1198 4172
105.244457 1198 4172
105.244483 1198 4172
105.244508 1198 4172
105.244533 1198 4172
105.244562 334 4172
105.244588 1198 4172
105.244620 1198 4172
105.244877 1198 4172
105.244906 1198 4172
105.244936 1198 4172
105.244966 1198 4172
105.244991 1198 4172
105.245018 1198 4172
105.245048 1198 4172
105.245073 1198 4172
105.245102 1198 4172
105.245128 1198 4172
105.245154 1198 4172
105.245178 1198 4172
105.245204 1198 4172
105.245229 1198 4172
105.245254 1198 4172
105.245279 1198 4172
105.245304 1198 4172
105.245329 1198 4172
105.245354 1198 4172
105.245380 1198 4172
105.245404 1198 4172
105.245430 1198 4172
105.245460 1198 4172
105.245486 494 4172
105.245511 1198 4172
105.245536 1198 4172
105.245562 1198 4172
105.245587 1198 4172
105.245614 1198 4172
105.245643 1198 4172
105.245667 1198 4172
105.245692 1198 4172
105.245718 1198 4172
105.245742 1198 4172
105.245768 1198 4172
105.245795 1198 4172
105.245879 1198 4172
105.245905 1198 4172
105.245930 1198 4172
105.245956 1198 4172
105.245981 1198 4172
105.246007 1198 4172
105.246033 1198 4172
105.246057 1198 4172
105.246100 1198 4172
105.253181 1198 4172
105.253231 1198 4172
105.253335 1198 4172
105.253365 1198 4172
105.253393 1198 4172
105.253440 1198 4172
105.253467 1198 4172
105.253495 590 4172
105.253524 1198 4172
105.253551 1198 4172
105.253597 1198 4172
105.253625 1198 4172
105.253651 1198 4172
105.253678 1198 4172
105.253705 1198 4172
105.253731 1198 4172
105.253761 1198 4172
105.253788 1198 4172
105.253817 1198 4172
105.253847 1198 4172
105.253874 1198 4172
105.253901 1198 4172
105.253928 1198 4172
105.253954 1198 4172
105.253981 1198 4172
105.254022 1198 4172
105.254053 1198 4172
105.254080 1198 4172
105.254117 494 4172
105.254147 1198 4172
105.254194 1198 4172
105.254265 1198 4172
105.254324 1198 4172
105.254394 1198 4172
105.261866 1198 4172
105.261936 1198 4172
105.261965 1198 4172
105.262197 1198 4172
105.262224 1198 4172
105.262252 1198 4172
105.262278 1198 4172
105.262304 1198 4172
105.262358 1198 4172
105.262384 1198 4172
105.262413 1198 4172
105.262451 1198 4172
105.262472 1198 4172
105.274769 1198 4172
105.274807 142 4172
105.274843 1198 4172
105.274875 1198 4172
105.274908 1198 4172
105.274940 1198 4172
105.274971 1198 4172
105.275002 1198 4172
105.275031 1198 4172
105.275068 1198 4172
105.275099 1198 4172
105.275128 1198 4172
105.275159 1198 4172
105.275188 1198 4172
105.275219 1198 4172
105.276889 1198 4172
105.276927 1198 4172
105.276962 1198 4172
105.276994 1198 4172
105.277025 1198 4172
105.277055 1198 4172
105.277086 1198 4172
105.277119 1198 4172
105.277148 1198 4172
105.277174 1198 4172
105.277204 1198 4172
105.277238 1198 4172
105.277267 1198 4172
105.277296 158 4172
105.277324 1198 4172
105.281751 1198 4172
105.281799 1198 4172
105.281836 1198 4172
105.281870 1198 4172
105.281900 1198 4172
105.281936 1198 4172
105.281964 1198 4172
105.281993 1198 4172
105.282023 1198 4172
105.282054 1198 4172
105.282083 1198 4172
105.282113 1198 4172
105.282147 1198 4172
105.282275 1198 4172
105.311938 1198 4172
105.312846 1198 4172
105.313100 1198 4172
105.313130 1198 4172
105.313156 1198 4172
105.313182 1198 4172
105.313208 1198 4172
105.313233 1198 4172
105.313259 1198 4172
105.313305 1198 4172
105.313335 1198 4172
105.313363 606 4172
105.313389 1198 4172
105.313414 1198 4172
105.313444 1198 4172
105.313469 1198 4172
105.313494 1198 4172
105.313519 1198 4172
105.313548 1198 4172
105.313589 1198 4172
105.321281 1198 4172
105.321325 1198 4172
105.321359 1198 4172
105.321391 1198 4172
105.321422 1198 4172
105.321452 1198 4172
105.321485 1198 4172
105.324829 1198 4172
105.324868 1198 4172
105.324900 1198 4172
105.324931 1198 4172
105.334921 1198 4172
105.334967 1198 4172
105.335004 1198 4172
105.335037 1198 4172
105.341757 1198 4172
105.341804 750 4172
105.341841 1198 4172
105.341874 1198 4172
105.341908 1198 4172
105.357821 1198 4172
105.357846 1198 4172
105.357884 1198 4172
105.357944 1198 4172
105.367524 1198 4172
105.368132 1198 4172
105.368758 1198 4172
105.369357 1198 4172
105.369831 1198 4172
105.370286 1198 4172
105.370323 1198 4172
105.370732 1198 4172
105.370776 1198 4172
105.373872 1198 4172
105.373909 1198 4172
105.373944 1198 4172
105.380229 1198 4172
105.380283 526 4172
105.380321 1198 4172
105.380351 1198 4172
105.380382 1198 4172
105.388806 1198 4172
105.388843 1198 4172
105.388871 1198 4172
105.388910 1198 4172
105.397098 1198 4172
105.397143 1198 4172
105.397180 1198 4172
105.397213 1198 4172
105.404834 1198 4172
105.404872 1198 4172
105.404908 1198 4172
105.404940 1198 4172
105.413200 1198 4172
105.413317 1198 4172
105.413354 1198 4172
105.413388 1198 4172
105.420801 1198 4172
105.420833 1198 4172
105.420865 1198 4172
105.420889 1198 4172
105.420921 1198 4172
105.437330 1198 4172
105.437361 1198 4172
105.437395 1198 4172
105.437422 1198 4172
105.448830 1198 4172
105.448865 1198 4172
105.448901 1198 4172
105.448927 1198 4172
105.448953 110 4172
105.448980 1198 4172
105.449006 702 4172
105.449032 1198 4172
105.449058 1198 4172
105.449100 1198 4172
105.452877 1198 4172
105.452912 1198 4172
105.452940 1198 4172
105.461547 1198 4172
105.463478 1198 4172
105.463529 1198 4172
105.463559 1198 4172
105.463587 1198 4172
105.468843 1198 4172
105.468884 1198 4172
105.468913 1198 4172
105.468939 1198 4172
105.478133 1198 4172
105.478143 1198 4172
105.478168 1198 4172
105.478196 1198 4172
105.484803 1198 4172
105.484839 1198 4172
105.484872 1198 4172
105.484902 1198 4172
105.493026 1198 4172
105.493066 1198 4172
105.493097 1198 4172
105.493359 622 4172
105.493394 1198 4172
105.500992 1198 4172
105.501025 1198 4172
105.501060 1198 4172
105.501093 1198 4172
105.520883 1198 4172
105.523134 1198 4172
105.523171 1198 4172
105.523205 1198 4172
105.525863 1198 4172
105.525945 1198 4172
105.537864 1198 4172
105.537915 1198 4172
105.537951 1198 4172
105.537984 1198 4172
105.538031 1198 4172
105.549962 1198 4172
105.550048 1198 4172
105.550061 1198 4172
105.550116 1198 4172
105.550159 174 4172
105.550205 1198 4172
105.550261 1198 4172
105.551272 1198 4172
105.557575 1198 4172
105.557894 1198 4172
105.558326 1198 4172
105.558365 1198 4172
105.558395 1198 4172
105.558424 1198 4172
105.558678 1198 4172
105.558706 1198 4172
105.564945 1198 4172
105.564979 1198 4172
105.565009 1198 4172
105.565036 1198 4172
105.569145 1198 4172
105.569199 1198 4172
105.569231 1198 4172
105.569261 1198 4172
105.580879 110 4172
105.580975 1198 4172
105.580991 910 4172
105.581019 1198 4172
105.581046 1198 4172
105.593507 1198 4172
105.593628 1198 4172
105.593648 1198 4172
105.596861 1198 4172
105.596900 1198 4172
105.596931 1198 4172
105.596962 1198 4172
105.604808 1198 4172
105.604851 1198 4172
105.604886 462 4172
105.604918 1198 4172
105.604949 286 4172
105.604980 1198 4172
105.613523 1198 4172
105.613650 1198 4172
105.613690 1198 4172
105.613725 1198 4172
105.626188 1198 4172
105.626979 1198 4172
105.627012 1198 4172
105.629116 1198 4172
105.629257 1198 4172
105.629640 1198 4172
105.630225 1198 4172
105.636819 1198 4172
105.636855 1198 4172
105.636887 1198 4172
105.636916 1198 4172
105.636945 942 4172
105.636983 174 4172
105.637038 174 4172
105.637079 1198 4172
105.637113 990 4172
105.637147 1198 4172
105.637177 1198 4172
105.637208 1198 4172
105.637236 1198 4172
105.646821 1198 4172
105.646962 1198 4172
105.646994 1198 4172
105.647024 958 4172
105.647055 1198 4172
105.647087 1198 4172
105.648002 60 60000
105.654139 1198 4172
105.654242 1198 4172
105.654287 1198 4172
105.654324 1198 4172
105.654355 1198 4172
105.654386 830 4172
105.660899 1198 4172
105.660943 1198 4172
105.660977 1198 4172
105.661008 1198 4172
105.661039 1198 4172
105.661072 1198 4172
105.668866 1198 4172
105.668905 1198 4172
105.668939 1198 4172
105.668971 366 4172
105.669004 1198 4172
105.669035 1198 4172
105.676856 1198 4172
105.676911 1198 4172
105.676967 1198 4172
105.677000 1198 4172
105.677049 1198 4172
105.677082 1198 4172
105.686062 1198 4172
105.686100 110 4172
105.686130 110 4172
105.686160 1198 4172
105.686188 1198 4172
105.686215 1198 4172
105.686243 1198 4172
105.686271 1198 4172
105.692905 1198 4172
105.693045 1198 4172
105.693080 1198 4172
105.693150 286 4172
105.693180 1198 4172
105.693207 1198 4172
105.700969 1198 4172
105.701013 1198 4172
105.701042 1198 4172
105.701070 1102 4172
105.701102 1198 4172
105.706627 1198 4172
105.706668 1198 4172
105.706704 1198 4172
105.706736 1198 4172
105.706786 1198 4172
105.706825 1198 4172
105.719247 1198 4172
105.719329 110 4172
105.719364 750 4172
105.719397 1198 4172
105.719425 1198 4172
105.719455 1198 4172
105.719490 1198 4172
105.725077 1198 4172
105.725115 1198 4172
105.725149 1198 4172
105.725181 1198 4172
105.725211 1198 4172
105.725242 1022 4172
105.732911 1198 4172
105.733019 1198 4172
105.733053 1198 4172
105.733086 1198 4172
105.733111 1198 4172
105.733138 1198 4172
105.741372 1198 4172
105.741498 1198 4172
105.741533 350 4172
105.741580 1198 4172
105.741623 1198 4172
105.741665 1198 4172
105.741699 1198 4172
105.751411 1198 4172
105.751458 1198 4172
105.751488 1198 4172
105.751516 878 4172
105.751545 1198 4172
105.751615 1198 4172
105.756887 1198 4172
105.756919 1198 4172
105.756950 1198 4172
105.757068 174 4172
105.757102 382 4172
105.757132 686 4172
105.757160 1198 4172
105.757189 1198 4172
105.757420 1198 4172
105.765134 1198 4172
105.765192 1198 4172
105.765232 1198 4172
105.765290 1198 4172
105.771355 318 4172
105.771399 1198 4172
105.771434 1198 4172
105.771467 1198 4172
105.771500 638 4172
105.803256 110 4172
105.836882 1198 4172
105.844982 1198 4172
105.845039 1198 4172
105.845078 1198 4172
105.845108 1198 4172
105.845141 1198 4172
105.845169 1198 4172
105.845196 1198 4172
105.845223 1198 4172
105.845251 1198 4172
105.845279 1198 4172
105.845312 286 4172
105.871284 1198 4172
105.871325 1198 4172
105.871356 1198 4172
105.871387 1198 4172
105.871437 1198 4172
105.871478 1198 4172
105.871511 1198 4172
105.871544 1198 4172
105.871575 1198 4172
105.871609 558 4172
105.873454 110 4172
105.888755 1198 4172
105.909443 206 4172
105.915507 174 4172
105.915545 1198 4172
105.915580 1198 4172
105.915610 1198 4172
105.915641 1198 4172
105.915670 1198 4172
105.915719 1198 4172
105.915755 1198 4172
105.915786 1198 4172
105.915812 1198 4172
105.915840 574 4172
105.915889 158 4172
105.934888 1198 4172
105.966847 1198 4172
105.966927 1198 4172
105.966961 1198 4172
105.966993 1198 4172
105.967020 1198 4172
105.967048 1198 4172
105.967076 1198 4172
105.967104 590 4172
105.969504 1198 4172
105.969542 1198 4172
105.969573 1198 4172
105.969602 1198 4172
105.969630 1198 4172
105.969657 1198 4172
105.969686 510 4172
105.978924 1198 4172
105.978973 110 4172
105.979004 110 4172
105.979033 110 4172
106.021472 1198 4172
106.021555 1198 4172
106.021571 1198 4172
106.021599 494 4172
106.035509 1198 4172
106.044783 1198 4172
106.044830 1198 4172
106.044865 990 4172
106.044907 1198 4172
106.044942 1198 4172
106.044982 1198 4172
106.045016 1198 4172
106.045045 1198 4172
106.045075 1198 4172
106.045106 1198 4172
106.045137 1198 4172
106.045170 1198 4172
106.045200 1198 4172
106.045231 1198 4172
106.045262 1198 4172
106.045294 1198 4172
106.045327 1198 4172
106.045359 734 4172
106.054445 1198 4172
106.054479 1198 4172
106.054519 1198 4172
106.054559 1198 4172
106.054596 1198 4172
106.054633 1198 4172
106.054705 1198 4172
106.054739 1198 4172
106.054771 1198 4172
106.054804 1198 4172
106.054834 1198 4172
106.054865 1198 4172
106.054897 1198 4172
106.054929 1198 4172
106.054960 734 4172
106.062078 1198 4172
106.062111 1198 4172
106.062175 1198 4172
106.062222 1198 4172
106.062259 1198 4172
106.062300 1198 4172
106.062331 1198 4172
106.062362 1198 4172
106.062392 1198 4172
106.062422 1198 4172
106.062461 1198 4172
106.062492 1198 4172
106.062522 1198 4172
106.062553 1198 4172
106.062582 1198 4172
106.062613 958 4172
106.064807 1198 4172
106.064851 1198 4172
106.064883 1198 4172
106.064921 1198 4172
106.064952 1198 4172
106.064990 1198 4172
106.065031 1198 4172
106.065055 1198 4172
106.065086 1198 4172
106.065116 1198 4172
106.065146 1198 4172
106.065177 1198 4172
106.065207 1198 4172
106.065237 1198 4172
106.065268 1198 4172
106.065298 1198 4172
106.076726 254 4172
106.076783 1198 4172
106.076823 1198 4172
106.076861 1198 4172
106.076899 1198 4172
106.076933 1198 4172
106.076970 1198 4172
106.085770 1198 4172
106.085834 1198 4172
106.085873 1198 4172
106.085914 1198 4172
106.092768 1198 4172
106.092821 1198 4172
106.092928 1198 4172
106.092979 1198 4172
106.093019 1198 4172
106.093057 1198 4172
106.101432 126 4172
106.101476 1198 4172
106.101519 1198 4172
106.101559 1198 4172
106.101596 1198 4172
106.101633 1198 4172
106.101670 1198 4172
106.108719 1198 4172
106.108754 1198 4172
106.108863 1198 4172
106.108914 1198 4172
106.108953 1198 4172
106.108989 1198 4172
106.117856 1198 4172
106.117898 1198 4172
106.117939 1198 4172
106.117977 1198 4172
106.124753 1198 4172
106.124810 1198 4172
106.124854 1198 4172
106.124892 1198 4172
106.124930 1198 4172
106.133329 1198 4172
106.133381 1198 4172
106.133423 1198 4172
106.133460 1198 4172
106.133498 1198 4172
106.133535 1198 4172
106.140872 622 4172
106.140919 1198 4172
106.140959 1198 4172
106.140996 1198 4172
106.141033 1198 4172
106.141068 1198 4172
106.141104 1198 4172
106.149052 1054 4172
106.149098 1198 4172
106.149133 1198 4172
106.149169 1198 4172
106.149206 1198 4172
106.149241 1198 4172
106.152747 1198 4172
106.152800 1198 4172
106.152841 1198 4172
106.152878 1198 4172
106.152916 1198 4172
106.165410 622 4172
106.165413 1198 4172
106.165485 1198 4172
106.165487 1198 4172
106.165528 1198 4172
106.165566 1198 4172
106.165601 1198 4172
106.172709 1198 4172
106.172764 1198 4172
106.172818 1198 4172
106.172857 1198 4172
106.172899 1198 4172
106.181258 1198 4172
106.181298 1198 4172
106.181339 1198 4172
106.181376 110 4172
106.181414 1198 4172
106.181452 222 4172
106.181491 1198 4172
106.181527 1198 4172
106.188852 1198 4172
106.188958 1198 4172
106.189008 1198 4172
106.189048 1198 4172
106.189082 1198 4172
106.189117 1198 4172
106.197270 1198 4172
106.197319 1198 4172
106.197358 1198 4172
106.197393 894 4172
106.197438 1198 4172
106.204715 1198 4172
106.204760 1198 4172
106.204801 1198 4172
106.204860 1198 4172
106.204903 1198 4172
106.236848 1198 4172
106.236851 1198 4172
106.236924 1198 4172
106.236926 1054 4172
106.236959 350 4172
106.236995 686 4172
106.237031 126 4172
106.237068 1198 4172
106.240662 110 4172
106.240712 110 4172
106.240756 110 4172
106.284781 110 4172
106.365191 126 4172
106.371362 126 4172
106.373057 110 4172
106.385329 126 4172
106.397233 142 4172
106.409280 126 4172
106.416652 126 4172
106.433241 126 4172
106.441130 126 4172
106.453270 126 4172
106.460687 126 4172
106.471394 222 4172
106.474080 110 4172
106.486113 1198 4172
106.486116 1198 4172
106.486157 1134 4172
106.494284 1198 4172
106.494330 1198 4172
106.494368 1198 4172
106.494403 366 4172
106.504782 1198 4172
106.504792 1198 4172
106.504869 1198 4172
106.504870 1118 4172
106.514400 1198 4172
106.514452 1198 4172
106.514498 1198 4172
106.514538 1198 4172
106.514576 110 4172
106.514613 110 4172
106.514648 110 4172
106.514685 446 4172
106.522354 1198 4172
106.522644 1198 4172
106.522687 1198 4172
106.522726 1198 4172
106.522761 718 4172
106.535037 1198 4172
106.535068 1198 4172
106.535111 1198 4172
106.535150 1198 4172
106.535191 446 4172
106.542181 1198 4172
106.542226 1198 4172
106.542270 1198 4172
106.542308 894 4172
106.549948 1198 4172
106.549998 1198 4172
106.550043 1198 4172
106.550079 1198 4172
106.550116 190 4172
106.558115 1198 4172
106.558157 1198 4172
106.558199 1198 4172
106.558238 734 4172
106.558278 1198 4172
106.569653 1198 4172
106.569708 1198 4172
106.569755 1102 4172
106.592889 1198 4172
106.592999 318 4172
106.593014 110 4172
106.680827 110 4172
106.768844 110 4172
106.768868 110 4172
106.768907 110 4172
106.812766 110 4172
107.076931 110 4172
107.077027 110 4172
107.077065 110 4172
107.340762 110 4172
107.340908 110 4172
107.571349 110 4172
107.600734 110 4172
107.688876 110 4172
107.860995 110 4172
108.124804 110 4172
108.389211 110 4172
108.608748 110 4172
108.671554 110 4172
108.696795 110 4172
108.956782 110 4172
109.221200 110 4172
109.484742 110 4172
109.704844 110 4172
109.748882 110 4172
110.581005 110 4172
111.704713 110 4172
112.436708 110 4172
112.612760 110 4172
112.696846 110 4172
113.576681 110 4172
113.708746 110 4172
114.576628 110 4172
114.704862 110 4172
115.092783 110 4172
115.692791 110 4172
116.348728 174 4172
116.348810 174 4172
116.352635 174 4172
116.352667 174 4172
116.352694 174 4172
116.352726 174 4172
116.357076 174 4172
116.357113 174 4172
116.357143 174 4172
116.357178 174 4172
116.357206 174 4172
116.362025 174 4172
116.362056 174 4172
116.362092 174 4172
116.362128 174 4172
116.362158 206 4172
116.396767 1198 4172
116.396847 1198 4172
116.396948 1198 4172
116.396991 1198 4172
116.397027 1198 4172
116.397063 1198 4172
116.397099 1198 4172
116.397136 446 4172
116.511155 174 4172
116.523131 1198 4172
116.523172 1198 4172
116.523210 526 4172
116.528650 1198 4172
116.528935 1198 4172
116.528990 174 4172
116.704866 110 4172
116.748722 110 4172
117.008770 110 4172
117.268785 110 4172
117.576703 110 4172
117.708839 110 4172
118.584713 110 4172
118.672733 110 4172
119.596888 110 4172
119.684786 110 4172
120.608758 110 4172
120.696731 110 4172
121.576668 110 4172
121.708724 110 4172
122.588764 110 4172
122.632688 110 4172
122.676649 110 4172
123.596746 110 4172
123.684754 110 4172
124.608743 110 4172
124.696694 110 4172
125.312657 110 4172
125.576635 110 4172
125.676019 110 4172
125.783387 1198 4172
125.783481 1198 4172
125.783515 1198 4172
125.783548 1198 4172
125.783580 1198 4172
125.783611 1198 4172
125.783642 1198 4172
125.783673 782 4172
125.788628 1198 4172
125.788672 1198 4172
125.788706 1198 4172
125.788745 1198 4172
125.788773 1198 4172
125.788807 1198 4172
125.788839 1198 4172
125.788872 670 4172
125.788907 1198 4172
125.788940 1198 4172
125.788977 1198 4172
125.789007 1198 4172
125.789040 1198 4172
125.789073 1198 4172
125.789105 1198 4172
125.789137 766 4172
125.793370 1198 4172
125.793403 1198 4172
125.793435 1198 4172
125.793465 1198 4172
125.793494 1198 4172
125.793524 1198 4172
125.793551 1198 4172
125.793579 1198 4172
125.793605 1198 4172
125.793634 1006 4172
125.800691 1198 4172
125.800721 1198 4172
125.800746 1198 4172
125.800772 1198 4172
125.800796 1198 4172
125.800819 1198 4172
125.800843 1198 4172
125.800868 1198 4172
125.800894 1198 4172
125.800919 446 4172
125.800942 1198 4172
125.800967 1198 4172
125.800990 1198 4172
125.801013 1198 4172
125.801040 1198 4172
125.801060 1198 4172
125.801084 1198 4172
125.801107 1198 4172
125.804488 1198 4172
125.806493 1198 4172
125.806532 926 4172
125.806557 1198 4172
125.806584 1198 4172
125.806612 1198 4172
125.816689 1198 4172
125.816774 1198 4172
125.816807 1198 4172
125.816840 1198 4172
125.816877 1198 4172
125.816909 1198 4172
125.824652 1198 4172
125.824683 1198 4172
125.824709 446 4172
125.824735 1198 4172
125.824759 1198 4172
125.824783 1198 4172
125.832715 1198 4172
125.832760 1198 4172
125.832795 1198 4172
125.832829 1198 4172
125.832866 1198 4172
125.832910 1198 4172
125.840667 1198 4172
125.840700 1198 4172
125.840731 1198 4172
125.840758 1198 4172
125.840792 1198 4172
125.848722 1198 4172
125.848756 1198 4172
125.848787 1198 4172
125.848814 1198 4172
125.848849 1198 4172
125.848881 1198 4172
125.856643 1198 4172
125.856685 766 4172
125.856725 1198 4172
125.856761 1198 4172
125.856801 1198 4172
125.856842 1198 4172
125.864723 270 4172
125.864763 1198 4172
125.872627 1198 4172
125.872670 1198 4172
125.880674 1198 4172
125.888632 1198 4172
125.888675 1198 4172
125.892651 1198 4172
125.896748 60 60000
125.904597 350 4172
125.904640 1198 4172
125.912526 1198 4172
125.912554 1198 4172
125.920582 1198 4172
125.928638 1198 4172
125.928679 1198 4172
125.936558 1198 4172
125.944639 1198 4172
125.944663 1198 4172
125.952670 1198 4172
125.960670 1198 4172
125.960711 206 4172
125.968638 1198 4172
125.968683 1198 4172
125.976641 1198 4172
125.980586 1198 4172
125.980659 1198 4172
125.992699 1198 4172
126.000653 1198 4172
126.000754 1198 4172
126.008633 638 4172
126.008699 1198 4172
126.016622 1198 4172
126.024555 1198 4172
126.032627 1198 4172
126.032731 1198 4172
126.040612 1198 4172
126.048618 1198 4172
126.048649 718 4172
126.056661 1198 4172
126.056703 1198 4172
126.064672 1198 4172
126.068896 1198 4172
126.068926 110 4172
126.080676 1198 4172
126.080761 1198 4172
126.088686 1198 4172
126.096670 670 4172
126.096730 1198 4172
126.104592 1198 4172
126.104671 1198 4172
126.112742 1198 4172
126.120595 1198 4172
126.120623 1198 4172
126.128614 1198 4172
126.136605 366 4172
126.136647 1198 4172
126.144611 1198 4172
126.144639 1198 4172
126.152606 1198 4172
126.168669 1198 4172
126.168680 1198 4172
126.176635 1198 4172
126.184647 382 4172
126.184682 702 4172
126.184731 1198 4172
126.192624 1198 4172
126.200633 1198 4172
126.208599 1198 4172
126.216711 1198 4172
126.216745 574 4172
126.224590 1198 4172
126.224636 1198 4172
126.241347 1198 4172
126.241473 1198 4172
126.246373 1198 4172
126.256646 1198 4172
126.264693 350 4172
126.264731 1198 4172
126.264763 1198 4172
126.273678 1198 4172
126.290417 1198 4172
126.290457 1198 4172
126.298231 1198 4172
126.298279 1198 4172
126.304608 1198 4172
126.304634 718 4172
126.312775 1198 4172
126.312819 1198 4172
126.320602 1198 4172
126.328654 1198 4172
126.328690 1198 4172
126.337842 1198 4172
126.350725 126 4172
126.351094 110 4172
126.351410 1198 4172
126.351452 1182 4172
126.356253 1198 4172
126.361447 1198 4172
126.369023 1198 4172
126.376799 1198 4172
126.376840 1198 4172
126.384631 1198 4172
126.406804 1198 4172
126.407347 1198 4172
126.410073 1198 4172
126.416607 238 4172
126.416641 1198 4172
126.416671 1198 4172
126.416699 1198 4172
126.424648 1198 4172
126.424688 1198 4172
126.432896 1198 4172
126.440945 1198 4172
126.440983 1198 4172
126.449212 1198 4172
126.449251 446 4172
126.456983 1198 4172
126.457025 1198 4172
126.467723 1198 4172
126.474658 1198 4172
126.474694 1198 4172
126.480863 1198 4172
126.480902 1198 4172
126.488698 1118 4172
126.499796 1198 4172
126.504144 1198 4172
126.504574 1198 4172
126.512645 1198 4172
126.512707 1198 4172
126.523018 1198 4172
126.530397 1198 4172
126.530430 1198 4172
126.536832 574 4172
126.536873 1198 4172
126.544595 1198 4172
126.544639 1198 4172
126.559397 1198 4172
126.560657 1198 4172
126.579603 1198 4172
126.587946 1198 4172
126.587975 1198 4172
126.588004 686 4172
126.588033 1198 4172
126.589645 1198 4172
126.589720 110 4172
126.610138 1198 4172
126.628497 1198 4172
126.638725 1198 4172
126.641739 1198 4172
126.658224 110 4172
126.688983 1198 4172
126.689541 1198 4172
126.689604 1198 4172
126.689634 1198 4172
126.689663 446 4172
126.689695 1198 4172
126.689727 1198 4172
126.689756 1198 4172
126.689784 1198 4172
126.689812 1198 4172
126.689842 1198 4172
126.704985 1198 4172
126.705004 1198 4172
126.705094 1198 4172
126.705118 126 4172
126.705151 1198 4172
126.705189 110 4172
126.705218 1198 4172
126.705247 1198 4172
126.714295 1198 4172
126.714349 1198 4172
126.714398 1198 4172
126.720611 1198 4172
126.720639 862 4172
126.724265 60 60000
126.724730 1198 4172
126.724781 1198 4172
126.736620 1198 4172
126.744729 1198 4172
126.744747 1198 4172
126.752741 286 4172
126.752761 1198 4172
126.760658 1198 4172
126.760696 1198 4172
126.768652 1198 4172
126.768680 1198 4172
126.779415 318 4172
126.779438 1198 4172
126.799831 1198 4172
126.800570 1198 4172
126.800590 1198 4172
126.800618 1198 4172
126.800644 334 4172
126.808621 1198 4172
126.808651 1198 4172
126.816610 1198 4172
126.826186 846 4172
126.826210 286 4172
126.826239 270 4172
126.826265 1198 4172
126.832694 1198 4172
126.840640 1198 4172
126.840661 542 4172
126.840691 1198 4172
126.848598 1198 4172
126.856732 1198 4172
126.856803 1198 4172
126.860519 798 4172
126.873459 1198 4172
126.880661 1198 4172
126.880756 1198 4172
126.888597 110 4172
126.889263 1022 4172
126.897157 1198 4172
126.904589 1198 4172
126.904616 1198 4172
126.912582 1086 4172
126.922054 1198 4172
126.922087 1198 4172
126.928589 1198 4172
126.936608 1198 4172
126.936647 1198 4172
126.944626 1198 4172
126.952775 206 4172
126.952818 1198 4172
126.963644 1198 4172
126.963700 1198 4172
126.968591 1198 4172
126.976653 1150 4172
126.977435 1198 4172
126.989425 1198 4172
126.993017 1198 4172
126.993311 1198 4172
127.004211 1198 4172
127.008661 1086 4172
127.008698 1198 4172
127.016843 1198 4172
127.016876 1198 4172
127.025312 1198 4172
127.042382 750 4172
127.042404 1198 4172
127.056657 1198 4172
127.056693 1198 4172
127.056734 1198 4172
127.056799 638 4172
127.078067 1198 4172
127.078614 1198 4172
127.078638 1198 4172
127.080543 1198 4172
127.080578 574 4172
127.080612 1198 4172
127.080643 1198 4172
127.088630 1198 4172
127.088651 1198 4172
127.097256 494 4172
127.098286 1198 4172
127.107983 1198 4172
127.108004 1198 4172
127.123514 1198 4172
127.131737 382 4172
127.137395 1198 4172
127.144116 1198 4172
127.144237 1198 4172
127.144533 1198 4172
127.154375 366 4172
127.154393 1198 4172
127.154427 1198 4172
127.154453 1198 4172
127.165867 590 4172
127.165940 110 4172
127.165979 1198 4172
127.168601 1198 4172
127.168641 1198 4172
127.181394 734 4172
127.181416 446 4172
127.181447 1198 4172
127.184582 1198 4172
127.192624 1134 4172
127.192649 1198 4172
127.201268 1198 4172
127.201303 1198 4172
127.214919 670 4172
127.214951 1198 4172
127.216588 1198 4172
127.216617 1198 4172
127.232369 1198 4172
127.232397 782 4172
127.232556 1198 4172
127.241623 1198 4172
127.241655 1198 4172
127.244524 1198 4172
127.244556 1006 4172
127.256735 1198 4172
127.256755 1198 4172
127.264604 1198 4172
127.264694 1198 4172
127.272601 1086 4172
127.280565 1198 4172
127.280608 1198 4172
127.288640 1198 4172
127.288677 1198 4172
127.296761 1198 4172
127.296794 206 4172
127.304715 1198 4172
127.304768 1198 4172
127.312659 1198 4172
127.312697 1198 4172
127.320683 1150 4172
127.320718 1198 4172
127.328567 1198 4172
127.333063 1198 4172
127.333103 1198 4172
127.345487 1086 4172
127.345489 1198 4172
127.352721 1198 4172
127.352818 1198 4172
127.360630 1198 4172
127.368638 734 4172
127.368689 1198 4172
127.376559 1198 4172
127.376599 1198 4172
127.384677 1198 4172
127.384785 622 4172
127.392673 1198 4172
127.392708 1198 4172
127.400648 1198 4172
127.400696 1198 4172
127.408640 558 4172
127.408677 1198 4172
127.416548 1198 4172
127.416577 110 4172
127.416618 1198 4172
127.420602 1198 4172
127.432766 478 4172
127.432834 1198 4172
127.432871 1198 4172
127.440656 1198 4172
127.448632 1198 4172
127.448675 366 4172
127.448718 1198 4172
127.456553 1198 4172
127.456587 1198 4172
127.464715 1198 4172
127.472657 350 4172
127.472734 1198 4172
127.472775 1198 4172
127.480584 1198 4172
127.488631 1198 4172
127.488667 574 4172
127.488706 1198 4172
127.496756 958 4172
127.496800 1198 4172
127.504627 1198 4172
127.509047 1198 4172
127.509091 574 4172
127.520612 1198 4172
127.520658 1198 4172
127.528570 1198 4172
127.528609 1198 4172
127.536530 910 4172
127.536569 1198 4172
127.544605 1198 4172
127.544652 1198 4172
127.552696 1198 4172
127.560648 1198 4172
127.560745 110 4172
127.560783 1198 4172
127.568616 1198 4172
127.568656 1198 4172
127.576589 1198 4172
127.584702 1198 4172
127.584837 110 4172
127.584884 238 4172
127.584925 1198 4172
127.592638 1198 4172
127.596581 1198 4172
127.596640 1198 4172
127.608649 414 4172
127.608695 1198 4172
127.616635 1198 4172
127.624551 1198 4172
127.624590 1198 4172
127.632692 1198 4172
127.632729 142 4172
127.632763 1198 4172
127.640631 1198 4172
127.648605 1198 4172
127.648699 1198 4172
127.656636 1198 4172
127.656682 1182 4172
127.664631 1198 4172
127.672546 1198 4172
127.672584 1198 4172
127.680740 1198 4172
127.680782 782 4172
127.684821 110 4172
127.684878 110 4172
127.684933 1198 4172
127.684981 1198 4172
127.696707 1198 4172
127.696776 1198 4172
127.704648 670 4172
127.704714 1198 4172
127.712540 1198 4172
127.720682 1198 4172
127.720774 1198 4172
127.728642 590 4172
127.728675 1198 4172
127.736614 1198 4172
127.736665 1198 4172
127.744628 1198 4172
127.744666 510 4172
127.752522 1198 4172
127.752561 1198 4172
127.760656 1198 4172
127.760696 1198 4172
127.768646 366 4172
127.768685 1198 4172
127.772596 1198 4172
127.772742 1198 4172
127.784701 1198 4172
127.784786 366 4172
127.792638 1198 4172
127.792675 1198 4172
127.800623 1198 4172
127.800676 1198 4172
127.808655 590 4172
127.808695 1198 4172
127.816653 798 4172
127.816688 126 4172
127.816720 126 4172
127.816750 126 4172
127.816780 126 4172
127.829125 126 4172
127.849139 126 4172
127.861053 126 4172
127.873059 126 4172
127.881020 126 4172
127.893146 126 4172
127.901523 126 4172
127.901578 126 4172
127.904563 1198 4172
127.904605 1198 4172
127.904675 1198 4172
127.904741 1198 4172
127.904786 1198 4172
127.904826 606 4172
127.925125 302 4172
127.937076 654 4172
127.945042 126 4172
127.945089 110 4172
127.948586 126 4172
127.966191 1198 4172
127.966230 574 4172
127.974239 1198 4172
127.974286 910 4172
127.986096 1198 4172
127.986184 862 4172
127.992538 1198 4172
127.992594 686 4172
128.006089 1198 4172
128.006134 526 4172
128.018053 1198 4172
128.018133 174 4172
128.026210 1118 4172
128.036961 1198 4172
128.046019 1150 4172
128.057995 910 4172
128.070114 862 4172
128.077805 1150 4172
128.080591 1198 4172
128.080640 1198 4172
128.080684 1198 4172
128.080723 446 4172
128.092951 638 4172
128.105853 206 4172
128.118099 1070 4172
128.124587 1198 4172
128.124642 398 4172
128.130185 1198 4172
128.138245 1198 4172
128.138293 1198 4172
128.138338 414 4172
128.146283 1198 4172
128.146333 1198 4172
128.146373 782 4172
128.154237 1198 4172
128.154284 1198 4172
128.154322 798 4172
128.162196 1198 4172
128.162239 1198 4172
128.162275 558 4172
128.168502 1198 4172
128.168551 1198 4172
128.186229 1198 4172
128.186287 1150 4172
128.198385 1198 4172
128.198434 926 4172
128.210195 1198 4172
128.210276 1006 4172
128.212809 1198 4172
128.212864 110 4172
128.212904 110 4172
128.212939 110 4172
128.212976 542 4172
128.234164 1198 4172
128.234237 318 4172
128.242348 1198 4172
128.242440 334 4172
128.253765 1198 4172
128.253902 782 4172
128.256571 1198 4172
128.256620 446 4172
128.256665 894 4172
128.273885 382 4172
128.286192 1198 4172
128.286239 446 4172
128.298502 1198 4172
128.298600 1198 4172
128.298641 142 4172
128.300551 1198 4172
128.300596 1198 4172
128.300638 1198 4172
128.300701 1086 4172
128.322578 1198 4172
128.322626 1198 4172
128.322669 1198 4172
128.322711 1198 4172
128.330564 1198 4172
128.330600 1198 4172
128.330637 1198 4172
128.330675 1198 4172
128.330715 590 4172
128.332790 1198 4172
128.332847 1198 4172
128.332895 1198 4172
128.332934 1198 4172
128.332973 126 4172
128.338476 734 4172
128.344626 1198 4172
128.344675 1198 4172
128.344716 1198 4172
128.344753 1102 4172
128.358558 1198 4172
128.358661 1198 4172
128.358702 1198 4172
128.358746 558 4172
128.364721 1198 4172
128.364765 1198 4172
128.364807 1198 4172
128.370408 190 4172
128.376662 1198 4172
128.376713 1198 4172
128.376753 1198 4172
128.384601 366 4172
128.384663 1198 4172
128.384709 1198 4172
128.389007 1198 4172
128.389050 206 4172
128.400639 1198 4172
128.400691 1198 4172
128.408635 622 4172
128.408684 1198 4172
128.408725 1198 4172
128.416602 606 4172
128.416648 1198 4172
128.424641 1198 4172
128.424687 1198 4172
128.432709 382 4172
128.432757 1198 4172
128.432801 1198 4172
128.440647 158 4172
128.440696 1198 4172
128.440742 1198 4172
128.448612 110 4172
128.448660 1198 4172
128.456660 1198 4172
128.456710 1198 4172
128.464700 590 4172
128.464753 1198 4172
128.464795 1198 4172
128.472687 1198 4172
128.472790 1198 4172
128.476487 110 4172
128.476538 110 4172
128.476583 110 4172
128.476624 1198 4172
128.476665 1198 4172
128.488625 350 4172
128.488676 1198 4172
128.496636 1198 4172
128.496680 1198 4172
128.504676 1198 4172
128.504728 1198 4172
128.512626 1198 4172
128.512660 1198 4172
128.512706 110 4172
128.520614 1198 4172
128.520662 1198 4172
128.520706 1198 4172
128.528617 1198 4172
128.528667 1198 4172
128.536617 1198 4172
128.536669 974 4172
128.544622 1198 4172
128.544674 1198 4172
128.552640 1198 4172
128.552692 1198 4172
128.560604 1198 4172
128.560655 1198 4172
128.564896 494 4172
128.564941 1198 4172
128.564986 1198 4172
128.576648 1198 4172
128.576689 1198 4172
128.584686 1198 4172
128.584792 1198 4172
128.592606 318 4172
128.592654 110 4172
128.592697 1198 4172
128.592737 1198 4172
128.600638 1198 4172
128.600685 1198 4172
128.608615 1198 4172
128.608672 702 4172
128.608716 1198 4172
128.616610 1198 4172
128.616649 1198 4172
128.624626 1198 4172
128.624667 1198 4172
128.632690 206 4172
128.632732 1198 4172
128.632778 1198 4172
128.640688 1198 4172
128.640727 1198 4172
128.648718 1198 4172
128.648756 558 4172
128.648805 1198 4172
128.652554 1198 4172
128.652609 1198 4172
128.664744 1198 4172
128.664859 1198 4172
128.672605 286 4172
128.672682 1198 4172
128.672743 1198 4172
128.680760 1198 4172
128.680848 1198 4172
128.688620 110 4172
128.688664 334 4172
128.688705 1198 4172
128.688743 1198 4172
128.696676 1198 4172
128.696766 1198 4172
128.704612 462 4172
128.704660 1198 4172
128.704704 1198 4172
128.712624 1198 4172
128.712676 1198 4172
128.720600 1198 4172
128.720635 430 4172
128.720670 1198 4172
128.728643 1198 4172
128.728683 1070 4172
128.728724 1198 4172
128.736690 1198 4172
128.736741 1198 4172
128.740662 574 4172
128.740713 1198 4172
128.740772 110 4172
128.740821 110 4172
128.740873 110 4172
128.752626 1198 4172
128.752717 1198 4172
128.752745 1198 4172
128.760607 1198 4172
128.760650 814 4172
128.768631 1198 4172
128.768685 1198 4172
128.776633 1198 4172
128.776675 1198 4172
128.784616 1198 4172
128.784663 1198 4172
128.792623 110 4172
128.800602 1198 4172
128.800655 638 4172
128.800691 1198 4172
128.808620 1198 4172
128.808668 1198 4172
128.816632 1198 4172
128.816674 1198 4172
128.816711 1198 4172
128.824637 1198 4172
128.824685 1198 4172
128.828550 1198 4172
128.828593 1198 4172
128.840619 1198 4172
128.840666 1198 4172
128.840703 430 4172
128.848649 1198 4172
128.848691 1198 4172
128.856652 1198 4172
128.856694 1198 4172
128.856731 1198 4172
128.864674 1198 4172
128.872622 1198 4172
128.872675 1198 4172
128.880600 1198 4172
128.880637 286 4172
128.880678 110 4172
128.880722 1198 4172
128.888668 1198 4172
128.888707 1198 4172
128.888744 1198 4172
128.896665 1198 4172
128.896715 1198 4172
128.904617 1198 4172
128.904662 1198 4172
128.912609 1198 4172
128.912655 1198 4172
128.912696 830 4172
128.916704 1198 4172
128.916754 1198 4172
128.928660 1198 4172
128.928769 1198 4172
128.928803 1198 4172
128.936624 1198 4172
128.936671 1198 4172
128.944598 1198 4172
128.944637 1198 4172
128.944674 958 4172
128.952676 1198 4172
128.952757 1198 4172
128.960667 1198 4172
128.960745 1198 4172
128.960817 1198 4172
128.968663 1198 4172
128.968744 1198 4172
128.976619 1198 4172
128.976688 1198 4172
128.984650 318 4172
128.984705 1198 4172
128.984750 110 4172
128.984792 1198 4172
128.992601 1198 4172
128.992639 1198 4172
128.992687 1198 4172
129.000645 1198 4172
129.000687 1198 4172
129.004574 1198 4172
129.004622 782 4172
129.004666 110 4172
129.004704 110 4172
129.004741 110 4172
129.016713 1198 4172
129.016811 1198 4172
129.024610 1198 4172
129.024658 1198 4172
129.024702 1198 4172
129.032702 1198 4172
129.032755 1198 4172
129.040597 1198 4172
129.040643 1198 4172
129.048588 206 4172
129.048628 1198 4172
129.048670 1198 4172
129.048708 1198 4172
129.056548 1198 4172
129.056603 1198 4172
129.064738 1198 4172
129.072613 1198 4172
129.072656 1198 4172
129.080617 1198 4172
129.080668 1198 4172
129.080711 1198 4172
129.088617 110 4172
129.088693 1198 4172
129.088755 1198 4172
129.092741 1198 4172
129.092792 1198 4172
129.104638 862 4172
129.104758 254 4172
129.104812 1198 4172
129.104854 1198 4172
129.112628 1198 4172
129.112680 1198 4172
129.120612 1198 4172
129.120657 1198 4172
129.120701 1198 4172
129.128675 334 4172
129.128714 1198 4172
129.128747 1198 4172
129.136558 1198 4172
129.136633 1198 4172
129.144610 1198 4172
129.144654 1198 4172
129.144696 1198 4172
129.152603 1198 4172
129.152637 494 4172
129.152676 1198 4172
129.160654 1198 4172
129.160711 590 4172
129.160756 1198 4172
129.168611 1198 4172
129.168647 1198 4172
129.176682 1198 4172
129.176716 1198 4172
129.180548 110 4172
129.180595 1198 4172
129.180634 1198 4172
129.192713 1198 4172
129.192751 1198 4172
129.200663 1198 4172
129.200707 1198 4172
129.200748 1198 4172
129.208676 1198 4172
129.208722 1102 4172
129.224619 990 4172
129.268798 110 4172
129.268829 110 4172
129.268883 110 4172
129.312685 110 4172
129.400767 110 4172
129.571752 110 4172
129.571859 110 4172
129.571945 110 4172
129.576617 110 4172
129.840598 110 4172
129.840703 110 4172
129.840784 110 4172
130.104598 110 4172
130.104791 110 4172
130.104793 110 4172
130.368591 110 4172
130.588595 110 4172
130.632679 110 4172
130.676785 110 4172
130.896639 110 4172
131.156975 110 4172
131.416827 110 4172
131.592648 110 4172
131.671768 110 4172
131.680571 110 4172
131.940805 110 4172
132.204688 110 4172
132.600578 110 4172
132.688595 110 4172
133.608577 110 4172
133.692819 110 4172
134.612551 110 4172
134.700598 110 4172
134.920565 110 4172
135.580521 110 4172
135.712588 110 4172
136.580535 110 4172
136.712574 110 4172
137.571799 110 4172
137.592518 110 4172
137.680561 110 4172
138.604539 110 4172
138.692585 110 4172
139.612683 110 4172
139.700559 110 4172
140.272504 110 4172
140.580503 110 4172
140.712535 110 4172
141.592474 110 4172
142.604542 110 4172
142.692535 110 4172
142.996486 110 4172
143.612376 110 4172
143.700584 110 4172
144.580472 110 4172
144.712482 110 4172
145.592486 110 4172
145.636477 110 4172
145.680448 110 4172
146.604464 110 4172
146.692596 110 4172
146.880832 1198 4172
146.880854 1198 4172
146.880936 1198 4172
146.881022 1198 4172
146.881043 1198 4172
146.881072 1198 4172
146.881104 382 4172
146.893365 1198 4172
146.893397 1198 4172
146.893422 1198 4172
146.893445 1198 4172
146.893469 1198 4172
146.893494 1198 4172
146.893537 718 4172
146.902001 1198 4172
146.902039 1198 4172
146.902077 1198 4172
146.902114 1198 4172
146.902148 1198 4172
146.902189 894 4172
146.905994 1198 4172
146.910669 1198 4172
146.910700 1198 4172
146.910732 1198 4172
146.910758 1198 4172
146.910787 1198 4172
146.910820 670 4172
146.912290 1198 4172
146.912321 1198 4172
146.912342 1198 4172
146.912365 1198 4172
146.924520 1198 4172
146.924547 878 4172
146.932607 1198 4172
146.932639 1198 4172
146.932688 1198 4172
146.940481 1198 4172
146.940519 1198 4172
146.948826 878 4172
146.948883 1198 4172
146.948922 1198 4172
146.956427 1198 4172
146.956473 1198 4172
146.964562 1198 4172
146.964607 862 4172
146.964644 1198 4172
146.972434 1198 4172
146.972471 1198 4172
146.980579 1198 4172
146.980599 1198 4172
146.980637 1166 4172
146.988402 1198 4172
146.988445 1198 4172
146.998864 1198 4172
146.998894 1198 4172
146.998928 1198 4172
147.000283 990 4172
147.000322 1198 4172
147.012480 1198 4172
147.012505 1198 4172
147.012534 1198 4172
147.020451 1198 4172
147.020597 1038 4172
147.030522 1198 4172
147.030547 1198 4172
147.030585 1198 4172
147.036429 1198 4172
147.036461 1198 4172
147.047015 1070 4172
147.047039 126 4172
147.047064 1198 4172
147.047088 1198 4172
147.052453 1198 4172
147.052482 1198 4172
147.063072 1198 4172
147.063091 670 4172
147.063123 1198 4172
147.068429 1198 4172
147.068472 1198 4172
147.078468 1198 4172
147.078509 1198 4172
147.078540 430 4172
147.084394 1198 4172
147.084425 1198 4172
147.084462 1198 4172
147.097137 1198 4172
147.097180 1198 4172
147.100377 366 4172
147.100418 1198 4172
147.100440 1198 4172
147.108459 1198 4172
147.108486 1198 4172
147.108520 1198 4172
147.116405 702 4172
147.116434 1198 4172
147.116464 1198 4172
147.128361 1198 4172
147.132573 1198 4172
147.132591 1198 4172
147.136946 1198 4172
147.136968 142 4172
147.137002 366 4172
147.137030 254 4172
147.137056 270 4172
147.137087 126 4172
147.148428 318 4172
147.148464 1198 4172
147.148497 590 4172
147.148528 1198 4172
147.160893 1198 4172
147.160933 462 4172
147.160962 1198 4172
147.164524 1182 4172
147.164576 1198 4172
147.164621 1198 4172
147.173069 270 4172
147.173111 590 4172
147.173165 1198 4172
147.173205 1198 4172
147.180488 1022 4172
147.180526 1198 4172
147.188587 1198 4172
147.188632 174 4172
147.188664 1198 4172
147.196653 766 4172
147.196683 238 4172
147.196714 270 4172
147.196759 1198 4172
147.204573 1198 4172
147.204606 1198 4172
147.204635 1198 4172
147.212496 270 4172
147.212532 1198 4172
147.212575 1198 4172
147.216406 334 4172
147.216450 654 4172
147.216488 1198 4172
147.216524 1198 4172
147.228488 1198 4172
147.228515 1198 4172
147.248568 622 4172
147.260355 110 4172
147.267042 286 4172
147.276552 1198 4172
147.276599 1198 4172
147.276629 1198 4172
147.276663 1182 4172
147.276711 1198 4172
147.276735 1198 4172
147.276769 1198 4172
147.276804 1198 4172
147.276838 1198 4172
147.276873 1198 4172
147.276907 1198 4172
147.276939 1198 4172
147.284504 1198 4172
147.284539 1198 4172
147.284577 526 4172
147.292520 1198 4172
147.292564 1198 4172
147.292613 1198 4172
147.301455 1198 4172
147.301532 1198 4172
147.304386 1198 4172
147.304424 1198 4172
147.319922 1198 4172
147.319941 1198 4172
147.324536 1198 4172
147.324562 1198 4172
147.324601 1198 4172
147.332617 1198 4172
147.332639 1198 4172
147.340385 1198 4172
147.340422 814 4172
147.340461 1198 4172
147.349266 1198 4172
147.349386 1198 4172
147.349422 1198 4172
147.356397 1198 4172
147.356418 1198 4172
147.364466 1198 4172
147.364497 1198 4172
147.364525 1198 4172
147.372407 1198 4172
147.372422 1198 4172
147.381997 1198 4172
147.382015 1198 4172
147.388316 1198 4172
147.388359 1198 4172
147.392301 1198 4172
147.392317 1198 4172
147.392352 1198 4172
147.404441 270 4172
147.404502 1198 4172
147.404530 1198 4172
147.412425 1198 4172
147.412461 1198 4172
147.420331 1198 4172
147.420367 1198 4172
147.420394 1198 4172
147.428394 1198 4172
147.428403 1198 4172
147.436322 1198 4172
147.436353 1198 4172
147.436380 1198 4172
147.444414 1102 4172
147.444451 1198 4172
147.452319 1198 4172
147.452352 1198 4172
147.452390 1198 4172
147.460853 1198 4172
147.460889 1198 4172
147.468425 1198 4172
147.468468 1198 4172
147.468494 1198 4172
147.482830 1198 4172
147.482996 238 4172
147.483036 1198 4172
147.485051 1198 4172
147.485090 1198 4172
147.485122 1198 4172
147.495057 1198 4172
147.495099 1198 4172
147.495131 1198 4172
147.499982 1198 4172
147.500031 1198 4172
147.522609 750 4172
147.522700 1198 4172
147.522729 1198 4172
147.525930 1198 4172
147.525969 1198 4172
147.526009 1198 4172
147.526049 1198 4172
147.526075 126 4172
147.526102 478 4172
147.526127 110 4172
147.526151 1134 4172
147.545680 270 4172
147.545707 254 4172
147.545737 270 4172
147.545765 318 4172
147.545792 222 4172
147.545821 782 4172
147.552346 782 4172
147.552381 366 4172
147.552413 222 4172
147.552443 222 4172
147.552472 398 4172
147.552501 270 4172
147.552531 334 4172
147.552559 238 4172
147.552595 270 4172
147.552620 1198 4172
147.552650 1198 4172
147.552678 1198 4172
147.552707 1198 4172
147.552734 1198 4172
147.569061 1198 4172
147.569136 782 4172
147.569164 1198 4172
147.578970 1198 4172
147.579008 1198 4172
147.579035 1198 4172
147.579061 1022 4172
147.579088 1198 4172
147.579115 1198 4172
147.584313 1198 4172
147.584352 510 4172
147.584385 110 4172
147.584416 1198 4172
147.595833 1198 4172
147.595913 1198 4172
147.600989 1198 4172
147.601023 1198 4172
147.601051 1198 4172
147.608429 1198 4172
147.608462 1198 4172
147.608489 1198 4172
147.616332 334 4172
147.616366 1198 4172
147.616399 1198 4172
147.626878 1198 4172
147.626953 1198 4172
147.626978 1198 4172
147.632383 1198 4172
147.632415 1198 4172
147.641979 1198 4172
147.642068 1198 4172
147.642089 558 4172
147.642119 1198 4172
147.648379 1198 4172
147.648416 1198 4172
147.658763 1198 4172
147.658806 1198 4172
147.658832 1198 4172
147.665109 1198 4172
147.665137 1198 4172
147.665171 1198 4172
147.673791 1198 4172
147.673834 494 4172
147.673861 1198 4172
147.682756 1198 4172
147.682790 1198 4172
147.682821 1198 4172
147.688383 110 4172
147.688421 1198 4172
147.688448 1198 4172
147.693727 1198 4172
147.693767 1198 4172
147.693794 1198 4172
147.705124 782 4172
147.705160 1198 4172
147.705192 1198 4172
147.712346 1198 4172
147.712380 1198 4172
147.712409 1198 4172
147.720364 1198 4172
147.720406 1198 4172
147.730748 1198 4172
147.730857 1198 4172
147.730873 1198 4172
147.736867 1198 4172
147.736897 1198 4172
147.736924 1198 4172
147.745289 142 4172
147.745365 1198 4172
147.745391 1198 4172
147.753045 1198 4172
147.753078 1198 4172
147.753106 1198 4172
147.760470 1198 4172
147.760516 1198 4172
147.760555 1198 4172
147.768421 1198 4172
147.768451 1198 4172
147.776446 1198 4172
147.776548 1022 4172
147.776599 1198 4172
147.780386 1198 4172
147.781642 1198 4172
147.781711 1198 4172
147.792552 110 4172
147.792734 1198 4172
147.792776 1198 4172
147.792813 1198 4172
147.800457 1198 4172
147.800502 1198 4172
147.808436 734 4172
147.808492 1198 4172
147.816497 1198 4172
147.816541 1198 4172
147.816579 1198 4172
147.824417 1198 4172
147.824466 126 4172
147.824511 1198 4172
147.824548 1198 4172
147.832525 1198 4172
147.832591 1198 4172
147.840486 1198 4172
147.840524 1198 4172
147.840561 1198 4172
147.848414 1198 4172
147.848453 254 4172
147.848510 414 4172
147.848551 1198 4172
147.856471 1198 4172
147.856521 1198 4172
147.864592 1198 4172
147.864637 670 4172
147.864675 1198 4172
147.868414 1198 4172
147.868454 446 4172
147.868486 1198 4172
147.868517 126 4172
147.880587 1198 4172
147.880664 1150 4172
147.880702 1118 4172
147.888519 1198 4172
147.888595 398 4172
147.888636 1198 4172
147.888686 1198 4172
147.896570 1198 4172
147.896618 1198 4172
147.904476 1198 4172
147.904537 1198 4172
147.904606 1198 4172
147.912526 1198 4172
147.912611 1198 4172
147.912676 334 4172
147.933875 174 4172
147.933959 158 4172
147.934090 510 4172
147.934131 990 4172
147.934168 174 4172
147.934201 894 4172
147.934243 494 4172
147.934312 862 4172
147.956737 142 4172
147.956845 494 4172
147.956893 798 4172
148.000466 126 4172
148.055171 110 4172
148.088905 222 4172
148.166983 126 4172
148.176442 126 4172
148.220520 526 4172
148.352293 110 4172
148.366155 1198 4172
148.366245 1118 4172
148.396274 398 4172
148.409012 270 4172
148.409030 254 4172
148.409061 270 4172
148.409086 990 4172
148.412671 222 4172
148.412701 222 4172
148.412729 222 4172
148.412757 222 4172
148.412786 350 4172
148.412812 222 4172
148.418005 222 4172
148.418054 238 4172
148.418087 270 4172
148.418116 334 4172
148.418150 238 4172
148.418172 270 4172
148.427660 1198 4172
148.427691 1198 4172
148.427722 1198 4172
148.427752 1198 4172
148.427781 1198 4172
148.427817 1198 4172
148.427846 142 4172
148.430007 1198 4172
148.430041 1198 4172
148.430072 1198 4172
148.430101 1198 4172
148.430129 1198 4172
148.430157 606 4172
148.433910 1198 4172
148.440361 1198 4172
148.440411 862 4172
148.440445 174 4172
148.484476 174 4172
148.549661 270 4172
148.549683 254 4172
148.549713 270 4172
148.549748 734 4172
148.549779 462 4172
148.549822 222 4172
148.552335 222 4172
148.552377 222 4172
148.552415 222 4172
148.552448 222 4172
148.552480 238 4172
148.556696 270 4172
148.556741 334 4172
148.556778 238 4172
148.556822 270 4172
148.567883 1198 4172
148.567939 1198 4172
148.567978 1198 4172
148.568013 1198 4172
148.568061 1198 4172
148.568091 1198 4172
148.568127 1198 4172
148.568163 142 4172
148.568281 1198 4172
148.568316 1198 4172
148.568348 1198 4172
148.572314 1198 4172
148.572355 1198 4172
148.572392 606 4172
148.572428 110 4172
148.604191 126 4172
148.604268 110 4172
148.604323 1198 4172
148.616343 1198 4172
148.616400 398 4172
148.616452 1198 4172
148.616498 1198 4172
148.616542 1198 4172
148.616585 206 4172
148.616629 1198 4172
148.616672 1198 4172
148.616721 1198 4172
148.616758 1198 4172
148.616801 1198 4172
148.616844 1198 4172
148.616888 1198 4172
148.616930 366 4172
148.616974 1182 4172
148.617026 126 4172
148.660503 126 4172
148.701081 1166 4172
148.701178 126 4172
148.701217 110 4172
148.704389 126 4172
148.748510 126 4172
148.792434 126 4172
148.872052 110 4172
148.880374 110 4172
148.936981 126 4172
148.948876 126 4172
148.968792 1198 4172
148.968824 526 4172
148.980716 670 4172
148.992718 798 4172
