0.045837 110 4172
0.089812 1198 4172
0.089887 1198 4172
0.093684 910 4172
0.181855 1198 4172
0.313843 110 4172
0.577763 110 4172
0.597760 126 4172
0.597781 1198 4172
0.597809 1198 4172
0.597839 1022 4172
0.597869 1086 4172
0.597899 702 4172
0.597935 814 4172
0.597963 686 4172
0.597991 798 4172
0.598020 766 4172
0.598048 1198 4172
0.598076 1198 4172
0.598105 1198 4172
0.598132 1054 4172
0.629774 1198 4172
0.629805 1198 4172
0.629849 1198 4172
0.629884 1198 4172
0.629923 1198 4172
0.629955 798 4172
0.637896 1198 4172
0.637935 1198 4172
0.637963 1198 4172
0.637993 1198 4172
0.638018 1198 4172
0.638044 1198 4172
0.638079 1198 4172
0.638126 1198 4172
0.638173 1198 4172
0.638196 1198 4172
0.638223 1198 4172
0.638278 1198 4172
0.638319 1198 4172
0.638346 1198 4172
0.638373 382 4172
0.645821 158 4172
0.645842 110 4172
0.645874 1198 4172
0.645904 1198 4172
0.645934 1198 4172
0.645964 1198 4172
0.646004 1198 4172
0.646033 1198 4172
0.646062 1198 4172
0.646095 1198 4172
0.646133 1198 4172
0.646167 1198 4172
0.646200 1198 4172
0.653874 1198 4172
0.653912 1198 4172
0.653949 558 4172
0.653987 1198 4172
0.654021 1198 4172
0.654058 1198 4172
0.654090 1198 4172
0.654128 1198 4172
0.654161 1198 4172
0.661821 1198 4172
0.661860 1198 4172
0.661896 1198 4172
0.661931 1198 4172
0.665727 1198 4172
0.665760 1198 4172
0.665793 1198 4172
0.665828 270 4172
0.665862 1198 4172
0.677841 1198 4172
0.677977 1198 4172
0.678059 1198 4172
0.685806 1198 4172
0.685852 1198 4172
0.685894 1198 4172
0.685938 1198 4172
0.693817 1198 4172
0.693854 1198 4172
0.693885 1198 4172
0.693914 1198 4172
0.701769 1198 4172
0.701823 1198 4172
0.701860 1198 4172
0.701898 1198 4172
0.709769 1198 4172
0.709825 1198 4172
0.709863 1198 4172
0.709911 1198 4172
0.717895 1198 4172
0.717927 1198 4172
0.717974 1198 4172
0.725824 1198 4172
0.725864 1086 4172
0.725910 1198 4172
0.725946 1198 4172
0.733871 1198 4172
0.733909 1198 4172
0.733946 1198 4172
0.733989 1198 4172
0.741806 1198 4172
0.741848 1198 4172
0.741893 1198 4172
0.741932 1198 4172
0.749897 110 4172
0.749928 1198 4172
0.749975 542 4172
0.750012 1198 4172
0.750052 1198 4172
0.750090 1198 4172
0.753648 1198 4172
0.753694 1198 4172
0.753740 1198 4172
0.753784 718 4172
0.753826 1198 4172
0.766001 1198 4172
0.766073 1198 4172
0.766110 1198 4172
0.766149 1198 4172
0.769725 910 4172
0.769762 414 4172
0.769837 974 4172
0.769880 158 4172
0.769922 158 4172
0.769992 158 4172
0.770031 158 4172
0.770073 158 4172
0.770110 286 4172
0.770148 1086 4172
0.797726 190 4172
0.797789 142 4172
0.797833 142 4172
0.797875 478 4172
0.797916 158 4172
0.797956 158 4172
0.797997 158 4172
0.805815 270 4172
0.805868 254 4172
0.805908 270 4172
0.805945 318 4172
0.805982 238 4172
0.811760 110 4172
0.811810 318 4172
0.811842 350 4172
0.811873 238 4172
0.811906 302 4172
0.811939 254 4172
0.811968 270 4172
0.811998 334 4172
0.812025 286 4172
0.812054 334 4172
0.813885 1198 4172
0.813934 1198 4172
0.813981 1198 4172
0.814018 1198 4172
0.814054 1198 4172
0.814088 1198 4172
0.814121 1198 4172
0.814154 1198 4172
0.814192 686 4172
0.825392 302 4172
0.825429 302 4172
0.838874 158 4172
0.841783 110 4172
0.885889 142 4172
0.929689 142 4172
0.938759 174 4172
0.964469 110 4172
0.973795 1198 4172
0.973890 1198 4172
0.973891 1198 4172
0.973927 510 4172
1.017815 142 4172
1.038771 174 4172
1.061731 110 4172
1.081744 158 4172
1.093593 110 4172
1.105697 174 4172
1.149707 110 4172
1.225809 174 4172
1.237697 174 4172
1.281842 110 4172
1.369954 110 4172
1.369998 110 4172
1.394545 158 4172
1.413763 158 4172
1.633771 110 4172
1.765791 110 4172
1.849865 142 4172
1.937738 110 4172
2.069776 142 4172
2.157769 110 4172
2.465815 110 4172
2.641728 110 4172
2.725832 110 4172
2.769807 110 4172
2.989740 110 4172
3.227640 110 4172
3.249721 142 4172
3.469755 142 4172
3.645760 110 4172
4.481876 142 4172
4.569781 142 4172
4.569990 142 4172
4.657816 110 4172
4.701794 142 4172
4.701905 142 4172
4.745761 110 4172
5.097802 142 4172
5.097945 142 4172
5.273801 142 4172
5.273907 142 4172
5.665720 110 4172
5.709845 142 4172
5.710004 142 4172
5.753781 110 4172
5.929766 142 4172
5.929841 110 4172
5.929879 142 4172
6.325646 142 4172
6.413761 142 4172
6.501701 142 4172
6.501774 142 4172
6.677654 110 4172
6.721813 142 4172
6.897742 142 4172
7.073621 382 4172
7.073790 334 4172
7.117742 142 4172
7.557756 142 4172
7.557903 142 4172
7.645696 110 4172
7.733728 142 4172
7.733814 142 4172
7.777667 110 4172
8.165668 142 4172
8.165723 142 4172
8.341606 142 4172
8.341706 142 4172
8.601703 110 4172
8.645663 110 4172
8.773847 110 4172
9.165833 142 4172
9.165945 142 4172
9.385710 142 4172
9.385819 142 4172
9.649693 110 4172
9.781602 110 4172
10.177753 142 4172
10.177882 142 4172
10.397735 142 4172
10.397825 142 4172
10.661614 110 4172
10.749670 110 4172
11.225613 142 4172
11.225706 142 4172
11.269715 110 4172
11.401714 142 4172
11.401814 142 4172
11.665687 110 4172
11.753686 110 4172
12.233640 142 4172
12.233736 142 4172
12.409720 142 4172
12.497643 142 4172
12.625568 142 4172
12.669687 110 4172
12.801635 142 4172
13.021718 142 4172
13.241705 142 4172
13.637634 142 4172
13.637775 142 4172
13.681688 110 4172
13.769690 110 4172
13.853728 142 4172
13.853808 142 4172
13.941685 110 4172
14.249756 142 4172
14.249938 142 4172
14.469683 142 4172
14.557709 142 4172
14.638943 142 4172
14.645593 110 4172
14.777602 110 4172
14.865636 142 4172
15.301700 142 4172
15.301771 142 4172
15.477695 142 4172
15.477771 142 4172
15.653639 110 4172
15.741631 110 4172
16.089705 142 4172
16.089810 142 4172
16.265526 142 4172
16.265600 142 4172
16.609640 110 4172
16.653666 110 4172
17.093576 142 4172
17.181635 142 4172
17.313750 142 4172
17.313837 142 4172
17.661658 110 4172
17.705647 142 4172
17.705714 142 4172
17.749604 110 4172
17.925561 142 4172
17.925594 142 4172
18.357631 142 4172
18.357739 142 4172
18.533640 142 4172
18.533683 142 4172
18.665613 110 4172
18.753576 110 4172
19.149559 142 4172
19.149677 142 4172
19.281649 110 4172
19.369625 142 4172
19.369723 142 4172
19.677555 110 4172
19.765622 110 4172
20.201678 142 4172
20.201746 142 4172
20.373648 142 4172
20.373741 142 4172
20.558501 60 60000
20.683808 110 4172
20.739043 174 4172
20.739080 350 4172
20.739111 606 4172
20.739140 158 4172
20.739167 158 4172
20.739196 158 4172
20.739222 158 4172
20.770918 110 4172
20.813096 158 4172
20.813125 1198 4172
20.813156 1198 4172
20.813186 1198 4172
20.813216 1198 4172
20.813246 1198 4172
20.813274 1198 4172
20.813330 1198 4172
20.813359 1198 4172
20.813445 1198 4172
20.813479 1198 4172
20.813512 494 4172
20.813544 1198 4172
20.813574 1198 4172
20.813602 1198 4172
20.813635 1198 4172
20.813673 1198 4172
20.813703 1198 4172
20.813733 1198 4172
20.813765 1198 4172
20.813794 1198 4172
20.813823 1198 4172
20.813853 254 4172
20.813895 1198 4172
20.846854 1198 4172
20.848753 1198 4172
20.849879 1198 4172
20.850011 1198 4172
20.850040 1198 4172
20.850067 1198 4172
20.850094 1198 4172
20.850122 1198 4172
20.850148 782 4172
20.850197 1198 4172
20.857745 1198 4172
20.857790 1198 4172
20.857824 1198 4172
20.857856 1198 4172
20.857886 1198 4172
20.857916 1198 4172
20.857947 1198 4172
20.857979 1198 4172
20.858009 766 4172
20.858038 1198 4172
20.858067 1198 4172
20.858099 1198 4172
20.858123 1198 4172
20.858152 1198 4172
20.858182 1198 4172
20.858211 1198 4172
20.858238 1198 4172
20.858266 1198 4172
20.858296 126 4172
20.858322 1198 4172
20.858351 1198 4172
20.858378 1054 4172
20.858407 1198 4172
20.858437 1198 4172
20.858471 1198 4172
20.858497 1198 4172
20.858532 1198 4172
20.865715 1198 4172
20.865753 1198 4172
20.865782 1198 4172
20.865812 1198 4172
20.873620 782 4172
20.873646 1198 4172
20.873674 1198 4172
20.873702 1198 4172
20.873730 1198 4172
20.881573 1198 4172
20.881607 1198 4172
20.881646 1198 4172
20.881680 1198 4172
20.895261 1198 4172
20.902927 1198 4172
20.902956 942 4172
20.904457 1198 4172
20.904570 1198 4172
20.904637 1198 4172
20.905577 1198 4172
20.905619 1198 4172
20.905656 1198 4172
20.905691 1198 4172
20.905727 1198 4172
20.905760 1198 4172
20.905795 702 4172
20.905830 1198 4172
20.913582 1198 4172
20.913622 1198 4172
20.913659 1198 4172
20.913692 1198 4172
20.913721 1198 4172
20.930186 1198 4172
20.937129 1198 4172
20.944930 1198 4172
20.948577 1198 4172
20.948985 1198 4172
20.949495 478 4172
20.953904 1198 4172
20.953940 1198 4172
20.953974 1198 4172
20.954004 1198 4172
20.954036 1198 4172
20.954066 1198 4172
20.954094 1198 4172
20.954124 1198 4172
20.954152 1198 4172
20.954181 1198 4172
20.954210 1198 4172
20.954245 702 4172
20.954275 1198 4172
20.954304 1198 4172
20.954333 1198 4172
20.954366 1198 4172
20.954394 1198 4172
20.959286 1198 4172
20.959327 1198 4172
20.959359 1198 4172
20.959387 1198 4172
20.970635 1198 4172
20.973337 574 4172
20.973382 1198 4172
20.973490 1198 4172
20.973520 1198 4172
20.973565 1198 4172
20.977596 1198 4172
20.977627 1198 4172
20.977661 1198 4172
20.985763 1198 4172
20.985770 1198 4172
20.985805 958 4172
20.985839 1198 4172
20.985868 1198 4172
20.993603 1198 4172
20.993655 1198 4172
20.993676 1198 4172
20.993705 1198 4172
21.002010 1198 4172
21.002042 1198 4172
21.002066 1198 4172
21.002097 542 4172
21.002129 1198 4172
21.010215 1198 4172
21.010238 1198 4172
21.010273 1198 4172
21.010302 1198 4172
21.020513 1198 4172
21.020644 910 4172
21.020673 1198 4172
21.025620 1198 4172
21.026289 1198 4172
21.026348 1198 4172
21.026380 1198 4172
21.034866 1198 4172
21.036122 1198 4172
21.036159 1198 4172
21.041994 334 4172
21.042440 1198 4172
21.042911 1198 4172
21.043032 1198 4172
21.043138 1198 4172
21.056863 1198 4172
21.056883 1198 4172
21.056909 1198 4172
21.056938 1198 4172
21.056986 1198 4172
21.065921 1198 4172
21.065949 1198 4172
21.065984 158 4172
21.066014 318 4172
21.066048 270 4172
21.066079 190 4172
21.066109 190 4172
21.066139 190 4172
21.066169 190 4172
21.066200 190 4172
21.066230 190 4172
21.066262 190 4172
21.066296 190 4172
21.066325 190 4172
21.066354 190 4172
21.066385 190 4172
21.066414 190 4172
21.066445 1198 4172
21.066474 1198 4172
21.066505 1198 4172
21.066538 398 4172
21.105062 926 4172
21.105089 1198 4172
21.105128 1198 4172
21.105159 318 4172
21.105187 190 4172
21.112946 270 4172
21.112996 190 4172
21.113034 190 4172
21.113066 190 4172
21.113098 190 4172
21.113125 190 4172
21.113157 190 4172
21.113183 190 4172
21.113212 190 4172
21.134221 190 4172
21.134274 190 4172
21.134305 190 4172
21.134340 190 4172
21.134370 1198 4172
21.134399 1198 4172
21.134429 1198 4172
21.134463 1198 4172
21.134494 510 4172
21.134526 1198 4172
21.134555 1198 4172
21.134584 1198 4172
21.134614 1198 4172
21.134643 1198 4172
21.134676 1198 4172
21.134704 1198 4172
21.134734 894 4172
21.134764 222 4172
21.141574 190 4172
21.141588 190 4172
21.141627 190 4172
21.141651 190 4172
21.141681 110 4172
21.141711 190 4172
21.141740 190 4172
21.146712 190 4172
21.146744 190 4172
21.146776 190 4172
21.146806 190 4172
21.146837 1198 4172
21.146867 190 4172
21.147019 190 4172
21.147051 190 4172
21.147080 190 4172
21.160178 1198 4172
21.160204 1198 4172
21.160236 1198 4172
21.160265 1198 4172
21.160295 350 4172
21.160324 190 4172
21.162899 222 4172
21.162968 190 4172
21.165748 190 4172
21.165782 190 4172
21.165816 190 4172
21.165844 190 4172
21.165874 190 4172
21.165903 190 4172
21.165931 190 4172
21.169512 190 4172
21.169544 190 4172
21.169576 190 4172
21.169605 190 4172
21.169634 190 4172
21.169665 190 4172
21.176050 60 60000
21.195759 1198 4172
21.195799 1198 4172
21.195824 1198 4172
21.195853 1198 4172
21.195883 494 4172
21.195913 1198 4172
21.195943 1198 4172
21.195971 1198 4172
21.195999 158 4172
21.205555 222 4172
21.205589 174 4172
21.205689 174 4172
21.214396 190 4172
21.217491 174 4172
21.217522 174 4172
21.217554 174 4172
21.217584 174 4172
21.217612 174 4172
21.228429 174 4172
21.228469 174 4172
21.228508 174 4172
21.228540 174 4172
21.228575 174 4172
21.228608 174 4172
21.228643 174 4172
21.267078 1198 4172
21.267159 1198 4172
21.268040 510 4172
21.268113 190 4172
21.268164 574 4172
21.270872 174 4172
21.270945 126 4172
21.276022 1198 4172
21.276071 1198 4172
21.317647 1198 4172
21.317740 1198 4172
21.317776 1198 4172
21.317820 1198 4172
21.317851 1198 4172
21.317880 1198 4172
21.317909 1198 4172
21.317938 638 4172
21.317967 1198 4172
21.318002 1198 4172
21.318030 1198 4172
21.318061 1198 4172
21.318089 1198 4172
21.318119 1198 4172
21.318147 1198 4172
21.318174 830 4172
21.318228 1198 4172
21.318262 1198 4172
21.318293 1198 4172
21.318322 1038 4172
21.318352 1198 4172
21.318380 1198 4172
21.318408 334 4172
21.318436 190 4172
21.467880 110 4172
21.467949 110 4172
21.468045 110 4172
21.647349 110 4172
21.692397 110 4172
21.692460 110 4172
21.692510 110 4172
21.733501 1198 4172
21.733532 1198 4172
21.733566 366 4172
21.733598 302 4172
21.733626 238 4172
21.777561 110 4172
21.953590 110 4172
22.477645 110 4172
22.653626 110 4172
22.741667 110 4172
22.741709 110 4172
23.265655 110 4172
23.529766 110 4172
23.661885 110 4172
23.749605 110 4172
23.837590 110 4172
24.101672 110 4172
24.669531 110 4172
24.757700 110 4172
25.681645 110 4172
25.769730 110 4172
26.645397 110 4172
26.773973 110 4172
26.817454 110 4172
27.649499 110 4172
27.777437 110 4172
28.649364 110 4172
28.781414 110 4172
29.477567 110 4172
29.653586 110 4172
29.741479 110 4172
30.665483 110 4172
30.753502 110 4172
31.677507 110 4172
31.765490 110 4172
32.157586 110 4172
32.641468 110 4172
32.773516 110 4172
33.645475 110 4172
33.777405 110 4172
34.657519 110 4172
34.745408 110 4172
34.833556 110 4172
35.661454 110 4172
35.749412 110 4172
36.673529 110 4172
36.761643 110 4172
37.465622 110 4172
37.641421 110 4172
37.773414 110 4172
38.645322 110 4172
38.781070 110 4172
39.653448 110 4172
39.741411 110 4172
40.181558 110 4172
40.661504 110 4172
40.749377 110 4172
41.277335 1150 4172
41.425363 60 60000
41.469582 270 4172
41.469587 254 4172
41.469618 270 4172
41.469696 238 4172
41.469698 318 4172
41.469716 238 4172
41.474693 318 4172
41.474724 238 4172
41.474757 302 4172
41.474792 254 4172
41.474823 270 4172
41.474853 286 4172
41.474882 334 4172
41.482280 1198 4172
41.482310 1198 4172
41.482342 1198 4172
41.482378 1198 4172
41.482407 1198 4172
41.482436 1198 4172
41.482465 1198 4172
41.482494 1198 4172
41.482522 1198 4172
41.482552 1150 4172
41.497429 318 4172
41.497468 734 4172
41.497505 334 4172
41.629370 494 4172
41.639257 142 4172
41.642012 110 4172
41.649642 174 4172
41.658546 158 4172
41.661225 174 4172
41.661289 142 4172
41.673311 174 4172
41.724336 174 4172
41.747607 142 4172
41.747696 158 4172
41.762535 110 4172
41.766991 110 4172
41.767088 174 4172
41.767121 158 4172
41.767148 158 4172
41.767175 158 4172
41.767203 158 4172
41.767234 158 4172
41.767258 190 4172
41.767284 158 4172
41.809981 158 4172
41.833637 1198 4172
41.837431 1198 4172
41.837445 1198 4172
41.837474 1198 4172
41.837500 1198 4172
41.837527 1198 4172
41.845483 670 4172
41.845504 1198 4172
41.853424 1198 4172
41.853463 1198 4172
41.862154 110 4172
41.862211 1198 4172
41.862259 1198 4172
41.873378 1198 4172
41.877367 1198 4172
41.885398 1198 4172
41.893355 1198 4172
41.914502 302 4172
41.916954 1198 4172
41.920683 1198 4172
41.926165 1198 4172
41.926229 1198 4172
41.926260 1198 4172
41.926292 1198 4172
41.933413 1198 4172
41.941590 1198 4172
41.952911 126 4172
41.952938 110 4172
41.952968 1198 4172
41.952995 1198 4172
41.957945 526 4172
41.957972 1198 4172
41.967602 1198 4172
41.973359 1198 4172
41.981401 1198 4172
41.981441 1198 4172
41.990329 1198 4172
41.997558 1198 4172
41.997710 1198 4172
42.008678 1198 4172
42.014038 894 4172
42.014086 1198 4172
42.021381 1198 4172
42.029340 1198 4172
42.034290 110 4172
42.034332 1198 4172
42.034364 1198 4172
42.045414 1198 4172
42.053339 1198 4172
42.053368 110 4172
42.061969 1198 4172
42.062002 1198 4172
42.069344 1198 4172
42.081746 1006 4172
42.081921 1198 4172
42.088488 1198 4172
42.098169 1198 4172
42.098329 1198 4172
42.103277 1198 4172
42.117383 1198 4172
42.117401 1198 4172
42.133435 1054 4172
42.146738 1198 4172
42.146771 1198 4172
42.146802 1198 4172
42.149356 1198 4172
42.149380 1198 4172
42.161851 1198 4172
42.165343 1198 4172
42.173475 1198 4172
42.173509 1198 4172
42.181348 622 4172
42.181380 1198 4172
42.189487 1198 4172
42.198500 1198 4172
42.205343 1198 4172
42.213614 1198 4172
42.221449 1198 4172
42.221481 1198 4172
42.230010 1198 4172
42.235687 222 4172
42.235723 1198 4172
42.235804 60 60000
42.248750 1198 4172
42.248793 1198 4172
42.253252 1198 4172
42.261263 1198 4172
42.261299 1198 4172
42.269319 1198 4172
42.277342 1198 4172
42.286149 1198 4172
42.286191 1198 4172
42.294055 1198 4172
42.302037 110 4172
42.302079 974 4172
42.302115 1198 4172
42.310006 1198 4172
42.317358 1198 4172
42.317551 1198 4172
42.323914 702 4172
42.323966 1198 4172
42.333346 1198 4172
42.341327 1198 4172
42.341346 1198 4172
42.349412 510 4172
42.349414 1198 4172
42.357393 1198 4172
42.368032 1198 4172
42.373356 1198 4172
42.373379 1198 4172
42.381341 654 4172
42.381378 1198 4172
42.389394 1198 4172
42.400129 1198 4172
42.400226 1198 4172
42.405326 1198 4172
42.409312 190 4172
42.409609 1198 4172
42.412186 1198 4172
42.421453 1198 4172
42.430023 1198 4172
42.430055 1198 4172
42.439348 238 4172
42.439538 1198 4172
42.446819 1198 4172
42.446860 1198 4172
42.453334 1198 4172
42.461341 1198 4172
42.461375 1198 4172
42.469335 1198 4172
42.478402 478 4172
42.478422 222 4172
42.478448 174 4172
42.478479 174 4172
42.478505 174 4172
42.478531 174 4172
42.487155 174 4172
42.487185 174 4172
42.487218 1086 4172
42.487249 1198 4172
42.493385 174 4172
42.493412 206 4172
42.493449 734 4172
42.497597 174 4172
42.497630 174 4172
42.497660 174 4172
42.497688 174 4172
42.497739 174 4172
42.497782 1198 4172
42.509347 1198 4172
42.509374 254 4172
42.541346 446 4172
42.541365 158 4172
42.541408 174 4172
42.585629 398 4172
42.585673 110 4172
42.585716 174 4172
42.585792 622 4172
42.602248 366 4172
42.602269 174 4172
42.602299 174 4172
42.605624 174 4172
42.605653 174 4172
42.605682 174 4172
42.609349 174 4172
42.609383 174 4172
42.609413 238 4172
42.609442 174 4172
42.613515 174 4172
42.613556 174 4172
42.618158 174 4172
42.618195 174 4172
42.618224 174 4172
42.629368 1198 4172
42.629408 1198 4172
42.629447 382 4172
42.629484 1198 4172
42.629518 1198 4172
42.629550 862 4172
42.639345 174 4172
42.673342 110 4172
42.702666 174 4172
42.702688 174 4172
42.702727 174 4172
42.705646 174 4172
42.705681 174 4172
42.709511 174 4172
42.709539 174 4172
42.709569 174 4172
42.714138 174 4172
42.714173 174 4172
42.714203 174 4172
42.717253 174 4172
42.717292 174 4172
42.717319 174 4172
42.722194 174 4172
42.722229 1198 4172
42.722260 1198 4172
42.722291 382 4172
42.739393 1198 4172
42.739451 1198 4172
42.739495 1198 4172
42.739532 542 4172
42.739569 1198 4172
42.739605 1198 4172
42.739642 1198 4172
42.762138 110 4172
42.770305 174 4172
42.770350 174 4172
42.781960 174 4172
42.781985 174 4172
42.786166 174 4172
42.786197 174 4172
42.786225 174 4172
42.786253 174 4172
42.786280 174 4172
42.786308 174 4172
42.786338 174 4172
42.786363 174 4172
42.786390 174 4172
42.790906 174 4172
42.792342 1198 4172
42.792374 1198 4172
42.792403 382 4172
42.805376 1198 4172
42.805418 1198 4172
42.805459 174 4172
42.805506 1198 4172
42.805540 542 4172
42.805577 1198 4172
42.805614 1198 4172
42.839272 110 4172
42.839374 110 4172
42.849365 110 4172
42.893226 1198 4172
42.981430 110 4172
42.995636 126 4172
43.025412 798 4172
43.051694 670 4172
43.051736 110 4172
43.061873 1054 4172
43.069356 1198 4172
43.069397 750 4172
43.081850 1198 4172
43.081948 1198 4172
43.081992 846 4172
43.090147 1198 4172
43.090212 574 4172
43.103667 1134 4172
43.103734 110 4172
43.103772 110 4172
43.103816 110 4172
43.103851 1198 4172
43.113724 1198 4172
43.113776 334 4172
43.122103 1198 4172
43.133881 1198 4172
43.133921 1198 4172
43.133960 494 4172
43.139335 750 4172
43.142137 110 4172
43.151739 990 4172
43.153442 1198 4172
43.153496 590 4172
43.157255 558 4172
43.186273 430 4172
43.199902 1198 4172
43.199940 158 4172
43.201300 1198 4172
43.201337 1198 4172
43.201378 382 4172
43.210230 414 4172
43.239384 1198 4172
43.239435 526 4172
43.245328 110 4172
43.357584 110 4172
43.377318 110 4172
43.377418 110 4172
43.377463 110 4172
43.637346 110 4172
43.637452 110 4172
43.637568 110 4172
43.681429 110 4172
43.769525 110 4172
43.945730 110 4172
44.209320 110 4172
44.469387 110 4172
44.645328 110 4172
44.733483 110 4172
44.777759 110 4172
44.997315 110 4172
45.305733 110 4172
45.745219 110 4172
46.665585 110 4172
46.749355 110 4172
47.673439 110 4172
47.761259 110 4172
47.981344 110 4172
48.681405 110 4172
48.769374 110 4172
49.681347 110 4172
49.769330 110 4172
50.645254 110 4172
51.645221 110 4172
51.777270 110 4172
52.649292 110 4172
52.781470 110 4172
53.309132 110 4172
53.661157 110 4172
53.749158 110 4172
54.661140 110 4172
54.749244 110 4172
55.665138 110 4172
55.753475 110 4172
56.013269 110 4172
56.673261 110 4172
56.761169 110 4172
57.673146 110 4172
57.761127 110 4172
58.657404 110 4172
58.673388 110 4172
58.761175 110 4172
59.673121 110 4172
59.761111 110 4172
60.673254 110 4172
60.761102 110 4172
61.377347 110 4172
61.769156 110 4172
62.383234 1198 4172
62.383278 1198 4172
62.383311 1198 4172
62.383351 1198 4172
62.383378 1198 4172
62.383408 1198 4172
62.383435 1198 4172
62.383464 622 4172
62.389199 1198 4172
62.389238 1198 4172
62.389269 1198 4172
62.389299 1198 4172
62.389328 1198 4172
62.400542 1198 4172
62.400582 526 4172
62.400615 1198 4172
62.400644 1198 4172
62.405047 1198 4172
62.421089 1198 4172
62.421165 1198 4172
62.425090 1198 4172
62.437108 1198 4172
62.437148 1198 4172
62.453188 1198 4172
62.453307 798 4172
62.461143 1198 4172
62.461220 1198 4172
62.469168 510 4172
62.477210 1198 4172
62.477260 1198 4172
62.485078 60 60000
62.485093 1198 4172
62.493191 1198 4172
62.493265 1198 4172
62.501047 1198 4172
62.509140 1198 4172
62.509189 1182 4172
62.513062 1198 4172
62.525166 1198 4172
62.525251 1198 4172
62.533066 1198 4172
62.541178 766 4172
62.541234 1198 4172
62.549098 1198 4172
62.549170 1198 4172
62.557123 1198 4172
62.557187 1198 4172
62.565164 1198 4172
62.565231 782 4172
62.573101 1198 4172
62.573168 1198 4172
62.581078 1198 4172
62.581128 1198 4172
62.589260 1198 4172
62.597042 1198 4172
62.597089 1198 4172
62.601118 1198 4172
62.613164 1198 4172
62.613223 1198 4172
62.621206 1198 4172
62.621260 1198 4172
62.629117 1102 4172
62.629194 1198 4172
62.637136 1198 4172
62.637165 1198 4172
62.645052 366 4172
62.645090 1198 4172
62.653106 1198 4172
62.653152 1198 4172
62.661053 654 4172
62.661092 110 4172
62.661130 1198 4172
62.669102 1198 4172
62.669203 1198 4172
62.677064 1198 4172
62.677111 1198 4172
62.685218 1134 4172
62.685257 1198 4172
62.689158 1198 4172
62.689203 1198 4172
62.701333 1198 4172
62.701371 1198 4172
62.709170 1198 4172
62.709192 846 4172
62.717141 1198 4172
62.717166 1198 4172
62.725176 1198 4172
62.725194 1198 4172
62.733107 110 4172
62.733153 1198 4172
62.741118 1198 4172
62.741163 174 4172
62.741192 1198 4172
62.749173 1198 4172
62.749185 1198 4172
62.757172 1198 4172
62.757231 110 4172
62.757264 1198 4172
62.765152 1198 4172
62.773113 206 4172
62.773141 1198 4172
62.773173 1198 4172
62.780839 1198 4172
62.780874 1198 4172
62.789300 1198 4172
62.797176 542 4172
62.797197 1198 4172
62.814792 1198 4172
62.815282 1198 4172
62.821188 1198 4172
62.821212 1198 4172
62.821244 1198 4172
62.821274 1198 4172
62.834243 334 4172
62.834265 1198 4172
62.837130 1198 4172
62.837154 1198 4172
62.848647 1198 4172
62.848681 1198 4172
62.859149 190 4172
62.859178 158 4172
62.859210 158 4172
62.859241 158 4172
62.859270 174 4172
62.859302 1198 4172
62.859328 1198 4172
62.865133 1198 4172
62.865168 1198 4172
62.880206 1198 4172
62.882226 1198 4172
62.884284 382 4172
62.890177 1198 4172
62.890229 1198 4172
62.890259 1198 4172
62.897129 1198 4172
62.897160 1198 4172
62.918053 1198 4172
62.918101 446 4172
62.918142 1198 4172
62.921796 1198 4172
62.921830 1198 4172
62.929494 1198 4172
62.929533 1102 4172
62.937266 1198 4172
62.937303 1198 4172
62.945186 1198 4172
62.945218 1198 4172
62.953175 1198 4172
62.953266 1198 4172
62.970291 1198 4172
62.971598 1198 4172
62.979047 1166 4172
62.979123 1198 4172
62.979259 1198 4172
62.979296 1198 4172
62.988899 110 4172
62.989009 1198 4172
62.989151 1198 4172
62.993207 1198 4172
63.001727 894 4172
63.001769 126 4172
63.001797 1198 4172
63.009709 1198 4172
63.020738 1198 4172
63.021938 1198 4172
63.038108 734 4172
63.041774 1198 4172
63.042210 1198 4172
63.042315 1198 4172
63.042358 1198 4172
63.046488 1198 4172
63.046530 1198 4172
63.057285 1070 4172
63.057325 1198 4172
63.065183 1198 4172
63.065224 1198 4172
63.073148 1198 4172
63.073178 1198 4172
63.081224 1198 4172
63.081249 1198 4172
63.089265 1198 4172
63.089305 622 4172
63.089335 1198 4172
63.102002 1198 4172
63.105348 1198 4172
63.105375 1198 4172
63.114475 1198 4172
63.114515 1198 4172
63.121295 638 4172
63.121332 1198 4172
63.121361 1198 4172
63.129207 1198 4172
63.129288 1198 4172
63.137190 1198 4172
63.137225 1198 4172
63.154059 1198 4172
63.154235 1198 4172
63.170238 1198 4172
63.170340 1198 4172
63.170366 1198 4172
63.170411 1006 4172
63.186544 1198 4172
63.186583 1198 4172
63.186641 1198 4172
63.191391 1006 4172
63.191446 270 4172
63.191497 190 4172
63.191554 190 4172
63.191598 190 4172
63.191648 1198 4172
63.191698 894 4172
63.202354 1198 4172
63.202415 1198 4172
63.205219 190 4172
63.205277 1198 4172
63.205331 1198 4172
63.216309 158 4172
63.217551 190 4172
63.225559 1198 4172
63.225834 142 4172
63.225871 1198 4172
63.225912 1198 4172
63.231047 158 4172
63.231121 1198 4172
63.231150 1198 4172
63.242192 270 4172
63.251015 862 4172
63.251450 1198 4172
63.251493 190 4172
63.266696 190 4172
63.266732 190 4172
63.266764 1198 4172
63.266794 110 4172
63.266823 1198 4172
63.266856 126 4172
63.266881 510 4172
63.266910 222 4172
63.275491 190 4172
63.275541 190 4172
63.275571 190 4172
63.275601 190 4172
63.275638 1198 4172
63.275660 1198 4172
63.275692 158 4172
63.275720 1198 4172
63.281133 318 4172
63.281167 1198 4172
63.288446 1198 4172
63.288488 526 4172
63.288526 1198 4172
63.297102 1198 4172
63.297134 574 4172
63.305151 1198 4172
63.305179 1198 4172
63.313130 1198 4172
63.313163 494 4172
63.313193 1198 4172
63.318936 60 60000
63.321260 1198 4172
63.321297 286 4172
63.321332 1198 4172
63.327503 126 4172
63.327534 190 4172
63.327567 190 4172
63.327597 190 4172
63.331779 1198 4172
63.331814 654 4172
63.337741 174 4172
63.337785 174 4172
63.337814 174 4172
63.337840 174 4172
63.345107 174 4172
63.345141 1198 4172
63.345174 1198 4172
63.353113 1198 4172
63.353149 222 4172
63.353178 1198 4172
63.361078 1198 4172
63.361103 366 4172
63.369120 1198 4172
63.369151 1198 4172
63.373019 910 4172
63.373055 1198 4172
63.373090 1198 4172
63.385057 1070 4172
63.385105 1198 4172
63.393130 1198 4172
63.404432 1198 4172
63.429557 1198 4172
63.433609 318 4172
63.433654 1198 4172
63.433687 190 4172
63.433717 174 4172
63.433745 174 4172
63.433776 174 4172
63.433805 1198 4172
63.433831 1198 4172
63.433861 814 4172
63.484682 766 4172
63.489751 238 4172
63.502043 254 4172
63.509490 254 4172
63.521443 222 4172
63.525046 126 4172
63.543048 158 4172
63.549498 1198 4172
63.549531 318 4172
63.563911 366 4172
63.569090 126 4172
63.581985 1198 4172
63.582019 1006 4172
63.591368 1198 4172
63.591404 1198 4172
63.591438 270 4172
63.613207 1198 4172
63.613228 702 4172
63.639519 638 4172
63.657498 110 4172
63.701044 1198 4172
63.701063 1198 4172
63.701101 366 4172
63.701127 302 4172
63.701167 894 4172
63.701213 238 4172
63.739589 1134 4172
63.745043 110 4172
63.789177 1198 4172
63.789281 542 4172
63.822933 1198 4172
63.823035 190 4172
63.823070 110 4172
63.823108 110 4172
63.823146 110 4172
63.833355 878 4172
63.860156 110 4172
63.877177 1198 4172
63.877267 1198 4172
63.877376 1198 4172
63.877417 1198 4172
63.921077 1198 4172
63.921183 1198 4172
63.921244 1198 4172
63.921349 1198 4172
63.921396 686 4172
63.939632 1198 4172
63.939684 1198 4172
63.939729 1198 4172
63.939766 894 4172
63.965081 110 4172
64.074932 110 4172
64.074983 110 4172
64.075026 110 4172
64.090279 270 4172
64.097231 1198 4172
64.097272 1134 4172
64.109863 1198 4172
64.109965 222 4172
64.123781 1006 4172
64.133872 1198 4172
64.133924 1198 4172
64.133961 286 4172
64.141046 1198 4172
64.141086 1198 4172
64.141121 286 4172
64.153906 1198 4172
64.153950 1198 4172
64.153989 318 4172
64.161773 1198 4172
64.161824 158 4172
64.174079 638 4172
64.185812 510 4172
64.273103 1198 4172
64.361353 110 4172
64.361478 110 4172
64.625066 110 4172
64.625119 110 4172
64.625153 110 4172
64.669136 110 4172
64.757265 110 4172
64.885128 110 4172
65.149041 110 4172
65.409017 110 4172
65.673290 110 4172
65.761372 110 4172
65.937020 110 4172
66.201205 110 4172
66.505386 110 4172
66.677142 110 4172
66.765192 110 4172
67.029090 446 4172
67.029149 286 4172
67.105892 366 4172
67.105915 174 4172
67.105944 174 4172
67.109248 174 4172
67.109279 174 4172
67.114341 1198 4172
67.114380 1198 4172
67.114411 222 4172
67.114442 1198 4172
67.114479 1198 4172
67.114514 302 4172
67.116967 1198 4172
67.116993 1198 4172
67.117024 846 4172
67.122065 1198 4172
67.122101 1198 4172
67.122132 1006 4172
67.122161 1198 4172
67.122189 1198 4172
67.122219 686 4172
67.125013 1198 4172
67.125051 1198 4172
67.125081 270 4172
67.125110 1198 4172
67.125146 190 4172
67.131773 174 4172
67.131847 174 4172
67.131880 174 4172
67.131910 190 4172
67.161274 1198 4172
67.161310 1198 4172
67.161348 1198 4172
67.161384 1198 4172
67.161421 910 4172
67.262023 1198 4172
67.262054 494 4172
67.274146 1198 4172
67.274251 190 4172
67.286185 1198 4172
67.286287 1198 4172
67.286336 766 4172
67.292965 1198 4172
67.293017 1198 4172
67.293058 1086 4172
67.305877 1198 4172
67.305977 1198 4172
67.306010 350 4172
67.317518 958 4172
67.329413 894 4172
67.337132 190 4172
67.353978 1198 4172
67.354035 1198 4172
67.354072 1198 4172
67.354109 270 4172
67.361961 1198 4172
67.362010 1198 4172
67.362047 254 4172
67.374334 1198 4172
67.374425 174 4172
67.380974 1198 4172
67.381019 1198 4172
67.381055 1198 4172
67.381092 1198 4172
67.381128 110 4172
67.386215 1198 4172
67.398167 1198 4172
67.398223 1198 4172
67.398265 1198 4172
67.398303 1198 4172
67.398340 542 4172
67.409912 1198 4172
67.409960 1198 4172
67.409995 1198 4172
67.410032 766 4172
67.417570 1198 4172
67.417619 1054 4172
67.424982 1198 4172
67.425023 222 4172
67.435409 1198 4172
67.435455 302 4172
67.447437 1198 4172
67.447484 558 4172
67.457468 1198 4172
67.457507 1198 4172
67.457539 350 4172
67.557104 110 4172
67.645008 110 4172
67.777202 110 4172
67.821214 110 4172
68.081092 110 4172
68.340991 110 4172
68.639695 110 4172
68.645085 110 4172
68.777441 110 4172
68.865058 110 4172
69.161126 110 4172
69.645079 110 4172
69.777519 110 4172
70.657188 110 4172
70.745206 110 4172
71.661578 110 4172
71.749062 110 4172
71.793108 110 4172
72.489056 222 4172
72.573019 110 4172
72.661110 110 4172
72.746074 110 4172
72.755474 174 4172
72.797061 414 4172
72.841055 126 4172
72.885040 110 4172
72.934783 126 4172
72.937018 1198 4172
72.937046 318 4172
72.941597 174 4172
72.941627 174 4172
72.941657 174 4172
72.946098 1198 4172
72.946144 1198 4172
72.946181 1198 4172
72.946214 494 4172
72.946250 1198 4172
72.946285 1198 4172
72.946315 1118 4172
72.946345 1198 4172
72.946374 174 4172
72.946407 1198 4172
72.946434 1198 4172
72.946463 1198 4172
72.946493 718 4172
72.953009 1198 4172
72.953054 1198 4172
72.961045 1198 4172
72.961096 1198 4172
72.961151 1198 4172
72.961194 334 4172
72.961233 1198 4172
72.968992 158 4172
72.969034 1198 4172
72.969076 1198 4172
72.972979 1198 4172
72.973028 1198 4172
72.985117 254 4172
72.985220 1198 4172
72.985266 1198 4172
72.993010 878 4172
72.993069 1198 4172
72.993111 990 4172
73.001464 158 4172
73.001503 158 4172
73.008985 1198 4172
73.009040 1198 4172
73.017033 1198 4172
73.017092 814 4172
73.017122 1198 4172
73.025081 1198 4172
73.033078 158 4172
73.033133 1198 4172
73.033170 1198 4172
73.040977 1198 4172
73.041024 1198 4172
73.049054 1198 4172
73.049099 1198 4172
73.057026 542 4172
73.057071 1198 4172
73.060932 1198 4172
73.060974 1198 4172
73.086113 286 4172
73.098204 1198 4172
73.098246 1198 4172
73.098301 318 4172
73.104951 1198 4172
73.104991 1198 4172
73.105027 1198 4172
73.105062 302 4172
73.105095 174 4172
73.114071 1198 4172
73.114126 1198 4172
73.114165 1198 4172
73.114207 1198 4172
73.114247 718 4172
73.121068 1198 4172
73.121111 1198 4172
73.121148 1198 4172
73.121188 926 4172
73.129000 110 4172
73.129043 1198 4172
73.129080 1198 4172
73.136981 1134 4172
73.137029 1198 4172
73.141702 222 4172
73.149020 1166 4172
73.161874 1198 4172
73.161988 558 4172
73.171500 1198 4172
73.171549 430 4172
73.193153 1198 4172
73.193246 1198 4172
73.193379 350 4172
73.409053 110 4172
73.657216 110 4172
73.673130 110 4172
73.761052 110 4172
73.933086 110 4172
74.193014 110 4172
74.497108 110 4172
74.669104 110 4172
74.739915 110 4172
74.757237 110 4172
75.021049 110 4172
76.645010 110 4172
76.773088 110 4172
77.649023 110 4172
77.693074 110 4172
77.780266 110 4172
78.648995 110 4172
78.780966 110 4172
79.657076 110 4172
79.744967 110 4172
80.361031 110 4172
80.668977 110 4172
80.757211 110 4172
81.677049 110 4172
81.765156 110 4172
82.640940 110 4172
82.773106 110 4172
83.032993 110 4172
83.509124 1198 4172
83.509160 1198 4172
83.509250 1198 4172
83.509280 1198 4172
83.509313 1198 4172
83.509347 1198 4172
83.509381 1198 4172
83.509415 1198 4172
83.509448 1198 4172
83.512995 1198 4172
83.513035 222 4172
83.513069 1198 4172
83.513098 1198 4172
83.513131 1198 4172
83.532719 1198 4172
83.532769 1198 4172
83.532872 1198 4172
83.532904 1198 4172
83.532954 1198 4172
83.545003 1198 4172
83.545093 1198 4172
83.553006 1198 4172
83.553050 734 4172
83.553091 1198 4172
83.556962 1198 4172
83.557015 1198 4172
83.568999 1198 4172
83.569100 1198 4172
83.569621 60 60000
83.577007 1198 4172
83.577044 1198 4172
83.584886 1198 4172
83.584925 1198 4172
83.592984 1198 4172
83.593016 1198 4172
83.601011 1198 4172
83.601048 446 4172
83.601099 1198 4172
83.608988 1198 4172
83.609038 1198 4172
83.616954 1198 4172
83.617003 1198 4172
83.627028 1198 4172
83.627072 1198 4172
83.633006 1198 4172
83.633054 1198 4172
83.641017 1198 4172
83.641063 1198 4172
83.644956 1198 4172
83.645011 110 4172
83.645062 1198 4172
83.656998 1198 4172
83.657086 1198 4172
83.664971 1198 4172
83.665026 1198 4172
83.672998 1198 4172
83.673037 1198 4172
83.680968 1198 4172
83.680986 158 4172
83.681027 1198 4172
83.689139 1198 4172
83.697081 1198 4172
83.705006 670 4172
83.705063 1198 4172
83.712975 1198 4172
83.712999 1198 4172
83.721112 1198 4172
83.728991 1198 4172
83.729039 1198 4172
83.744994 1198 4172
83.745057 1198 4172
83.753494 1198 4172
83.761112 110 4172
83.761153 1198 4172
83.761195 1198 4172
83.769040 1198 4172
83.776945 574 4172
83.776989 1198 4172
83.786416 1198 4172
83.786454 1198 4172
83.792935 1198 4172
83.800962 110 4172
83.800986 1198 4172
83.801021 1198 4172
83.816949 1198 4172
83.816972 1198 4172
83.820965 1198 4172
83.832996 1198 4172
83.833049 1198 4172
83.840894 1198 4172
83.849013 1198 4172
83.849049 350 4172
83.857027 110 4172
83.857051 1198 4172
83.865320 1198 4172
83.879409 1198 4172
83.879735 1198 4172
83.881175 1198 4172
83.888962 1198 4172
83.889001 1198 4172
83.898122 1198 4172
83.905712 1198 4172
83.905739 1198 4172
83.909098 1198 4172
83.920999 1198 4172
83.921063 1198 4172
83.929163 1198 4172
83.936921 990 4172
83.936975 1198 4172
83.950740 1198 4172
83.950831 1198 4172
83.952993 1198 4172
83.961829 1198 4172
83.961862 110 4172
83.961894 1198 4172
83.969652 1198 4172
83.977276 1198 4172
83.977319 1198 4172
83.989483 1198 4172
83.995418 1198 4172
83.995453 1198 4172
83.997293 1198 4172
84.009045 1198 4172
84.009080 1070 4172
84.024377 1198 4172
84.024487 1198 4172
84.033066 1198 4172
84.041546 1198 4172
84.041991 1198 4172
84.042027 1198 4172
84.048933 126 4172
84.048964 110 4172
84.048995 1198 4172
84.049024 1198 4172
84.058059 1198 4172
84.072265 1198 4172
84.072390 110 4172
84.074203 1198 4172
84.088215 1198 4172
84.088567 1198 4172
84.089484 1198 4172
84.097572 334 4172
84.097604 1198 4172
84.097637 1198 4172
84.106095 1198 4172
84.113604 1198 4172
84.113670 1198 4172
84.131929 1198 4172
84.137958 1198 4172
84.139145 1198 4172
84.139180 1198 4172
84.145038 1198 4172
84.145066 1198 4172
84.153939 1198 4172
84.154094 1198 4172
84.160726 1198 4172
84.170423 1198 4172
84.171396 1198 4172
84.180410 1198 4172
84.189270 1198 4172
84.195801 1198 4172
84.195834 1198 4172
84.201987 1198 4172
84.206367 894 4172
84.206413 1198 4172
84.228975 1198 4172
84.229024 1198 4172
84.237968 638 4172
84.238020 1198 4172
84.240979 366 4172
84.241000 1198 4172
84.241029 1198 4172
84.249441 1198 4172
84.257767 1198 4172
84.257796 1198 4172
84.275914 1198 4172
84.289930 1198 4172
84.289967 1198 4172
84.290001 1198 4172
84.305593 1198 4172
84.305719 1198 4172
84.305743 510 4172
84.305780 1198 4172
84.325090 1198 4172
84.325507 1198 4172
84.325745 350 4172
84.326198 1198 4172
84.326246 1198 4172
84.329490 574 4172
84.329528 110 4172
84.329560 1198 4172
84.329592 1198 4172
84.337097 782 4172
84.337125 286 4172
84.337160 190 4172
84.347474 190 4172
84.347513 190 4172
84.347543 1198 4172
84.347575 1198 4172
84.353141 1038 4172
84.353175 1198 4172
84.365648 1198 4172
84.368888 1054 4172
84.368917 1198 4172
84.378920 1198 4172
84.378987 1198 4172
84.384946 222 4172
84.384977 1198 4172
84.393141 1198 4172
84.393184 1198 4172
84.400888 190 4172
84.400914 1198 4172
84.403832 60 60000
84.411948 1198 4172
84.411982 1198 4172
84.416849 238 4172
84.416887 1198 4172
84.428741 1198 4172
84.428784 1198 4172
84.428830 334 4172
84.432830 1198 4172
84.432870 1198 4172
84.440881 1198 4172
84.452346 126 4172
84.455474 1198 4172
84.455508 1198 4172
84.455559 686 4172
84.457088 1198 4172
84.466559 590 4172
84.466594 174 4172
84.466624 174 4172
84.466652 1198 4172
84.473476 1198 4172
84.478283 158 4172
84.478311 446 4172
84.478344 206 4172
84.478374 174 4172
84.478403 174 4172
84.481670 174 4172
84.488979 1198 4172
84.489012 1198 4172
84.489043 1198 4172
84.496951 270 4172
84.496983 1198 4172
84.506206 1198 4172
84.506896 1198 4172
84.515393 222 4172
84.515435 1198 4172
84.523402 1198 4172
84.529126 622 4172
84.529166 1198 4172
84.539686 1198 4172
84.539737 1198 4172
84.543299 702 4172
84.543344 1198 4172
84.553790 1198 4172
84.553973 1198 4172
84.560929 606 4172
84.560963 1198 4172
84.569182 1198 4172
84.569222 1198 4172
84.576988 1198 4172
84.586816 766 4172
84.586884 1198 4172
84.593060 1198 4172
84.593085 1198 4172
84.606713 110 4172
84.606751 270 4172
84.606787 1198 4172
84.608998 1198 4172
84.609049 990 4172
84.617004 1198 4172
84.617048 766 4172
84.624944 174 4172
84.624980 174 4172
84.625018 206 4172
84.625052 1198 4172
84.629352 814 4172
84.629395 1198 4172
84.640910 942 4172
84.659641 1198 4172
84.659660 382 4172
84.659690 110 4172
84.662194 1198 4172
84.662262 222 4172
84.672908 1198 4172
84.739909 1198 4172
84.739955 510 4172
84.759300 110 4172
84.764565 174 4172
84.764602 1198 4172
84.764633 1198 4172
84.764659 558 4172
84.764694 158 4172
84.790835 398 4172
84.804887 1198 4172
84.804961 1198 4172
84.804997 542 4172
84.839846 926 4172
84.848869 110 4172
84.862075 110 4172
84.892950 142 4172
84.923391 1198 4172
84.923441 1198 4172
84.923486 1198 4172
84.923530 1198 4172
84.923571 494 4172
84.937146 1198 4172
84.937259 1198 4172
84.937309 238 4172
84.959921 110 4172
84.981034 894 4172
85.068985 110 4172
85.139956 110 4172
85.157077 1118 4172
85.173854 1102 4172
85.181842 1070 4172
85.193755 974 4172
85.200898 798 4172
85.205467 1038 4172
85.213718 462 4172
85.227246 1198 4172
85.227293 1198 4172
85.227337 1198 4172
85.227374 318 4172
85.233712 1006 4172
85.244934 846 4172
85.258134 238 4172
85.265997 1198 4172
85.266048 526 4172
85.273960 1198 4172
85.274009 702 4172
85.281936 1198 4172
85.282047 574 4172
85.282049 1198 4172
85.289068 1198 4172
85.289124 654 4172
85.305927 1198 4172
85.306020 430 4172
85.317534 1166 4172
85.325838 766 4172
85.332884 1198 4172
85.332930 1198 4172
85.332971 702 4172
85.349858 1198 4172
85.349985 238 4172
85.357981 1198 4172
85.358040 254 4172
85.370210 1198 4172
85.370259 1102 4172
85.376879 1198 4172
85.376923 1198 4172
85.376971 318 4172
85.390129 1198 4172
85.390170 1198 4172
85.390211 414 4172
85.402303 1198 4172
85.402359 1198 4172
85.402399 398 4172
85.402437 110 4172
85.402473 110 4172
85.402509 110 4172
85.414082 1198 4172
85.414135 478 4172
85.420831 1198 4172
85.420897 206 4172
85.437593 1198 4172
85.437635 782 4172
85.449554 1038 4172
85.449610 1198 4172
85.463264 1198 4172
85.465086 1198 4172
85.465128 558 4172
85.482190 1198 4172
85.482236 990 4172
85.494254 1198 4172
85.494303 1198 4172
85.494343 910 4172
85.502286 1198 4172
85.502340 1198 4172
85.502381 1198 4172
85.502420 318 4172
85.502459 606 4172
85.508897 1198 4172
85.508940 1198 4172
85.508977 1198 4172
85.509014 446 4172
85.522335 1198 4172
85.522382 1198 4172
85.522421 1198 4172
85.522459 382 4172
85.534216 1198 4172
85.534266 1198 4172
85.534307 1198 4172
85.534345 526 4172
85.546179 1198 4172
85.546231 1198 4172
85.546270 1166 4172
85.552902 1198 4172
85.552942 1198 4172
85.552981 462 4172
85.567384 1198 4172
85.567477 286 4172
85.578160 1198 4172
85.578208 1198 4172
85.578247 254 4172
85.590286 1198 4172
85.590325 1198 4172
85.590362 510 4172
85.596895 1198 4172
85.596944 1198 4172
85.596982 1198 4172
85.597017 942 4172
85.610516 1198 4172
85.610566 1198 4172
85.610614 1198 4172
85.610653 1198 4172
85.610690 670 4172
85.618408 1198 4172
85.618456 1198 4172
85.618494 1198 4172
85.618530 1198 4172
85.618566 798 4172
85.625328 1198 4172
85.625367 1198 4172
85.625407 1198 4172
85.632939 1198 4172
85.641076 670 4172
85.641115 1198 4172
85.648951 1198 4172
85.648992 1198 4172
85.657339 110 4172
85.657385 110 4172
85.657425 110 4172
85.657463 110 4172
85.657499 1198 4172
85.664937 878 4172
85.664986 1198 4172
85.673071 1198 4172
85.681002 1198 4172
85.681058 270 4172
85.684948 1198 4172
85.684986 1198 4172
85.696968 1198 4172
85.697007 1198 4172
85.705207 334 4172
85.705263 1198 4172
85.712928 686 4172
85.712982 414 4172
85.713025 1198 4172
85.721183 1198 4172
85.721231 1198 4172
85.728899 494 4172
85.772969 110 4172
85.860959 110 4172
85.945216 110 4172
85.945304 110 4172
85.945355 110 4172
86.208977 110 4172
86.209093 110 4172
86.209142 110 4172
86.473132 110 4172
86.473289 110 4172
86.473362 110 4172
86.644975 110 4172
86.732978 110 4172
86.777319 110 4172
87.040870 110 4172
87.564973 110 4172
87.652995 110 4172
87.740872 110 4172
87.828913 110 4172
88.093033 110 4172
88.665165 110 4172
88.753035 110 4172
89.673112 110 4172
89.760852 110 4172
90.680965 110 4172
90.740144 110 4172
90.769005 110 4172
91.644900 110 4172
91.777012 110 4172
92.657053 110 4172
92.744924 110 4172
93.444866 110 4172
93.664924 110 4172
93.753144 110 4172
94.676938 110 4172
94.764868 110 4172
95.680856 110 4172
95.768954 110 4172
96.121050 110 4172
96.648838 110 4172
96.780764 110 4172
97.656954 110 4172
97.744862 110 4172
98.748867 110 4172
98.836952 110 4172
99.668831 110 4172
99.756835 110 4172
100.672933 110 4172
100.760765 110 4172
101.465147 110 4172
101.640757 110 4172
101.768815 110 4172
102.680850 110 4172
102.768878 110 4172
103.644713 110 4172
103.776818 110 4172
104.124833 110 4172
104.608889 1198 4172
104.608926 1198 4172
104.608964 1198 4172
104.609002 1198 4172
104.609035 1198 4172
104.609067 1198 4172
104.609100 654 4172
104.621087 1198 4172
104.621123 1198 4172
104.621156 1198 4172
104.621186 1198 4172
104.624721 686 4172
104.635216 1198 4172
104.635349 1198 4172
104.635353 1198 4172
104.635399 1198 4172
104.635418 1198 4172
104.640736 1198 4172
104.640784 670 4172
104.648834 110 4172
104.648884 1198 4172
104.648927 1198 4172
104.652706 1198 4172
104.652747 1198 4172
104.656852 60 60000
104.665329 1198 4172
104.672677 1198 4172
104.672709 1198 4172
104.680751 1198 4172
104.680787 862 4172
104.688869 1198 4172
104.688910 1198 4172
104.696833 1198 4172
104.696893 1198 4172
104.704757 1198 4172
104.712853 1198 4172
104.712964 398 4172
104.713021 1198 4172
104.720755 1198 4172
104.729274 1198 4172
104.729394 1198 4172
104.736813 1198 4172
104.736855 1198 4172
104.740639 1198 4172
104.740683 190 4172
104.740744 1198 4172
104.752811 1198 4172
104.760803 1198 4172
104.760820 1198 4172
104.768750 110 4172
104.768804 1198 4172
104.768853 1198 4172
104.779627 1198 4172
104.784784 334 4172
104.784827 1198 4172
104.784865 1198 4172
104.794512 1198 4172
104.794560 1198 4172
104.800847 1198 4172
104.808885 1198 4172
104.808889 1054 4172
104.816778 1198 4172
104.816821 1198 4172
104.824895 1198 4172
104.824932 1198 4172
104.830117 1198 4172
104.840860 1198 4172
104.840935 1198 4172
104.848765 1198 4172
104.848788 1198 4172
104.857006 1198 4172
104.864735 1198 4172
104.872776 1198 4172
104.872818 206 4172
104.872850 1198 4172
104.880817 1198 4172
104.890248 462 4172
104.890573 1198 4172
104.890632 1198 4172
104.896682 1198 4172
104.904820 1198 4172
104.904861 1198 4172
104.912716 1198 4172
104.912749 254 4172
104.912787 1198 4172
104.916850 1198 4172
104.916886 1198 4172
104.928713 110 4172
104.938979 1198 4172
104.939171 1198 4172
104.945809 398 4172
104.946137 1198 4172
104.952767 1198 4172
104.952802 1198 4172
104.960749 1198 4172
104.960782 1198 4172
104.969298 1198 4172
104.969344 446 4172
104.976701 1198 4172
104.976736 1198 4172
104.987569 1198 4172
104.987739 1198 4172
104.995800 1198 4172
104.995896 1198 4172
105.013804 1198 4172
105.029810 302 4172
105.030058 1198 4172
105.030096 1198 4172
105.030127 1198 4172
105.030159 1198 4172
105.030203 1198 4172
105.040578 1198 4172
105.040790 702 4172
105.040823 1198 4172
105.040896 1198 4172
105.050516 1198 4172
105.050604 510 4172
105.056938 1198 4172
105.056976 1198 4172
105.067007 814 4172
105.067065 1198 4172
105.072696 1198 4172
105.072730 1198 4172
105.092371 1198 4172
105.093391 1198 4172
105.096922 1198 4172
105.096960 1198 4172
105.096992 670 4172
105.113991 1198 4172
105.114467 1198 4172
105.120982 1198 4172
105.121038 1198 4172
105.121090 1198 4172
105.121126 1198 4172
105.134063 510 4172
105.134108 1198 4172
105.136909 126 4172
105.136943 1198 4172
105.136970 1198 4172
105.155945 1198 4172
105.158945 1198 4172
105.159784 1198 4172
105.175336 446 4172
105.176022 1198 4172
105.176049 1198 4172
105.177582 1198 4172
105.178793 1198 4172
105.178880 1198 4172
105.179397 1198 4172
105.187848 766 4172
105.187938 1198 4172
105.190741 1198 4172
105.190823 1198 4172
105.208098 110 4172
105.208154 1198 4172
105.210545 1198 4172
105.210626 1198 4172
105.216888 558 4172
105.217013 1198 4172
105.217272 1198 4172
105.228659 1198 4172
105.228742 1198 4172
105.237065 1198 4172
105.241979 254 4172
105.242016 1198 4172
105.242050 1198 4172
105.248706 1198 4172
105.248743 1198 4172
105.258383 1198 4172
105.258434 222 4172
105.264904 1198 4172
105.264939 1198 4172
105.273118 1198 4172
105.273208 1198 4172
105.281709 1150 4172
105.281983 1198 4172
105.287908 1198 4172
105.287957 1198 4172
105.298282 1198 4172
105.298328 1198 4172
105.311844 1198 4172
105.313549 1006 4172
105.314298 1198 4172
105.320756 1198 4172
105.320801 1198 4172
105.332522 1198 4172
105.337683 1198 4172
105.340330 542 4172
105.344739 1198 4172
105.344775 1198 4172
105.344804 1198 4172
105.344832 1198 4172
105.355059 1198 4172
105.363286 926 4172
105.363327 1198 4172
105.364568 1198 4172
105.364602 1198 4172
105.376795 1198 4172
105.376874 1198 4172
105.384973 1198 4172
105.385014 142 4172
105.385044 1198 4172
105.393302 1198 4172
105.393338 1198 4172
105.413288 1198 4172
105.415549 1198 4172
105.415614 1198 4172
105.426690 1198 4172
105.426733 1198 4172
105.435221 1198 4172
105.435271 1198 4172
105.435302 1198 4172
105.435329 1198 4172
105.440742 238 4172
105.440778 1198 4172
105.448941 1198 4172
105.448991 1198 4172
105.457121 110 4172
105.457219 190 4172
105.457251 1198 4172
105.457287 1198 4172
105.464768 1198 4172
105.464812 318 4172
105.464844 1198 4172
105.472937 1198 4172
105.492560 1198 4172
105.523263 1198 4172
105.524853 910 4172
105.532507 286 4172
105.532590 270 4172
105.532635 1198 4172
105.532667 574 4172
105.532701 1198 4172
105.532732 1198 4172
105.532764 1198 4172
105.532791 558 4172
105.532819 1198 4172
105.532848 1198 4172
105.532879 1198 4172
105.532912 590 4172
105.532945 1198 4172
105.532988 1198 4172
105.536689 1198 4172
105.536826 60 60000
105.544745 1198 4172
105.552709 174 4172
105.552753 1198 4172
105.552786 1198 4172
105.560929 1198 4172
105.569220 1198 4172
105.569652 622 4172
105.576774 1198 4172
105.576815 1198 4172
105.584309 606 4172
105.584365 1198 4172
105.584401 1198 4172
105.593031 638 4172
105.593114 1198 4172
105.600748 606 4172
105.600783 1198 4172
105.600812 1198 4172
105.608726 1198 4172
105.617007 718 4172
105.617082 1198 4172
105.617115 1198 4172
105.624746 1198 4172
105.624791 1022 4172
105.632705 1198 4172
105.632742 1198 4172
105.640957 1198 4172
105.641000 910 4172
105.648732 1198 4172
105.648773 1198 4172
105.656840 1198 4172
105.656871 110 4172
105.656907 894 4172
105.664752 1198 4172
105.664798 1198 4172
105.669914 1198 4172
105.669962 1118 4172
105.683283 174 4172
105.683439 1198 4172
105.683453 1198 4172
105.712729 302 4172
105.712765 446 4172
105.712796 414 4172
105.722949 110 4172
105.740306 462 4172
105.760567 110 4172
105.760651 446 4172
105.825857 1198 4172
105.825942 1198 4172
105.825984 350 4172
105.826024 302 4172
105.826050 670 4172
105.826082 238 4172
105.836685 238 4172
105.836740 158 4172
105.859890 110 4172
105.862553 1198 4172
105.862569 1198 4172
105.862597 1022 4172
105.865313 1198 4172
105.865351 1198 4172
105.865378 1198 4172
105.865407 542 4172
105.870742 1198 4172
105.870765 1198 4172
105.870799 1198 4172
105.870830 574 4172
105.870862 1198 4172
105.870894 1198 4172
105.870925 1198 4172
105.876650 1198 4172
105.881333 1198 4172
105.881385 606 4172
105.881411 1198 4172
105.881439 1198 4172
105.892674 590 4172
105.892710 1198 4172
105.892741 654 4172
105.900712 1198 4172
105.900752 1198 4172
105.908686 1198 4172
105.908723 1198 4172
105.916693 574 4172
105.916733 1198 4172
105.916779 1198 4172
105.924809 1198 4172
105.924846 686 4172
105.932728 1198 4172
105.932769 1198 4172
105.940643 1198 4172
105.940694 974 4172
105.948857 1198 4172
105.948939 1198 4172
105.956757 110 4172
105.956806 1198 4172
105.956872 1198 4172
105.964771 238 4172
105.964828 1198 4172
105.964883 1198 4172
105.968710 1198 4172
105.968750 830 4172
105.980802 1198 4172
105.980811 1198 4172
105.988749 1198 4172
105.988795 1070 4172
106.012717 110 4172
106.012806 126 4172
106.012827 670 4172
106.040309 1198 4172
106.040322 1198 4172
106.040359 1198 4172
106.040395 366 4172
106.057251 110 4172
106.090934 254 4172
106.100765 126 4172
106.144719 110 4172
106.253316 110 4172
106.265205 126 4172
106.265260 110 4172
106.273202 126 4172
106.276617 126 4172
106.293183 126 4172
106.305138 126 4172
106.317179 126 4172
106.320675 126 4172
106.337174 126 4172
106.349927 126 4172
106.361596 894 4172
106.364696 1134 4172
106.381491 1022 4172
106.389746 606 4172
106.397756 430 4172
106.409193 494 4172
106.417718 558 4172
106.425816 574 4172
106.433737 558 4172
106.445918 622 4172
106.452677 766 4172
106.469883 958 4172
106.477962 894 4172
106.490062 942 4172
106.496675 1198 4172
106.496719 606 4172
106.511064 990 4172
106.521580 1198 4172
106.521714 238 4172
106.521716 110 4172
106.521756 110 4172
106.521786 110 4172
106.540832 526 4172
106.553879 638 4172
106.561812 766 4172
106.573865 750 4172
106.585143 750 4172
106.597927 878 4172
106.597992 782 4172
106.605923 1166 4172
106.618023 1198 4172
106.618077 414 4172
106.628721 1198 4172
106.628765 126 4172
106.638120 1198 4172
106.638171 382 4172
106.649681 1198 4172
106.649795 1198 4172
106.649828 446 4172
106.649868 110 4172
106.663106 1198 4172
106.663192 158 4172
106.669487 1198 4172
106.669531 574 4172
106.672681 942 4172
106.689931 830 4172
106.701865 894 4172
106.713906 1118 4172
106.716569 1118 4172
106.733941 1134 4172
106.740145 1198 4172
106.740199 302 4172
106.746002 110 4172
106.754051 1198 4172
106.754105 766 4172
106.760882 1198 4172
106.760936 1198 4172
106.760978 238 4172
106.778659 1198 4172
106.778801 942 4172
106.790294 1198 4172
106.790374 1198 4172
106.790399 414 4172
106.790433 110 4172
106.790463 110 4172
106.790493 110 4172
106.797613 1198 4172
106.797660 1198 4172
106.797697 1198 4172
106.797733 1198 4172
106.797769 206 4172
106.804663 1198 4172
106.804718 526 4172
106.821506 1198 4172
106.821556 1198 4172
106.821597 270 4172
106.829913 1198 4172
106.829962 174 4172
106.840129 1198 4172
106.840169 334 4172
106.841838 110 4172
106.848707 622 4172
106.862043 1198 4172
106.862080 862 4172
106.869930 1198 4172
106.869974 942 4172
106.881963 1198 4172
106.882016 990 4172
106.882088 1198 4172
106.890290 1198 4172
106.890338 1198 4172
106.890376 254 4172
106.892570 1198 4172
106.892612 1198 4172
106.892649 942 4172
106.910115 1198 4172
106.910164 1198 4172
106.910200 1198 4172
106.922465 1198 4172
106.922600 1198 4172
106.922632 878 4172
106.934718 1198 4172
106.934767 1198 4172
106.934870 1198 4172
106.934913 942 4172
106.936853 1198 4172
106.936919 1198 4172
106.936960 1198 4172
106.937005 1198 4172
106.937044 382 4172
106.937081 750 4172
106.945353 1198 4172
106.945397 1198 4172
106.945434 110 4172
106.957583 430 4172
106.965988 1102 4172
106.974148 1198 4172
106.974198 1198 4172
106.974234 494 4172
106.980681 1198 4172
106.980728 1086 4172
106.994283 1198 4172
106.994324 1198 4172
106.994362 1198 4172
106.994398 670 4172
107.006313 1198 4172
107.006361 1198 4172
107.006398 1198 4172
107.006437 814 4172
107.006476 1198 4172
107.018517 1198 4172
107.018607 1198 4172
107.018647 1198 4172
107.018685 1134 4172
107.024785 1198 4172
107.024828 1198 4172
107.024861 1198 4172
107.024893 1198 4172
107.024928 414 4172
107.033113 1198 4172
107.033153 1198 4172
107.033187 1198 4172
107.033224 1198 4172
107.040703 1166 4172
107.040747 1198 4172
107.048904 1198 4172
107.048947 1198 4172
107.056748 1198 4172
107.056853 110 4172
107.056899 110 4172
107.056938 110 4172
107.064838 110 4172
107.064894 1198 4172
107.064940 1118 4172
107.068663 1198 4172
107.068713 1198 4172
107.068756 1198 4172
107.081037 1198 4172
107.081128 574 4172
107.089621 1198 4172
107.089658 1198 4172
107.096889 1198 4172
107.096947 1198 4172
107.112933 1198 4172
107.112979 974 4172
107.156936 110 4172
107.244694 110 4172
107.333019 110 4172
107.333175 110 4172
107.333259 110 4172
107.592940 110 4172
107.593128 110 4172
107.680816 110 4172
107.769028 110 4172
107.856916 110 4172
107.857573 110 4172
107.857624 110 4172
108.124153 110 4172
108.124191 110 4172
108.124223 110 4172
108.384769 110 4172
108.644669 110 4172
108.772759 110 4172
108.948838 110 4172
109.212804 110 4172
109.476763 110 4172
109.652806 110 4172
109.740396 110 4172
109.740599 110 4172
110.665210 110 4172
110.752749 110 4172
111.673113 110 4172
111.760718 110 4172
112.420697 110 4172
112.640533 110 4172
112.772698 110 4172
113.648632 110 4172
114.660937 110 4172
114.748733 110 4172
115.100756 110 4172
115.672789 110 4172
115.760680 110 4172
116.676808 110 4172
116.764666 110 4172
117.644603 110 4172
117.752765 110 4172
117.776741 110 4172
118.656772 110 4172
118.744980 110 4172
119.744625 110 4172
120.448664 110 4172
120.660643 110 4172
121.760654 110 4172
122.676650 110 4172
122.764650 110 4172
123.644516 110 4172
123.777047 110 4172
124.648568 110 4172
124.780572 110 4172
125.657577 110 4172
125.783694 1198 4172
125.783739 1198 4172
125.783774 1198 4172
125.783802 1198 4172
125.783830 1198 4172
125.783860 1198 4172
125.783888 862 4172
125.788490 1198 4172
125.788523 1198 4172
125.788559 1198 4172
125.788591 1198 4172
125.788623 1102 4172
125.796404 60 60000
125.808005 1198 4172
125.808024 1198 4172
125.808080 1198 4172
125.808112 1198 4172
125.808150 1198 4172
125.808181 1198 4172
125.808216 1198 4172
125.808248 558 4172
125.808374 1198 4172
125.808417 1198 4172
125.808455 1198 4172
125.808492 1198 4172
125.816572 1198 4172
125.824746 1198 4172
125.824792 1198 4172
125.832654 110 4172
125.832728 1006 4172
125.832779 1198 4172
125.840527 1198 4172
125.840576 1198 4172
125.848705 1198 4172
125.848741 1198 4172
125.856572 1198 4172
125.856613 782 4172
125.856660 1198 4172
125.864628 1198 4172
125.864677 1198 4172
125.872555 1198 4172
125.872601 1198 4172
125.876510 1198 4172
125.876552 302 4172
125.876595 1198 4172
125.888618 1198 4172
125.888652 1198 4172
125.896632 1198 4172
125.896655 1198 4172
125.904531 1198 4172
125.904557 606 4172
125.904585 1198 4172
125.912681 1198 4172
125.912732 1198 4172
125.920544 1198 4172
125.920586 1198 4172
125.928615 910 4172
125.928652 1198 4172
125.936461 1198 4172
125.936505 1198 4172
125.944606 1198 4172
125.944645 1198 4172
125.952583 1198 4172
125.961609 638 4172
125.961645 1198 4172
125.964409 1198 4172
125.964443 1198 4172
125.976563 1198 4172
125.976596 1198 4172
125.984505 1198 4172
125.984533 958 4172
125.992573 1198 4172
125.992600 1198 4172
125.992637 1198 4172
126.000593 1198 4172
126.000634 1198 4172
126.008542 1198 4172
126.016569 1198 4172
126.024977 1198 4172
126.025010 1198 4172
126.032504 1198 4172
126.032533 1198 4172
126.040607 1198 4172
126.040651 350 4172
126.048506 1198 4172
126.048544 1198 4172
126.048583 1198 4172
126.052465 414 4172
126.052496 1198 4172
126.064556 1198 4172
126.064581 1198 4172
126.072668 1198 4172
126.072698 1198 4172
126.072728 302 4172
126.080575 1198 4172
126.080596 1198 4172
126.088699 1198 4172
126.088724 1198 4172
126.096459 1198 4172
126.096489 1198 4172
126.096525 110 4172
126.104537 318 4172
126.104560 1198 4172
126.104600 1198 4172
126.112506 1198 4172
126.120581 1198 4172
126.120686 1198 4172
126.120713 862 4172
126.128548 1198 4172
126.128585 1198 4172
126.136836 1198 4172
126.136890 510 4172
126.136925 1198 4172
126.140480 1198 4172
126.140516 1198 4172
126.152596 1198 4172
126.152619 1198 4172
126.160619 1198 4172
126.160630 1198 4172
126.170486 1198 4172
126.170598 1198 4172
126.179600 862 4172
126.179662 1198 4172
126.179706 1198 4172
126.184577 1198 4172
126.184599 1198 4172
126.192552 1198 4172
126.192591 1198 4172
126.200601 398 4172
126.200648 1198 4172
126.208513 1198 4172
126.208535 1198 4172
126.220072 1198 4172
126.220114 1198 4172
126.222205 1198 4172
126.222752 686 4172
126.229436 1198 4172
126.232624 1198 4172
126.232660 1198 4172
126.241206 622 4172
126.241504 1198 4172
126.241961 1198 4172
126.248622 1198 4172
126.248657 1022 4172
126.256645 1198 4172
126.257219 1198 4172
126.257276 1198 4172
126.275532 1198 4172
126.275552 1198 4172
126.283497 1198 4172
126.283634 958 4172
126.283661 1198 4172
126.283689 1198 4172
126.290975 1198 4172
126.291106 1198 4172
126.291138 1198 4172
126.296827 846 4172
126.296856 1198 4172
126.304539 1198 4172
126.304570 1198 4172
126.319085 1198 4172
126.324668 1198 4172
126.325951 718 4172
126.326678 1198 4172
126.328543 1198 4172
126.328571 1198 4172
126.328599 126 4172
126.328630 1198 4172
126.337378 1198 4172
126.337412 606 4172
126.337450 1198 4172
126.362158 1198 4172
126.362642 1198 4172
126.368540 1198 4172
126.368563 1198 4172
126.368596 110 4172
126.368626 1198 4172
126.368656 1198 4172
126.368686 942 4172
126.368716 1198 4172
126.368744 1198 4172
126.377193 1198 4172
126.377295 1198 4172
126.384062 1198 4172
126.384105 1198 4172
126.384142 398 4172
126.395447 1198 4172
126.395481 1198 4172
126.401780 1198 4172
126.401807 1198 4172
126.413731 1198 4172
126.413764 894 4172
126.416497 1198 4172
126.416527 1198 4172
126.416554 1198 4172
126.425635 1198 4172
126.425796 1198 4172
126.432496 1198 4172
126.432529 1198 4172
126.454692 158 4172
126.464560 1198 4172
126.464715 1198 4172
126.464931 1198 4172
126.472612 1198 4172
126.472631 1198 4172
126.472659 1198 4172
126.472688 254 4172
126.472716 1198 4172
126.472743 1198 4172
126.472769 1198 4172
126.472795 1198 4172
126.472822 1198 4172
126.483241 1198 4172
126.483368 318 4172
126.483394 1198 4172
126.488071 1198 4172
126.496594 1198 4172
126.496639 1198 4172
126.504587 1198 4172
126.504612 782 4172
126.504648 1198 4172
126.513459 1198 4172
126.513540 1198 4172
126.529806 462 4172
126.530313 1198 4172
126.530346 1198 4172
126.550329 766 4172
126.550524 1198 4172
126.550578 766 4172
126.550611 1198 4172
126.565098 1198 4172
126.565249 302 4172
126.565280 1198 4172
126.565307 1198 4172
126.565335 798 4172
126.565369 1198 4172
126.574203 1198 4172
126.574236 1198 4172
126.574269 1198 4172
126.574314 1198 4172
126.576527 1198 4172
126.576553 686 4172
126.596612 1198 4172
126.596911 1198 4172
126.612531 1198 4172
126.631665 318 4172
126.631766 1198 4172
126.638115 1198 4172
126.638163 366 4172
126.641729 1198 4172
126.649676 1198 4172
126.649743 1198 4172
126.649785 1198 4172
126.649816 1198 4172
126.649848 894 4172
126.649877 1198 4172
126.649913 1198 4172
126.649942 110 4172
126.649973 766 4172
126.650002 1198 4172
126.650037 1198 4172
126.650066 1198 4172
126.650095 110 4172
126.650124 1198 4172
126.656513 334 4172
126.656542 1198 4172
126.656575 1198 4172
126.665533 1198 4172
126.666775 1198 4172
126.673220 1198 4172
126.673267 894 4172
126.683395 1198 4172
126.683430 1198 4172
126.694856 318 4172
126.694904 1198 4172
126.694939 1086 4172
126.696657 1198 4172
126.696693 1198 4172
126.701092 60 60000
126.704506 1198 4172
126.704537 398 4172
126.704567 446 4172
126.713028 1198 4172
126.713119 270 4172
126.714261 1198 4172
126.714304 1198 4172
126.720604 1198 4172
126.720622 1198 4172
126.728787 206 4172
126.728829 1198 4172
126.728852 1198 4172
126.736659 1198 4172
126.736701 1198 4172
126.736735 1198 4172
126.744543 542 4172
126.744573 1198 4172
126.753364 862 4172
126.753420 1198 4172
126.753468 1198 4172
126.760544 110 4172
126.760580 1198 4172
126.760619 1198 4172
126.768494 1198 4172
126.768533 1198 4172
126.768565 126 4172
126.768596 1198 4172
126.785510 1198 4172
126.786520 1198 4172
126.792525 1198 4172
126.792551 1198 4172
126.792580 1198 4172
126.792609 478 4172
126.792636 1198 4172
126.800564 1198 4172
126.800596 1198 4172
126.800630 1198 4172
126.804489 1198 4172
126.804523 1198 4172
126.818031 638 4172
126.818062 1198 4172
126.818090 1198 4172
126.824683 1198 4172
126.824724 1198 4172
126.824756 1198 4172
126.832513 1198 4172
126.832541 350 4172
126.832575 1198 4172
126.843351 1198 4172
126.843424 1198 4172
126.848600 1198 4172
126.848639 1198 4172
126.860235 1198 4172
126.861471 110 4172
126.862605 158 4172
126.862978 1198 4172
126.863013 1198 4172
126.863060 1198 4172
126.864522 1198 4172
126.873313 1198 4172
126.873343 622 4172
126.873376 1198 4172
126.880525 1198 4172
126.880557 1198 4172
126.889279 1198 4172
126.889322 430 4172
126.896531 1198 4172
126.897062 1198 4172
126.898183 1198 4172
126.901836 110 4172
126.904888 1198 4172
126.905028 1198 4172
126.912487 398 4172
126.912531 1198 4172
126.912686 1198 4172
126.924161 1198 4172
126.924324 1198 4172
126.924407 1198 4172
126.928471 1198 4172
126.928515 286 4172
126.928553 1198 4172
126.936922 1198 4172
126.938625 1198 4172
126.953872 1102 4172
126.953903 1198 4172
126.963414 1198 4172
126.963512 1198 4172
126.963537 1070 4172
126.970960 1198 4172
126.971004 1198 4172
126.971032 1198 4172
126.977144 1198 4172
126.977171 1198 4172
126.992840 1198 4172
126.993466 1198 4172
126.993490 414 4172
127.000815 1198 4172
127.000872 1198 4172
127.000931 1198 4172
127.000960 1198 4172
127.000996 878 4172
127.001026 1198 4172
127.005049 1198 4172
127.005924 878 4172
127.036326 1198 4172
127.036378 1198 4172
127.036409 270 4172
127.036437 1198 4172
127.036465 1198 4172
127.036491 1198 4172
127.036517 350 4172
127.036557 1198 4172
127.044533 1198 4172
127.044564 1198 4172
127.044597 1198 4172
127.044631 1198 4172
127.048838 878 4172
127.049033 110 4172
127.049099 1198 4172
127.049132 1198 4172
127.049163 1198 4172
127.066960 1198 4172
127.067062 1198 4172
127.072508 1198 4172
127.072540 1198 4172
127.072568 126 4172
127.072598 1198 4172
127.082940 1198 4172
127.082998 1198 4172
127.088510 1198 4172
127.088543 1198 4172
127.088570 1198 4172
127.092735 478 4172
127.093159 1198 4172
127.093289 1198 4172
127.104509 1198 4172
127.104538 1198 4172
127.104562 1198 4172
127.112835 1198 4172
127.112861 638 4172
127.112893 1198 4172
127.120490 1198 4172
127.120521 1198 4172
127.131187 1198 4172
127.131223 1198 4172
127.131256 1198 4172
127.139972 350 4172
127.140016 1198 4172
127.140048 1198 4172
127.141387 1198 4172
127.141417 1198 4172
127.152479 110 4172
127.152521 1198 4172
127.152551 158 4172
127.152579 1198 4172
127.162769 110 4172
127.162800 1198 4172
127.162827 1198 4172
127.168579 1198 4172
127.168602 1198 4172
127.168636 622 4172
127.178288 1198 4172
127.178340 1198 4172
127.178372 1198 4172
127.184476 1198 4172
127.184498 1198 4172
127.200536 1198 4172
127.200582 414 4172
127.200617 1198 4172
127.212835 1198 4172
127.212857 1198 4172
127.212888 1198 4172
127.212954 1198 4172
127.212986 382 4172
127.213015 1198 4172
127.213042 1198 4172
127.216461 1198 4172
127.216498 1198 4172
127.224878 1198 4172
127.224940 286 4172
127.224974 1198 4172
127.228689 1198 4172
127.228728 1198 4172
127.228764 1198 4172
127.241271 1070 4172
127.241311 1198 4172
127.248487 1198 4172
127.248518 1198 4172
127.248552 1198 4172
127.256759 1054 4172
127.256816 1198 4172
127.256854 1198 4172
127.264651 1198 4172
127.264690 1198 4172
127.272847 1198 4172
127.273151 398 4172
127.273186 1198 4172
127.280510 1198 4172
127.280537 1198 4172
127.280572 1198 4172
127.290296 1198 4172
127.290327 638 4172
127.290360 206 4172
127.290393 1198 4172
127.296541 1198 4172
127.296590 1198 4172
127.304905 1198 4172
127.304947 414 4172
127.304994 1198 4172
127.305033 1198 4172
127.312527 1198 4172
127.316440 1198 4172
127.316480 1166 4172
127.316519 1198 4172
127.328590 1198 4172
127.328639 1198 4172
127.336834 1198 4172
127.336877 1198 4172
127.336931 1198 4172
127.344509 542 4172
127.344560 1198 4172
127.344600 1198 4172
127.352786 1198 4172
127.352825 1198 4172
127.360547 1198 4172
127.360594 1198 4172
127.360628 1198 4172
127.368899 990 4172
127.369000 1198 4172
127.369025 1198 4172
127.376544 1198 4172
127.376588 1198 4172
127.384693 1198 4172
127.384732 1198 4172
127.384771 1134 4172
127.392528 1198 4172
127.392576 1198 4172
127.400810 1198 4172
127.400850 1198 4172
127.400887 1198 4172
127.404474 1198 4172
127.404524 702 4172
127.404569 1198 4172
127.416840 1198 4172
127.416927 1198 4172
127.416955 1198 4172
127.424620 110 4172
127.424676 1198 4172
127.424723 1198 4172
127.432799 462 4172
127.432839 1198 4172
127.440565 1198 4172
127.440609 1198 4172
127.440649 1198 4172
127.449034 814 4172
127.449075 1198 4172
127.449137 1198 4172
127.456600 1198 4172
127.456701 1198 4172
127.464691 1198 4172
127.464738 1198 4172
127.464799 558 4172
127.472443 1198 4172
127.472496 1198 4172
127.472536 1198 4172
127.480912 1198 4172
127.488581 558 4172
127.488641 1198 4172
127.488780 1198 4172
127.493312 1198 4172
127.493361 1198 4172
127.504434 1198 4172
127.504480 1198 4172
127.504524 1198 4172
127.513652 1198 4172
127.513696 1198 4172
127.520536 1150 4172
127.520589 1198 4172
127.520635 1198 4172
127.528744 1198 4172
127.528798 430 4172
127.528834 1198 4172
127.536547 1198 4172
127.536585 1102 4172
127.536625 1198 4172
127.544778 1198 4172
127.544838 1198 4172
127.552595 1198 4172
127.552701 1198 4172
127.552751 510 4172
127.552794 1198 4172
127.560640 1198 4172
127.560699 1198 4172
127.568660 1198 4172
127.568709 1198 4172
127.568752 1198 4172
127.576693 1198 4172
127.576732 1198 4172
127.576775 510 4172
127.580516 126 4172
127.668617 110 4172
127.712576 110 4172
127.724997 126 4172
127.737120 126 4172
127.740376 126 4172
127.744977 110 4172
127.756615 126 4172
127.769056 126 4172
127.781042 126 4172
127.789029 126 4172
127.800771 126 4172
127.813014 126 4172
127.825075 126 4172
127.833457 126 4172
127.840449 1198 4172
127.840498 1198 4172
127.840529 382 4172
127.852857 1022 4172
127.864988 302 4172
127.872931 126 4172
127.886171 126 4172
127.888503 1198 4172
127.888575 1198 4172
127.910219 1198 4172
127.910316 782 4172
127.922175 1198 4172
127.922221 1198 4172
127.932516 1198 4172
127.932569 1198 4172
127.932613 558 4172
127.940430 1198 4172
127.940488 1198 4172
127.940527 542 4172
127.940571 414 4172
127.940614 1198 4172
127.946114 110 4172
127.946161 798 4172
127.954058 1198 4172
127.954109 1150 4172
127.966126 1198 4172
127.966225 926 4172
127.966265 110 4172
127.966310 110 4172
127.966350 110 4172
127.976845 1006 4172
127.989959 1198 4172
127.990062 894 4172
128.002098 1198 4172
128.002149 318 4172
128.004577 1198 4172
128.004623 334 4172
128.014049 1198 4172
128.020466 1198 4172
128.020518 782 4172
128.034777 1198 4172
128.034867 462 4172
128.040405 1198 4172
128.040566 270 4172
128.045807 110 4172
128.058275 1198 4172
128.058350 446 4172
128.064480 1198 4172
128.064535 1198 4172
128.064579 142 4172
128.074485 1198 4172
128.074523 1198 4172
128.074568 1198 4172
128.074609 1086 4172
128.086571 1198 4172
128.086601 1198 4172
128.086640 1198 4172
128.086683 1198 4172
128.086723 734 4172
128.094133 1198 4172
128.094181 1198 4172
128.094219 1198 4172
128.094254 590 4172
128.106637 1198 4172
128.106737 1198 4172
128.106778 1198 4172
128.106819 1198 4172
128.106859 126 4172
128.108419 1198 4172
128.108495 1198 4172
128.108547 1198 4172
128.118348 1198 4172
128.130272 1198 4172
128.130331 1198 4172
128.130376 1198 4172
128.130418 558 4172
128.140506 1198 4172
128.140550 1198 4172
128.140591 1198 4172
128.140630 190 4172
128.153020 110 4172
128.153108 1198 4172
128.153146 1198 4172
128.153185 1198 4172
128.153224 366 4172
128.153261 1102 4172
128.162137 1198 4172
128.162188 1198 4172
128.162232 1198 4172
128.162273 206 4172
128.174220 1198 4172
128.174319 1198 4172
128.174361 622 4172
128.186463 1198 4172
128.186508 1198 4172
128.186548 606 4172
128.196514 1198 4172
128.196561 1198 4172
128.196604 1198 4172
128.196645 382 4172
128.210816 1198 4172
128.210883 1198 4172
128.210925 158 4172
128.217968 1198 4172
128.230311 1198 4172
128.230364 1198 4172
128.230410 110 4172
128.230447 110 4172
128.230485 110 4172
128.230526 110 4172
128.238735 1198 4172
128.238785 1198 4172
128.238834 1198 4172
128.238874 590 4172
128.240491 1198 4172
128.240536 1198 4172
128.240586 1198 4172
128.240625 1198 4172
128.240664 1198 4172
128.240703 1198 4172
128.240742 350 4172
128.251081 110 4172
128.251156 558 4172
128.262834 1198 4172
128.262888 1198 4172
128.262934 1198 4172
128.262977 1198 4172
128.263018 1198 4172
128.263059 1198 4172
128.263097 110 4172
128.274824 1198 4172
128.274883 1198 4172
128.274988 1198 4172
128.275036 1198 4172
128.275075 1198 4172
128.275115 1198 4172
128.275154 974 4172
128.276592 1198 4172
128.276636 1198 4172
128.276675 1198 4172
128.276714 1198 4172
128.276753 1198 4172
128.276792 1198 4172
128.276830 494 4172
128.284518 1198 4172
128.298713 1198 4172
128.298750 1198 4172
128.298797 1198 4172
128.298838 1198 4172
128.298877 1198 4172
128.298924 1198 4172
128.298971 318 4172
128.310656 1198 4172
128.310790 1198 4172
128.310830 1198 4172
128.310871 1198 4172
128.310915 1198 4172
128.310956 702 4172
128.322741 1198 4172
128.322824 1198 4172
128.322869 1198 4172
128.322917 1198 4172
128.322961 1198 4172
128.323002 206 4172
128.328733 1198 4172
128.328773 1198 4172
128.328817 1198 4172
128.328859 1198 4172
128.328913 1198 4172
128.328951 558 4172
128.340523 1198 4172
128.340601 1198 4172
128.340645 1198 4172
128.340681 1198 4172
128.348529 110 4172
128.348578 1198 4172
128.348620 286 4172
128.348662 1198 4172
128.356603 1198 4172
128.356648 1198 4172
128.364549 334 4172
128.364589 1198 4172
128.364634 1198 4172
128.372558 1198 4172
128.372610 462 4172
128.372652 1198 4172
128.380550 1198 4172
128.380592 1198 4172
128.380639 1198 4172
128.388556 1198 4172
128.388610 1198 4172
128.388654 430 4172
128.396578 1198 4172
128.396625 1198 4172
128.396670 1198 4172
128.404517 1102 4172
128.404572 1198 4172
128.404616 1198 4172
128.412549 286 4172
128.412598 1198 4172
128.412642 1198 4172
128.412681 1198 4172
128.416502 574 4172
128.416547 1198 4172
128.416586 1198 4172
128.428511 1198 4172
128.428563 1198 4172
128.428606 1198 4172
128.436526 814 4172
128.436570 1198 4172
128.436614 1198 4172
128.444564 1198 4172
128.444605 1198 4172
128.444642 1198 4172
128.452466 1198 4172
128.452615 110 4172
128.452661 1198 4172
128.452702 1198 4172
128.460415 1198 4172
128.460449 638 4172
128.460497 1198 4172
128.460539 1198 4172
128.468536 1198 4172
128.468584 1198 4172
128.476526 1198 4172
128.476584 1198 4172
128.476629 1198 4172
128.484530 1198 4172
128.484580 1198 4172
128.484623 1198 4172
128.492541 430 4172
128.492590 1198 4172
128.492633 110 4172
128.492673 110 4172
128.492714 1198 4172
128.492754 1198 4172
128.500537 1198 4172
128.500579 1198 4172
128.500620 1198 4172
128.504676 1198 4172
128.504724 1198 4172
128.516543 1198 4172
128.516586 286 4172
128.516633 1198 4172
128.524543 1198 4172
128.524592 1198 4172
128.524637 1198 4172
128.532502 1198 4172
128.532561 1198 4172
128.532608 1198 4172
128.540493 1198 4172
128.540541 1198 4172
128.548572 110 4172
128.548618 830 4172
128.548661 1198 4172
128.548703 1198 4172
128.548746 1198 4172
128.556609 1198 4172
128.556683 1198 4172
128.556726 1198 4172
128.564553 1198 4172
128.572565 1198 4172
128.572623 958 4172
128.572670 1198 4172
128.572714 1198 4172
128.580414 1198 4172
128.580459 1198 4172
128.580499 1198 4172
128.588587 1198 4172
128.588636 1198 4172
128.588677 1198 4172
128.592451 1198 4172
128.592500 1198 4172
128.592534 318 4172
128.604546 1198 4172
128.604727 1198 4172
128.604768 1198 4172
128.612572 1198 4172
128.612621 1198 4172
128.612664 1198 4172
128.620532 1198 4172
128.620587 1198 4172
128.620631 782 4172
128.620675 1198 4172
128.620715 1198 4172
128.628506 1198 4172
128.628555 1198 4172
128.636495 1198 4172
128.636546 1198 4172
128.644543 1198 4172
128.644592 1198 4172
128.644635 206 4172
128.644674 1198 4172
128.652581 1198 4172
128.652631 110 4172
128.652675 1198 4172
128.652720 1198 4172
128.660502 1198 4172
128.660553 1198 4172
128.660596 1198 4172
128.668563 1198 4172
128.668608 1198 4172
128.668653 862 4172
128.676528 1198 4172
128.676573 1198 4172
128.680645 1198 4172
128.680699 1198 4172
128.680743 1198 4172
128.680783 1198 4172
128.692536 1198 4172
128.692590 254 4172
128.700575 1198 4172
128.700620 1198 4172
128.700664 1198 4172
128.708507 1198 4172
128.708545 1198 4172
128.708604 1198 4172
128.708649 1198 4172
128.716519 334 4172
128.716572 1198 4172
128.716616 1198 4172
128.724557 1198 4172
128.724623 1198 4172
128.724678 1198 4172
128.732535 1198 4172
128.732592 1198 4172
128.732645 1198 4172
128.732692 494 4172
128.740452 1198 4172
128.740501 1198 4172
128.740545 590 4172
128.740587 382 4172
128.748571 110 4172
128.748621 1198 4172
128.748666 1198 4172
128.748703 1198 4172
128.748741 1198 4172
128.756573 110 4172
128.756623 110 4172
128.756671 110 4172
128.756715 1198 4172
128.756754 990 4172
128.764476 1198 4172
128.764519 1198 4172
128.764562 1198 4172
128.768495 1198 4172
128.768543 1198 4172
128.812481 1198 4172
128.812543 1198 4172
128.812591 1102 4172
128.840621 1198 4172
128.856739 110 4172
128.984883 110 4172
129.028504 110 4172
129.028597 110 4172
129.028654 110 4172
129.336813 110 4172
129.336907 110 4172
129.336950 110 4172
129.600702 110 4172
129.600870 110 4172
129.600912 110 4172
129.644470 110 4172
129.772625 110 4172
129.860608 110 4172
130.120665 110 4172
130.384710 110 4172
130.648638 110 4172
130.648710 110 4172
130.781275 110 4172
130.912495 110 4172
131.176786 110 4172
131.484451 110 4172
131.660543 110 4172
131.740673 110 4172
131.748448 110 4172
132.616528 126 4172
132.616696 1198 4172
132.616738 1198 4172
132.616778 1198 4172
132.616820 1198 4172
132.616860 1198 4172
132.616898 1198 4172
132.616938 1198 4172
132.616978 1198 4172
132.617018 1198 4172
132.617057 1198 4172
132.617097 286 4172
132.660475 110 4172
132.836611 110 4172
133.100482 110 4172
133.360455 110 4172
133.668554 110 4172
133.752560 110 4172
134.676501 110 4172
134.764473 110 4172
135.668510 110 4172
135.756532 110 4172
136.060520 110 4172
136.676425 110 4172
136.764477 110 4172
137.676552 110 4172
137.764424 110 4172
138.676358 110 4172
138.720436 110 4172
139.676410 110 4172
139.764567 110 4172
140.676382 110 4172
140.764289 110 4172
141.416435 110 4172
141.680475 110 4172
141.768490 110 4172
142.644263 110 4172
142.776397 110 4172
143.684439 110 4172
143.772327 110 4172
144.076312 110 4172
144.648344 110 4172
144.780652 110 4172
145.648322 110 4172
145.780321 110 4172
146.656451 110 4172
146.740699 110 4172
146.744247 110 4172
146.916385 1198 4172
146.916420 1198 4172
146.916493 1198 4172
146.916525 1198 4172
146.916561 1198 4172
146.916595 1198 4172
146.916628 1198 4172
146.916661 1006 4172
146.937629 1198 4172
146.937705 1198 4172
146.937707 1198 4172
146.937737 1198 4172
146.937769 1198 4172
146.937803 1198 4172
146.937837 1182 4172
146.937869 1198 4172
146.937901 1198 4172
146.937938 1198 4172
146.937970 1198 4172
146.938002 1198 4172
146.938033 1198 4172
146.938066 590 4172
146.942559 1198 4172
146.942591 1198 4172
146.942621 1198 4172
146.942652 1198 4172
146.942681 1198 4172
146.942710 1198 4172
146.942739 510 4172
146.946929 1198 4172
146.946971 1198 4172
146.947003 1198 4172
146.947035 1198 4172
146.947066 1198 4172
146.947097 1198 4172
146.947127 126 4172
146.952265 1198 4172
146.952303 1198 4172
146.952337 1198 4172
146.960231 1198 4172
146.960281 1198 4172
146.968834 1198 4172
146.968873 1198 4172
146.968902 174 4172
146.968930 1198 4172
146.976312 1198 4172
146.976360 1198 4172
146.976392 1198 4172
146.988336 1198 4172
146.988552 1198 4172
146.989215 1198 4172
146.992321 1198 4172
146.992362 1198 4172
146.992406 1198 4172
147.000390 1198 4172
147.000423 1198 4172
147.000456 1198 4172
147.000485 1198 4172
147.004247 1198 4172
147.004317 510 4172
147.004353 1198 4172
147.021996 1198 4172
147.022044 1198 4172
147.022074 1198 4172
147.024322 1198 4172
147.024357 1198 4172
147.024389 1198 4172
147.034246 622 4172
147.034332 1198 4172
147.034352 1198 4172
147.034385 1198 4172
147.040307 1198 4172
147.040345 1198 4172
147.040377 1198 4172
147.054279 1198 4172
147.054333 558 4172
147.054361 1198 4172
147.054387 1198 4172
147.056253 1198 4172
147.056286 1198 4172
147.064390 1198 4172
147.064433 1198 4172
147.064464 958 4172
147.072462 126 4172
147.072504 1198 4172
147.072539 1198 4172
147.072566 1198 4172
147.084949 1198 4172
147.084993 1198 4172
147.085022 1198 4172
147.088406 1198 4172
147.088483 622 4172
147.088531 1198 4172
147.088575 1198 4172
147.099754 1198 4172
147.099787 1198 4172
147.099817 1198 4172
147.104360 1118 4172
147.104402 1198 4172
147.104431 1198 4172
147.112494 1198 4172
147.112558 1198 4172
147.112602 1198 4172
147.120416 926 4172
147.120537 1198 4172
147.120647 1198 4172
147.128923 1198 4172
147.129012 1198 4172
147.129175 1198 4172
147.136390 1198 4172
147.136520 414 4172
147.136578 1198 4172
147.136633 1198 4172
147.141290 1198 4172
147.141345 1198 4172
147.141400 270 4172
147.141599 1198 4172
147.148447 1198 4172
147.156389 1198 4172
147.156425 1198 4172
147.156461 1198 4172
147.166195 590 4172
147.166282 1198 4172
147.166390 1198 4172
147.172248 1198 4172
147.172282 1198 4172
147.172335 1182 4172
147.180452 1198 4172
147.180503 1198 4172
147.180675 1198 4172
147.188332 1198 4172
147.188378 1198 4172
147.188408 1198 4172
147.195775 1198 4172
147.195823 1198 4172
147.195855 1070 4172
147.204287 1198 4172
147.204313 1198 4172
147.204343 1198 4172
147.212410 1198 4172
147.212463 1198 4172
147.212611 1198 4172
147.220340 1198 4172
147.220372 862 4172
147.228841 1198 4172
147.228905 1198 4172
147.228941 1198 4172
147.236310 1198 4172
147.236370 1198 4172
147.244367 1198 4172
147.244425 1198 4172
147.244461 1198 4172
147.252381 126 4172
147.252427 1198 4172
147.252461 1198 4172
147.260278 110 4172
147.260300 1198 4172
147.260339 1198 4172
147.260378 1198 4172
147.268343 1198 4172
147.268382 1198 4172
147.276478 926 4172
147.276512 1198 4172
147.276550 1198 4172
147.280265 1198 4172
147.280302 1198 4172
147.280334 1198 4172
147.292496 1198 4172
147.292612 1198 4172
147.300300 1198 4172
147.300343 286 4172
147.300424 1198 4172
147.300505 1198 4172
147.308293 1198 4172
147.308328 1198 4172
147.316334 1198 4172
147.316373 1198 4172
147.324443 1198 4172
147.324489 606 4172
147.324527 1198 4172
147.332318 1198 4172
147.332358 1198 4172
147.340310 1198 4172
147.340390 1198 4172
147.340455 1198 4172
147.348225 1198 4172
147.348256 1198 4172
147.356331 1198 4172
147.356365 318 4172
147.356399 1198 4172
147.364376 1198 4172
147.364417 1198 4172
147.368214 1198 4172
147.368245 1198 4172
147.368290 1198 4172
147.380219 1198 4172
147.380299 734 4172
147.380309 1198 4172
147.388312 1198 4172
147.388344 1198 4172
147.396215 1198 4172
147.396262 1198 4172
147.396295 1198 4172
147.404233 1198 4172
147.404265 1198 4172
147.412177 1198 4172
147.412219 670 4172
147.412250 1198 4172
147.420238 1198 4172
147.420272 126 4172
147.420302 1198 4172
147.420331 1198 4172
147.428307 1198 4172
147.428345 1198 4172
147.442040 1198 4172
147.442109 1198 4172
147.442159 1198 4172
147.449013 398 4172
147.449458 1198 4172
147.449531 1198 4172
147.452272 1198 4172
147.452309 1198 4172
147.452341 1198 4172
147.460293 1198 4172
147.460325 1198 4172
147.474571 1198 4172
147.474594 1198 4172
147.474621 1198 4172
147.476253 1198 4172
147.476291 1198 4172
147.492979 1198 4172
147.493023 894 4172
147.493052 1198 4172
147.503799 1198 4172
147.503837 1198 4172
147.503864 350 4172
147.503892 1198 4172
147.503918 1198 4172
147.503944 1198 4172
147.510547 1198 4172
147.510578 270 4172
147.510611 1198 4172
147.519468 1198 4172
147.519597 1198 4172
147.519617 110 4172
147.527948 1198 4172
147.527986 1198 4172
147.528017 1198 4172
147.534460 1198 4172
147.534499 1182 4172
147.534528 1198 4172
147.540265 1198 4172
147.540300 1198 4172
147.548377 1198 4172
147.548414 366 4172
147.548446 430 4172
147.548478 1198 4172
147.556307 1198 4172
147.556343 1198 4172
147.556371 1198 4172
147.567264 1198 4172
147.572228 1198 4172
147.572260 782 4172
147.572294 1198 4172
147.581951 1198 4172
147.581990 1198 4172
147.582018 1198 4172
147.588254 1198 4172
147.588296 1198 4172
147.599352 622 4172
147.599393 1198 4172
147.599422 1198 4172
147.605009 1198 4172
147.605050 1198 4172
147.605077 1198 4172
147.615672 1198 4172
147.615715 862 4172
147.615744 1198 4172
147.620219 1198 4172
147.620252 1198 4172
147.629256 1198 4172
147.629297 1198 4172
147.629324 1198 4172
147.634844 1198 4172
147.634891 430 4172
147.644710 1198 4172
147.644746 1198 4172
147.644772 1198 4172
147.652277 1198 4172
147.652313 1198 4172
147.652340 1198 4172
147.660292 110 4172
147.660332 1198 4172
147.660364 1198 4172
147.668210 1198 4172
147.668244 686 4172
147.668275 1198 4172
147.676338 1198 4172
147.676371 1198 4172
147.676400 1198 4172
147.684222 1198 4172
147.684256 1198 4172
147.684291 1198 4172
147.692692 1198 4172
147.692771 1198 4172
147.700208 1198 4172
147.700243 398 4172
147.700273 1198 4172
147.700303 1198 4172
147.708404 1198 4172
147.708440 1198 4172
147.716346 1198 4172
147.716395 1198 4172
147.716505 1198 4172
147.720297 1198 4172
147.720395 1198 4172
147.732324 1198 4172
147.732373 302 4172
147.732407 1198 4172
147.732439 1198 4172
147.740367 1198 4172
147.748384 1198 4172
147.748442 1198 4172
147.748482 798 4172
147.756435 1198 4172
147.764356 110 4172
147.764410 1198 4172
147.764451 1198 4172
147.764490 590 4172
147.772310 1198 4172
147.772357 1198 4172
147.772397 1198 4172
147.780311 1198 4172
147.780354 1198 4172
147.788395 110 4172
147.788452 1198 4172
147.788497 1198 4172
147.788535 1198 4172
147.796326 494 4172
147.796375 1198 4172
147.796417 1198 4172
147.804278 1198 4172
147.804326 1198 4172
147.804364 910 4172
147.808308 1198 4172
147.810211 1198 4172
147.820385 1198 4172
147.820435 814 4172
147.820474 1198 4172
147.828246 334 4172
147.828298 1198 4172
147.828333 1198 4172
147.836374 1198 4172
147.836425 1198 4172
147.836460 1198 4172
147.844269 1198 4172
147.844314 1198 4172
147.852375 238 4172
147.852420 1198 4172
147.852455 334 4172
147.852492 1198 4172
147.852530 270 4172
147.861370 942 4172
147.861417 910 4172
147.861456 1198 4172
147.861493 1198 4172
147.868318 606 4172
147.868422 1198 4172
147.868468 1070 4172
147.876361 1198 4172
147.876404 1198 4172
147.876440 1198 4172
147.884241 1166 4172
147.884292 1198 4172
147.892352 1198 4172
147.892402 1198 4172
147.892442 1198 4172
147.896204 1134 4172
147.896249 1198 4172
147.896284 1198 4172
147.908225 1198 4172
147.908271 1198 4172
147.908310 1022 4172
147.916334 1198 4172
147.916385 1198 4172
147.924295 1198 4172
147.924336 1054 4172
147.924373 1198 4172
147.932361 1198 4172
147.932401 1198 4172
147.932434 734 4172
147.940230 1198 4172
147.940269 1198 4172
147.940320 1198 4172
147.948339 1198 4172
147.948388 1198 4172
147.948438 814 4172
147.956434 526 4172
147.956485 1150 4172
147.956532 1198 4172
147.956563 862 4172
147.984374 494 4172
147.984448 846 4172
147.984509 126 4172
147.984550 1198 4172
147.984588 254 4172
148.028177 1198 4172
148.028228 398 4172
148.072436 110 4172
148.158510 142 4172
148.160358 190 4172
148.160439 142 4172
148.204231 1198 4172
148.204303 1198 4172
148.204330 1198 4172
148.204361 1198 4172
148.204391 1198 4172
148.204421 302 4172
148.204448 1198 4172
148.204568 1198 4172
148.204600 1198 4172
148.204629 1198 4172
148.204658 830 4172
148.212375 1198 4172
148.212405 1198 4172
148.212434 1198 4172
148.212468 1198 4172
148.212503 1198 4172
148.212535 1198 4172
148.220422 1198 4172
148.220488 1198 4172
148.220529 590 4172
148.220568 1198 4172
148.228198 1198 4172
148.228252 1198 4172
148.228293 1198 4172
148.228331 1198 4172
148.228367 1086 4172
148.228407 1198 4172
148.236313 686 4172
148.236360 1198 4172
148.236401 1198 4172
148.244251 862 4172
148.244302 1198 4172
148.244342 1198 4172
148.248294 1198 4172
148.248340 1198 4172
148.248382 1198 4172
148.260302 206 4172
148.260491 1198 4172
148.260532 1198 4172
148.260570 1198 4172
148.268337 1198 4172
148.268388 1198 4172
148.276311 1198 4172
148.276352 1198 4172
148.276399 1198 4172
148.284247 1198 4172
148.284289 1198 4172
148.284322 1198 4172
148.292296 1198 4172
148.292330 1198 4172
148.292378 1198 4172
148.300269 1198 4172
148.300312 1198 4172
148.300348 158 4172
148.308315 1198 4172
148.308349 1198 4172
148.308388 1198 4172
148.316339 1198 4172
148.316394 110 4172
148.316437 1198 4172
148.316475 1198 4172
148.324365 1198 4172
148.324416 1022 4172
148.324457 1198 4172
148.332248 1198 4172
148.332289 1198 4172
148.332322 1198 4172
148.336267 1198 4172
148.336304 1198 4172
148.336373 1198 4172
148.348248 1198 4172
148.348352 126 4172
148.356365 1198 4172
148.356413 1198 4172
148.356456 1198 4172
148.364320 1198 4172
148.364370 1198 4172
148.364411 1198 4172
148.372244 206 4172
148.372296 1198 4172
148.372341 1198 4172
148.380343 1198 4172
148.380384 1198 4172
148.380424 1198 4172
148.388369 1198 4172
148.388411 1198 4172
148.388449 894 4172
148.396235 1198 4172
148.396277 1198 4172
148.396315 1198 4172
148.404228 1198 4172
148.404265 1198 4172
148.404303 1198 4172
148.412229 1038 4172
148.412272 1198 4172
148.412311 1198 4172
148.420229 1198 4172
148.420270 1198 4172
148.420308 1198 4172
148.424259 1198 4172
148.424315 1198 4172
148.424362 718 4172
148.436227 1198 4172
148.436259 1198 4172
148.436286 1198 4172
148.444254 1198 4172
148.444286 1198 4172
148.444314 1198 4172
148.452694 1198 4172
148.452730 110 4172
148.452763 1198 4172
148.460257 1198 4172
148.460298 1198 4172
148.460333 1198 4172
148.468170 1198 4172
148.468205 574 4172
148.468248 190 4172
148.468283 654 4172
148.512163 222 4172
148.512245 462 4172
148.512281 1198 4172
148.512309 1198 4172
148.512337 270 4172
148.556254 638 4172
148.556319 1198 4172
148.556364 782 4172
148.576294 494 4172
148.592443 110 4172
148.600178 254 4172
148.600235 270 4172
148.629712 1198 4172
148.640624 270 4172
148.644158 110 4172
148.732271 782 4172
148.732282 1198 4172
148.732373 1198 4172
148.732375 558 4172
148.732419 1198 4172
148.732456 1198 4172
148.732495 1198 4172
148.732533 942 4172
148.732572 1198 4172
148.732611 1198 4172
148.732650 926 4172
148.732692 1198 4172
148.732730 1198 4172
148.732769 1198 4172
148.732807 750 4172
148.760089 110 4172
148.760682 1006 4172
148.776226 782 4172
148.820335 1198 4172
148.820409 638 4172
148.861915 110 4172
148.862021 110 4172
148.862023 110 4172
148.862066 110 4172
148.862103 1198 4172
148.864150 1198 4172
148.864192 1150 4172
148.908372 1198 4172
148.908398 350 4172
148.952533 110 4172
148.996362 1198 4172
148.996380 1198 4172
