0.066085 1198 4172
0.066255 1198 4172
0.066295 1198 4172
0.066332 910 4172
0.066369 238 4172
0.154256 110 4172
0.418122 110 4172
0.594103 1198 4172
0.594108 1198 4172
0.594135 1198 4172
0.594162 1198 4172
0.594187 270 4172
0.594217 1102 4172
0.594248 1198 4172
0.594276 670 4172
0.594310 718 4172
0.594337 462 4172
0.594364 638 4172
0.594396 1198 4172
0.594420 766 4172
0.594447 398 4172
0.594473 158 4172
0.594499 158 4172
0.630316 1198 4172
0.630335 1198 4172
0.630365 1198 4172
0.630401 1198 4172
0.630433 1198 4172
0.630466 1198 4172
0.630500 1198 4172
0.630533 1198 4172
0.630565 1134 4172
0.630600 1198 4172
0.630633 1198 4172
0.630665 1198 4172
0.630697 1198 4172
0.630733 1198 4172
0.630766 1198 4172
0.630803 1198 4172
0.630837 1198 4172
0.630871 1198 4172
0.630902 1198 4172
0.630934 1198 4172
0.638141 1198 4172
0.638180 1198 4172
0.638233 1198 4172
0.638264 1198 4172
0.638297 654 4172
0.638336 1198 4172
0.638368 1198 4172
0.638404 1198 4172
0.638441 1198 4172
0.646136 1198 4172
0.646174 1198 4172
0.646214 1198 4172
0.646252 1198 4172
0.646284 1198 4172
0.646317 1198 4172
0.646349 1198 4172
0.646392 1198 4172
0.654098 1198 4172
0.654146 1198 4172
0.654178 1198 4172
0.654209 1198 4172
0.654241 1198 4172
0.662083 1070 4172
0.662138 1198 4172
0.662176 1198 4172
0.662210 1198 4172
0.670109 1198 4172
0.670144 1198 4172
0.670178 1198 4172
0.678150 1198 4172
0.678184 1198 4172
0.678220 1198 4172
0.678252 110 4172
0.678286 1198 4172
0.682002 1198 4172
0.682044 1198 4172
0.682099 1198 4172
0.682161 110 4172
0.682310 1198 4172
0.694077 206 4172
0.694133 1198 4172
0.694178 1198 4172
0.694217 1198 4172
0.694256 1198 4172
0.702193 1198 4172
0.702249 1198 4172
0.702279 1198 4172
0.702311 1198 4172
0.710105 1198 4172
0.710241 1198 4172
0.710283 1198 4172
0.718121 1198 4172
0.718162 1198 4172
0.718203 1198 4172
0.726061 1198 4172
0.726115 1198 4172
0.726154 1198 4172
0.726194 1198 4172
0.734115 1198 4172
0.734164 1198 4172
0.734202 1198 4172
0.734240 1198 4172
0.742156 942 4172
0.742196 1198 4172
0.742242 1198 4172
0.742280 1198 4172
0.750219 1198 4172
0.750278 1198 4172
0.750310 1198 4172
0.750343 1198 4172
0.758069 1198 4172
0.758120 1198 4172
0.758160 1198 4172
0.766207 1198 4172
0.766247 1198 4172
0.766286 1198 4172
0.766324 1198 4172
0.770120 1198 4172
0.770180 1198 4172
0.770229 1198 4172
0.770266 110 4172
0.784676 1198 4172
0.784723 1198 4172
0.784757 110 4172
0.784795 1198 4172
0.784827 1198 4172
0.790157 1198 4172
0.790197 1198 4172
0.790237 1198 4172
0.790272 1198 4172
0.798324 1198 4172
0.798365 1198 4172
0.798398 478 4172
0.798440 1198 4172
0.798474 1198 4172
0.806140 1198 4172
0.806198 350 4172
0.806248 158 4172
0.806287 1198 4172
0.806326 1198 4172
0.814711 1198 4172
0.814772 1198 4172
0.814815 702 4172
0.814850 1198 4172
0.822148 1198 4172
0.822197 1198 4172
0.822237 1198 4172
0.822275 1198 4172
0.830862 1198 4172
0.830898 1198 4172
0.830936 798 4172
0.830973 1198 4172
0.838106 1198 4172
0.838145 1198 4172
0.838180 1198 4172
0.838215 1198 4172
0.848064 1198 4172
0.848207 270 4172
0.848244 1198 4172
0.848279 1198 4172
0.854038 1198 4172
0.854087 158 4172
0.854131 1198 4172
0.854169 1198 4172
0.858014 1198 4172
0.858928 382 4172
0.858971 1198 4172
0.859003 1198 4172
0.859035 1198 4172
0.902068 1198 4172
0.902150 1038 4172
0.902189 158 4172
0.902229 142 4172
0.902267 1006 4172
0.902304 110 4172
0.902342 190 4172
0.902381 1198 4172
0.963119 110 4172
0.990071 110 4172
1.078032 110 4172
1.220274 110 4172
1.254075 190 4172
1.646303 142 4172
1.690029 110 4172
1.763203 110 4172
1.778155 110 4172
1.822184 142 4172
1.906057 190 4172
2.034255 190 4172
2.037971 110 4172
2.346160 110 4172
2.606200 110 4172
2.663104 142 4172
2.694132 110 4172
2.782217 110 4172
2.851820 110 4172
2.863154 142 4172
2.869964 110 4172
3.134139 110 4172
3.394187 110 4172
3.658227 110 4172
3.688093 110 4172
3.702011 142 4172
3.702180 142 4172
3.786132 110 4172
3.863147 142 4172
3.863212 142 4172
3.874056 110 4172
4.306179 142 4172
4.306286 142 4172
4.526051 142 4172
4.526085 142 4172
4.702219 110 4172
4.790063 110 4172
5.090108 142 4172
5.090189 142 4172
5.306218 142 4172
5.306386 142 4172
5.687947 110 4172
5.702050 142 4172
5.702228 142 4172
5.790038 110 4172
5.878022 110 4172
5.921976 142 4172
5.922017 142 4172
6.314325 110 4172
6.358056 142 4172
6.358144 142 4172
6.534053 142 4172
6.534227 142 4172
6.665962 110 4172
6.798072 110 4172
7.146220 142 4172
7.146316 142 4172
7.362098 142 4172
7.362269 142 4172
7.669957 110 4172
7.798046 110 4172
8.194110 142 4172
8.194131 142 4172
8.370138 142 4172
8.370253 142 4172
8.677956 110 4172
8.763169 142 4172
8.765937 110 4172
8.986070 142 4172
9.030035 110 4172
9.383801 142 4172
9.383882 142 4172
9.558060 142 4172
9.558137 142 4172
9.689995 110 4172
9.778054 110 4172
10.173966 142 4172
10.174065 142 4172
10.390089 142 4172
10.390111 142 4172
10.694038 110 4172
10.782062 110 4172
11.217963 142 4172
11.217991 142 4172
11.394030 142 4172
11.394098 142 4172
11.706119 110 4172
11.706216 110 4172
11.794001 110 4172
12.230076 142 4172
12.230164 142 4172
12.449975 142 4172
12.449999 142 4172
12.670032 110 4172
12.802004 110 4172
13.242056 142 4172
13.242088 142 4172
13.458051 142 4172
13.458080 142 4172
13.678027 110 4172
13.765950 110 4172
14.069983 142 4172
14.070019 142 4172
14.290022 142 4172
14.354486 110 4172
14.378063 142 4172
14.465994 142 4172
14.663164 142 4172
14.681971 110 4172
14.769980 110 4172
14.902152 110 4172
15.290030 142 4172
15.290072 142 4172
15.510061 142 4172
15.510165 142 4172
15.681990 110 4172
15.769939 110 4172
16.121993 142 4172
16.122054 142 4172
16.294005 142 4172
16.294031 142 4172
16.687922 110 4172
16.690003 142 4172
16.690054 142 4172
16.774082 110 4172
16.888008 110 4172
16.906003 142 4172
16.906124 142 4172
17.038125 110 4172
17.302129 142 4172
17.517945 142 4172
17.690003 110 4172
17.778003 110 4172
18.125987 142 4172
18.126015 142 4172
18.345978 142 4172
18.346038 142 4172
18.698052 110 4172
18.741993 142 4172
18.742083 142 4172
18.785966 110 4172
18.873943 110 4172
18.962148 142 4172
18.962235 142 4172
19.357995 142 4172
19.358097 142 4172
19.534079 142 4172
19.534187 142 4172
19.698073 110 4172
19.706001 110 4172
19.794059 110 4172
20.146012 142 4172
20.146112 142 4172
20.366002 142 4172
20.366095 142 4172
20.558147 60 60000
20.674154 110 4172
20.720660 158 4172
20.720681 158 4172
20.720715 158 4172
20.720742 158 4172
20.720771 158 4172
20.720807 158 4172
20.720835 158 4172
20.725226 126 4172
20.727109 126 4172
20.756045 174 4172
20.758781 1198 4172
20.758816 1198 4172
20.758845 1198 4172
20.758888 1198 4172
20.758920 1198 4172
20.758948 1198 4172
20.758976 1198 4172
20.759004 1198 4172
20.759031 1022 4172
20.763256 1198 4172
20.763294 1198 4172
20.763327 1198 4172
20.763360 1198 4172
20.763390 1198 4172
20.763422 1198 4172
20.763451 1198 4172
20.763481 1198 4172
20.763511 1198 4172
20.763541 1198 4172
20.763570 510 4172
20.768760 110 4172
20.778605 1198 4172
20.778651 1198 4172
20.778687 1198 4172
20.778718 1198 4172
20.778749 1198 4172
20.778779 1198 4172
20.778814 1198 4172
20.778845 1198 4172
20.778874 1198 4172
20.778905 1198 4172
20.778933 942 4172
20.785587 1198 4172
20.789101 1198 4172
20.789147 1198 4172
20.789181 1198 4172
20.789214 1198 4172
20.789244 1198 4172
20.789275 1198 4172
20.789305 1198 4172
20.789335 1198 4172
20.789366 1198 4172
20.789403 910 4172
20.789861 1198 4172
20.789892 1198 4172
20.789938 1198 4172
20.789970 1198 4172
20.797921 1198 4172
20.797953 1198 4172
20.797988 1198 4172
20.806022 1198 4172
20.806066 1198 4172
20.806096 1198 4172
20.806123 1198 4172
20.814074 494 4172
20.814107 1198 4172
20.814136 1198 4172
20.814163 1198 4172
20.814196 1198 4172
20.823527 1198 4172
20.825020 1198 4172
20.825472 1198 4172
20.825569 1198 4172
20.829975 1198 4172
20.830006 894 4172
20.830037 1198 4172
20.839008 1198 4172
20.839402 1198 4172
20.839474 1198 4172
20.839504 1198 4172
20.846133 1198 4172
20.846150 1198 4172
20.846178 1198 4172
20.846205 1198 4172
20.852408 222 4172
20.852451 1198 4172
20.852482 1198 4172
20.852841 1198 4172
20.852870 1198 4172
20.862013 1198 4172
20.862044 1198 4172
20.862078 1198 4172
20.880846 1198 4172
20.881376 1198 4172
20.881440 926 4172
20.881474 1198 4172
20.881505 1198 4172
20.886568 1198 4172
20.886633 110 4172
20.886794 1198 4172
20.886830 1198 4172
20.886870 1198 4172
20.886898 1198 4172
20.886925 1198 4172
20.886956 1198 4172
20.894519 1198 4172
20.894551 718 4172
20.894579 1198 4172
20.894607 1198 4172
20.894633 1198 4172
20.901978 1198 4172
20.902009 1198 4172
20.902039 1198 4172
20.902068 1198 4172
20.909958 1198 4172
20.909999 1198 4172
20.910027 1198 4172
20.910055 1198 4172
20.918522 1198 4172
20.918552 1198 4172
20.918587 878 4172
20.918620 1198 4172
20.918652 1198 4172
20.926207 1198 4172
20.926239 1198 4172
20.926274 1198 4172
20.926307 1198 4172
20.937062 1198 4172
20.937095 1198 4172
20.937123 1198 4172
20.937154 1198 4172
20.943774 1198 4172
20.949281 1198 4172
20.949620 1198 4172
20.949668 1198 4172
20.949718 1198 4172
20.949772 1198 4172
20.955277 1198 4172
20.955319 1198 4172
20.955355 1198 4172
20.955387 1198 4172
20.957432 1006 4172
20.957470 1198 4172
20.972732 862 4172
20.972991 1198 4172
20.973114 1198 4172
20.973149 1198 4172
20.973184 1198 4172
20.973949 1198 4172
20.974018 110 4172
20.974433 1198 4172
20.974898 1198 4172
20.975300 334 4172
20.975617 1198 4172
20.983258 1198 4172
20.983290 1198 4172
20.983323 1198 4172
20.983355 1198 4172
20.989963 1198 4172
20.990132 1198 4172
20.990170 1198 4172
20.990234 926 4172
20.997999 1198 4172
20.998029 1198 4172
20.998081 1198 4172
20.998110 1198 4172
20.998143 1198 4172
21.009343 1198 4172
21.009383 1198 4172
21.009417 1198 4172
21.014195 1198 4172
21.014256 638 4172
21.014325 1198 4172
21.014383 1198 4172
21.014615 1198 4172
21.018700 1198 4172
21.018732 1150 4172
21.018766 254 4172
21.018800 190 4172
21.018830 190 4172
21.018860 190 4172
21.018889 190 4172
21.018918 190 4172
21.018946 190 4172
21.023552 1198 4172
21.023591 190 4172
21.023625 190 4172
21.023656 190 4172
21.023686 190 4172
21.023715 190 4172
21.035872 190 4172
21.035927 190 4172
21.035954 190 4172
21.035980 1198 4172
21.036006 1198 4172
21.036032 926 4172
21.036056 942 4172
21.040594 254 4172
21.040645 190 4172
21.040667 190 4172
21.040695 190 4172
21.042517 190 4172
21.042555 190 4172
21.042593 190 4172
21.042625 190 4172
21.042654 190 4172
21.042684 190 4172
21.046577 190 4172
21.046621 190 4172
21.046845 190 4172
21.046876 190 4172
21.047219 190 4172
21.053459 1198 4172
21.053504 1198 4172
21.053537 1198 4172
21.053596 1198 4172
21.053636 1198 4172
21.053669 1198 4172
21.053700 1198 4172
21.053732 1198 4172
21.053764 1198 4172
21.053800 1198 4172
21.053836 1198 4172
21.053867 734 4172
21.063270 110 4172
21.088688 110 4172
21.098526 1198 4172
21.098628 1198 4172
21.098659 926 4172
21.136224 222 4172
21.136251 190 4172
21.136281 190 4172
21.136313 190 4172
21.136344 190 4172
21.136375 190 4172
21.136405 190 4172
21.136434 190 4172
21.136463 190 4172
21.136492 190 4172
21.136521 190 4172
21.136550 190 4172
21.136581 190 4172
21.158819 190 4172
21.158926 190 4172
21.158983 1198 4172
21.159015 1198 4172
21.159058 1198 4172
21.159088 302 4172
21.163319 222 4172
21.163362 190 4172
21.163392 190 4172
21.163425 190 4172
21.163455 190 4172
21.163484 190 4172
21.163513 1198 4172
21.163544 878 4172
21.163575 1198 4172
21.163604 926 4172
21.163634 1134 4172
21.163663 190 4172
21.163692 190 4172
21.163721 190 4172
21.163748 190 4172
21.163778 190 4172
21.163811 1198 4172
21.163839 1198 4172
21.163866 1198 4172
21.163897 958 4172
21.163926 558 4172
21.195218 110 4172
21.195243 190 4172
21.201654 222 4172
21.201726 190 4172
21.210947 190 4172
21.212481 190 4172
21.212722 190 4172
21.212813 190 4172
21.212846 1198 4172
21.212891 1198 4172
21.212928 590 4172
21.212980 1198 4172
21.220307 1198 4172
21.220343 654 4172
21.220369 1198 4172
21.220396 526 4172
21.220423 190 4172
21.220449 190 4172
21.220474 190 4172
21.220499 190 4172
21.220525 190 4172
21.220551 1198 4172
21.220581 1198 4172
21.220607 1198 4172
21.220634 1198 4172
21.220659 190 4172
21.222066 222 4172
21.222101 190 4172
21.222130 190 4172
21.229891 190 4172
21.230123 190 4172
21.230189 190 4172
21.230222 190 4172
21.230247 190 4172
21.230962 60 60000
21.260306 1198 4172
21.260409 1198 4172
21.260445 1198 4172
21.260480 238 4172
21.260512 1198 4172
21.260547 1198 4172
21.260580 1198 4172
21.260607 334 4172
21.260641 1198 4172
21.260668 894 4172
21.260704 190 4172
21.260758 190 4172
21.260789 190 4172
21.260818 190 4172
21.260845 190 4172
21.260874 1198 4172
21.260902 1198 4172
21.260929 1198 4172
21.260956 1198 4172
21.260983 414 4172
21.272495 222 4172
21.272667 174 4172
21.273034 174 4172
21.273077 174 4172
21.273145 174 4172
21.273175 174 4172
21.273202 174 4172
21.273230 1198 4172
21.273260 590 4172
21.273298 1198 4172
21.273327 1198 4172
21.273356 686 4172
21.273383 1198 4172
21.273410 1070 4172
21.273445 174 4172
21.273471 174 4172
21.273498 174 4172
21.273526 174 4172
21.273551 174 4172
21.273578 1198 4172
21.273607 1198 4172
21.273634 1198 4172
21.273661 542 4172
21.275863 110 4172
21.280515 1198 4172
21.280570 1198 4172
21.321881 110 4172
21.363318 1198 4172
21.365886 110 4172
21.449864 1198 4172
21.452721 126 4172
21.454220 270 4172
21.454256 174 4172
21.462899 174 4172
21.462936 174 4172
21.462965 174 4172
21.462992 174 4172
21.463024 1198 4172
21.463050 1198 4172
21.463080 1198 4172
21.463182 590 4172
21.463215 1198 4172
21.463240 1198 4172
21.463266 1198 4172
21.491349 1198 4172
21.492298 1070 4172
21.492385 174 4172
21.492427 174 4172
21.492537 174 4172
21.492573 174 4172
21.492608 174 4172
21.492637 1198 4172
21.492665 1198 4172
21.492692 1198 4172
21.492721 1198 4172
21.492750 766 4172
21.492777 1198 4172
21.492803 126 4172
21.492831 174 4172
21.492857 1198 4172
21.492892 1198 4172
21.492921 1198 4172
21.492948 1198 4172
21.492975 1198 4172
21.493002 1198 4172
21.493028 1198 4172
21.494494 126 4172
21.497869 686 4172
21.519220 734 4172
21.542206 174 4172
21.542309 126 4172
21.563281 1198 4172
21.563322 1198 4172
21.563357 366 4172
21.563391 302 4172
21.563426 238 4172
21.563458 1198 4172
21.563489 1198 4172
21.563519 1198 4172
21.563549 254 4172
21.582205 110 4172
21.586813 110 4172
21.586855 110 4172
21.586889 110 4172
21.617138 126 4172
21.629931 126 4172
21.663378 1198 4172
21.663427 1166 4172
21.673906 110 4172
21.751334 1198 4172
21.751383 1198 4172
21.751425 334 4172
21.762129 1198 4172
21.762176 1198 4172
21.762212 1198 4172
21.787025 110 4172
21.805981 1198 4172
21.806067 1198 4172
21.806100 1198 4172
21.806139 1150 4172
21.863471 110 4172
21.875535 110 4172
21.894005 1166 4172
22.158123 110 4172
22.158169 110 4172
22.158212 110 4172
22.418306 110 4172
22.682071 110 4172
22.682163 110 4172
22.769962 110 4172
23.253988 110 4172
23.517916 110 4172
23.694043 110 4172
23.763473 110 4172
23.782058 110 4172
24.046077 110 4172
24.310055 110 4172
24.706092 110 4172
24.793870 110 4172
25.673871 110 4172
25.805995 110 4172
26.681916 110 4172
26.770172 110 4172
26.941985 110 4172
27.690009 110 4172
27.777983 110 4172
28.697906 110 4172
28.785896 110 4172
29.621937 110 4172
29.665851 110 4172
29.793947 110 4172
30.669854 110 4172
30.801902 110 4172
31.681963 110 4172
31.769847 110 4172
32.338025 110 4172
32.689948 110 4172
32.777946 110 4172
33.697913 110 4172
33.785938 110 4172
34.665859 110 4172
34.797856 110 4172
35.018164 110 4172
35.677858 110 4172
35.765789 110 4172
36.681827 110 4172
36.769849 110 4172
37.681879 110 4172
37.685775 110 4172
37.773756 110 4172
38.693974 110 4172
38.781898 110 4172
39.705802 110 4172
39.793788 110 4172
40.361794 110 4172
40.669893 110 4172
40.801838 110 4172
41.432611 1198 4172
41.432639 1198 4172
41.432666 1198 4172
41.432691 1198 4172
41.432717 1198 4172
41.432746 1198 4172
41.432769 1198 4172
41.432795 1198 4172
41.432817 1198 4172
41.432841 1198 4172
41.432864 1198 4172
41.432888 366 4172
41.440331 1198 4172
41.440413 1198 4172
41.440456 1198 4172
41.440492 1198 4172
41.440524 1198 4172
41.440553 1198 4172
41.440584 1198 4172
41.440613 1198 4172
41.440643 1198 4172
41.440672 1198 4172
41.440704 1198 4172
41.440732 1198 4172
41.440763 270 4172
41.446803 1198 4172
41.446820 1198 4172
41.446849 1198 4172
41.446877 1198 4172
41.446922 1198 4172
41.446959 1198 4172
41.446983 1198 4172
41.447012 1198 4172
41.447042 1198 4172
41.447072 1198 4172
41.447101 926 4172
41.462180 1198 4172
41.462202 1198 4172
41.462281 1198 4172
41.462316 1198 4172
41.462346 1198 4172
41.462376 1198 4172
41.462406 1198 4172
41.462692 1198 4172
41.463469 1198 4172
41.463512 1198 4172
41.463546 1198 4172
41.463577 942 4172
41.469849 1198 4172
41.469875 1198 4172
41.469909 1198 4172
41.469943 1198 4172
41.469975 1198 4172
41.470009 1198 4172
41.470042 1198 4172
41.470072 1198 4172
41.477862 1198 4172
41.477906 1198 4172
41.477938 1198 4172
41.477971 1198 4172
41.485788 1198 4172
41.485855 1198 4172
41.485894 1198 4172
41.485931 1198 4172
41.485968 1198 4172
41.493655 1198 4172
41.493695 1198 4172
41.493726 958 4172
41.493761 1198 4172
41.493790 1198 4172
41.493880 60 60000
41.501742 1198 4172
41.501781 1198 4172
41.501824 1166 4172
41.501865 1198 4172
41.505677 1198 4172
41.505723 1198 4172
41.505762 1198 4172
41.517791 1198 4172
41.517846 1198 4172
41.517877 542 4172
41.517904 1198 4172
41.525882 1198 4172
41.525923 1198 4172
41.525960 1198 4172
41.525993 1198 4172
41.533781 1198 4172
41.533818 1198 4172
41.533863 1198 4172
41.533903 1198 4172
41.541795 1198 4172
41.541844 1070 4172
41.541888 1198 4172
41.541927 1198 4172
41.549875 1198 4172
41.549985 1198 4172
41.550046 1198 4172
41.557788 1198 4172
41.557841 1198 4172
41.557883 1198 4172
41.557921 1198 4172
41.565783 1198 4172
41.565832 1198 4172
41.565866 1198 4172
41.573756 1198 4172
41.573796 1198 4172
41.573835 1198 4172
41.581802 1198 4172
41.581843 1198 4172
41.581885 1198 4172
41.589726 1198 4172
41.589763 1198 4172
41.589797 1198 4172
41.589826 1198 4172
41.593633 366 4172
41.593676 1198 4172
41.593710 1198 4172
41.593741 1054 4172
41.605760 1198 4172
41.605795 1198 4172
41.605847 1198 4172
41.605882 1198 4172
41.614038 1198 4172
41.614093 1198 4172
41.614138 1198 4172
41.621854 1198 4172
41.621891 1198 4172
41.621927 1198 4172
41.629745 1198 4172
41.629789 446 4172
41.629828 1198 4172
41.629860 1198 4172
41.629897 1198 4172
41.637789 1198 4172
41.637849 1198 4172
41.637900 1198 4172
41.645782 1198 4172
41.645856 1198 4172
41.645899 1198 4172
41.645939 1198 4172
41.653765 1022 4172
41.653808 1198 4172
41.653850 1198 4172
41.661782 1198 4172
41.661856 1198 4172
41.661916 1198 4172
41.669828 1198 4172
41.669864 1198 4172
41.669897 1198 4172
41.669930 574 4172
41.669963 1198 4172
41.677789 1198 4172
41.677835 1198 4172
41.677870 1198 4172
41.681857 110 4172
41.681915 1198 4172
41.681956 1198 4172
41.681995 1198 4172
41.682045 1198 4172
41.693698 1166 4172
41.693761 1198 4172
41.693802 1198 4172
41.701732 1198 4172
41.701764 110 4172
41.701794 1198 4172
41.701823 1198 4172
41.709816 1198 4172
41.709854 1198 4172
41.709884 1198 4172
41.709919 1198 4172
41.717732 1198 4172
41.717769 1118 4172
41.717807 1198 4172
41.717838 1198 4172
41.725673 1198 4172
41.725741 1198 4172
41.733735 1198 4172
41.733771 862 4172
41.733803 766 4172
41.733834 1198 4172
41.733862 1198 4172
41.741721 1198 4172
41.741768 1198 4172
41.749807 1198 4172
41.749851 1198 4172
41.749886 1198 4172
41.753680 702 4172
41.753708 158 4172
41.753741 158 4172
41.753771 158 4172
41.753799 158 4172
41.753828 174 4172
41.753861 158 4172
41.753886 494 4172
41.753912 158 4172
41.757677 1198 4172
41.757704 414 4172
41.757736 158 4172
41.757765 158 4172
41.757815 158 4172
41.757846 158 4172
41.757877 158 4172
41.765812 1198 4172
41.765866 1198 4172
41.765916 1198 4172
41.769647 1198 4172
41.769684 110 4172
41.769719 958 4172
41.769751 334 4172
41.851640 174 4172
41.851662 158 4172
41.851697 158 4172
41.851727 158 4172
41.851762 158 4172
41.851790 398 4172
41.851821 158 4172
41.853799 190 4172
41.860674 158 4172
41.882884 110 4172
41.901833 158 4172
41.901858 478 4172
41.952211 1198 4172
41.952251 1198 4172
41.952285 1198 4172
41.952317 1198 4172
41.952348 1198 4172
41.952378 1198 4172
41.952409 1198 4172
41.952436 1198 4172
41.952466 1198 4172
41.952497 1198 4172
41.952527 414 4172
41.952558 126 4172
41.952589 254 4172
41.952619 270 4172
41.952648 318 4172
41.952680 238 4172
41.952712 302 4172
41.952740 238 4172
41.952769 238 4172
41.952800 238 4172
41.952829 302 4172
41.957811 254 4172
41.957851 270 4172
41.957887 334 4172
41.957920 286 4172
41.957954 334 4172
41.957990 1198 4172
41.958023 1198 4172
41.958056 1198 4172
41.958084 1198 4172
41.958115 1198 4172
41.958148 1198 4172
41.958178 1198 4172
41.958208 1198 4172
41.958238 1198 4172
41.958265 126 4172
41.963665 1198 4172
41.963707 1198 4172
41.963741 1198 4172
41.963773 1198 4172
41.963804 110 4172
41.963840 1198 4172
41.963866 1198 4172
41.963896 1198 4172
41.963946 1198 4172
41.963981 398 4172
41.976083 110 4172
41.980674 1198 4172
41.982814 1198 4172
41.991667 1198 4172
41.991741 1198 4172
41.991771 1198 4172
41.991799 1198 4172
41.991828 1198 4172
41.991864 1198 4172
41.991893 1198 4172
41.991920 1198 4172
41.991972 734 4172
41.992000 1198 4172
41.992031 1198 4172
41.992058 1198 4172
41.992087 1198 4172
41.992115 1198 4172
41.992142 1198 4172
41.992170 1198 4172
41.992202 1198 4172
41.992231 1086 4172
42.001021 1198 4172
42.001379 1198 4172
42.008692 1198 4172
42.009200 1198 4172
42.009233 1198 4172
42.009262 1198 4172
42.009306 1198 4172
42.017746 1198 4172
42.018319 1198 4172
42.018358 1198 4172
42.018443 510 4172
42.019040 1198 4172
42.019081 1198 4172
42.022845 1198 4172
42.022887 1198 4172
42.022912 1198 4172
42.029743 1198 4172
42.029780 1198 4172
42.029811 1198 4172
42.029844 1198 4172
42.040235 1198 4172
42.040297 1198 4172
42.040334 574 4172
42.040364 1198 4172
42.047237 1198 4172
42.047271 1198 4172
42.047298 1198 4172
42.047330 1198 4172
42.053994 1198 4172
42.054107 1198 4172
42.062024 1198 4172
42.062072 1198 4172
42.062103 334 4172
42.062136 1198 4172
42.070367 1198 4172
42.070410 1198 4172
42.070442 1198 4172
42.070479 1198 4172
42.079899 1198 4172
42.079931 1198 4172
42.079962 110 4172
42.079992 1198 4172
42.085760 1198 4172
42.085800 1198 4172
42.085833 654 4172
42.085861 1198 4172
42.095401 1198 4172
42.095447 1198 4172
42.095480 1198 4172
42.095510 1198 4172
42.105296 1198 4172
42.105359 1198 4172
42.105390 1198 4172
42.105422 1198 4172
42.107564 590 4172
42.107601 1198 4172
42.107633 1198 4172
42.107675 1198 4172
42.120284 1198 4172
42.120298 1198 4172
42.120394 1198 4172
42.120448 1198 4172
42.125754 1198 4172
42.125782 1198 4172
42.125819 734 4172
42.125862 1198 4172
42.156196 1198 4172
42.156635 1198 4172
42.156674 1198 4172
42.156705 1198 4172
42.159960 1198 4172
42.160004 1198 4172
42.160038 1198 4172
42.160068 1198 4172
42.160095 1198 4172
42.160126 1198 4172
42.160156 222 4172
42.160184 1198 4172
42.160212 1198 4172
42.160246 1198 4172
42.160273 1198 4172
42.160498 1198 4172
42.176108 1198 4172
42.176170 1198 4172
42.176201 1198 4172
42.176230 1198 4172
42.181919 1198 4172
42.181954 1198 4172
42.181985 414 4172
42.182012 110 4172
42.182039 1198 4172
42.182072 1198 4172
42.182093 1198 4172
42.182120 1198 4172
42.182146 1198 4172
42.190375 1198 4172
42.190848 1198 4172
42.190881 1198 4172
42.203262 1198 4172
42.203319 1198 4172
42.203351 990 4172
42.203381 1198 4172
42.218455 1198 4172
42.219902 1198 4172
42.220177 1198 4172
42.220216 1198 4172
42.233483 1198 4172
42.236541 1198 4172
42.236589 1198 4172
42.236623 1198 4172
42.236654 382 4172
42.236689 1198 4172
42.236731 1198 4172
42.236779 1198 4172
42.237679 1198 4172
42.237711 1198 4172
42.237753 1198 4172
42.237783 110 4172
42.237816 1198 4172
42.237839 318 4172
42.237870 1198 4172
42.237902 1198 4172
42.246190 1198 4172
42.246243 1198 4172
42.246266 1198 4172
42.246294 1198 4172
42.256428 1198 4172
42.256482 1198 4172
42.256505 558 4172
42.256536 1198 4172
42.261738 1198 4172
42.261776 1198 4172
42.261810 1198 4172
42.261841 1198 4172
42.264477 60 60000
42.269781 1198 4172
42.269808 1198 4172
42.269845 1198 4172
42.269879 1198 4172
42.292709 110 4172
42.292835 1198 4172
42.292873 1198 4172
42.292912 398 4172
42.292950 1198 4172
42.293783 1198 4172
42.293826 1198 4172
42.293859 1198 4172
42.293892 1198 4172
42.293926 1198 4172
42.293964 1198 4172
42.293997 830 4172
42.303730 174 4172
42.303980 174 4172
42.304000 174 4172
42.304026 174 4172
42.304052 174 4172
42.304082 174 4172
42.304106 174 4172
42.304131 174 4172
42.304157 174 4172
42.306225 174 4172
42.306260 174 4172
42.315122 174 4172
42.343528 750 4172
42.343550 174 4172
42.343639 174 4172
42.343662 174 4172
42.343700 1198 4172
42.343728 1198 4172
42.343755 1198 4172
42.343786 1198 4172
42.343818 622 4172
42.343851 1198 4172
42.343884 862 4172
42.343914 190 4172
42.473769 1198 4172
42.473886 958 4172
42.501807 1198 4172
42.501812 142 4172
42.517805 110 4172
42.551292 1198 4172
42.551323 1198 4172
42.551357 366 4172
42.551392 238 4172
42.561975 1198 4172
42.562029 414 4172
42.649863 174 4172
42.649952 574 4172
42.693834 110 4172
42.781840 110 4172
42.781934 110 4172
43.045855 110 4172
43.309831 110 4172
43.617991 110 4172
43.705805 110 4172
43.794276 110 4172
43.837799 110 4172
44.145937 110 4172
44.409791 110 4172
44.663690 110 4172
44.674031 110 4172
44.805835 110 4172
44.937658 110 4172
45.201947 110 4172
45.465778 110 4172
45.685733 110 4172
45.773736 110 4172
46.697865 110 4172
47.705997 110 4172
47.793955 110 4172
48.145941 110 4172
48.673663 110 4172
48.805900 110 4172
49.681777 110 4172
49.769719 110 4172
50.685221 110 4172
50.693669 446 4172
50.693727 318 4172
50.763681 110 4172
50.781708 110 4172
50.797679 174 4172
50.797756 174 4172
50.797781 174 4172
50.802614 174 4172
50.802682 174 4172
50.802716 174 4172
50.802745 174 4172
50.806222 174 4172
50.806250 174 4172
50.806282 174 4172
50.810150 174 4172
50.810188 174 4172
50.810220 174 4172
50.815131 174 4172
50.815161 174 4172
50.815197 1198 4172
50.815233 1198 4172
50.815266 1198 4172
50.815300 1198 4172
50.815332 846 4172
50.825635 1198 4172
50.825677 1198 4172
50.825732 1198 4172
50.825778 1198 4172
50.825826 1198 4172
50.825879 1198 4172
50.825916 1198 4172
50.825956 686 4172
50.863714 1198 4172
50.869621 110 4172
50.957788 1198 4172
50.957877 350 4172
50.963612 1198 4172
50.963668 1198 4172
50.963711 334 4172
50.972072 110 4172
51.001696 1198 4172
51.001797 1182 4172
51.045761 110 4172
51.089710 110 4172
51.177690 110 4172
51.309705 110 4172
51.573644 110 4172
51.705897 110 4172
51.793813 110 4172
51.837720 110 4172
52.673688 110 4172
52.805682 110 4172
53.681615 110 4172
53.769543 110 4172
54.557629 110 4172
54.685694 110 4172
54.773693 110 4172
55.697892 110 4172
55.785603 110 4172
56.665591 110 4172
56.797658 110 4172
57.193716 110 4172
57.677678 110 4172
57.765627 110 4172
58.685644 110 4172
58.773660 110 4172
59.693657 110 4172
59.781802 110 4172
59.869622 110 4172
60.705663 110 4172
60.793732 110 4172
61.673538 110 4172
62.333634 1198 4172
62.333721 1198 4172
62.333758 958 4172
62.509682 110 4172
62.516675 60 60000
62.530134 270 4172
62.530199 254 4172
62.530230 270 4172
62.530260 318 4172
62.530297 238 4172
62.530326 302 4172
62.533595 238 4172
62.533631 494 4172
62.533660 238 4172
62.533691 302 4172
62.533718 254 4172
62.533745 270 4172
62.533777 334 4172
62.533805 286 4172
62.551999 334 4172
62.552071 1198 4172
62.552169 1198 4172
62.552204 1198 4172
62.552237 1198 4172
62.552268 1198 4172
62.552299 1198 4172
62.552330 1198 4172
62.552362 1198 4172
62.552393 414 4172
62.554863 142 4172
62.586140 574 4172
62.597499 158 4172
62.597527 142 4172
62.641686 158 4172
62.663876 174 4172
62.684257 110 4172
62.685425 158 4172
62.729536 174 4172
62.763895 158 4172
62.773460 110 4172
62.773491 110 4172
62.818199 158 4172
62.856595 142 4172
62.856648 158 4172
62.861644 174 4172
62.861684 158 4172
62.861715 158 4172
62.861748 158 4172
62.861779 158 4172
62.861809 158 4172
62.861840 158 4172
62.861869 158 4172
62.885857 142 4172
62.885888 110 4172
62.920521 142 4172
62.932647 1198 4172
62.932731 1198 4172
62.932762 1198 4172
62.932797 1198 4172
62.932829 1198 4172
62.932858 1198 4172
62.932887 1198 4172
62.932917 942 4172
62.941023 1198 4172
62.941054 1198 4172
62.941086 1198 4172
62.941121 1198 4172
62.941152 1198 4172
62.941182 1198 4172
62.941211 1198 4172
62.941243 1198 4172
62.941271 1198 4172
62.941300 1198 4172
62.941329 318 4172
62.941432 1198 4172
62.953330 1198 4172
62.954756 1198 4172
62.955188 1198 4172
62.955397 1198 4172
62.955486 1198 4172
62.955517 1198 4172
62.955546 1198 4172
62.955575 1198 4172
62.955604 1198 4172
62.955632 1198 4172
62.955660 974 4172
62.955689 1198 4172
62.955717 1198 4172
62.955747 1198 4172
62.955778 1198 4172
62.955806 1198 4172
62.955837 1198 4172
62.955875 1198 4172
62.955907 1198 4172
62.955951 1198 4172
62.958987 1198 4172
62.959369 1006 4172
62.961537 1198 4172
62.961592 1198 4172
62.961624 1198 4172
62.961655 1198 4172
62.973602 1198 4172
62.973634 1198 4172
62.973663 1198 4172
62.973691 1198 4172
62.984496 1198 4172
62.984538 910 4172
62.984568 1198 4172
62.984598 1198 4172
62.994574 1198 4172
62.994692 1198 4172
62.994749 126 4172
62.994800 1198 4172
62.994829 1198 4172
62.999986 1198 4172
63.004532 1198 4172
63.006618 942 4172
63.006948 1198 4172
63.007023 1198 4172
63.013727 1198 4172
63.013760 1198 4172
63.013793 1198 4172
63.013823 1198 4172
63.013852 1198 4172
63.013883 1198 4172
63.025533 398 4172
63.025586 1198 4172
63.025618 1198 4172
63.025649 1198 4172
63.031584 1198 4172
63.031620 1198 4172
63.032244 1198 4172
63.032277 110 4172
63.032313 1198 4172
63.037997 1198 4172
63.038037 1198 4172
63.038071 1198 4172
63.038101 126 4172
63.052334 1166 4172
63.057078 1198 4172
63.059432 1198 4172
63.059494 1198 4172
63.067635 1198 4172
63.070430 1198 4172
63.070480 1198 4172
63.070519 1198 4172
63.070569 1198 4172
63.070598 1198 4172
63.070660 1198 4172
63.070752 1198 4172
63.070787 1198 4172
63.070818 142 4172
63.070856 1198 4172
63.070885 1198 4172
63.081749 1198 4172
63.082201 1198 4172
63.082322 686 4172
63.082355 110 4172
63.082385 1198 4172
63.088106 1198 4172
63.088153 1198 4172
63.088183 1198 4172
63.088212 1198 4172
63.094538 142 4172
63.094569 1198 4172
63.094603 1198 4172
63.094634 1198 4172
63.094664 750 4172
63.102206 1198 4172
63.102711 1198 4172
63.102749 1198 4172
63.102784 1198 4172
63.109595 1198 4172
63.109630 558 4172
63.109679 1198 4172
63.109724 1198 4172
63.117549 1198 4172
63.117580 1198 4172
63.117616 1198 4172
63.117646 638 4172
63.117676 1198 4172
63.128467 1198 4172
63.128686 414 4172
63.128717 1198 4172
63.128747 1198 4172
63.133558 1198 4172
63.133594 926 4172
63.133624 1198 4172
63.133654 1198 4172
63.133686 206 4172
63.141525 1198 4172
63.141572 1198 4172
63.141608 446 4172
63.141643 1198 4172
63.149717 1198 4172
63.149775 1198 4172
63.149814 1198 4172
63.149858 1022 4172
63.157600 1198 4172
63.157622 1198 4172
63.157656 1198 4172
63.157688 1198 4172
63.163297 1198 4172
63.163375 1198 4172
63.163409 1198 4172
63.163440 1198 4172
63.173725 990 4172
63.173780 1198 4172
63.173819 1198 4172
63.173856 110 4172
63.173892 1198 4172
63.181602 1198 4172
63.181650 1198 4172
63.181693 1198 4172
63.181740 1198 4172
63.189562 286 4172
63.189614 1198 4172
63.189654 1198 4172
63.189693 1198 4172
63.189749 1198 4172
63.197534 1198 4172
63.197604 1198 4172
63.205613 1198 4172
63.205662 1198 4172
63.205698 1198 4172
63.205733 1198 4172
63.213609 574 4172
63.213652 1198 4172
63.213689 1198 4172
63.213720 1198 4172
63.221656 1118 4172
63.221698 1198 4172
63.221735 1198 4172
63.221767 1198 4172
63.229536 1198 4172
63.229573 1198 4172
63.229608 1198 4172
63.229641 1198 4172
63.238271 222 4172
63.238315 1198 4172
63.238351 1198 4172
63.238383 1198 4172
63.238422 1198 4172
63.245539 1198 4172
63.245554 1198 4172
63.245588 1198 4172
63.245618 782 4172
63.245648 1198 4172
63.253679 1198 4172
63.253702 1198 4172
63.253737 1198 4172
63.253769 1198 4172
63.261542 1198 4172
63.261585 1198 4172
63.261619 1198 4172
63.275183 1198 4172
63.275265 1198 4172
63.275364 1198 4172
63.275403 1198 4172
63.277473 590 4172
63.277516 1198 4172
63.277570 1198 4172
63.277605 1198 4172
63.277653 1166 4172
63.307255 1198 4172
63.307792 1198 4172
63.307823 1198 4172
63.307862 158 4172
63.307895 1198 4172
63.322776 974 4172
63.322845 1198 4172
63.322882 1038 4172
63.322915 110 4172
63.322948 1198 4172
63.322978 1198 4172
63.323008 1198 4172
63.323040 1198 4172
63.323071 334 4172
63.323104 1198 4172
63.323135 1198 4172
63.323165 1198 4172
63.323195 686 4172
63.323226 270 4172
63.323262 206 4172
63.323291 206 4172
63.323323 206 4172
63.323354 206 4172
63.338493 1198 4172
63.338645 1198 4172
63.338703 1198 4172
63.338736 1198 4172
63.338767 350 4172
63.338797 1198 4172
63.338827 1198 4172
63.338856 1022 4172
63.342836 60 60000
63.345638 1198 4172
63.345666 1198 4172
63.345702 1198 4172
63.345734 958 4172
63.345766 1198 4172
63.345801 1198 4172
63.345826 1198 4172
63.345857 1102 4172
63.345888 1198 4172
63.345924 1198 4172
63.345955 1198 4172
63.345984 638 4172
63.374711 1198 4172
63.376695 1198 4172
63.377039 254 4172
63.377084 1198 4172
63.381608 1198 4172
63.381659 446 4172
63.381686 206 4172
63.381713 174 4172
63.381741 174 4172
63.381771 1198 4172
63.381797 1198 4172
63.381825 1198 4172
63.381852 1198 4172
63.381877 174 4172
63.381902 254 4172
63.381930 110 4172
63.381958 190 4172
63.381987 190 4172
63.382018 190 4172
63.382048 1198 4172
63.382078 1198 4172
63.382104 1198 4172
63.382132 1198 4172
63.382162 1086 4172
63.382191 1198 4172
63.382220 1198 4172
63.389578 1198 4172
63.389615 1166 4172
63.389646 1198 4172
63.389672 1198 4172
63.389698 1198 4172
63.409738 1198 4172
63.409914 1198 4172
63.409943 1198 4172
63.409977 1134 4172
63.415413 1198 4172
63.415466 190 4172
63.415502 1198 4172
63.415532 1198 4172
63.415567 1198 4172
63.415597 1198 4172
63.415630 1198 4172
63.415657 1198 4172
63.415684 1198 4172
63.427985 798 4172
63.428053 1198 4172
63.428093 1198 4172
63.428129 1198 4172
63.429576 1198 4172
63.429605 1198 4172
63.429636 1198 4172
63.429665 846 4172
63.429694 1198 4172
63.437716 1198 4172
63.437759 1198 4172
63.437792 1022 4172
63.437824 1198 4172
63.455962 1198 4172
63.455999 1006 4172
63.456033 190 4172
63.456064 190 4172
63.456095 174 4172
63.456125 1198 4172
63.456155 1198 4172
63.457885 1198 4172
63.458110 1198 4172
63.458151 398 4172
63.458207 174 4172
63.458250 174 4172
63.458282 174 4172
63.458312 174 4172
63.458352 174 4172
63.458405 174 4172
63.461690 174 4172
63.461729 174 4172
63.461762 174 4172
63.461791 174 4172
63.465407 174 4172
63.465443 174 4172
63.465478 110 4172
63.465508 174 4172
63.469828 174 4172
63.469915 174 4172
63.469962 270 4172
63.563844 110 4172
63.563915 110 4172
63.563956 110 4172
63.601562 110 4172
63.663810 174 4172
63.689473 110 4172
63.733500 206 4172
63.733594 174 4172
63.733683 142 4172
63.777859 174 4172
63.777936 158 4172
63.777986 158 4172
63.778027 158 4172
63.778094 158 4172
63.778133 158 4172
63.778168 158 4172
63.778224 526 4172
63.821569 110 4172
64.125678 110 4172
64.389593 110 4172
64.653663 110 4172
64.697680 110 4172
64.781745 110 4172
64.913855 110 4172
65.221533 110 4172
65.485612 110 4172
65.705709 110 4172
65.749606 110 4172
65.793808 110 4172
66.013623 110 4172
66.277598 110 4172
66.673694 110 4172
66.805608 110 4172
67.681688 110 4172
67.769504 110 4172
68.781679 110 4172
68.913990 110 4172
69.705573 110 4172
69.793575 110 4172
70.673525 110 4172
70.805453 110 4172
71.589526 110 4172
71.677574 110 4172
71.805458 110 4172
72.673376 110 4172
72.805626 110 4172
73.677385 110 4172
73.805441 110 4172
74.289481 110 4172
74.681499 110 4172
74.769385 110 4172
75.685470 110 4172
75.773516 110 4172
76.697508 110 4172
76.785426 110 4172
76.961620 110 4172
77.697547 110 4172
78.689731 110 4172
78.777465 110 4172
79.653378 110 4172
79.697640 110 4172
79.785452 110 4172
80.701481 110 4172
80.785441 110 4172
81.697860 110 4172
81.785440 110 4172
82.697464 110 4172
82.785445 110 4172
83.447064 174 4172
83.447067 174 4172
83.447163 174 4172
83.447185 174 4172
83.447220 174 4172
83.447249 174 4172
83.447278 174 4172
83.447304 174 4172
83.447331 174 4172
83.447360 174 4172
83.447389 174 4172
83.447417 174 4172
83.447444 174 4172
83.489307 174 4172
83.489371 174 4172
83.489396 222 4172
83.489423 1198 4172
83.489449 1198 4172
83.489481 1198 4172
83.489510 1198 4172
83.489537 1198 4172
83.489565 1198 4172
83.489593 1198 4172
83.489621 1198 4172
83.489652 734 4172
83.587931 174 4172
83.601507 60 60000
83.621412 1198 4172
83.621440 1198 4172
83.621520 1198 4172
83.632097 110 4172
83.632133 1198 4172
83.632231 1198 4172
83.632261 1198 4172
83.632292 1198 4172
83.632322 1198 4172
83.632349 1198 4172
83.632377 1198 4172
83.632409 1198 4172
83.632441 1198 4172
83.632466 1198 4172
83.632493 510 4172
83.637332 1198 4172
83.637362 1198 4172
83.637390 1198 4172
83.637424 1198 4172
83.637447 1198 4172
83.637471 1198 4172
83.637497 1198 4172
83.637522 1198 4172
83.637546 1198 4172
83.637570 1198 4172
83.637594 1150 4172
83.647987 254 4172
83.648010 1198 4172
83.648049 1198 4172
83.648087 1198 4172
83.648120 1198 4172
83.648153 1198 4172
83.648183 1198 4172
83.648213 1198 4172
83.648243 1198 4172
83.648272 1198 4172
83.648306 1198 4172
83.648336 526 4172
83.653304 1198 4172
83.653339 1198 4172
83.653379 1198 4172
83.653415 1198 4172
83.653449 1198 4172
83.653490 1198 4172
83.653525 1198 4172
83.653561 1198 4172
83.653593 1198 4172
83.653628 1198 4172
83.661370 1198 4172
83.661423 1198 4172
83.661479 590 4172
83.665371 1198 4172
83.665402 1198 4172
83.665444 1198 4172
83.665479 1198 4172
83.665511 1198 4172
83.677274 1198 4172
83.677353 1198 4172
83.677391 1198 4172
83.677429 110 4172
83.677468 1198 4172
83.685280 1198 4172
83.685341 1198 4172
83.685383 1150 4172
83.693442 1198 4172
83.693474 1198 4172
83.693518 1198 4172
83.693554 1198 4172
83.701421 1198 4172
83.701468 1198 4172
83.701513 1198 4172
83.701552 1198 4172
83.709249 1198 4172
83.709308 1198 4172
83.709352 1198 4172
83.709390 654 4172
83.717437 1198 4172
83.717467 1198 4172
83.717498 1198 4172
83.717526 1198 4172
83.725388 1198 4172
83.725437 1198 4172
83.725485 1198 4172
83.725522 1198 4172
83.733414 1198 4172
83.733451 142 4172
83.733491 1198 4172
83.733528 1198 4172
83.733562 1198 4172
83.741339 1198 4172
83.741376 1198 4172
83.741415 1198 4172
83.741449 1198 4172
83.749374 1198 4172
83.749409 1198 4172
83.749443 1198 4172
83.749474 1198 4172
83.753271 878 4172
83.753326 1198 4172
83.753362 1198 4172
83.753395 1198 4172
83.753425 1198 4172
83.765441 1198 4172
83.765483 1198 4172
83.765518 1198 4172
83.765551 1198 4172
83.773366 110 4172
83.773394 1198 4172
83.773426 1198 4172
83.773457 1198 4172
83.773486 1198 4172
83.781377 526 4172
83.781422 1198 4172
83.781452 1198 4172
83.781480 1198 4172
83.781508 1198 4172
83.789453 1198 4172
83.789488 1198 4172
83.789519 1198 4172
83.789549 1198 4172
83.797282 1198 4172
83.797323 1198 4172
83.797363 1198 4172
83.797414 1198 4172
83.805393 878 4172
83.805441 1198 4172
83.805481 1198 4172
83.805518 1198 4172
83.805554 1198 4172
83.813382 1198 4172
83.813429 1198 4172
83.813471 1198 4172
83.813512 1198 4172
83.821369 1198 4172
83.821416 1198 4172
83.821452 1198 4172
83.821494 1198 4172
83.829277 398 4172
83.829328 1198 4172
83.829371 1198 4172
83.829406 1198 4172
83.829441 1198 4172
83.837381 1198 4172
83.837418 1198 4172
83.837462 1198 4172
83.837499 1198 4172
83.843273 1198 4172
83.843313 1198 4172
83.843351 846 4172
83.843387 1198 4172
83.843422 1198 4172
83.853457 1198 4172
83.853487 1198 4172
83.853521 1198 4172
83.853556 1198 4172
83.861408 1198 4172
83.861442 1198 4172
83.861530 638 4172
83.861566 1198 4172
83.861599 1198 4172
83.869349 1198 4172
83.869387 1198 4172
83.869432 1198 4172
83.869470 1198 4172
83.877334 1198 4172
83.877367 1198 4172
83.877408 1198 4172
83.877450 110 4172
83.877497 286 4172
83.877557 1198 4172
83.885351 1198 4172
83.885389 1198 4172
83.885422 1198 4172
83.885456 1198 4172
83.893329 1198 4172
83.893367 1198 4172
83.893401 110 4172
83.893439 1198 4172
83.893468 1198 4172
83.901363 1198 4172
83.901396 1198 4172
83.901422 238 4172
83.901449 1198 4172
83.901473 1198 4172
83.909385 1198 4172
83.909402 1198 4172
83.909442 1198 4172
83.909472 1198 4172
83.917416 1198 4172
83.917443 1198 4172
83.917469 1198 4172
83.917494 1150 4172
83.917519 718 4172
83.923760 718 4172
83.923783 190 4172
83.923816 254 4172
83.923847 414 4172
83.929279 1198 4172
83.929315 254 4172
83.973731 1198 4172
83.990386 1198 4172
84.020228 1198 4172
84.021939 1198 4172
84.021975 846 4172
84.022019 1198 4172
84.054359 510 4172
84.054448 1198 4172
84.054481 1198 4172
84.054510 1198 4172
84.054541 558 4172
84.054570 1198 4172
84.054596 174 4172
84.054624 1198 4172
84.054649 398 4172
84.054677 1022 4172
84.054705 1166 4172
84.054733 1086 4172
84.054761 1198 4172
84.054789 1198 4172
84.054816 1198 4172
84.054843 1198 4172
84.054870 238 4172
84.054897 1198 4172
84.054924 1198 4172
84.054951 478 4172
84.070192 1198 4172
84.070288 1198 4172
84.070315 430 4172
84.104551 1198 4172
84.104614 1198 4172
84.104648 1198 4172
84.104680 1198 4172
84.104707 1198 4172
84.104742 1198 4172
84.104772 1198 4172
84.104802 1198 4172
84.104830 1198 4172
84.104859 1198 4172
84.104889 270 4172
84.111983 1198 4172
84.112019 1198 4172
84.112068 1198 4172
84.112103 1198 4172
84.112133 1198 4172
84.112165 1198 4172
84.112194 1198 4172
84.112229 1198 4172
84.112255 1198 4172
84.112290 1102 4172
84.114501 1198 4172
84.114652 1198 4172
84.114692 1198 4172
84.114723 1198 4172
84.114749 1198 4172
84.114775 1198 4172
84.114803 1198 4172
84.114830 1198 4172
84.114856 1198 4172
84.114882 1198 4172
84.114908 494 4172
84.122102 1198 4172
84.144988 1198 4172
84.148963 1198 4172
84.149065 1198 4172
84.149101 1198 4172
84.149139 1198 4172
84.149303 1198 4172
84.149339 1198 4172
84.149370 1198 4172
84.149401 1198 4172
84.149426 366 4172
84.149455 1198 4172
84.149486 1198 4172
84.149517 1198 4172
84.149545 1198 4172
84.149574 1198 4172
84.149603 1198 4172
84.149631 1198 4172
84.149680 1198 4172
84.156038 1198 4172
84.156079 1198 4172
84.156113 1198 4172
84.156144 414 4172
84.156175 1198 4172
84.156209 1198 4172
84.156242 1198 4172
84.156270 110 4172
84.156300 1198 4172
84.156329 1198 4172
84.156358 1198 4172
84.159681 1198 4172
84.159740 1198 4172
84.159771 782 4172
84.159802 1198 4172
84.159846 1198 4172
84.169851 1198 4172
84.169891 1198 4172
84.169919 1198 4172
84.179100 1198 4172
84.179134 1198 4172
84.179162 1198 4172
84.179189 1198 4172
84.179216 702 4172
84.189096 1198 4172
84.189250 1198 4172
84.190749 1198 4172
84.190794 1198 4172
84.190845 1198 4172
84.204557 1198 4172
84.205635 1198 4172
84.208640 1198 4172
84.208731 1198 4172
84.221919 622 4172
84.222529 1198 4172
84.223124 1198 4172
84.223158 1198 4172
84.223694 1198 4172
84.224283 1198 4172
84.224323 1198 4172
84.224353 1198 4172
84.226351 1198 4172
84.226559 1198 4172
84.226830 1198 4172
84.226935 126 4172
84.226968 1198 4172
84.226996 302 4172
84.227028 1198 4172
84.227056 1198 4172
84.227101 1198 4172
84.227126 1198 4172
84.235550 1198 4172
84.235595 1198 4172
84.235623 1198 4172
84.235649 1198 4172
84.235696 1198 4172
84.247827 1198 4172
84.248055 1198 4172
84.248086 414 4172
84.248115 1198 4172
84.248181 1198 4172
84.249456 1198 4172
84.249491 1198 4172
84.249520 1198 4172
84.249547 1198 4172
84.257438 1198 4172
84.257467 1198 4172
84.257495 1198 4172
84.257522 1198 4172
84.265349 1182 4172
84.265401 1198 4172
84.265429 1198 4172
84.265455 1198 4172
84.273030 1198 4172
84.276217 1198 4172
84.276259 1198 4172
84.276290 1198 4172
84.281483 1198 4172
84.281518 1198 4172
84.281544 990 4172
84.281572 1198 4172
84.281596 1198 4172
84.295384 1198 4172
84.295426 1198 4172
84.295454 1198 4172
84.295484 1198 4172
84.297360 1198 4172
84.297395 1198 4172
84.297423 270 4172
84.297451 1198 4172
84.297478 1198 4172
84.305736 1198 4172
84.305838 1198 4172
84.305859 1198 4172
84.305890 1198 4172
84.313432 1198 4172
84.313477 1198 4172
84.313510 462 4172
84.313542 1198 4172
84.313573 1198 4172
84.320375 1198 4172
84.320433 1198 4172
84.320467 1198 4172
84.329659 1198 4172
84.329700 1198 4172
84.329728 1198 4172
84.329755 1198 4172
84.337483 510 4172
84.337522 1198 4172
84.337553 1198 4172
84.337581 1198 4172
84.337609 1198 4172
84.345447 1198 4172
84.345490 1198 4172
84.345519 1198 4172
84.345547 1198 4172
84.352235 334 4172
84.352273 654 4172
84.352303 270 4172
84.352330 190 4172
84.352362 190 4172
84.352389 190 4172
84.352415 190 4172
84.352443 190 4172
84.352468 190 4172
84.361989 190 4172
84.362037 190 4172
84.362067 190 4172
84.362091 190 4172
84.365749 190 4172
84.366195 190 4172
84.366391 190 4172
84.366419 190 4172
84.366445 1198 4172
84.366479 1198 4172
84.366505 350 4172
84.366532 846 4172
84.366558 222 4172
84.366586 190 4172
84.366611 190 4172
84.366638 190 4172
84.366662 190 4172
84.366687 190 4172
84.366713 190 4172
84.370470 190 4172
84.370512 190 4172
84.370540 190 4172
84.370568 190 4172
84.370596 1198 4172
84.370622 190 4172
84.370651 190 4172
84.378081 190 4172
84.378123 1198 4172
84.378152 1198 4172
84.378179 1198 4172
84.378207 1006 4172
84.378236 190 4172
84.391351 222 4172
84.400691 190 4172
84.400786 190 4172
84.400807 190 4172
84.400840 190 4172
84.400882 190 4172
84.400914 190 4172
84.400943 190 4172
84.400972 190 4172
84.401004 190 4172
84.401036 190 4172
84.413330 190 4172
84.413377 190 4172
84.413411 190 4172
84.413453 190 4172
84.413493 1198 4172
84.413529 1198 4172
84.413557 1198 4172
84.413592 1102 4172
84.413621 174 4172
84.428082 110 4172
84.430104 222 4172
84.430142 190 4172
84.430176 190 4172
84.430208 190 4172
84.430238 190 4172
84.430270 190 4172
84.430303 190 4172
84.430332 190 4172
84.430362 190 4172
84.430391 190 4172
84.430421 190 4172
84.430454 190 4172
84.430484 190 4172
84.456293 190 4172
84.456317 190 4172
84.456351 1198 4172
84.456380 1198 4172
84.456409 1198 4172
84.456439 1198 4172
84.456474 382 4172
84.457487 222 4172
84.457524 190 4172
84.463130 190 4172
84.463185 1198 4172
84.463212 1198 4172
84.463239 878 4172
84.463266 1198 4172
84.463293 1198 4172
84.463320 1198 4172
84.463346 1182 4172
84.463372 1198 4172
84.463400 1198 4172
84.463423 1198 4172
84.463448 1198 4172
84.463474 398 4172
84.463500 1198 4172
84.463524 1198 4172
84.463548 1198 4172
84.463573 1198 4172
84.463597 718 4172
84.469615 1198 4172
84.469646 1198 4172
84.469680 1198 4172
84.469710 1198 4172
84.469741 654 4172
84.469768 1198 4172
84.469802 1198 4172
84.469834 1198 4172
84.469865 1198 4172
84.469891 1118 4172
84.469919 1198 4172
84.469948 1198 4172
84.469978 1198 4172
84.477420 1198 4172
84.477457 1198 4172
84.477486 1198 4172
84.477514 606 4172
84.477541 1198 4172
84.477589 1198 4172
84.478564 60 60000
84.485621 1198 4172
84.485656 1198 4172
84.485690 1198 4172
84.485721 1198 4172
84.485749 1198 4172
84.485780 430 4172
84.485814 1198 4172
84.485845 1198 4172
84.485873 1198 4172
84.485901 1198 4172
84.493522 1198 4172
84.493555 1198 4172
84.493586 430 4172
84.493620 1198 4172
84.493651 1198 4172
84.503849 1198 4172
84.503899 1198 4172
84.503929 1198 4172
84.503963 334 4172
84.503994 190 4172
84.504035 190 4172
84.504066 1198 4172
84.509456 1198 4172
84.509524 1198 4172
84.509569 1198 4172
84.509604 542 4172
84.509650 574 4172
84.520945 174 4172
84.521043 174 4172
84.521065 1198 4172
84.521093 1198 4172
84.521122 926 4172
84.521209 1198 4172
84.521249 1198 4172
84.521302 1198 4172
84.527569 1198 4172
84.527618 238 4172
84.527651 1198 4172
84.527679 1198 4172
84.527705 1198 4172
84.534089 1198 4172
84.541388 686 4172
84.542168 1198 4172
84.542225 174 4172
84.550615 1198 4172
84.550655 1198 4172
84.550689 1198 4172
84.550722 1006 4172
84.550749 1198 4172
84.550779 1198 4172
84.550812 1198 4172
84.550840 1198 4172
84.550866 1102 4172
84.559372 1198 4172
84.559423 1198 4172
84.559455 1198 4172
84.559496 1198 4172
84.559527 1198 4172
84.566446 638 4172
84.566985 1198 4172
84.567025 1198 4172
84.567055 1198 4172
84.573026 1198 4172
84.573069 1198 4172
84.573102 1198 4172
84.573135 1198 4172
84.573282 734 4172
84.581676 1198 4172
84.583251 1198 4172
84.584284 1198 4172
84.584328 1198 4172
84.589337 1198 4172
84.589372 1198 4172
84.589406 1198 4172
84.589436 1102 4172
84.597379 1198 4172
84.597410 1198 4172
84.597441 1198 4172
84.597477 1198 4172
84.609176 1198 4172
84.609549 1198 4172
84.610390 1198 4172
84.610415 1198 4172
84.610465 1198 4172
84.617809 1198 4172
84.618111 1198 4172
84.618393 1198 4172
84.622037 1198 4172
84.622070 1198 4172
84.622102 638 4172
84.622133 174 4172
84.622161 174 4172
84.622193 1198 4172
84.622226 1198 4172
84.647440 1198 4172
84.647468 1198 4172
84.647523 542 4172
84.647581 126 4172
84.647612 846 4172
84.662471 126 4172
84.682749 110 4172
84.707094 110 4172
84.707113 110 4172
84.711628 110 4172
84.711662 126 4172
84.737724 126 4172
84.764194 126 4172
84.782721 110 4172
84.815214 126 4172
84.825287 126 4172
84.864146 1198 4172
84.864198 1198 4172
84.864233 366 4172
84.864278 302 4172
84.864313 126 4172
84.864356 238 4172
84.869240 110 4172
84.914017 126 4172
84.950524 1198 4172
84.950555 1198 4172
84.950591 510 4172
84.957217 126 4172
84.957256 110 4172
84.957290 110 4172
84.957321 110 4172
84.983754 110 4172
85.001364 1198 4172
85.001421 1198 4172
85.001461 1198 4172
85.001494 1166 4172
85.045315 1198 4172
85.045360 1198 4172
85.045401 1198 4172
85.045439 1198 4172
85.045476 1198 4172
85.045513 318 4172
85.064229 1198 4172
85.064297 1198 4172
85.064340 1198 4172
85.064378 1198 4172
85.064415 1198 4172
85.064452 1198 4172
85.064488 110 4172
85.084816 110 4172
85.089536 1198 4172
85.089578 1198 4172
85.089617 1198 4172
85.089659 1198 4172
85.089697 1198 4172
85.089732 1198 4172
85.089768 750 4172
85.117242 1198 4172
85.133361 1198 4172
85.133538 1198 4172
85.133577 1198 4172
85.133613 1198 4172
85.133649 1198 4172
85.133684 1198 4172
85.133727 622 4172
85.177414 110 4172
85.221409 110 4172
85.221494 110 4172
85.221528 110 4172
85.265409 110 4172
85.287407 1198 4172
85.287437 1198 4172
85.287494 1198 4172
85.287537 1198 4172
85.287577 1198 4172
85.287613 1198 4172
85.287649 1198 4172
85.287690 1198 4172
85.287725 1198 4172
85.287761 398 4172
85.289342 1198 4172
85.289389 1198 4172
85.289425 1198 4172
85.289461 1198 4172
85.289497 1198 4172
85.289537 1198 4172
85.289573 1198 4172
85.289608 1198 4172
85.289644 1198 4172
85.289679 1198 4172
85.289714 798 4172
85.299204 1198 4172
85.309348 1198 4172
85.309446 1198 4172
85.309473 1198 4172
85.309504 1198 4172
85.309536 1198 4172
85.309569 1198 4172
85.309599 1198 4172
85.309630 1198 4172
85.309661 1198 4172
85.309695 110 4172
85.322129 1198 4172
85.322202 1198 4172
85.322262 1198 4172
85.322303 1198 4172
85.322342 1198 4172
85.322378 1198 4172
85.322420 1198 4172
85.322457 1198 4172
85.322498 1198 4172
85.322534 366 4172
85.353276 1198 4172
85.353327 1166 4172
85.529402 110 4172
85.529559 110 4172
85.529616 110 4172
85.705314 110 4172
85.764337 110 4172
85.764386 110 4172
85.764423 110 4172
85.793443 110 4172
86.013475 110 4172
86.277504 110 4172
86.585500 110 4172
86.673509 110 4172
86.801677 110 4172
86.845384 110 4172
87.105698 110 4172
87.365467 110 4172
87.625281 110 4172
87.669201 110 4172
87.801380 110 4172
87.889645 110 4172
88.197655 110 4172
88.681410 110 4172
89.693345 110 4172
89.781390 110 4172
90.705387 110 4172
90.793355 110 4172
90.837444 110 4172
91.669200 110 4172
92.681454 110 4172
92.769275 110 4172
93.513364 110 4172
93.689421 110 4172
93.777312 110 4172
94.697361 110 4172
94.785361 110 4172
95.701406 110 4172
95.789310 110 4172
96.181297 110 4172
96.665271 110 4172
96.797308 110 4172
97.677310 110 4172
97.765373 110 4172
98.685222 110 4172
98.774154 110 4172
98.861336 110 4172
99.697336 110 4172
99.785326 110 4172
100.665074 110 4172
100.797288 110 4172
101.545298 110 4172
101.677217 110 4172
101.765191 110 4172
102.689189 110 4172
102.777283 110 4172
103.693227 110 4172
103.781313 110 4172
104.177290 110 4172
104.705269 110 4172
104.721719 270 4172
104.721783 254 4172
104.721821 270 4172
104.721857 318 4172
104.721890 238 4172
104.721924 302 4172
104.722014 318 4172
104.725471 238 4172
104.725512 238 4172
104.725549 302 4172
104.725587 254 4172
104.725620 270 4172
104.725655 334 4172
104.725688 286 4172
104.725722 334 4172
104.737264 60 60000
104.749112 318 4172
104.749192 686 4172
104.793198 110 4172
104.877529 110 4172
104.881195 174 4172
104.897780 158 4172
104.909690 174 4172
104.925158 158 4172
104.929598 270 4172
104.929635 254 4172
104.929664 270 4172
104.929688 318 4172
104.929712 238 4172
104.929737 302 4172
104.929777 238 4172
104.934706 238 4172
104.934759 238 4172
104.934788 302 4172
104.934817 254 4172
104.934860 270 4172
104.934890 334 4172
104.934922 286 4172
104.934951 334 4172
104.943758 1198 4172
104.943799 1198 4172
104.943843 1198 4172
104.943874 1198 4172
104.943902 1198 4172
104.943936 1198 4172
104.943960 1198 4172
104.943991 1198 4172
104.944017 1198 4172
104.944044 126 4172
104.946354 1198 4172
104.946390 1198 4172
104.946420 1198 4172
104.946446 1198 4172
104.946474 1198 4172
104.946501 1198 4172
104.946529 1198 4172
104.946554 1198 4172
104.946580 462 4172
104.969112 1198 4172
105.081446 126 4172
105.093505 126 4172
105.103257 126 4172
105.131233 126 4172
105.131277 126 4172
105.131311 1198 4172
105.131342 1198 4172
105.131370 638 4172
105.131405 158 4172
105.131439 158 4172
105.131477 1198 4172
105.131512 1198 4172
105.131573 1198 4172
105.131604 1198 4172
105.131634 510 4172
105.131661 1198 4172
105.131704 1198 4172
105.131735 1198 4172
105.131791 1198 4172
105.131912 1198 4172
105.131945 1198 4172
105.131989 1198 4172
105.132054 1198 4172
105.132100 1198 4172
105.132140 1198 4172
105.132365 1198 4172
105.132400 1198 4172
105.132434 206 4172
105.139386 1198 4172
105.139425 1198 4172
105.139461 1198 4172
105.139490 1198 4172
105.139529 1198 4172
105.139554 1198 4172
105.139583 1198 4172
105.139616 1198 4172
105.139644 1198 4172
105.139674 606 4172
105.148215 1198 4172
105.148293 1198 4172
105.148322 1198 4172
105.148361 1198 4172
105.149023 1198 4172
105.149139 1198 4172
105.149193 1198 4172
105.149294 1198 4172
105.149441 1198 4172
105.149573 1198 4172
105.156613 1198 4172
105.156645 1198 4172
105.156675 1198 4172
105.156702 1198 4172
105.156828 1198 4172
105.156862 1198 4172
105.156918 1198 4172
105.156990 1198 4172
105.157016 766 4172
105.157061 1198 4172
105.173253 1198 4172
105.174748 1198 4172
105.174781 1198 4172
105.174817 1198 4172
105.174848 1198 4172
105.193185 1198 4172
105.193909 1198 4172
105.194022 1198 4172
105.194052 1198 4172
105.194085 1198 4172
105.194106 622 4172
105.194131 1198 4172
105.194158 1198 4172
105.194185 1198 4172
105.197251 1198 4172
105.197275 1198 4172
105.197304 1198 4172
105.197330 1198 4172
105.197355 1198 4172
105.197381 1198 4172
105.197408 1198 4172
105.197434 1198 4172
105.197466 702 4172
105.205251 1198 4172
105.205291 1198 4172
105.205321 1198 4172
105.205348 1198 4172
105.205374 1198 4172
105.214831 1198 4172
105.215010 1198 4172
105.216563 1198 4172
105.216595 1198 4172
105.222708 1198 4172
105.224485 1198 4172
105.224572 1006 4172
105.227577 1198 4172
105.227622 1198 4172
105.227670 1198 4172
105.230060 1198 4172
105.230134 1198 4172
105.230164 1198 4172
105.247511 1198 4172
105.248621 1198 4172
105.255967 110 4172
105.256527 1198 4172
105.257421 974 4172
105.257481 206 4172
105.262241 398 4172
105.262287 526 4172
105.262320 1198 4172
105.262351 1198 4172
105.262380 1198 4172
105.262409 1198 4172
105.262438 894 4172
105.262464 478 4172
105.262494 1198 4172
105.262523 1198 4172
105.262550 1198 4172
105.262578 1198 4172
105.262607 1198 4172
105.262634 1198 4172
105.262663 190 4172
105.262691 1198 4172
105.262718 1198 4172
105.273247 1198 4172
105.273339 1198 4172
105.273369 206 4172
105.273396 1198 4172
105.273424 1198 4172
105.273449 1198 4172
105.281404 1198 4172
105.281546 1198 4172
105.281582 1198 4172
105.281608 1198 4172
105.289304 638 4172
105.289345 1198 4172
105.289372 1198 4172
105.289397 1198 4172
105.289423 1198 4172
105.300836 1198 4172
105.300917 1198 4172
105.300956 1198 4172
105.301016 1102 4172
105.301062 1198 4172
105.305356 1198 4172
105.305389 1198 4172
105.305417 1198 4172
105.305444 1198 4172
105.316897 1198 4172
105.316926 1198 4172
105.317053 1198 4172
105.317084 1198 4172
105.317125 1198 4172
105.321295 1198 4172
105.321331 174 4172
105.321378 1198 4172
105.321411 1198 4172
105.332542 1198 4172
105.332675 1198 4172
105.332700 1198 4172
105.332730 1198 4172
105.337763 1198 4172
105.337927 1198 4172
105.337959 1198 4172
105.337992 478 4172
105.338021 1198 4172
105.346142 1198 4172
105.346186 1198 4172
105.346337 1198 4172
105.346393 1198 4172
105.353190 1198 4172
105.353232 606 4172
105.353261 1198 4172
105.353288 1198 4172
105.369540 1198 4172
105.369584 1198 4172
105.369614 1198 4172
105.369880 1198 4172
105.382192 1198 4172
105.382343 1198 4172
105.382357 1102 4172
105.382385 1198 4172
105.382421 1198 4172
105.382446 1198 4172
105.382471 1198 4172
105.382498 1198 4172
105.385174 1198 4172
105.385210 1198 4172
105.385239 1198 4172
105.385267 1198 4172
105.393910 1198 4172
105.394394 1198 4172
105.395814 478 4172
105.395859 1198 4172
105.395892 1198 4172
105.400980 1198 4172
105.401181 1198 4172
105.401219 1198 4172
105.401253 1198 4172
105.409243 1198 4172
105.409289 1198 4172
105.409319 1198 4172
105.409355 1198 4172
105.409382 1198 4172
105.417596 478 4172
105.417632 1198 4172
105.417659 1198 4172
105.417685 1198 4172
105.428077 1198 4172
105.428128 1198 4172
105.428164 1198 4172
105.428194 1198 4172
105.435439 766 4172
105.435490 1198 4172
105.435527 1198 4172
105.435554 1198 4172
105.435589 1198 4172
105.442348 1198 4172
105.452327 1198 4172
105.456642 1198 4172
105.458323 1198 4172
105.467976 1198 4172
105.483883 1198 4172
105.484660 1198 4172
105.484789 942 4172
105.484826 1198 4172
105.484873 1198 4172
105.484902 1198 4172
105.484927 1198 4172
105.484976 1198 4172
105.486423 1198 4172
105.486452 1198 4172
105.486503 622 4172
105.491027 1198 4172
105.491066 1198 4172
105.491098 1198 4172
105.491127 1198 4172
105.491164 1198 4172
105.491203 1198 4172
105.500657 110 4172
105.502659 1198 4172
105.502840 222 4172
105.502874 1198 4172
105.502901 1198 4172
105.502944 1198 4172
105.505873 1198 4172
105.505909 1198 4172
105.513190 142 4172
105.513222 1198 4172
105.513253 1198 4172
105.513280 1198 4172
105.518929 590 4172
105.518968 942 4172
105.525340 60 60000
105.529127 174 4172
105.529165 174 4172
105.529199 1198 4172
105.529229 1198 4172
105.529258 510 4172
105.529290 1198 4172
105.539600 1198 4172
105.539654 1198 4172
105.539694 1198 4172
105.546782 1198 4172
105.546815 1198 4172
105.546850 1198 4172
105.554384 1198 4172
105.554680 1006 4172
105.554721 1198 4172
105.562412 1198 4172
105.562446 1198 4172
105.562480 1198 4172
105.568870 1198 4172
105.568907 1198 4172
105.568941 1198 4172
105.577097 318 4172
105.577123 1198 4172
105.577153 1198 4172
105.577185 1198 4172
105.585170 1198 4172
105.585207 1198 4172
105.585243 1198 4172
105.595418 1198 4172
105.595517 766 4172
105.595538 1198 4172
105.595574 1198 4172
105.601375 1198 4172
105.601410 1198 4172
105.601445 1198 4172
105.609112 1198 4172
105.609147 1198 4172
105.609187 1198 4172
105.617504 126 4172
105.617542 1198 4172
105.617568 1198 4172
105.625167 1198 4172
105.625198 1198 4172
105.625227 1198 4172
105.633106 1198 4172
105.633146 1198 4172
105.633180 270 4172
105.633213 1198 4172
105.641330 1198 4172
105.641376 1198 4172
105.641410 1198 4172
105.649532 1198 4172
105.649559 1198 4172
105.649594 1198 4172
105.659529 1198 4172
105.659590 942 4172
105.659620 1198 4172
105.661360 1198 4172
105.673244 1198 4172
105.673269 110 4172
105.673304 1198 4172
105.673332 1198 4172
105.683809 1198 4172
105.683849 366 4172
105.683885 1198 4172
105.683918 1198 4172
105.691622 1198 4172
105.691702 1198 4172
105.691740 1198 4172
105.698914 1198 4172
105.698962 1198 4172
105.698994 846 4172
105.699029 1198 4172
105.705240 1198 4172
105.705319 1198 4172
105.705355 1198 4172
105.713457 1198 4172
105.713491 1198 4172
105.713526 1198 4172
105.721181 1198 4172
105.721213 1198 4172
105.721249 1182 4172
105.729175 1198 4172
105.729235 1198 4172
105.738001 1198 4172
105.738047 1198 4172
105.738071 1198 4172
105.738101 1198 4172
105.748098 1198 4172
105.748408 1198 4172
105.748448 1198 4172
105.752668 1198 4172
105.752708 1198 4172
105.752743 1102 4172
105.764085 1198 4172
105.764351 174 4172
105.764388 1198 4172
105.764417 1198 4172
105.771398 110 4172
105.771464 1198 4172
105.771498 1198 4172
105.771541 542 4172
105.774965 110 4172
105.775002 462 4172
105.775038 174 4172
105.775088 174 4172
105.775105 174 4172
105.775134 174 4172
105.775162 174 4172
105.775190 174 4172
105.775222 174 4172
105.778635 174 4172
105.778670 174 4172
105.778704 174 4172
105.778735 174 4172
105.781264 174 4172
105.781297 174 4172
105.781325 174 4172
105.793368 1198 4172
105.793414 174 4172
105.793441 1198 4172
105.793473 1198 4172
105.793505 590 4172
105.793536 1198 4172
105.793565 302 4172
105.837286 1198 4172
105.881262 110 4172
105.914212 206 4172
105.914255 174 4172
105.914291 238 4172
105.969648 110 4172
105.986905 158 4172
105.986930 238 4172
105.986963 238 4172
105.986996 238 4172
105.987075 222 4172
106.013171 206 4172
106.013231 206 4172
106.013284 206 4172
106.013329 238 4172
106.013362 238 4172
106.013395 238 4172
106.013431 222 4172
106.013472 1198 4172
106.033769 174 4172
106.033818 110 4172
106.051314 1198 4172
106.057104 1198 4172
106.057153 446 4172
106.083595 110 4172
106.093621 190 4172
106.101123 126 4172
106.189193 110 4172
106.264495 1134 4172
106.277207 110 4172
106.321338 110 4172
106.321426 110 4172
106.321466 110 4172
106.585405 110 4172
106.585557 110 4172
106.585593 110 4172
106.673287 110 4172
106.806506 110 4172
107.113323 110 4172
107.377403 110 4172
107.637171 110 4172
107.681503 110 4172
107.769105 110 4172
107.901231 110 4172
108.209442 110 4172
108.473153 110 4172
108.693182 110 4172
108.737486 110 4172
108.781227 110 4172
109.705173 110 4172
109.793462 110 4172
110.664423 318 4172
110.669083 110 4172
110.729050 414 4172
110.729133 174 4172
110.729158 174 4172
110.729199 174 4172
110.729232 174 4172
110.732972 174 4172
110.733014 174 4172
110.733049 174 4172
110.733083 174 4172
110.733120 174 4172
110.737384 174 4172
110.737421 174 4172
110.737450 174 4172
110.737497 174 4172
110.737554 174 4172
110.741138 174 4172
110.741171 1198 4172
110.741210 1198 4172
110.741249 1198 4172
110.741281 1198 4172
110.741312 766 4172
110.757121 1198 4172
110.757205 1198 4172
110.757242 1198 4172
110.757278 1198 4172
110.757316 1198 4172
110.757351 1198 4172
110.757386 1198 4172
110.757426 1198 4172
110.757462 542 4172
110.801445 110 4172
110.878059 110 4172
110.889197 1182 4172
110.897986 1198 4172
110.898052 398 4172
110.911387 1198 4172
110.911432 414 4172
110.933236 1198 4172
110.933368 1198 4172
110.933374 126 4172
111.153204 110 4172
111.417135 110 4172
111.681307 110 4172
111.681434 110 4172
111.769077 110 4172
111.945183 110 4172
113.705172 110 4172
113.793163 110 4172
114.664542 110 4172
114.669297 110 4172
114.801157 110 4172
115.681107 110 4172
115.769015 110 4172
116.781104 110 4172
117.349130 110 4172
117.701067 110 4172
117.789117 110 4172
118.669025 110 4172
118.801208 110 4172
119.677138 110 4172
119.764914 110 4172
120.029248 110 4172
120.688899 110 4172
120.777045 110 4172
121.696989 110 4172
121.785056 110 4172
122.664857 110 4172
122.709022 110 4172
122.797129 110 4172
123.676967 110 4172
123.764858 110 4172
124.688996 110 4172
124.777028 110 4172
125.437270 110 4172
125.662502 1198 4172
125.662518 1198 4172
125.662594 1198 4172
125.662614 1198 4172
125.662643 1198 4172
125.662670 1198 4172
125.662697 1198 4172
125.662724 1198 4172
125.662752 1198 4172
125.662779 1198 4172
125.662806 1198 4172
125.662834 494 4172
125.671690 1198 4172
125.671729 1198 4172
125.671779 1198 4172
125.671814 1198 4172
125.671850 1198 4172
125.671881 1198 4172
125.671914 1198 4172
125.671946 206 4172
125.671978 110 4172
125.680153 1198 4172
125.680184 1198 4172
125.680216 1198 4172
125.680248 1198 4172
125.680279 1198 4172
125.680309 1198 4172
125.680339 942 4172
125.689028 1198 4172
125.689059 1198 4172
125.689087 1198 4172
125.689117 1198 4172
125.689141 1198 4172
125.689169 1198 4172
125.689199 1198 4172
125.689225 1198 4172
125.689253 1198 4172
125.689279 1198 4172
125.696988 1198 4172
125.697013 1006 4172
125.697040 1198 4172
125.697066 1198 4172
125.706781 1198 4172
125.706813 1198 4172
125.713090 1198 4172
125.713124 1198 4172
125.713153 1198 4172
125.720902 1198 4172
125.720930 1198 4172
125.720962 1198 4172
125.729033 1198 4172
125.729059 1198 4172
125.729092 1198 4172
125.736978 1198 4172
125.737011 1198 4172
125.737046 1198 4172
125.745031 1198 4172
125.745061 1198 4172
125.745099 1198 4172
125.748929 1198 4172
125.748992 1198 4172
125.749058 1198 4172
125.749108 1198 4172
125.761102 1198 4172
125.761127 782 4172
125.761207 1198 4172
125.768973 1198 4172
125.769015 638 4172
125.769059 1198 4172
125.769099 1198 4172
125.777025 110 4172
125.777064 1198 4172
125.777105 1198 4172
125.777150 1198 4172
125.785003 1198 4172
125.785033 1198 4172
125.785071 1198 4172
125.789489 60 60000
125.792891 1198 4172
125.792953 1198 4172
125.792990 1198 4172
125.800917 350 4172
125.808900 1198 4172
125.817061 1198 4172
125.817097 1198 4172
125.825021 1198 4172
125.825051 1198 4172
125.832898 1198 4172
125.832937 1198 4172
125.836945 1198 4172
125.836986 1198 4172
125.849130 1198 4172
125.849146 1198 4172
125.849227 1198 4172
125.856968 1198 4172
125.857038 1198 4172
125.864860 1198 4172
125.864899 1198 4172
125.873020 830 4172
125.873073 1198 4172
125.880988 1198 4172
125.881033 1198 4172
125.888989 1198 4172
125.889025 1198 4172
125.896961 1198 4172
125.897008 1198 4172
125.904954 1198 4172
125.904987 1198 4172
125.912981 1198 4172
125.913006 1198 4172
125.920931 1198 4172
125.920971 1198 4172
125.924888 1198 4172
125.924919 158 4172
125.924947 1198 4172
125.936951 1198 4172
125.936991 1198 4172
125.945053 110 4172
125.945105 1198 4172
125.945148 1198 4172
125.953033 1198 4172
125.953096 1198 4172
125.960874 1198 4172
125.960912 1198 4172
125.969026 1198 4172
125.969061 1198 4172
125.976979 1198 4172
125.977026 1198 4172
125.985767 1150 4172
125.985808 1198 4172
125.992949 1198 4172
125.992981 1198 4172
126.000926 1198 4172
126.000971 1198 4172
126.008947 1198 4172
126.008979 1198 4172
126.012949 1198 4172
126.012992 1198 4172
126.024951 1198 4172
126.024981 1198 4172
126.025032 1198 4172
126.032961 1198 4172
126.032986 622 4172
126.040932 1198 4172
126.040956 1198 4172
126.048964 1198 4172
126.049009 1198 4172
126.056923 1198 4172
126.056972 1198 4172
126.064997 1198 4172
126.065025 1198 4172
126.072927 1198 4172
126.080969 1198 4172
126.081009 1198 4172
126.089692 686 4172
126.089730 1198 4172
126.089762 1198 4172
126.099608 1198 4172
126.103562 1198 4172
126.103700 1198 4172
126.104889 1198 4172
126.117782 1198 4172
126.117842 1198 4172
126.120930 1198 4172
126.120965 1198 4172
126.129047 1198 4172
126.129170 1198 4172
126.136945 350 4172
126.136993 1198 4172
126.137029 1198 4172
126.145276 1198 4172
126.145312 1198 4172
126.151694 1198 4172
126.151741 1198 4172
126.161007 1198 4172
126.161044 1198 4172
126.171781 1198 4172
126.171841 398 4172
126.171880 1198 4172
126.181841 1198 4172
126.181995 1198 4172
126.184916 1198 4172
126.184961 1198 4172
126.202320 782 4172
126.202405 1198 4172
126.208988 110 4172
126.209020 1198 4172
126.209056 1198 4172
126.209088 1198 4172
126.209118 1198 4172
126.217019 1198 4172
126.217057 1198 4172
126.225698 1198 4172
126.225761 254 4172
126.225845 1198 4172
126.232928 1198 4172
126.232973 1198 4172
126.240956 1198 4172
126.240989 1198 4172
126.248429 1198 4172
126.248475 1198 4172
126.258106 1198 4172
126.258149 1198 4172
126.265162 1198 4172
126.265797 1054 4172
126.273120 1198 4172
126.273147 1198 4172
126.295981 1198 4172
126.309927 1198 4172
126.313519 1198 4172
126.313564 1198 4172
126.313597 1198 4172
126.313627 1198 4172
126.313655 126 4172
126.313686 1198 4172
126.313712 478 4172
126.313741 1198 4172
126.313769 1198 4172
126.317269 1198 4172
126.321047 1198 4172
126.329347 1198 4172
126.329373 1198 4172
126.337574 1198 4172
126.337604 1198 4172
126.345051 1198 4172
126.345088 1198 4172
126.354282 1198 4172
126.354311 814 4172
126.354339 1198 4172
126.363532 1198 4172
126.363568 1198 4172
126.369032 1198 4172
126.369111 1198 4172
126.377515 1198 4172
126.377545 1198 4172
126.389126 1198 4172
126.389145 1198 4172
126.394070 1198 4172
126.394098 830 4172
126.400947 1198 4172
126.401106 1198 4172
126.409318 1198 4172
126.409950 1198 4172
126.417441 1198 4172
126.424940 1198 4172
126.424961 1198 4172
126.433014 1198 4172
126.433037 1198 4172
126.456212 1198 4172
126.457082 1070 4172
126.457146 1198 4172
126.465026 1198 4172
126.465049 1198 4172
126.465078 1198 4172
126.465109 1198 4172
126.465136 1198 4172
126.465163 1198 4172
126.472943 110 4172
126.472979 1198 4172
126.473010 1198 4172
126.486184 1198 4172
126.492249 1198 4172
126.492280 1198 4172
126.506815 1198 4172
126.519920 1198 4172
126.520160 1198 4172
126.520186 1198 4172
126.520214 1198 4172
126.520896 958 4172
126.520930 1198 4172
126.520957 1198 4172
126.528942 1198 4172
126.528980 1198 4172
126.536929 878 4172
126.536951 1198 4172
126.544979 1198 4172
126.545022 1198 4172
126.552955 1198 4172
126.552984 1198 4172
126.560977 1198 4172
126.561001 798 4172
126.561031 1198 4172
126.569074 1198 4172
126.569106 1198 4172
126.569473 60 60000
126.579502 1198 4172
126.579538 1198 4172
126.585239 1198 4172
126.585269 1198 4172
126.593000 1198 4172
126.593038 1198 4172
126.601007 1198 4172
126.601040 1198 4172
126.609031 478 4172
126.609069 1198 4172
126.609112 1198 4172
126.617943 1198 4172
126.617970 1198 4172
126.626857 1198 4172
126.627001 1198 4172
126.636661 1198 4172
126.636687 1198 4172
126.636719 1198 4172
126.636945 1198 4172
126.641064 1198 4172
126.660047 894 4172
126.667103 1198 4172
126.667233 1198 4172
126.673343 1198 4172
126.673984 1198 4172
126.674027 1198 4172
126.675793 1198 4172
126.675879 110 4172
126.676245 1198 4172
126.680967 1198 4172
126.680992 1198 4172
126.689112 734 4172
126.689159 1198 4172
126.696905 750 4172
126.696946 1198 4172
126.696977 1198 4172
126.706238 1198 4172
126.706915 1198 4172
126.713036 1198 4172
126.713108 1198 4172
126.723274 1198 4172
126.723307 1198 4172
126.723342 1198 4172
126.728946 990 4172
126.728992 814 4172
126.738190 1198 4172
126.739545 1198 4172
126.750024 1198 4172
126.750113 110 4172
126.750165 1198 4172
126.752903 1198 4172
126.752938 430 4172
126.752970 1198 4172
126.766509 1198 4172
126.766555 702 4172
126.766585 174 4172
126.766614 1198 4172
126.768956 1198 4172
126.768987 1198 4172
126.772893 542 4172
126.772938 110 4172
126.772974 1198 4172
126.773009 1198 4172
126.785262 1198 4172
126.785486 1198 4172
126.793042 798 4172
126.793505 1198 4172
126.803302 1198 4172
126.805373 1198 4172
126.805431 1198 4172
126.805559 1022 4172
126.808922 1198 4172
126.816929 1198 4172
126.816958 1198 4172
126.824891 1198 4172
126.824937 1086 4172
126.841296 1198 4172
126.841320 1198 4172
126.841355 1198 4172
126.849001 1198 4172
126.849041 1198 4172
126.849073 206 4172
126.849109 1198 4172
126.849137 1198 4172
126.857598 1198 4172
126.857648 1198 4172
126.868287 1166 4172
126.868324 1198 4172
126.877639 1198 4172
126.877764 110 4172
126.879302 1198 4172
126.881091 1198 4172
126.881117 1102 4172
126.881186 1198 4172
126.889042 1198 4172
126.889108 1198 4172
126.897584 1198 4172
126.897674 766 4172
126.904968 1198 4172
126.905029 1198 4172
126.911500 1198 4172
126.912491 1198 4172
126.912533 638 4172
126.920928 1198 4172
126.929437 1198 4172
126.929481 1198 4172
126.949469 574 4172
126.949561 1198 4172
126.949590 1198 4172
126.952876 1198 4172
126.952913 1198 4172
126.952942 494 4172
126.952992 1198 4172
126.953024 1198 4172
126.964358 1198 4172
126.964402 1198 4172
126.974801 1198 4172
126.975139 382 4172
126.975207 1198 4172
126.976992 1198 4172
126.979608 1198 4172
126.993552 1198 4172
126.993780 366 4172
126.993874 1198 4172
127.003332 1198 4172
127.003361 1198 4172
127.003396 590 4172
127.003427 1198 4172
127.018533 110 4172
127.018574 926 4172
127.018614 446 4172
127.018680 462 4172
127.018718 1198 4172
127.032644 1198 4172
127.032687 1198 4172
127.032716 622 4172
127.032754 1198 4172
127.032879 1198 4172
127.032942 1198 4172
127.041197 1198 4172
127.041228 1198 4172
127.041291 782 4172
127.052197 1198 4172
127.055245 1198 4172
127.055398 1198 4172
127.055562 1198 4172
127.056825 1006 4172
127.064883 1198 4172
127.064908 1198 4172
127.079756 1198 4172
127.079836 1198 4172
127.079854 1086 4172
127.083614 1198 4172
127.083647 1198 4172
127.083683 1198 4172
127.091683 1198 4172
127.091708 1198 4172
127.099597 206 4172
127.099647 1198 4172
127.099676 1198 4172
127.107738 1198 4172
127.111694 1198 4172
127.111840 1150 4172
127.115634 1198 4172
127.115669 1198 4172
127.131158 1198 4172
127.131194 1198 4172
127.132260 1198 4172
127.144244 1198 4172
127.144255 1198 4172
127.144333 1198 4172
127.147655 734 4172
127.147690 1198 4172
127.161978 1198 4172
127.162018 1198 4172
127.163601 1086 4172
127.163645 1198 4172
127.163694 622 4172
127.178243 1198 4172
127.178273 1198 4172
127.178308 1198 4172
127.179634 1198 4172
127.179662 558 4172
127.195684 1198 4172
127.195693 1198 4172
127.195785 1198 4172
127.204546 1198 4172
127.204556 478 4172
127.204592 1198 4172
127.204687 1198 4172
127.204717 1198 4172
127.211610 1198 4172
127.211639 366 4172
127.211673 1198 4172
127.219648 1198 4172
127.219676 1198 4172
127.227598 1198 4172
127.227634 350 4172
127.227667 1198 4172
127.235643 1198 4172
127.235669 1198 4172
127.239548 1198 4172
127.239625 574 4172
127.239665 1198 4172
127.251685 1198 4172
127.251727 750 4172
127.251756 158 4172
127.251784 1198 4172
127.259615 1198 4172
127.259642 1198 4172
127.267598 110 4172
127.267642 1198 4172
127.267680 414 4172
127.267710 1198 4172
127.275685 1198 4172
127.275718 1198 4172
127.283823 1198 4172
127.283863 1198 4172
127.291632 1166 4172
127.291676 1198 4172
127.291714 1198 4172
127.299672 1198 4172
127.299711 1198 4172
127.307682 1198 4172
127.307717 1198 4172
127.315697 542 4172
127.315742 1198 4172
127.315781 1198 4172
127.323683 1198 4172
127.323722 1198 4172
127.327875 1198 4172
127.327918 1198 4172
127.339719 990 4172
127.339791 1198 4172
127.339793 1198 4172
127.347804 1198 4172
127.347844 1198 4172
127.355680 1198 4172
127.355721 1198 4172
127.363659 1150 4172
127.363707 1198 4172
127.363749 1198 4172
127.371652 1198 4172
127.371708 1198 4172
127.379810 1198 4172
127.379849 1198 4172
127.387674 702 4172
127.387723 1198 4172
127.395673 1198 4172
127.395725 1198 4172
127.403704 1198 4172
127.403753 1198 4172
127.411578 1198 4172
127.411621 1198 4172
127.415633 1198 4172
127.415696 1198 4172
127.415747 1198 4172
127.427713 830 4172
127.427723 1198 4172
127.435638 462 4172
127.435709 1198 4172
127.435712 1198 4172
127.443641 1198 4172
127.443687 1198 4172
127.451578 1198 4172
127.451602 558 4172
127.451642 1198 4172
127.459676 1198 4172
127.459724 1198 4172
127.467687 1198 4172
127.467722 1198 4172
127.467764 558 4172
127.475547 1198 4172
127.475602 1198 4172
127.475643 1198 4172
127.483571 1198 4172
127.483611 1198 4172
127.491676 430 4172
127.491725 1198 4172
127.491767 1198 4172
127.499660 1198 4172
127.499696 1198 4172
127.503920 1166 4172
127.503967 1198 4172
127.515682 1198 4172
127.515686 1198 4172
127.515776 1198 4172
127.523675 1118 4172
127.523725 1198 4172
127.531533 110 4172
127.531582 1198 4172
127.531619 1198 4172
127.539593 1198 4172
127.539634 1198 4172
127.547647 510 4172
127.547692 1198 4172
127.547736 1198 4172
127.591656 1198 4172
127.591658 382 4172
127.591735 126 4172
127.676085 110 4172
127.679675 126 4172
127.696183 126 4172
127.704026 126 4172
127.716134 126 4172
127.723668 126 4172
127.736112 126 4172
127.760218 126 4172
127.764730 126 4172
127.784095 126 4172
127.796453 126 4172
127.810190 1198 4172
127.810295 1198 4172
127.810336 1198 4172
127.810376 1198 4172
127.810412 110 4172
127.810450 1198 4172
127.810488 1198 4172
127.810526 846 4172
127.811482 1198 4172
127.811522 1198 4172
127.811575 1198 4172
127.811601 1198 4172
127.811721 510 4172
127.820085 126 4172
127.828091 126 4172
127.841423 126 4172
127.849301 1198 4172
127.849356 1198 4172
127.849399 414 4172
127.855679 1198 4172
127.855743 1198 4172
127.855779 782 4172
127.864626 1198 4172
127.864687 1198 4172
127.864729 798 4172
127.869204 110 4172
127.881274 1198 4172
127.881379 1198 4172
127.881430 558 4172
127.889183 1198 4172
127.889237 1198 4172
127.889279 542 4172
127.899524 1198 4172
127.899567 1150 4172
127.909107 1198 4172
127.909154 926 4172
127.921156 1198 4172
127.921206 1006 4172
127.933059 1198 4172
127.933158 894 4172
127.941078 1198 4172
127.941126 318 4172
127.943613 1198 4172
127.943664 334 4172
127.960380 1198 4172
127.960439 782 4172
127.964699 718 4172
127.969922 110 4172
127.980956 942 4172
127.987640 1198 4172
127.987690 446 4172
128.001454 1198 4172
128.001557 1198 4172
128.001605 142 4172
128.009564 1198 4172
128.009598 1198 4172
128.009639 1198 4172
128.009682 1086 4172
128.021588 1198 4172
128.021632 1198 4172
128.021678 1198 4172
128.021720 1198 4172
128.021758 734 4172
128.032006 1198 4172
128.032060 1198 4172
128.032101 1198 4172
128.032138 590 4172
128.041530 1198 4172
128.041588 1198 4172
128.041628 1198 4172
128.041667 1198 4172
128.041703 126 4172
128.043818 1198 4172
128.043861 1198 4172
128.043897 1198 4172
128.043932 1102 4172
128.053458 1198 4172
128.061361 1198 4172
128.061415 1198 4172
128.061457 1198 4172
128.061495 558 4172
128.061537 110 4172
128.061578 110 4172
128.061613 110 4172
128.064744 1198 4172
128.064786 1198 4172
128.064824 1198 4172
128.064859 190 4172
128.073404 110 4172
128.075582 1198 4172
128.075625 1198 4172
128.075663 1198 4172
128.075705 366 4172
128.093386 1198 4172
128.093420 1198 4172
128.093457 1198 4172
128.093494 206 4172
128.105294 1198 4172
128.105390 1198 4172
128.105421 622 4172
128.113433 1198 4172
128.113481 1198 4172
128.113519 606 4172
128.119608 1198 4172
128.119655 1198 4172
128.119696 1198 4172
128.119732 382 4172
128.133719 1198 4172
128.133749 142 4172
128.140999 1198 4172
128.141046 142 4172
128.153407 1198 4172
128.153454 1198 4172
128.153493 110 4172
128.161784 1198 4172
128.161828 1198 4172
128.161874 1198 4172
128.161913 590 4172
128.163492 1198 4172
128.163539 1198 4172
128.163592 1198 4172
128.163658 1198 4172
128.163688 1198 4172
128.163733 1198 4172
128.163771 350 4172
128.169913 110 4172
128.175749 1198 4172
128.175779 1198 4172
128.175836 1198 4172
128.175886 1198 4172
128.175939 1198 4172
128.175990 1198 4172
128.176020 1198 4172
128.182001 110 4172
128.187644 1198 4172
128.187699 1198 4172
128.187742 1198 4172
128.195604 1198 4172
128.203598 1198 4172
128.203648 974 4172
128.203691 1198 4172
128.207756 1198 4172
128.207797 1198 4172
128.219681 1198 4172
128.219692 1198 4172
128.227611 1198 4172
128.227664 1198 4172
128.235696 494 4172
128.235753 1198 4172
128.235800 1198 4172
128.243622 1198 4172
128.243673 1198 4172
128.243714 1198 4172
128.251610 1198 4172
128.251685 318 4172
128.251729 1198 4172
128.259648 1198 4172
128.259696 1198 4172
128.267680 1198 4172
128.267733 1198 4172
128.275684 110 4172
128.275726 702 4172
128.275763 1198 4172
128.275834 1198 4172
128.283600 1198 4172
128.283661 1198 4172
128.291635 1198 4172
128.291686 206 4172
128.291729 1198 4172
128.295604 1198 4172
128.295653 1198 4172
128.307701 1198 4172
128.307741 1198 4172
128.307778 558 4172
128.315670 1198 4172
128.315718 1198 4172
128.323662 1198 4172
128.323713 1198 4172
128.323755 1198 4172
128.331558 286 4172
128.331610 1198 4172
128.331652 110 4172
128.331686 110 4172
128.339702 1198 4172
128.339744 1198 4172
128.339782 1198 4172
128.347677 334 4172
128.347724 1198 4172
128.347770 1198 4172
128.355653 1198 4172
128.355690 1198 4172
128.363537 462 4172
128.363589 1198 4172
128.363629 1198 4172
128.371650 1198 4172
128.371697 1198 4172
128.379649 1198 4172
128.379700 430 4172
128.379748 1198 4172
128.383924 110 4172
128.383969 734 4172
128.384003 1198 4172
128.384045 414 4172
128.395660 1198 4172
128.395742 1198 4172
128.395770 1198 4172
128.403672 574 4172
128.403715 1198 4172
128.403754 1198 4172
128.411588 1198 4172
128.411692 1198 4172
128.419609 1198 4172
128.419654 814 4172
128.427614 1198 4172
128.427658 1198 4172
128.427691 1198 4172
128.435652 1198 4172
128.435692 1198 4172
128.443700 1198 4172
128.443752 1198 4172
128.451609 1198 4172
128.451663 1198 4172
128.459633 638 4172
128.459664 1198 4172
128.459702 1198 4172
128.467659 1198 4172
128.467701 1198 4172
128.467736 1198 4172
128.471609 1198 4172
128.471657 1198 4172
128.483769 1198 4172
128.483777 110 4172
128.483823 1198 4172
128.491553 1198 4172
128.491602 430 4172
128.491643 1198 4172
128.499606 1198 4172
128.499651 1198 4172
128.507655 1198 4172
128.507697 1198 4172
128.507735 1198 4172
128.515731 1198 4172
128.515782 1198 4172
128.523686 1198 4172
128.523788 1198 4172
128.531609 286 4172
128.531665 1198 4172
128.539631 1198 4172
128.539678 1198 4172
128.547701 1198 4172
128.547752 1198 4172
128.547802 1198 4172
128.555581 1198 4172
128.555631 1198 4172
128.559759 1198 4172
128.559807 830 4172
128.559849 1198 4172
128.571599 1198 4172
128.571648 1198 4172
128.579713 110 4172
128.579760 1198 4172
128.579794 1198 4172
128.587673 1198 4172
128.587722 1198 4172
128.587771 1198 4172
128.595700 1198 4172
128.595740 958 4172
128.603575 110 4172
128.603622 110 4172
128.603659 110 4172
128.603701 1198 4172
128.603737 1198 4172
128.611629 1198 4172
128.611676 1198 4172
128.619632 1198 4172
128.619668 1198 4172
128.619712 1198 4172
128.627682 1198 4172
128.627719 1198 4172
128.635699 318 4172
128.635738 1198 4172
128.635773 1198 4172
128.643682 1198 4172
128.643726 1198 4172
128.647604 1198 4172
128.647660 1198 4172
128.647709 1198 4172
128.659607 1198 4172
128.659651 782 4172
128.667598 1198 4172
128.667638 1198 4172
128.667676 1198 4172
128.675639 1198 4172
128.675683 1198 4172
128.683697 110 4172
128.683737 1198 4172
128.683779 1198 4172
128.691669 1198 4172
128.691716 1198 4172
128.699513 206 4172
128.699557 1198 4172
128.699593 1198 4172
128.699632 1198 4172
128.707672 1198 4172
128.707711 1198 4172
128.715698 1198 4172
128.715748 1198 4172
128.723572 1198 4172
128.723624 862 4172
128.723664 1198 4172
128.731578 1198 4172
128.731636 1198 4172
128.735798 1198 4172
128.735902 1198 4172
128.747648 1198 4172
128.747690 1198 4172
128.747721 254 4172
128.755779 1198 4172
128.755923 1198 4172
128.755967 1198 4172
128.763538 1198 4172
128.763579 1198 4172
128.771587 1198 4172
128.771637 1198 4172
128.779650 334 4172
128.779696 1198 4172
128.779737 1198 4172
128.787683 110 4172
128.787724 1198 4172
128.787759 1198 4172
128.787795 1198 4172
128.795654 1198 4172
128.795695 1198 4172
128.803591 1198 4172
128.803643 494 4172
128.803686 1198 4172
128.811646 1198 4172
128.811696 606 4172
128.811735 1198 4172
128.819691 1182 4172
128.819754 1198 4172
128.823608 1198 4172
128.823655 1198 4172
128.835643 1198 4172
128.835735 1198 4172
128.843641 990 4172
128.843686 1198 4172
128.843725 1198 4172
128.851626 1198 4172
128.851675 1198 4172
128.859654 1198 4172
128.859707 1198 4172
128.859749 110 4172
128.867594 110 4172
128.867653 1198 4172
128.867699 1198 4172
128.867737 1102 4172
128.911808 414 4172
128.911863 110 4172
128.999606 110 4172
129.087626 110 4172
129.131532 110 4172
129.131605 110 4172
129.131607 110 4172
129.435758 110 4172
129.435882 110 4172
129.435915 110 4172
129.700061 110 4172
129.700189 110 4172
129.700196 110 4172
129.700241 110 4172
129.787607 110 4172
129.963771 110 4172
130.223793 110 4172
130.483900 110 4172
130.699656 110 4172
130.743688 110 4172
130.787744 110 4172
131.007598 110 4172
131.271658 110 4172
131.579611 110 4172
131.667811 110 4172
131.799735 110 4172
131.843617 110 4172
132.799554 110 4172
133.679623 110 4172
133.767470 110 4172
134.551497 110 4172
134.683609 110 4172
134.771483 110 4172
135.683501 110 4172
135.771470 110 4172
136.679629 110 4172
136.767463 110 4172
137.203719 110 4172
137.687597 110 4172
137.775474 110 4172
138.699580 110 4172
138.787506 110 4172
139.703644 110 4172
139.791520 110 4172
139.879633 110 4172
140.703489 110 4172
140.791490 110 4172
141.703595 110 4172
141.791589 110 4172
142.535587 110 4172
142.667468 110 4172
142.799404 110 4172
143.675509 110 4172
143.807743 110 4172
144.683605 110 4172
145.167378 110 4172
145.695455 110 4172
145.783600 110 4172
146.707861 110 4172
146.791491 110 4172
146.795450 1198 4172
146.795492 1198 4172
146.795527 1198 4172
146.795565 1198 4172
146.795602 1198 4172
146.795639 1198 4172
146.795674 1198 4172
146.795709 142 4172
146.816302 1198 4172
146.816393 1198 4172
146.816394 1198 4172
146.816428 1198 4172
146.816464 1198 4172
146.816503 1198 4172
146.816538 878 4172
146.828627 1198 4172
146.828708 1198 4172
146.828750 1198 4172
146.828791 1198 4172
146.828833 1198 4172
146.828871 1198 4172
146.828908 542 4172
146.839452 1198 4172
146.839486 1198 4172
146.839516 1198 4172
146.839543 1198 4172
146.839569 1198 4172
146.839598 1198 4172
146.839623 510 4172
146.847522 1198 4172
146.847537 1198 4172
146.847571 1198 4172
146.847601 1198 4172
146.847629 1198 4172
146.855470 1198 4172
146.855680 1198 4172
146.863505 254 4172
146.863546 1198 4172
146.863595 1198 4172
146.871426 1198 4172
146.871453 1198 4172
146.871486 1198 4172
146.879492 1198 4172
146.879524 1198 4172
146.883357 254 4172
146.883449 1198 4172
146.883483 1198 4172
146.895488 1198 4172
146.895519 1198 4172
146.903482 126 4172
146.903519 1198 4172
146.903556 1198 4172
146.911414 1198 4172
146.911459 206 4172
146.911483 1198 4172
146.919448 1198 4172
146.927371 1198 4172
146.927404 1198 4172
146.935483 1198 4172
146.935518 734 4172
146.943433 1198 4172
146.943474 1198 4172
146.951431 1198 4172
146.951467 1198 4172
146.951496 1198 4172
146.959505 1198 4172
146.959530 1198 4172
146.967462 1198 4172
146.967504 1198 4172
146.967533 894 4172
146.971407 1198 4172
146.971453 1198 4172
146.984706 1198 4172
146.984739 1198 4172
146.984765 1198 4172
146.992507 1198 4172
146.992548 1198 4172
147.001117 638 4172
147.002853 1198 4172
147.002921 1198 4172
147.007422 1198 4172
147.015586 1198 4172
147.015675 1198 4172
147.015692 1198 4172
147.023465 1022 4172
147.023503 1198 4172
147.033071 1198 4172
147.033107 1198 4172
147.033138 1198 4172
147.039437 1198 4172
147.039489 1198 4172
147.049132 1198 4172
147.049237 574 4172
147.049238 110 4172
147.049273 1198 4172
147.055524 1198 4172
147.055563 1198 4172
147.059477 1198 4172
147.059521 1198 4172
147.071413 1198 4172
147.071459 1198 4172
147.079584 1198 4172
147.079619 1198 4172
147.079658 1198 4172
147.087676 926 4172
147.087716 1198 4172
147.095455 1198 4172
147.095492 1198 4172
147.095521 1198 4172
147.103428 1198 4172
147.103456 1198 4172
147.111458 1198 4172
147.111496 318 4172
147.111532 1198 4172
147.119443 1198 4172
147.119467 1198 4172
147.119502 846 4172
147.127439 462 4172
147.127477 238 4172
147.127512 158 4172
147.127545 158 4172
147.127575 158 4172
147.127603 1198 4172
147.127633 1198 4172
147.135413 718 4172
147.135441 1198 4172
147.135478 1198 4172
147.143417 894 4172
147.143455 1198 4172
147.147536 1198 4172
147.147594 1182 4172
147.147638 1198 4172
147.159792 1198 4172
147.159823 1198 4172
147.167344 318 4172
147.167383 1198 4172
147.167414 1198 4172
147.175841 606 4172
147.183375 318 4172
147.183401 1198 4172
147.183430 750 4172
147.183459 1198 4172
147.191430 206 4172
147.191473 158 4172
147.191503 158 4172
147.191530 158 4172
147.191558 158 4172
147.191587 526 4172
147.191613 1198 4172
147.199351 142 4172
147.199392 1198 4172
147.199423 1198 4172
147.199453 1198 4172
147.207366 1198 4172
147.207408 1198 4172
147.215347 1198 4172
147.215400 430 4172
147.215432 1198 4172
147.215459 1198 4172
147.224189 1198 4172
147.224281 1198 4172
147.231328 1198 4172
147.231361 1198 4172
147.231392 1198 4172
147.235355 1198 4172
147.235421 1198 4172
147.247432 1198 4172
147.247466 1198 4172
147.247498 830 4172
147.255385 1198 4172
147.255414 1198 4172
147.255446 1198 4172
147.263461 1198 4172
147.263491 1198 4172
147.271377 1198 4172
147.271409 1198 4172
147.271437 1198 4172
147.279354 1198 4172
147.279384 1198 4172
147.287502 1198 4172
147.287538 1198 4172
147.287569 1198 4172
147.296327 1198 4172
147.296389 494 4172
147.296424 1198 4172
147.310707 1198 4172
147.310745 1198 4172
147.310786 1198 4172
147.311367 1198 4172
147.311402 1198 4172
147.311434 110 4172
147.311465 1198 4172
147.321525 1198 4172
147.327895 1198 4172
147.327930 1198 4172
147.339429 1198 4172
147.339466 1198 4172
147.339490 1198 4172
147.343432 1198 4172
147.343468 750 4172
147.343504 1198 4172
147.353169 1198 4172
147.353210 1198 4172
147.359372 1198 4172
147.359410 1198 4172
147.359439 1198 4172
147.370458 1198 4172
147.370502 1198 4172
147.370529 1198 4172
147.375381 1198 4172
147.375420 1198 4172
147.385702 1198 4172
147.385784 686 4172
147.385809 1198 4172
147.391387 1198 4172
147.391427 1198 4172
147.391456 1198 4172
147.402089 1198 4172
147.402124 1198 4172
147.407360 1198 4172
147.407392 1198 4172
147.407422 766 4172
147.416444 1198 4172
147.416490 1198 4172
147.416517 1198 4172
147.423414 1198 4172
147.423446 1198 4172
147.433208 1198 4172
147.433333 1198 4172
147.433344 1198 4172
147.439402 1198 4172
147.439437 1038 4172
147.439469 1198 4172
147.453280 1198 4172
147.453320 1198 4172
147.455359 1198 4172
147.455401 1198 4172
147.455435 1198 4172
147.463410 1198 4172
147.463441 1198 4172
147.469443 270 4172
147.469487 254 4172
147.469517 1198 4172
147.469545 1070 4172
147.469575 1198 4172
147.481121 1198 4172
147.481200 1198 4172
147.487355 942 4172
147.487392 1198 4172
147.487419 1198 4172
147.495415 1198 4172
147.495454 1118 4172
147.495487 1198 4172
147.503368 1198 4172
147.503396 1198 4172
147.513406 318 4172
147.513447 1198 4172
147.513481 1198 4172
147.513511 1198 4172
147.520011 1086 4172
147.520052 1198 4172
147.528885 1198 4172
147.528924 1198 4172
147.528953 1198 4172
147.535371 334 4172
147.535410 1198 4172
147.535447 1198 4172
147.545596 1198 4172
147.545681 1198 4172
147.545710 654 4172
147.553566 1198 4172
147.553601 1198 4172
147.553630 1198 4172
147.559944 1198 4172
147.559983 350 4172
147.560016 1198 4172
147.575252 350 4172
147.575310 1198 4172
147.575340 190 4172
147.575378 334 4172
147.575435 238 4172
147.575475 270 4172
147.579553 558 4172
147.579592 1198 4172
147.579658 1198 4172
147.579719 1198 4172
147.579762 1198 4172
147.587531 1198 4172
147.587571 1198 4172
147.595551 1198 4172
147.595595 1198 4172
147.603606 1198 4172
147.603659 1198 4172
147.603700 782 4172
147.611452 1198 4172
147.611510 1198 4172
147.611558 1198 4172
147.620326 462 4172
147.620375 478 4172
147.620417 1198 4172
147.620500 1198 4172
147.627513 206 4172
147.627552 1198 4172
147.627596 1198 4172
147.636434 1086 4172
147.636439 1198 4172
147.636488 1150 4172
147.643401 1198 4172
147.643448 1198 4172
147.647523 1198 4172
147.647572 1198 4172
147.647609 910 4172
147.659686 1198 4172
147.659716 1198 4172
147.669842 1198 4172
147.669896 1198 4172
147.675493 1198 4172
147.675536 110 4172
147.675597 1198 4172
147.675645 206 4172
147.683591 158 4172
147.683622 158 4172
147.683659 1198 4172
147.683695 398 4172
147.683754 1198 4172
147.691368 1198 4172
147.691424 1198 4172
147.691467 718 4172
147.699579 174 4172
147.699623 1198 4172
147.699667 1198 4172
147.699707 1022 4172
147.707506 270 4172
147.707548 750 4172
147.707592 702 4172
147.715469 1198 4172
147.715509 878 4172
147.723455 1198 4172
147.723503 1198 4172
147.723544 1198 4172
147.731390 1198 4172
147.731430 1198 4172
147.735448 1198 4172
147.737177 1134 4172
147.737225 1198 4172
147.747571 1198 4172
147.747624 526 4172
147.749027 158 4172
147.749073 1198 4172
147.764985 190 4172
147.764991 1054 4172
147.765030 158 4172
147.765066 862 4172
147.765102 1198 4172
147.765138 574 4172
147.779565 110 4172
147.823471 1198 4172
147.823561 638 4172
147.823602 158 4172
147.865123 110 4172
147.865134 910 4172
147.867282 110 4172
147.911462 254 4172
147.955470 798 4172
147.955643 174 4172
147.999394 110 4172
148.075922 110 4172
148.087564 206 4172
148.099668 126 4172
148.107701 126 4172
148.117609 126 4172
148.131305 910 4172
148.131352 110 4172
148.175354 1198 4172
148.175453 1198 4172
148.175495 222 4172
148.307502 238 4172
148.307536 526 4172
148.328137 270 4172
148.328170 254 4172
148.328202 270 4172
148.328233 318 4172
148.328261 222 4172
148.331557 222 4172
148.331595 222 4172
148.331627 222 4172
148.331658 222 4172
148.337609 222 4172
148.337653 238 4172
148.337686 270 4172
148.337713 334 4172
148.337738 238 4172
148.337764 270 4172
148.349502 1198 4172
148.349542 1198 4172
148.349573 1198 4172
148.349604 1198 4172
148.349634 574 4172
148.351811 1198 4172
148.351848 862 4172
148.351888 174 4172
148.351916 222 4172
148.385305 1198 4172
148.395366 174 4172
148.427763 270 4172
148.427837 254 4172
148.427875 270 4172
148.432914 670 4172
148.432965 462 4172
148.433005 222 4172
148.433042 222 4172
148.435479 222 4172
148.435514 222 4172
148.435550 222 4172
148.439319 238 4172
148.439361 334 4172
148.439397 238 4172
148.439435 270 4172
148.439472 222 4172
148.449104 1198 4172
148.449189 1198 4172
148.449221 1198 4172
148.449255 1198 4172
148.449286 1198 4172
148.449316 574 4172
148.483703 126 4172
148.483837 270 4172
148.532508 270 4172
148.532558 254 4172
148.532597 270 4172
148.535331 1198 4172
148.535377 1198 4172
148.535411 1198 4172
148.535442 558 4172
148.535476 1198 4172
148.535510 1198 4172
148.535543 1198 4172
148.535575 270 4172
148.539789 1198 4172
148.539832 1198 4172
148.539870 1198 4172
148.539902 558 4172
148.539939 1198 4172
148.539974 1198 4172
148.540009 1054 4172
148.540045 1198 4172
148.540078 462 4172
148.540113 222 4172
148.547157 222 4172
148.547200 238 4172
148.547243 270 4172
148.547322 334 4172
148.547891 238 4172
148.547973 270 4172
148.548008 222 4172
148.548061 1198 4172
148.554824 1198 4172
148.554861 1198 4172
148.554892 1198 4172
148.554923 1198 4172
148.554952 606 4172
148.571400 126 4172
148.652361 126 4172
148.663420 126 4172
148.663513 110 4172
148.663515 110 4172
148.663568 110 4172
148.707524 110 4172
148.751425 126 4172
148.765047 126 4172
148.795556 110 4172
148.883854 110 4172
148.919649 126 4172
148.927276 126 4172
148.927304 110 4172
148.927335 110 4172
148.927362 110 4172
148.971321 574 4172
148.971364 1198 4172
148.971396 526 4172
