0.064390 110 4172
0.064443 110 4172
0.065688 1198 4172
0.065736 1198 4172
0.065781 1198 4172
0.065819 910 4172
0.325841 110 4172
0.502081 110 4172
0.589750 110 4172
0.599742 110 4172
0.601620 1198 4172
0.601661 1198 4172
0.601734 1022 4172
0.601772 814 4172
0.601804 814 4172
0.601834 1006 4172
0.601864 1038 4172
0.601898 1198 4172
0.601926 1198 4172
0.631724 1198 4172
0.631761 1070 4172
0.631793 158 4172
0.633594 1198 4172
0.633629 1198 4172
0.633660 1198 4172
0.633694 1198 4172
0.633876 1198 4172
0.633919 1006 4172
0.633955 1198 4172
0.633987 1198 4172
0.634020 1198 4172
0.634051 1198 4172
0.634083 1198 4172
0.634112 1198 4172
0.634145 1198 4172
0.634176 1198 4172
0.634208 1198 4172
0.634237 1198 4172
0.634271 1198 4172
0.634352 1198 4172
0.634395 1198 4172
0.634427 1198 4172
0.634460 1198 4172
0.634491 286 4172
0.641841 1198 4172
0.641889 974 4172
0.641932 1198 4172
0.641975 1198 4172
0.642014 1198 4172
0.642052 1198 4172
0.642089 1198 4172
0.642128 1198 4172
0.642176 1198 4172
0.642208 1198 4172
0.642241 1198 4172
0.642274 1198 4172
0.642307 318 4172
0.642340 1198 4172
0.642373 1198 4172
0.649839 1198 4172
0.649882 1198 4172
0.649926 1198 4172
0.649965 1198 4172
0.650003 1198 4172
0.650040 1198 4172
0.650076 1198 4172
0.650112 1198 4172
0.650149 878 4172
0.650186 1198 4172
0.657820 1198 4172
0.657856 1198 4172
0.657889 1198 4172
0.657923 1198 4172
0.657954 1198 4172
0.657989 1198 4172
0.658019 1198 4172
0.658053 1198 4172
0.658088 1198 4172
0.658121 1198 4172
0.658151 1198 4172
0.658181 1198 4172
0.658211 1198 4172
0.665764 798 4172
0.665820 1198 4172
0.665854 1198 4172
0.665894 1198 4172
0.665938 1198 4172
0.665978 1198 4172
0.666015 1198 4172
0.673862 1198 4172
0.673911 1198 4172
0.673950 1198 4172
0.673990 1198 4172
0.674028 1198 4172
0.677780 1198 4172
0.677824 1198 4172
0.677861 1198 4172
0.677900 1198 4172
0.677937 1198 4172
0.677974 1198 4172
0.689751 1198 4172
0.689797 1198 4172
0.689845 1198 4172
0.689901 1198 4172
0.689945 1198 4172
0.697848 1198 4172
0.697888 1198 4172
0.697929 1198 4172
0.697972 1198 4172
0.698009 1198 4172
0.705761 1166 4172
0.705811 1198 4172
0.705854 1198 4172
0.705895 1198 4172
0.705934 1198 4172
0.713799 1198 4172
0.713840 1198 4172
0.713879 142 4172
0.713915 1198 4172
0.713951 398 4172
0.713990 1198 4172
0.714026 270 4172
0.721792 1198 4172
0.721848 1198 4172
0.721894 1198 4172
0.721934 446 4172
0.721981 1198 4172
0.729773 1198 4172
0.729813 1198 4172
0.729853 1198 4172
0.729897 1198 4172
0.729933 1198 4172
0.737752 1198 4172
0.737803 1198 4172
0.737853 1198 4172
0.737892 1198 4172
0.737929 1198 4172
0.737968 1038 4172
0.745807 1198 4172
0.745838 1198 4172
0.745877 1198 4172
0.745919 1198 4172
0.745959 1198 4172
0.753861 1198 4172
0.753903 1198 4172
0.753943 1198 4172
0.753985 1198 4172
0.754030 942 4172
0.754070 1198 4172
0.761705 1198 4172
0.761746 1198 4172
0.761787 1198 4172
0.761819 1198 4172
0.761853 1198 4172
0.761890 1198 4172
0.765767 1198 4172
0.765810 1198 4172
0.765851 1198 4172
0.765905 142 4172
0.765948 1198 4172
0.765986 1198 4172
0.766025 1198 4172
0.777806 1198 4172
0.777809 1198 4172
0.777973 1198 4172
0.778012 1198 4172
0.778049 1198 4172
0.778087 1198 4172
0.785802 1198 4172
0.785842 1198 4172
0.785881 1198 4172
0.785919 990 4172
0.785963 1198 4172
0.785999 1198 4172
0.786034 1198 4172
0.793925 1198 4172
0.793958 1198 4172
0.793999 1198 4172
0.794037 1198 4172
0.794074 1198 4172
0.794110 1198 4172
0.801820 1198 4172
0.801880 1198 4172
0.801923 1198 4172
0.801962 1198 4172
0.809755 1198 4172
0.809807 334 4172
0.809861 1198 4172
0.809904 1198 4172
0.809943 1198 4172
0.809979 1198 4172
0.817826 1198 4172
0.817862 1198 4172
0.817908 174 4172
0.817947 1198 4172
0.817985 1198 4172
0.818021 1198 4172
0.825879 830 4172
0.826723 462 4172
0.826775 1198 4172
0.826816 110 4172
0.826860 1198 4172
0.826898 1198 4172
0.826937 1198 4172
0.833834 1198 4172
0.833894 1198 4172
0.833938 1198 4172
0.833976 1198 4172
0.834015 1198 4172
0.834054 1198 4172
0.841680 1198 4172
0.841731 1198 4172
0.841767 1198 4172
0.841816 1198 4172
0.841882 1134 4172
0.853736 1198 4172
0.853785 158 4172
0.853828 158 4172
0.853867 158 4172
0.853907 654 4172
0.853945 270 4172
0.853984 158 4172
0.854022 158 4172
0.854060 206 4172
0.854097 142 4172
0.854138 654 4172
0.870226 110 4172
0.897810 158 4172
0.897887 1198 4172
0.897900 670 4172
0.985849 1198 4172
0.985932 430 4172
1.161735 110 4172
1.161748 110 4172
1.161822 110 4172
1.205773 142 4172
1.425776 110 4172
1.425834 110 4172
1.425885 110 4172
1.469721 110 4172
1.601749 110 4172
1.689790 110 4172
1.953793 110 4172
1.997736 142 4172
1.997740 142 4172
2.199712 110 4172
2.217649 142 4172
2.217704 142 4172
2.473618 110 4172
2.473719 110 4172
2.601746 110 4172
2.733745 110 4172
3.037750 142 4172
3.037816 110 4172
3.213720 142 4172
3.301781 110 4172
3.477778 110 4172
3.561715 110 4172
3.565740 110 4172
3.825792 110 4172
4.221839 142 4172
4.221967 142 4172
4.441744 142 4172
4.441825 142 4172
4.485799 110 4172
4.573744 110 4172
5.049680 142 4172
5.049730 142 4172
5.269759 142 4172
5.269825 142 4172
5.489744 110 4172
5.577696 110 4172
5.841758 142 4172
6.061637 142 4172
6.461542 110 4172
6.463745 110 4172
6.497685 142 4172
6.497688 142 4172
6.585770 110 4172
6.673826 142 4172
6.673850 142 4172
7.065697 142 4172
7.281762 142 4172
7.281835 142 4172
7.369694 142 4172
7.501700 110 4172
7.501780 142 4172
7.589800 110 4172
7.893802 142 4172
8.113596 142 4172
8.113642 142 4172
8.201668 142 4172
8.289689 142 4172
8.465650 110 4172
8.597805 110 4172
8.901651 142 4172
8.901699 142 4172
9.113782 142 4172
9.113905 142 4172
9.121632 110 4172
9.473717 110 4172
9.517673 142 4172
9.517723 142 4172
9.605571 110 4172
9.737690 142 4172
9.821709 142 4172
9.909658 142 4172
10.125693 142 4172
10.477703 110 4172
10.561663 142 4172
10.561703 142 4172
10.565613 110 4172
10.737642 142 4172
10.737736 142 4172
11.169694 142 4172
11.169784 142 4172
11.389685 142 4172
11.389790 142 4172
11.477677 110 4172
11.565656 110 4172
11.781639 110 4172
12.177685 142 4172
12.177736 142 4172
12.393679 142 4172
12.393787 142 4172
12.481660 110 4172
12.569643 110 4172
13.005664 142 4172
13.005760 142 4172
13.225551 142 4172
13.225642 142 4172
13.489659 110 4172
13.577539 110 4172
14.013673 142 4172
14.013726 142 4172
14.233604 142 4172
14.233700 142 4172
14.453613 110 4172
14.497705 110 4172
14.585635 110 4172
15.021654 142 4172
15.021820 142 4172
15.237587 142 4172
15.413707 142 4172
15.468883 110 4172
15.501619 142 4172
15.589682 110 4172
15.633533 142 4172
15.677648 110 4172
15.765595 110 4172
16.249597 142 4172
16.249649 142 4172
16.462258 142 4172
16.462298 142 4172
16.469475 110 4172
16.597563 110 4172
17.081609 142 4172
17.081767 142 4172
17.169663 142 4172
17.301579 142 4172
17.477582 110 4172
17.477684 142 4172
17.565547 110 4172
17.869599 142 4172
17.869688 142 4172
18.089641 142 4172
18.089814 142 4172
18.481603 110 4172
18.525621 142 4172
18.525682 142 4172
18.569527 110 4172
18.701558 142 4172
18.701614 142 4172
19.141569 142 4172
19.141699 142 4172
19.317644 142 4172
19.317792 142 4172
19.493608 110 4172
19.577605 110 4172
19.929461 142 4172
20.105562 142 4172
20.105617 142 4172
20.499907 110 4172
20.501526 142 4172
20.561652 142 4172
20.565606 60 60000
20.589506 110 4172
20.738223 158 4172
20.738301 158 4172
20.738854 206 4172
20.738907 158 4172
20.738936 158 4172
20.738966 158 4172
20.739004 1198 4172
20.739023 942 4172
20.739053 158 4172
20.781567 142 4172
20.812378 1198 4172
20.812447 1198 4172
20.812552 1198 4172
20.812567 1198 4172
20.812604 1198 4172
20.812637 1198 4172
20.812673 1198 4172
20.812704 1198 4172
20.812740 350 4172
20.824652 1198 4172
20.824704 1198 4172
20.824737 1198 4172
20.824766 1198 4172
20.824798 1198 4172
20.824827 1198 4172
20.824866 1198 4172
20.824895 1198 4172
20.824931 1198 4172
20.824954 1134 4172
20.826337 1198 4172
20.826368 1198 4172
20.826399 1198 4172
20.826425 1198 4172
20.826451 1198 4172
20.826485 1198 4172
20.826519 1198 4172
20.826548 1198 4172
20.826574 1198 4172
20.826598 1198 4172
20.826624 1198 4172
20.826651 686 4172
20.826676 1198 4172
20.826713 1198 4172
20.826831 1198 4172
20.826864 1198 4172
20.826894 1198 4172
20.826921 1198 4172
20.826947 1198 4172
20.826973 1198 4172
20.826998 1198 4172
20.827023 1198 4172
20.827048 494 4172
20.833854 1198 4172
20.833955 1198 4172
20.833984 1198 4172
20.834011 1198 4172
20.834069 1198 4172
20.834140 1198 4172
20.834166 1198 4172
20.834191 1198 4172
20.834220 1198 4172
20.841738 1198 4172
20.841771 1198 4172
20.841798 1166 4172
20.841826 1198 4172
20.850754 1198 4172
20.850900 1198 4172
20.850943 1198 4172
20.850976 1198 4172
20.851008 1198 4172
20.857501 1198 4172
20.857533 1198 4172
20.857565 1198 4172
20.857599 1198 4172
20.857629 606 4172
20.857658 1198 4172
20.876670 1198 4172
20.876749 1198 4172
20.876783 1198 4172
20.876816 1198 4172
20.882019 1198 4172
20.882058 1198 4172
20.882088 846 4172
20.882124 1198 4172
20.882150 1198 4172
20.882176 1198 4172
20.882203 1198 4172
20.882227 1198 4172
20.882251 1198 4172
20.882276 1198 4172
20.886751 126 4172
20.886793 1198 4172
20.886818 1198 4172
20.897604 558 4172
20.897641 1198 4172
20.908946 1198 4172
20.908971 1198 4172
20.913522 1198 4172
20.921548 1198 4172
20.921571 1198 4172
20.929628 1198 4172
20.929662 1198 4172
20.938202 1198 4172
20.938240 1198 4172
20.945536 1198 4172
20.945578 1198 4172
20.954000 398 4172
20.954628 1198 4172
20.961893 1198 4172
20.961925 1198 4172
20.969489 1198 4172
20.969531 1198 4172
20.977923 1198 4172
20.987147 1198 4172
20.987216 1198 4172
20.994253 1198 4172
20.994284 1198 4172
21.001575 1198 4172
21.001769 526 4172
21.010026 1198 4172
21.010080 1198 4172
21.017497 1198 4172
21.017532 1198 4172
21.025968 1198 4172
21.032817 1198 4172
21.046504 1198 4172
21.046934 1198 4172
21.051550 1198 4172
21.061916 590 4172
21.061963 1198 4172
21.065507 1198 4172
21.065543 1198 4172
21.073590 1198 4172
21.073633 1198 4172
21.081476 1198 4172
21.081511 1198 4172
21.089584 1198 4172
21.100549 1198 4172
21.101160 1198 4172
21.102375 1198 4172
21.105557 1086 4172
21.113478 1198 4172
21.113511 1198 4172
21.126317 1198 4172
21.129548 1198 4172
21.129586 1198 4172
21.137604 1198 4172
21.137643 1198 4172
21.145060 974 4172
21.145093 110 4172
21.145141 1198 4172
21.153525 1198 4172
21.161552 1198 4172
21.161628 1198 4172
21.175114 1198 4172
21.177486 1198 4172
21.191722 1198 4172
21.191769 958 4172
21.193584 1198 4172
21.193617 1198 4172
21.201481 1198 4172
21.201527 1198 4172
21.209125 1198 4172
21.217555 1198 4172
21.217593 1198 4172
21.217670 60 60000
21.225880 1198 4172
21.225919 1198 4172
21.233510 1198 4172
21.248489 1198 4172
21.251248 366 4172
21.251371 1198 4172
21.268667 1198 4172
21.273911 1198 4172
21.276164 1198 4172
21.276202 1198 4172
21.276238 1198 4172
21.276267 1198 4172
21.284082 254 4172
21.284131 590 4172
21.284162 174 4172
21.284196 174 4172
21.284233 174 4172
21.284260 174 4172
21.284287 174 4172
21.290234 174 4172
21.290283 174 4172
21.290314 1198 4172
21.300730 1198 4172
21.302898 542 4172
21.306314 1198 4172
21.306359 1198 4172
21.313998 1198 4172
21.321619 1198 4172
21.321697 686 4172
21.336663 1198 4172
21.336849 894 4172
21.337482 174 4172
21.337512 174 4172
21.337545 174 4172
21.337576 174 4172
21.337604 174 4172
21.337633 1198 4172
21.345525 1198 4172
21.345564 1198 4172
21.349540 350 4172
21.361541 862 4172
21.361629 174 4172
21.361646 174 4172
21.361676 174 4172
21.361711 174 4172
21.361741 174 4172
21.371206 174 4172
21.371245 1198 4172
21.378631 1198 4172
21.378673 1198 4172
21.386701 542 4172
21.386736 1198 4172
21.393548 1198 4172
21.401518 174 4172
21.401561 1198 4172
21.409523 686 4172
21.409559 1198 4172
21.420376 110 4172
21.422567 894 4172
21.422790 174 4172
21.422828 174 4172
21.422908 174 4172
21.423002 174 4172
21.425523 174 4172
21.425562 1198 4172
21.433528 1198 4172
21.442944 1198 4172
21.442978 686 4172
21.443011 1198 4172
21.449484 1198 4172
21.458421 1198 4172
21.469877 1198 4172
21.473513 1198 4172
21.473578 1198 4172
21.488870 1198 4172
21.488955 446 4172
21.488958 110 4172
21.488986 126 4172
21.497683 1198 4172
21.529437 126 4172
21.561781 1198 4172
21.568863 110 4172
21.573411 1198 4172
21.573449 1198 4172
21.573484 366 4172
21.573516 302 4172
21.573582 318 4172
21.617509 1198 4172
21.617526 254 4172
21.663039 126 4172
21.697276 110 4172
21.697281 110 4172
21.697382 1198 4172
21.697383 1198 4172
21.697420 1198 4172
21.697465 1150 4172
21.697520 1198 4172
21.705504 1198 4172
21.705540 158 4172
21.749578 1182 4172
21.793614 110 4172
21.793727 1198 4172
21.793925 1198 4172
21.793968 174 4172
21.830453 1198 4172
21.830494 1198 4172
21.830532 1198 4172
21.830571 126 4172
21.837696 1198 4172
21.837738 318 4172
21.881496 110 4172
21.961685 110 4172
21.969518 110 4172
22.013681 1198 4172
22.229807 110 4172
22.493853 110 4172
22.493903 110 4172
22.757649 110 4172
23.021809 110 4172
23.285604 110 4172
23.505465 110 4172
23.549698 110 4172
23.593643 110 4172
23.813520 110 4172
24.121633 110 4172
24.473473 110 4172
24.605715 110 4172
25.481547 110 4172
25.569552 110 4172
26.485624 110 4172
26.573701 110 4172
26.793411 110 4172
27.013522 222 4172
27.284786 174 4172
27.286107 414 4172
27.373501 110 4172
27.438278 126 4172
27.442070 1198 4172
27.442096 1198 4172
27.442125 350 4172
27.442154 174 4172
27.445349 174 4172
27.445381 174 4172
27.450630 174 4172
27.450666 414 4172
27.450691 190 4172
27.450726 1198 4172
27.450755 1198 4172
27.450785 1198 4172
27.450819 558 4172
27.450848 126 4172
27.454123 1198 4172
27.454157 1198 4172
27.454185 1198 4172
27.454212 702 4172
27.454242 1198 4172
27.454269 926 4172
27.457372 318 4172
27.457399 190 4172
27.457427 190 4172
27.465659 190 4172
27.465692 190 4172
27.465734 190 4172
27.469461 110 4172
27.469506 1198 4172
27.469544 1198 4172
27.469582 1198 4172
27.469620 782 4172
27.477473 1198 4172
27.477537 1198 4172
27.485519 1198 4172
27.493480 1198 4172
27.493531 1198 4172
27.501402 1198 4172
27.501453 1198 4172
27.509451 1198 4172
27.509499 910 4172
27.517459 1198 4172
27.517500 1198 4172
27.525539 1198 4172
27.553404 1198 4172
27.553479 126 4172
27.594329 110 4172
27.597431 1198 4172
27.597476 1198 4172
27.597516 1198 4172
27.597552 1150 4172
27.602016 414 4172
27.614364 1198 4172
27.614471 1198 4172
27.614477 158 4172
27.627925 1182 4172
27.638276 1198 4172
27.638328 430 4172
27.641412 1198 4172
27.641456 414 4172
27.661898 1198 4172
27.662029 1198 4172
27.662072 206 4172
27.685581 110 4172
27.773559 110 4172
27.861564 110 4172
28.125720 110 4172
28.389422 110 4172
28.477451 110 4172
28.565447 110 4172
28.653457 110 4172
28.917553 110 4172
29.177767 110 4172
29.485541 110 4172
29.573471 110 4172
30.493420 110 4172
30.581479 110 4172
31.505577 110 4172
31.593593 110 4172
31.813348 110 4172
32.465373 110 4172
32.597498 110 4172
33.473375 110 4172
33.605448 110 4172
34.485436 110 4172
34.485512 110 4172
34.573464 110 4172
35.493442 110 4172
35.581405 110 4172
36.585262 110 4172
37.201263 110 4172
37.505443 110 4172
37.593556 110 4172
38.473248 110 4172
38.605459 110 4172
39.481422 110 4172
39.569276 110 4172
39.917370 110 4172
40.481353 110 4172
40.569351 110 4172
41.413434 1198 4172
41.413467 1198 4172
41.413497 1198 4172
41.413528 1198 4172
41.413558 1198 4172
41.413588 1198 4172
41.413618 1198 4172
41.413650 1198 4172
41.413685 1198 4172
41.421275 1198 4172
41.421309 1198 4172
41.421344 942 4172
41.429281 1198 4172
41.429346 1198 4172
41.433164 1198 4172
41.433205 1198 4172
41.433241 1198 4172
41.445375 1198 4172
41.445409 1198 4172
41.453337 1198 4172
41.453440 1198 4172
41.461438 1198 4172
41.469276 1198 4172
41.469325 206 4172
41.469354 1198 4172
41.469771 60 60000
41.477237 1198 4172
41.477288 1198 4172
41.485275 110 4172
41.485304 1198 4172
41.493348 1198 4172
41.493378 1198 4172
41.503265 1198 4172
41.503310 1198 4172
41.509209 1198 4172
41.517375 1198 4172
41.517422 1198 4172
41.521262 286 4172
41.521314 1198 4172
41.521363 1198 4172
41.533309 1198 4172
41.541366 1198 4172
41.541393 1198 4172
41.549340 1198 4172
41.549419 1198 4172
41.557278 1198 4172
41.565367 1198 4172
41.565408 1198 4172
41.573264 1198 4172
41.573313 110 4172
41.573352 222 4172
41.573388 1198 4172
41.581378 1198 4172
41.589284 1198 4172
41.589330 1198 4172
41.597351 1198 4172
41.597384 1198 4172
41.605276 1198 4172
41.605306 1198 4172
41.609223 1198 4172
41.609267 1198 4172
41.621273 1198 4172
41.629243 558 4172
41.629289 1198 4172
41.637362 1198 4172
41.645360 1198 4172
41.645418 1198 4172
41.653277 1198 4172
41.653326 1198 4172
41.661459 1198 4172
41.661486 1198 4172
41.669206 1198 4172
41.669242 1198 4172
41.677422 1198 4172
41.685338 286 4172
41.685430 1198 4172
41.685469 1198 4172
41.693422 1198 4172
41.693462 1198 4172
41.697274 1198 4172
41.709327 1198 4172
41.709368 1198 4172
41.717349 1198 4172
41.717380 1198 4172
41.725318 734 4172
41.725363 1198 4172
41.733330 1198 4172
41.733358 1198 4172
41.741267 1198 4172
41.741302 1198 4172
41.749335 1198 4172
41.757294 1198 4172
41.765315 1198 4172
41.773302 1198 4172
41.773382 126 4172
41.773414 110 4172
41.773443 1198 4172
41.781382 1198 4172
41.781427 1198 4172
41.785250 1198 4172
41.785293 1198 4172
41.797322 1198 4172
41.797404 1198 4172
41.805309 1198 4172
41.813315 1198 4172
41.813386 1198 4172
41.821252 1198 4172
41.821302 1198 4172
41.829192 1198 4172
41.829225 1198 4172
41.837383 574 4172
41.837462 1198 4172
41.845341 1198 4172
41.845393 1198 4172
41.853226 1198 4172
41.853259 1198 4172
41.861407 1198 4172
41.861488 1198 4172
41.869306 1198 4172
41.869347 1198 4172
41.873269 1198 4172
41.885397 1198 4172
41.893298 606 4172
41.893328 1198 4172
41.893360 1198 4172
41.901314 1198 4172
41.901353 1198 4172
41.909340 782 4172
41.909371 1198 4172
41.917311 1198 4172
41.917359 1198 4172
41.925303 1198 4172
41.933353 1198 4172
41.933490 1198 4172
41.941195 958 4172
41.941247 1198 4172
41.949209 1198 4172
41.949256 1198 4172
41.957289 1198 4172
41.957334 1198 4172
41.961155 350 4172
41.961202 1198 4172
41.961244 1198 4172
41.973331 1198 4172
41.981326 1198 4172
41.981405 398 4172
41.989204 1198 4172
41.989250 1198 4172
41.997210 1198 4172
41.997257 1198 4172
42.005298 1198 4172
42.005344 462 4172
42.005385 1198 4172
42.013229 1198 4172
42.013271 1198 4172
42.021190 1198 4172
42.029546 1198 4172
42.037315 110 4172
42.037397 158 4172
42.037436 1198 4172
42.037475 1198 4172
42.045506 702 4172
42.045526 1198 4172
42.049254 1198 4172
42.049295 1198 4172
42.061447 1198 4172
42.061537 1198 4172
42.069411 910 4172
42.069460 1198 4172
42.077306 1198 4172
42.077341 1198 4172
42.085325 1198 4172
42.085369 1198 4172
42.093355 1198 4172
42.093387 510 4172
42.093426 1198 4172
42.101221 1198 4172
42.101254 1198 4172
42.109306 1198 4172
42.109333 1198 4172
42.117326 1198 4172
42.117375 590 4172
42.125370 1198 4172
42.125403 1198 4172
42.133315 1198 4172
42.133354 1198 4172
42.149341 926 4172
42.149421 1198 4172
42.157237 1198 4172
42.165278 1198 4172
42.165360 1198 4172
42.173192 1198 4172
42.173228 798 4172
42.181286 1198 4172
42.181332 1198 4172
42.189187 1198 4172
42.189232 1198 4172
42.197249 1198 4172
42.197297 1198 4172
42.205312 1198 4172
42.205353 1198 4172
42.213228 654 4172
42.213271 1198 4172
42.213308 1198 4172
42.221252 1198 4172
42.221289 1198 4172
42.225144 1198 4172
42.225182 462 4172
42.225233 1198 4172
42.237369 1198 4172
42.237404 1198 4172
42.245210 1198 4172
42.245269 1198 4172
42.253321 286 4172
42.253353 1198 4172
42.253386 1198 4172
42.261232 1198 4172
42.261305 1198 4172
42.269177 1198 4172
42.269213 1198 4172
42.277336 1198 4172
42.277409 366 4172
42.285333 1198 4172
42.285387 1198 4172
42.293364 1198 4172
42.301291 1198 4172
42.301376 110 4172
42.301414 1102 4172
42.301451 1198 4172
42.309218 1198 4172
42.309251 1198 4172
42.313245 1198 4172
42.313282 1198 4172
42.325419 1198 4172
42.333319 174 4172
42.333346 1198 4172
42.333382 1198 4172
42.341296 1198 4172
42.341341 1198 4172
42.349294 1198 4172
42.349320 1198 4172
42.357249 1198 4172
42.357286 286 4172
42.357327 1198 4172
42.365213 1198 4172
42.365246 1198 4172
42.373302 1198 4172
42.373350 1198 4172
42.381305 1198 4172
42.381339 270 4172
42.381370 1198 4172
42.389182 1198 4172
42.389235 1198 4172
42.397281 1198 4172
42.397323 1198 4172
42.401302 1198 4172
42.401337 286 4172
42.401370 1198 4172
42.413375 1198 4172
42.413424 1198 4172
42.421214 1198 4172
42.421267 1198 4172
42.429402 1198 4172
42.429446 670 4172
42.437318 1198 4172
42.437359 1198 4172
42.445306 510 4172
42.445345 366 4172
42.445381 478 4172
42.445412 334 4172
42.465450 1198 4172
42.489301 110 4172
42.489313 926 4172
42.533352 574 4172
42.562130 110 4172
42.577278 110 4172
42.662008 1182 4172
42.665147 110 4172
42.698456 1198 4172
42.698502 1118 4172
42.709302 1102 4172
42.841342 110 4172
42.870059 1198 4172
42.870097 1198 4172
42.870140 270 4172
42.882132 1198 4172
42.882273 638 4172
42.885246 1198 4172
42.885285 1198 4172
42.885322 718 4172
42.897781 1198 4172
42.897819 334 4172
42.929228 430 4172
42.961192 334 4172
43.017245 190 4172
43.093936 222 4172
43.094008 110 4172
43.098454 286 4172
43.105246 190 4172
43.131946 1198 4172
43.149310 1198 4172
43.149397 1198 4172
43.149436 1198 4172
43.149475 1198 4172
43.149518 414 4172
43.193378 1166 4172
43.299522 654 4172
43.321255 686 4172
43.361465 798 4172
43.365255 110 4172
43.486919 110 4172
43.497183 910 4172
43.530501 1198 4172
43.530569 398 4172
43.530612 190 4172
43.541269 1006 4172
43.585380 110 4172
43.629243 110 4172
43.673279 110 4172
43.698699 1150 4172
43.717252 1198 4172
43.717289 206 4172
43.761351 1102 4172
43.899966 110 4172
43.900056 1198 4172
43.900089 302 4172
43.931005 974 4172
43.937244 926 4172
44.113340 382 4172
44.137867 1198 4172
44.137871 1198 4172
44.138061 1198 4172
44.138090 174 4172
44.138118 1102 4172
44.153388 1198 4172
44.153397 142 4172
44.153440 894 4172
44.153491 958 4172
44.153537 878 4172
44.153566 1198 4172
44.153597 1198 4172
44.153628 1198 4172
44.153656 1070 4172
44.153686 1198 4172
44.153720 942 4172
44.153751 414 4172
44.203073 590 4172
44.203108 398 4172
44.218105 1198 4172
44.218164 1198 4172
44.218196 1198 4172
44.218225 1198 4172
44.218254 1198 4172
44.218279 158 4172
44.229540 1198 4172
44.229547 1198 4172
44.229577 1198 4172
44.229601 1198 4172
44.229631 1198 4172
44.229655 1198 4172
44.229684 766 4172
44.238201 1198 4172
44.238247 1198 4172
44.238305 1198 4172
44.238424 1198 4172
44.238457 1198 4172
44.238484 670 4172
44.249097 1198 4172
44.249181 1198 4172
44.249210 1198 4172
44.249236 1198 4172
44.249263 1198 4172
44.249287 1198 4172
44.249311 1038 4172
44.249351 1198 4172
44.262441 1198 4172
44.264397 1198 4172
44.264837 1198 4172
44.265218 1198 4172
44.265247 1198 4172
44.273275 1198 4172
44.273311 830 4172
44.281241 1198 4172
44.281291 1198 4172
44.302562 1198 4172
44.304831 1198 4172
44.305219 1198 4172
44.305272 654 4172
44.305312 1198 4172
44.313266 1198 4172
44.313317 1198 4172
44.324275 606 4172
44.324310 1198 4172
44.324338 1198 4172
44.330121 1198 4172
44.330212 1198 4172
44.345794 1198 4172
44.345812 462 4172
44.345898 1198 4172
44.362986 126 4172
44.364526 1198 4172
44.364570 1198 4172
44.364602 1198 4172
44.364632 1198 4172
44.378711 1198 4172
44.378776 1198 4172
44.378819 1198 4172
44.378845 1198 4172
44.384976 638 4172
44.385018 1198 4172
44.385048 1198 4172
44.385389 1198 4172
44.385420 1198 4172
44.398979 1198 4172
44.399013 1150 4172
44.401282 1198 4172
44.401311 1198 4172
44.401343 1198 4172
44.409265 1198 4172
44.409287 1198 4172
44.417301 1198 4172
44.417338 798 4172
44.425341 1198 4172
44.425393 110 4172
44.434442 1198 4172
44.434488 1198 4172
44.441305 1198 4172
44.441363 174 4172
44.441393 1198 4172
44.453778 1198 4172
44.453862 1198 4172
44.457210 1198 4172
44.469570 1198 4172
44.469697 1198 4172
44.475572 1198 4172
44.475603 414 4172
44.475634 110 4172
44.475665 1198 4172
44.481273 1198 4172
44.481311 1198 4172
44.481340 1198 4172
44.485800 1198 4172
44.485824 1198 4172
44.497380 1198 4172
44.497509 430 4172
44.497539 1198 4172
44.505275 1198 4172
44.505306 1198 4172
44.517608 1198 4172
44.517683 1198 4172
44.521260 1198 4172
44.521285 526 4172
44.521321 1198 4172
44.536220 1198 4172
44.536245 1198 4172
44.536277 846 4172
44.538362 318 4172
44.538399 254 4172
44.538426 190 4172
44.538451 190 4172
44.538476 190 4172
44.538512 190 4172
44.538562 190 4172
44.538587 190 4172
44.552079 190 4172
44.552163 190 4172
44.554320 190 4172
44.554376 190 4172
44.554404 190 4172
44.554429 190 4172
44.566343 1198 4172
44.566390 990 4172
44.566423 1182 4172
44.617414 110 4172
44.618085 254 4172
44.618238 190 4172
44.618273 190 4172
44.618302 190 4172
44.618329 190 4172
44.629227 60 60000
44.642968 190 4172
44.643022 190 4172
44.643053 190 4172
44.643096 190 4172
44.643112 1006 4172
44.643140 1070 4172
44.643173 702 4172
44.643200 190 4172
44.643227 190 4172
44.643252 190 4172
44.643277 190 4172
44.643302 190 4172
44.643329 1198 4172
44.643356 1198 4172
44.643383 126 4172
44.643414 254 4172
44.643435 190 4172
44.643461 190 4172
44.643486 190 4172
44.643512 190 4172
44.643540 190 4172
44.643566 190 4172
44.643593 1182 4172
44.643621 750 4172
44.643647 190 4172
44.646188 190 4172
44.646215 190 4172
44.650371 190 4172
44.650401 1086 4172
44.650433 1198 4172
44.650465 1198 4172
44.650500 270 4172
44.653960 1198 4172
44.653997 190 4172
44.657430 190 4172
44.657467 174 4172
44.657498 174 4172
44.661259 174 4172
44.661270 174 4172
44.661296 174 4172
44.665128 174 4172
44.665181 110 4172
44.665246 174 4172
44.669979 1086 4172
44.670017 1198 4172
44.670046 206 4172
44.670075 734 4172
44.673914 174 4172
44.673947 174 4172
44.673975 174 4172
44.677872 174 4172
44.677912 174 4172
44.677947 206 4172
44.705307 126 4172
44.705402 110 4172
44.705404 110 4172
44.812099 110 4172
44.837740 126 4172
44.847223 126 4172
44.853180 1198 4172
44.853225 334 4172
44.861960 126 4172
44.878895 1198 4172
44.881816 1198 4172
44.881855 1198 4172
44.881920 366 4172
44.885775 1102 4172
44.902589 142 4172
44.909865 1198 4172
44.909899 1118 4172
44.921965 494 4172
44.933295 1198 4172
44.933300 1198 4172
44.933384 110 4172
44.937199 174 4172
44.937229 174 4172
44.937262 174 4172
44.942352 174 4172
44.942383 174 4172
44.942417 1198 4172
44.942446 174 4172
44.942476 174 4172
44.946323 174 4172
44.951987 174 4172
44.952586 174 4172
44.952612 174 4172
44.952645 110 4172
44.952670 110 4172
44.952695 110 4172
44.952768 174 4172
44.955279 174 4172
44.955320 174 4172
44.955347 174 4172
44.955373 190 4172
44.962006 1198 4172
44.962071 1198 4172
44.962112 1198 4172
44.962142 1198 4172
44.962172 734 4172
44.997312 110 4172
44.997356 142 4172
45.001500 366 4172
45.006728 174 4172
45.006753 174 4172
45.006785 174 4172
45.009394 174 4172
45.009430 174 4172
45.009458 174 4172
45.014125 174 4172
45.014219 174 4172
45.014247 174 4172
45.014272 174 4172
45.017975 174 4172
45.018027 174 4172
45.018054 174 4172
45.023318 174 4172
45.041212 1198 4172
45.041284 1198 4172
45.041311 1198 4172
45.041339 734 4172
45.085574 110 4172
45.126801 190 4172
45.126810 1198 4172
45.129261 126 4172
45.173292 110 4172
45.173392 1198 4172
45.173453 990 4172
45.217274 110 4172
45.217331 110 4172
45.217373 110 4172
45.305328 110 4172
45.393334 110 4172
45.437532 142 4172
45.445760 750 4172
45.457875 1198 4172
45.457914 1198 4172
45.457951 334 4172
45.461934 1198 4172
45.461982 1198 4172
45.462023 1198 4172
45.462062 1198 4172
45.462101 398 4172
45.469852 110 4172
45.481532 1198 4172
45.481619 574 4172
45.491449 1198 4172
45.491555 1198 4172
45.491588 1198 4172
45.491627 1198 4172
45.491665 110 4172
45.491702 110 4172
45.491737 110 4172
45.491775 414 4172
45.501894 958 4172
45.510055 142 4172
45.517835 1198 4172
45.517918 1198 4172
45.517956 110 4172
45.525256 750 4172
45.530152 1198 4172
45.543566 1198 4172
45.543693 206 4172
45.553858 1198 4172
45.553938 206 4172
45.561980 254 4172
45.569255 110 4172
45.569337 1198 4172
45.569394 446 4172
45.569445 1198 4172
45.613412 1198 4172
45.613498 1198 4172
45.613534 190 4172
45.697424 110 4172
45.762212 110 4172
45.762274 110 4172
45.762313 110 4172
45.785589 110 4172
46.049276 110 4172
46.049394 110 4172
46.049455 110 4172
46.309343 110 4172
46.485391 110 4172
46.562205 110 4172
46.573450 110 4172
46.837631 110 4172
47.101525 110 4172
47.363940 110 4172
47.365249 254 4172
47.441369 1198 4172
47.441396 1086 4172
47.441436 318 4172
47.441470 174 4172
47.441505 174 4172
47.441555 174 4172
47.445395 174 4172
47.445441 1086 4172
47.445478 286 4172
47.445520 1198 4172
47.445558 206 4172
47.450540 734 4172
47.450567 174 4172
47.450604 174 4172
47.450633 174 4172
47.450663 174 4172
47.450704 174 4172
47.450732 174 4172
47.453461 1198 4172
47.453501 1198 4172
47.453532 414 4172
47.461952 1198 4172
47.462002 1198 4172
47.462045 1198 4172
47.462090 1198 4172
47.462131 734 4172
47.497205 110 4172
47.585320 110 4172
47.605710 638 4172
47.617640 126 4172
47.617778 110 4172
47.625467 126 4172
47.629320 126 4172
47.647622 798 4172
47.657814 1198 4172
47.657861 1198 4172
47.657899 494 4172
47.665949 1198 4172
47.665995 494 4172
47.673211 1198 4172
47.673254 1198 4172
47.673290 1198 4172
47.673328 366 4172
47.690072 1102 4172
47.699474 1118 4172
47.705919 958 4172
47.717262 1198 4172
47.717310 142 4172
47.725845 1198 4172
47.725902 1198 4172
47.725945 110 4172
47.738062 750 4172
47.747507 942 4172
47.758122 1198 4172
47.758211 206 4172
47.761210 1198 4172
47.778072 1198 4172
47.778203 430 4172
47.791598 1198 4172
47.791687 430 4172
47.797594 1198 4172
47.797645 1198 4172
47.797687 174 4172
47.805380 174 4172
47.893477 110 4172
48.153389 110 4172
48.417293 110 4172
48.505157 110 4172
48.589615 110 4172
48.677325 110 4172
48.941574 110 4172
49.249357 110 4172
49.469382 110 4172
49.601255 110 4172
50.481289 110 4172
50.569115 110 4172
51.581331 110 4172
51.929308 110 4172
52.501314 110 4172
52.589209 110 4172
53.469304 110 4172
53.601345 110 4172
54.477257 110 4172
54.565092 110 4172
54.565106 110 4172
55.485164 110 4172
55.573225 110 4172
56.497238 110 4172
56.585302 110 4172
57.241204 110 4172
57.505192 110 4172
57.593135 110 4172
58.469128 110 4172
58.601050 110 4172
59.481120 110 4172
59.569268 110 4172
59.921323 110 4172
60.489192 110 4172
60.577145 110 4172
61.493088 110 4172
61.577286 110 4172
62.501086 110 4172
62.585180 110 4172
62.585271 110 4172
63.505034 110 4172
63.593018 110 4172
64.473135 110 4172
64.605426 110 4172
64.782223 1198 4172
64.782268 1198 4172
64.782313 1198 4172
64.782372 1198 4172
64.782498 1198 4172
64.782527 1198 4172
64.782554 1198 4172
64.782582 846 4172
64.801214 1198 4172
64.801254 1198 4172
64.801281 1198 4172
64.801309 1198 4172
64.801334 1198 4172
64.801360 1198 4172
64.801394 1198 4172
64.801421 206 4172
64.801449 1198 4172
64.801473 1198 4172
64.801504 1198 4172
64.801538 1198 4172
64.805031 1198 4172
64.805058 1198 4172
64.813110 702 4172
64.813145 1198 4172
64.813180 1198 4172
64.821030 1198 4172
64.821069 1198 4172
64.824964 1198 4172
64.825005 1198 4172
64.837067 1150 4172
64.837204 1198 4172
64.849397 1198 4172
64.853026 1198 4172
64.853069 1198 4172
64.861223 1198 4172
64.861272 1070 4172
64.868928 1198 4172
64.868972 1198 4172
64.877099 1198 4172
64.877136 1198 4172
64.884987 1198 4172
64.885031 1198 4172
64.885074 60 60000
64.894985 1086 4172
64.895100 1198 4172
64.900957 1198 4172
64.900994 1198 4172
64.901027 1198 4172
64.908982 1198 4172
64.909027 1038 4172
64.915580 1198 4172
64.915677 1198 4172
64.925822 1198 4172
64.925912 1198 4172
64.933028 1198 4172
64.933059 1198 4172
64.943646 382 4172
64.943744 1198 4172
64.943747 1198 4172
64.948944 1198 4172
64.949000 1198 4172
64.957173 1198 4172
64.964958 1198 4172
64.965018 510 4172
64.965066 1198 4172
64.973519 1198 4172
64.973602 1198 4172
64.981022 1198 4172
64.981056 1198 4172
64.989051 1198 4172
64.989102 1198 4172
64.997038 110 4172
64.997101 734 4172
64.997131 1198 4172
64.997157 1198 4172
65.000970 1198 4172
65.001013 1198 4172
65.013051 1198 4172
65.013067 1198 4172
65.021193 1022 4172
65.021222 1198 4172
65.028992 1198 4172
65.029026 1198 4172
65.029059 1198 4172
65.037055 1198 4172
65.044997 638 4172
65.045054 1198 4172
65.053236 1198 4172
65.053347 1198 4172
65.061066 1198 4172
65.061106 1198 4172
65.061147 1198 4172
65.069078 1198 4172
65.069111 430 4172
65.077063 1198 4172
65.077087 1198 4172
65.077137 1198 4172
65.085144 1198 4172
65.088971 1198 4172
65.089004 238 4172
65.089037 1198 4172
65.104193 1198 4172
65.104362 1198 4172
65.108999 1198 4172
65.109040 1198 4172
65.117078 1198 4172
65.118010 1198 4172
65.125059 702 4172
65.125104 1198 4172
65.125137 1198 4172
65.133263 1198 4172
65.133324 1198 4172
65.141024 1198 4172
65.141063 1198 4172
65.149592 1198 4172
65.149681 798 4172
65.149694 1198 4172
65.157020 1198 4172
65.157046 1198 4172
65.167367 1198 4172
65.167509 862 4172
65.167543 1198 4172
65.173018 1198 4172
65.173053 1198 4172
65.176984 1198 4172
65.177046 1198 4172
65.190135 398 4172
65.190174 1198 4172
65.190203 1198 4172
65.197114 1198 4172
65.197152 1198 4172
65.205051 1198 4172
65.205087 1198 4172
65.214660 126 4172
65.220600 1198 4172
65.221042 1198 4172
65.226153 1198 4172
65.229142 1198 4172
65.229180 126 4172
65.229215 1198 4172
65.238187 1198 4172
65.238238 238 4172
65.238259 1198 4172
65.257001 1198 4172
65.257037 1198 4172
65.261140 1198 4172
65.261176 1198 4172
65.261205 1198 4172
65.261232 1198 4172
65.261261 1198 4172
65.269065 110 4172
65.269108 670 4172
65.269135 1198 4172
65.277064 1198 4172
65.277102 1198 4172
65.285118 1198 4172
65.285430 1198 4172
65.285466 1198 4172
65.295793 1198 4172
65.296523 1198 4172
65.301009 1054 4172
65.301057 1198 4172
65.313830 1198 4172
65.313875 1198 4172
65.323905 1198 4172
65.334189 1198 4172
65.334649 1198 4172
65.334699 462 4172
65.341291 1198 4172
65.341372 1198 4172
65.341408 1198 4172
65.341440 1198 4172
65.341472 1198 4172
65.341502 1198 4172
65.352349 526 4172
65.352388 1198 4172
65.352423 1198 4172
65.358037 1198 4172
65.358075 1198 4172
65.365030 1198 4172
65.365057 1198 4172
65.365090 366 4172
65.375270 1198 4172
65.375315 1198 4172
65.375345 1198 4172
65.381030 1198 4172
65.381064 1198 4172
65.396105 1198 4172
65.399712 1198 4172
65.401642 1198 4172
65.415439 1198 4172
65.417377 1198 4172
65.417727 1198 4172
65.417788 1198 4172
65.421303 1198 4172
65.421344 1198 4172
65.421373 1198 4172
65.421405 190 4172
65.421433 1198 4172
65.429283 1198 4172
65.429398 1198 4172
65.438330 1198 4172
65.438334 1198 4172
65.445023 446 4172
65.445062 1198 4172
65.445095 1198 4172
65.460874 510 4172
65.464693 1198 4172
65.467606 1198 4172
65.467655 1198 4172
65.467707 1198 4172
65.467743 1150 4172
65.467776 110 4172
65.467807 1198 4172
65.481128 1198 4172
65.481173 1198 4172
65.489012 1198 4172
65.489044 1198 4172
65.497123 1198 4172
65.497184 1198 4172
65.497216 1198 4172
65.514935 622 4172
65.515110 1198 4172
65.515402 1198 4172
65.521098 1198 4172
65.521130 1198 4172
65.521165 1198 4172
65.521195 1198 4172
65.529027 750 4172
65.529051 110 4172
65.529083 1198 4172
65.529114 1198 4172
65.538971 1198 4172
65.539036 1198 4172
65.545018 1198 4172
65.545061 1198 4172
65.545094 1198 4172
65.555470 286 4172
65.555500 1198 4172
65.555536 1198 4172
65.558501 1198 4172
65.558536 1198 4172
65.575387 1022 4172
65.575462 382 4172
65.575490 270 4172
65.575518 190 4172
65.575543 190 4172
65.575568 190 4172
65.575594 110 4172
65.575625 190 4172
65.575650 190 4172
65.575675 190 4172
65.576971 190 4172
65.577008 190 4172
65.577052 190 4172
65.577084 190 4172
65.577112 190 4172
65.577172 190 4172
65.577205 190 4172
65.577235 1198 4172
65.577269 1198 4172
65.591883 510 4172
65.592015 222 4172
65.592207 190 4172
65.592242 190 4172
65.594142 190 4172
65.594161 190 4172
65.594194 190 4172
65.594223 190 4172
65.594250 190 4172
65.594279 190 4172
65.594306 190 4172
65.594334 190 4172
65.594362 190 4172
65.594389 190 4172
65.594417 190 4172
65.594444 190 4172
65.603914 1198 4172
65.603964 1198 4172
65.603990 494 4172
65.609884 382 4172
65.609921 190 4172
65.609950 254 4172
65.609976 190 4172
65.610001 190 4172
65.610027 190 4172
65.610052 190 4172
65.610077 1198 4172
65.610103 1198 4172
65.623068 1198 4172
65.623115 142 4172
65.623146 1198 4172
65.628363 1198 4172
65.628407 350 4172
65.628441 1198 4172
65.633013 1198 4172
65.633048 558 4172
65.633080 1198 4172
65.641073 1198 4172
65.641105 590 4172
65.641137 1198 4172
65.649040 1198 4172
65.649064 526 4172
65.649095 1198 4172
65.657035 1198 4172
65.657077 382 4172
65.665154 622 4172
65.665181 190 4172
65.665212 190 4172
65.665241 190 4172
65.665270 1198 4172
65.665300 1198 4172
65.668770 60 60000
65.674942 526 4172
65.675119 1198 4172
65.675209 1198 4172
65.681021 1198 4172
65.681056 414 4172
65.681084 174 4172
65.681111 174 4172
65.689063 174 4172
65.689107 174 4172
65.689135 174 4172
65.689163 1198 4172
65.689189 1198 4172
65.700442 1198 4172
65.700517 126 4172
65.700550 1198 4172
65.700582 1198 4172
65.705016 446 4172
65.705057 1198 4172
65.705087 1198 4172
65.710239 926 4172
65.710275 1198 4172
65.721069 1198 4172
65.721072 1006 4172
65.721092 1198 4172
65.729227 1198 4172
65.729438 830 4172
65.729472 1198 4172
65.738069 1198 4172
65.741373 478 4172
65.744677 1198 4172
65.747430 846 4172
65.755305 174 4172
65.755342 174 4172
65.755386 174 4172
65.755422 1198 4172
65.755452 1198 4172
65.755482 814 4172
65.755512 1198 4172
65.755540 1198 4172
65.761188 1198 4172
65.769039 1198 4172
65.769069 1198 4172
65.769104 798 4172
65.781564 1198 4172
65.781595 1198 4172
65.782209 1198 4172
65.785061 1198 4172
65.785100 1198 4172
65.793081 542 4172
65.793118 1198 4172
65.793153 1198 4172
65.809823 1198 4172
65.809915 1198 4172
65.810087 110 4172
65.813789 1198 4172
65.813830 1198 4172
65.813858 1198 4172
65.813885 1198 4172
65.813910 1198 4172
65.825081 1118 4172
65.825116 1198 4172
65.825150 1198 4172
65.833518 1198 4172
65.833572 1198 4172
65.842659 1198 4172
65.842679 1198 4172
65.842755 1198 4172
65.849181 1198 4172
65.849196 1198 4172
65.857014 1198 4172
65.857055 1198 4172
65.857087 158 4172
65.857117 1198 4172
65.865000 1198 4172
65.865040 1198 4172
65.873099 1198 4172
65.873135 1198 4172
65.880959 1198 4172
65.880996 1198 4172
65.881030 1198 4172
65.892579 1198 4172
65.893710 702 4172
65.893854 1198 4172
65.894230 1198 4172
65.897021 1198 4172
65.901217 1198 4172
65.901266 1198 4172
65.901305 670 4172
65.913102 1198 4172
65.913169 1198 4172
65.926818 798 4172
65.926858 126 4172
65.945004 126 4172
65.988950 1198 4172
66.026203 1198 4172
66.026236 1198 4172
66.026270 366 4172
66.026307 302 4172
66.026341 126 4172
66.026373 238 4172
66.032996 158 4172
66.073551 110 4172
66.073564 1198 4172
66.073645 1198 4172
66.073664 1198 4172
66.073696 1198 4172
66.073724 1198 4172
66.073754 1198 4172
66.073784 1198 4172
66.073812 142 4172
66.077454 1198 4172
66.077497 1198 4172
66.077524 1198 4172
66.077583 1198 4172
66.077679 1198 4172
66.077713 430 4172
66.089082 1198 4172
66.089100 1198 4172
66.089126 1198 4172
66.089152 1198 4172
66.089177 1198 4172
66.089221 1198 4172
66.089246 1198 4172
66.089271 1198 4172
66.089297 1198 4172
66.097039 1198 4172
66.097063 1198 4172
66.097099 1198 4172
66.105043 1198 4172
66.105085 1198 4172
66.113024 1198 4172
66.113073 1198 4172
66.120985 766 4172
66.121011 1198 4172
66.129113 1198 4172
66.129165 1198 4172
66.137049 1198 4172
66.137089 1198 4172
66.137125 1198 4172
66.145052 1198 4172
66.145102 1198 4172
66.153033 1198 4172
66.153072 1198 4172
66.161207 1198 4172
66.161231 542 4172
66.161270 814 4172
66.161308 1198 4172
66.164959 1198 4172
66.165012 1198 4172
66.177022 1198 4172
66.177073 1198 4172
66.177109 878 4172
66.184974 1198 4172
66.185011 1198 4172
66.197041 1198 4172
66.197044 798 4172
66.197118 1134 4172
66.208966 1198 4172
66.253235 206 4172
66.329148 414 4172
66.341036 110 4172
66.401430 126 4172
66.413448 126 4172
66.421320 126 4172
66.429435 126 4172
66.441368 126 4172
66.449865 126 4172
66.464206 990 4172
66.469888 110 4172
66.469938 1198 4172
66.469985 734 4172
66.473034 1198 4172
66.473067 654 4172
66.490301 1198 4172
66.490310 1150 4172
66.502345 1198 4172
66.502463 1198 4172
66.502472 1198 4172
66.502505 462 4172
66.510316 1198 4172
66.510356 1198 4172
66.510394 1198 4172
66.510430 750 4172
66.517023 1198 4172
66.517056 1198 4172
66.517097 270 4172
66.529798 1198 4172
66.529838 1198 4172
66.529880 110 4172
66.541953 1198 4172
66.542071 334 4172
66.551103 142 4172
66.551149 1198 4172
66.553370 1198 4172
66.553414 1198 4172
66.553452 510 4172
66.573887 1198 4172
66.573963 478 4172
66.573977 110 4172
66.593207 846 4172
66.605277 110 4172
66.605403 110 4172
66.605405 110 4172
66.737182 1198 4172
66.869001 110 4172
66.869086 110 4172
66.869088 110 4172
67.133213 110 4172
67.133317 110 4172
67.133408 110 4172
67.397036 110 4172
67.485230 110 4172
67.573109 110 4172
67.661283 110 4172
67.924943 110 4172
68.189171 110 4172
68.496981 110 4172
68.584987 110 4172
68.717356 110 4172
69.284959 110 4172
69.504928 110 4172
69.593195 110 4172
70.472881 110 4172
70.605074 110 4172
71.480872 110 4172
71.568978 110 4172
71.964861 110 4172
72.485041 110 4172
72.573008 110 4172
73.493056 110 4172
74.496941 110 4172
74.585074 110 4172
74.628927 110 4172
75.500967 110 4172
75.589054 110 4172
76.468861 110 4172
76.596887 110 4172
77.300840 110 4172
77.476968 110 4172
77.564875 110 4172
78.488861 110 4172
78.576885 110 4172
79.500946 110 4172
79.589021 110 4172
80.464874 110 4172
80.596889 110 4172
81.476896 110 4172
81.564818 110 4172
82.488896 110 4172
82.576892 110 4172
82.665110 110 4172
83.500944 110 4172
83.588859 110 4172
84.468832 110 4172
84.596894 110 4172
85.468864 110 4172
85.600903 110 4172
85.912551 1198 4172
85.912596 1198 4172
85.912660 1198 4172
85.912706 1198 4172
85.912752 1198 4172
85.912794 1198 4172
85.912837 974 4172
85.912899 1198 4172
85.916955 60 60000
85.920718 1198 4172
85.920769 1198 4172
85.920811 1198 4172
85.920851 206 4172
85.936655 1198 4172
85.936747 1198 4172
85.936757 1198 4172
85.936792 1198 4172
85.936828 1198 4172
85.936861 1198 4172
85.936893 1198 4172
85.936926 302 4172
85.936974 1198 4172
85.944831 1198 4172
85.944884 1198 4172
85.944925 1198 4172
85.944958 1198 4172
85.944990 1198 4172
85.945021 1198 4172
85.945050 638 4172
85.952908 1198 4172
85.952974 1198 4172
85.953023 1198 4172
85.953069 1198 4172
85.953114 1198 4172
85.960923 174 4172
85.960973 1198 4172
85.961014 142 4172
85.961054 1198 4172
85.964850 158 4172
85.964887 766 4172
85.964924 814 4172
85.964959 750 4172
85.964991 1198 4172
85.976913 1198 4172
85.976952 478 4172
85.976992 1198 4172
85.984910 494 4172
85.984942 1198 4172
85.984975 1198 4172
85.992869 1198 4172
85.992916 1198 4172
85.992960 1198 4172
86.000835 1198 4172
86.000871 782 4172
86.000905 1198 4172
86.008690 1198 4172
86.016886 1198 4172
86.016936 1198 4172
86.024880 1198 4172
86.024929 910 4172
86.024948 1198 4172
86.032824 1198 4172
86.032857 1198 4172
86.032894 1198 4172
86.040835 1198 4172
86.040872 1198 4172
86.040900 1198 4172
86.048789 1198 4172
86.048828 494 4172
86.048861 1198 4172
86.052857 1198 4172
86.052895 1198 4172
86.066021 1166 4172
86.066090 446 4172
86.078133 542 4172
86.086396 1022 4172
86.094772 990 4172
86.096709 798 4172
86.109204 462 4172
86.109276 270 4172
86.109304 110 4172
86.109335 254 4172
86.109364 270 4172
86.113208 318 4172
86.113240 222 4172
86.113264 222 4172
86.113288 222 4172
86.113311 222 4172
86.113334 222 4172
86.113409 222 4172
86.118637 238 4172
86.118669 270 4172
86.118701 334 4172
86.118730 238 4172
86.118759 270 4172
86.118793 414 4172
86.140813 1198 4172
86.140855 1198 4172
86.140888 1198 4172
86.140926 1198 4172
86.228736 1198 4172
86.265188 126 4172
86.273730 126 4172
86.278051 126 4172
86.295542 126 4172
86.321123 190 4172
86.321159 126 4172
86.333700 526 4172
86.337318 174 4172
86.337361 158 4172
86.337393 158 4172
86.337422 158 4172
86.337448 158 4172
86.337482 158 4172
86.371221 174 4172
86.371239 158 4172
86.379959 110 4172
86.379991 1198 4172
86.380019 1198 4172
86.380055 1198 4172
86.380084 1198 4172
86.380113 1198 4172
86.380141 926 4172
86.383584 1198 4172
86.383623 1198 4172
86.383650 1198 4172
86.383678 1198 4172
86.383703 1198 4172
86.383728 1198 4172
86.383754 1198 4172
86.383780 110 4172
86.392071 126 4172
86.407964 1198 4172
86.409288 1198 4172
86.409440 1198 4172
86.409597 1198 4172
86.409656 1198 4172
86.409690 1198 4172
86.409720 1198 4172
86.409748 238 4172
86.414342 1198 4172
86.414388 1198 4172
86.414421 1198 4172
86.414447 1198 4172
86.414473 1198 4172
86.414498 462 4172
86.425033 1198 4172
86.425073 1198 4172
86.425105 1198 4172
86.425135 1198 4172
86.425164 1198 4172
86.425194 1198 4172
86.425220 1198 4172
86.459387 622 4172
86.460625 1198 4172
86.462997 1198 4172
86.463086 1198 4172
86.463148 1198 4172
86.469296 1198 4172
86.469341 1198 4172
86.469371 1198 4172
86.469397 1198 4172
86.469423 782 4172
86.469451 1198 4172
86.469478 1198 4172
86.469503 1198 4172
86.469530 1198 4172
86.483358 110 4172
86.488280 1198 4172
86.489042 1198 4172
86.489086 366 4172
86.489774 1198 4172
86.489832 1198 4172
86.506504 1198 4172
86.508108 1198 4172
86.508154 1198 4172
86.508187 1198 4172
86.518294 670 4172
86.518866 1198 4172
86.518896 1198 4172
86.518922 1198 4172
86.518950 1198 4172
86.524166 1198 4172
86.524192 1198 4172
86.524220 1198 4172
86.524250 1198 4172
86.524279 814 4172
86.524309 1198 4172
86.533600 1198 4172
86.533645 1198 4172
86.541543 1198 4172
86.541571 1198 4172
86.541605 1198 4172
86.548869 1198 4172
86.548908 878 4172
86.548938 1198 4172
86.557626 1198 4172
86.557685 1198 4172
86.564788 1198 4172
86.564825 1198 4172
86.564856 1198 4172
86.576221 1198 4172
86.576249 846 4172
86.580769 1198 4172
86.580807 110 4172
86.580836 1198 4172
86.580865 1198 4172
86.590622 1198 4172
86.590677 1198 4172
86.596798 1198 4172
86.596843 846 4172
86.596882 1198 4172
86.612225 1198 4172
86.612604 1198 4172
86.613422 1198 4172
86.613469 1198 4172
86.617631 1198 4172
86.617916 1198 4172
86.617951 1198 4172
86.629612 1198 4172
86.629679 1198 4172
86.629707 1198 4172
86.636824 1198 4172
86.636876 718 4172
86.636906 1198 4172
86.645822 1198 4172
86.645904 1198 4172
86.653890 590 4172
86.653953 110 4172
86.653984 1198 4172
86.654019 1198 4172
86.667433 1198 4172
86.681838 1198 4172
86.693662 446 4172
86.694618 1198 4172
86.694673 1198 4172
86.694700 1198 4172
86.694726 766 4172
86.694755 238 4172
86.694815 286 4172
86.694842 190 4172
86.694867 190 4172
86.694894 1198 4172
86.694920 1198 4172
86.694946 1198 4172
86.694972 1166 4172
86.697576 1198 4172
86.697619 1198 4172
86.697649 878 4172
86.697677 1198 4172
86.697705 1198 4172
86.725764 910 4172
86.725854 1198 4172
86.725913 1198 4172
86.725948 894 4172
86.725980 1198 4172
86.726010 1198 4172
86.726076 894 4172
86.738623 1198 4172
86.738713 1198 4172
86.738741 1006 4172
86.738767 1198 4172
86.742388 1198 4172
86.742463 1198 4172
86.747909 1198 4172
86.747964 1054 4172
86.748000 1198 4172
86.757372 1198 4172
86.757461 366 4172
86.757499 174 4172
86.757529 174 4172
86.774278 1198 4172
86.775511 238 4172
86.775704 510 4172
86.776784 254 4172
86.776819 190 4172
86.776850 1198 4172
86.776876 1198 4172
86.790146 110 4172
86.790421 1198 4172
86.790473 1198 4172
86.790535 1198 4172
86.800244 1198 4172
86.800816 558 4172
86.801485 1198 4172
86.801534 1198 4172
86.802553 60 60000
86.812547 190 4172
86.812626 1198 4172
86.812905 718 4172
86.812942 1198 4172
86.812976 1198 4172
86.813060 1198 4172
86.813106 846 4172
86.819954 1198 4172
86.826387 1198 4172
86.828759 1198 4172
86.830592 862 4172
86.830646 1198 4172
86.832767 1198 4172
86.840865 1086 4172
86.840894 1198 4172
86.840923 1198 4172
86.848758 1198 4172
86.848788 1198 4172
86.860275 1102 4172
86.860325 1198 4172
86.860369 1198 4172
86.863157 1198 4172
86.863193 1198 4172
86.863222 1198 4172
86.872809 1198 4172
86.872888 830 4172
86.872919 1198 4172
86.885980 1198 4172
86.886846 1198 4172
86.888789 1198 4172
86.888821 990 4172
86.896806 1198 4172
86.896846 1198 4172
86.896874 1134 4172
86.916456 190 4172
86.916499 110 4172
86.916527 190 4172
86.916555 1198 4172
86.916580 1198 4172
86.924944 606 4172
86.924981 174 4172
86.925010 174 4172
86.925038 174 4172
86.925066 1198 4172
86.925093 1198 4172
86.925121 222 4172
86.925148 1198 4172
86.925174 1198 4172
86.932941 1134 4172
86.933030 1198 4172
86.933066 1198 4172
86.944147 1198 4172
86.944220 654 4172
86.944432 1198 4172
86.948901 1198 4172
86.948949 1198 4172
86.949261 830 4172
86.956980 1198 4172
86.957043 1198 4172
86.957082 1198 4172
86.961579 990 4172
86.961858 1198 4172
86.961894 1198 4172
86.975628 1198 4172
86.975694 1006 4172
86.980932 1198 4172
86.980961 1198 4172
86.980995 1198 4172
86.989002 1198 4172
86.989044 222 4172
86.989078 1198 4172
86.989110 1198 4172
86.997040 1198 4172
86.997146 1198 4172
87.011561 1198 4172
87.011801 446 4172
87.011951 1198 4172
87.013054 1198 4172
87.013192 1198 4172
87.022611 1198 4172
87.024817 1198 4172
87.024852 1198 4172
87.024880 286 4172
87.024909 1198 4172
87.024985 1198 4172
87.028766 1198 4172
87.038216 1198 4172
87.038242 1198 4172
87.038305 350 4172
87.038364 1198 4172
87.049338 1198 4172
87.049379 1198 4172
87.049411 1198 4172
87.058561 414 4172
87.058605 174 4172
87.058634 174 4172
87.058667 398 4172
87.058693 1198 4172
87.058723 926 4172
87.058750 126 4172
87.104904 126 4172
87.149336 398 4172
87.149423 174 4172
87.149458 126 4172
87.149529 158 4172
87.176847 126 4172
87.192877 110 4172
87.192992 110 4172
87.194542 110 4172
87.226251 126 4172
87.236813 126 4172
87.280848 126 4172
87.326080 126 4172
87.363029 270 4172
87.456801 110 4172
87.456862 110 4172
87.456904 110 4172
87.501060 110 4172
87.562689 1198 4172
87.562721 366 4172
87.569474 110 4172
87.581997 1198 4172
87.588765 1198 4172
87.588810 110 4172
87.594170 126 4172
87.594218 190 4172
87.596931 1198 4172
87.596983 1198 4172
87.597021 910 4172
87.602093 670 4172
87.602134 1198 4172
87.614148 1198 4172
87.614197 1198 4172
87.614234 1198 4172
87.614273 366 4172
87.622136 1198 4172
87.622169 1198 4172
87.622213 1198 4172
87.622248 654 4172
87.632790 1198 4172
87.632834 1198 4172
87.632868 1198 4172
87.632904 1198 4172
87.632939 286 4172
87.646532 1198 4172
87.646565 1198 4172
87.646603 1198 4172
87.646649 1198 4172
87.646689 1198 4172
87.646727 1198 4172
87.646764 414 4172
87.658249 1198 4172
87.658294 1198 4172
87.658333 1198 4172
87.658370 1198 4172
87.658405 1198 4172
87.658440 1198 4172
87.658479 1198 4172
87.658513 142 4172
87.666204 1198 4172
87.666250 1198 4172
87.666289 1198 4172
87.666325 1198 4172
87.666360 1198 4172
87.666394 1198 4172
87.677150 1198 4172
87.677192 1198 4172
87.677224 1198 4172
87.677261 1198 4172
87.677297 1198 4172
87.687253 1198 4172
87.687310 1198 4172
87.687350 1198 4172
87.687387 1134 4172
87.693581 1198 4172
87.693642 734 4172
87.706195 1198 4172
87.706319 174 4172
87.706357 1102 4172
87.706397 1198 4172
87.714211 1198 4172
87.714255 1198 4172
87.714302 782 4172
87.720785 1198 4172
87.720817 1198 4172
87.720855 1198 4172
87.720892 494 4172
87.720930 110 4172
87.720968 110 4172
87.721005 110 4172
87.734372 1198 4172
87.734374 1198 4172
87.734465 1198 4172
87.746526 1198 4172
87.746618 1198 4172
87.746620 1198 4172
87.746653 366 4172
87.758701 1198 4172
87.758703 1198 4172
87.758838 1198 4172
87.758840 942 4172
87.760723 1198 4172
87.760787 1198 4172
87.760831 1198 4172
87.760871 1198 4172
87.760907 1198 4172
87.760942 1198 4172
87.760978 462 4172
87.764800 1038 4172
87.764847 1198 4172
87.776844 1198 4172
87.776891 1198 4172
87.784828 1198 4172
87.784873 1198 4172
87.784917 1198 4172
87.792995 1198 4172
87.793052 510 4172
87.793087 1198 4172
87.793120 1198 4172
87.800845 1198 4172
87.800872 1198 4172
87.808859 1198 4172
87.808962 1198 4172
87.809005 590 4172
87.809047 1198 4172
87.816860 1198 4172
87.816897 1198 4172
87.816934 1198 4172
87.824933 1198 4172
87.824973 1198 4172
87.832843 350 4172
87.832889 1198 4172
87.832934 1198 4172
87.853215 446 4172
87.853396 414 4172
87.896922 766 4172
88.024911 110 4172
88.024961 110 4172
88.024998 110 4172
88.288865 110 4172
88.289038 110 4172
88.289078 110 4172
88.464730 110 4172
88.552907 110 4172
88.553028 110 4172
88.596756 110 4172
88.816880 110 4172
89.080947 110 4172
89.476720 110 4172
89.564964 110 4172
89.608827 110 4172
89.872892 110 4172
90.132944 110 4172
90.396946 110 4172
90.573006 110 4172
90.660839 110 4172
91.493014 110 4172
91.580991 110 4172
92.504834 110 4172
92.592849 110 4172
93.340877 110 4172
93.472740 110 4172
93.604885 110 4172
94.484854 110 4172
94.572764 110 4172
95.492930 110 4172
95.580856 110 4172
96.020824 110 4172
96.500774 110 4172
96.588693 110 4172
97.468694 110 4172
97.600821 110 4172
98.480717 110 4172
98.568726 110 4172
98.700768 110 4172
99.488661 110 4172
99.576794 110 4172
100.496703 110 4172
100.585033 110 4172
101.372836 110 4172
101.504743 110 4172
101.592735 110 4172
102.468645 110 4172
102.600701 110 4172
103.480681 110 4172
103.568623 110 4172
104.052730 110 4172
104.492806 110 4172
104.580835 110 4172
105.496794 110 4172
105.584763 110 4172
106.464616 110 4172
106.596705 110 4172
106.728970 110 4172
106.864547 1198 4172
106.864569 574 4172
106.952542 1198 4172
107.029231 446 4172
107.040588 206 4172
107.056669 60 60000
107.076533 270 4172
107.076553 254 4172
107.076579 270 4172
107.076610 318 4172
107.076638 222 4172
107.076666 238 4172
107.082570 222 4172
107.082603 238 4172
107.082640 222 4172
107.082676 238 4172
107.082706 270 4172
107.082734 334 4172
107.082760 254 4172
107.082788 270 4172
107.086854 1198 4172
107.086913 1198 4172
107.086956 1198 4172
107.086988 1198 4172
107.087020 1198 4172
107.087052 1198 4172
107.087085 1198 4172
107.087116 670 4172
107.128605 238 4172
107.128652 1198 4172
107.128694 1198 4172
107.128732 1198 4172
107.128767 1198 4172
107.128801 1198 4172
107.128837 254 4172
107.128871 1198 4172
107.128903 1198 4172
107.128937 542 4172
107.172541 1198 4172
107.260576 142 4172
107.295180 110 4172
107.295213 142 4172
107.304556 126 4172
107.304587 286 4172
107.304622 286 4172
107.350630 142 4172
107.407843 126 4172
107.409728 174 4172
107.416729 158 4172
107.416774 158 4172
107.416802 158 4172
107.416830 158 4172
107.416858 158 4172
107.416888 174 4172
107.439111 158 4172
107.447999 1198 4172
107.448051 1198 4172
107.448088 1198 4172
107.448118 1198 4172
107.448147 1198 4172
107.448177 1198 4172
107.448205 1198 4172
107.448234 1198 4172
107.448263 222 4172
107.449725 1198 4172
107.449773 1198 4172
107.449796 1198 4172
107.449825 1198 4172
107.449854 1198 4172
107.449883 1198 4172
107.449924 1198 4172
107.449953 830 4172
107.462724 1198 4172
107.462789 1198 4172
107.462824 1198 4172
107.462852 1198 4172
107.462879 1198 4172
107.462906 1198 4172
107.462935 1198 4172
107.462960 974 4172
107.473765 110 4172
107.484451 1198 4172
107.484581 1198 4172
107.484640 1198 4172
107.484678 1198 4172
107.484721 1198 4172
107.484776 1198 4172
107.484806 1198 4172
107.484833 1198 4172
107.484862 206 4172
107.485232 1198 4172
107.500671 1198 4172
107.500735 1198 4172
107.500768 1198 4172
107.500800 1198 4172
107.500835 1198 4172
107.500895 1198 4172
107.507980 1198 4172
107.508003 398 4172
107.508034 1198 4172
107.508062 1198 4172
107.512609 1198 4172
107.512640 1198 4172
107.522190 1198 4172
107.522216 1198 4172
107.522245 574 4172
107.522275 1198 4172
107.528725 1198 4172
107.528853 1198 4172
107.529681 1198 4172
107.539647 110 4172
107.541207 1198 4172
107.541306 1198 4172
107.541353 1198 4172
107.548711 1102 4172
107.548815 1198 4172
107.561980 1198 4172
107.568067 1198 4172
107.578340 1198 4172
107.579091 1198 4172
107.582541 1198 4172
107.582655 1198 4172
107.582692 862 4172
107.582735 1198 4172
107.582779 1198 4172
107.582819 1198 4172
107.582850 1198 4172
107.582879 110 4172
107.582908 1198 4172
107.582938 1198 4172
107.582965 1198 4172
107.582994 1198 4172
107.597127 558 4172
107.597155 1198 4172
107.600876 1198 4172
107.600914 1198 4172
107.608612 1198 4172
107.608659 1198 4172
107.616973 1198 4172
107.617010 1198 4172
107.617040 1198 4172
107.625929 1198 4172
107.625969 1198 4172
107.625997 1198 4172
107.632629 1198 4172
107.632671 1198 4172
107.632706 1198 4172
107.640596 1198 4172
107.640645 1198 4172
107.648615 1198 4172
107.648651 878 4172
107.648686 1198 4172
107.648718 1198 4172
107.657371 1198 4172
107.657396 1198 4172
107.664801 1198 4172
107.664833 1198 4172
107.664864 1198 4172
107.673306 398 4172
107.673343 1198 4172
107.673369 1198 4172
107.678612 1198 4172
107.678685 1198 4172
107.678892 1198 4172
107.688660 1198 4172
107.688689 798 4172
107.688721 1198 4172
107.697281 1198 4172
107.699136 1198 4172
107.699178 1198 4172
107.704630 1198 4172
107.704660 1198 4172
107.704691 1198 4172
107.713639 1198 4172
107.713706 1198 4172
107.713750 1198 4172
107.724180 1198 4172
107.724204 1198 4172
107.724237 1198 4172
107.735343 1198 4172
107.735371 622 4172
107.735403 1198 4172
107.735433 1198 4172
107.738431 1198 4172
107.738473 1198 4172
107.738506 1198 4172
107.742995 1166 4172
107.743037 350 4172
107.743066 254 4172
107.743094 190 4172
107.743119 190 4172
107.743145 190 4172
107.743171 190 4172
107.771935 190 4172
107.771978 190 4172
107.772006 190 4172
107.772030 190 4172
107.772056 190 4172
107.772081 190 4172
107.772108 190 4172
107.772132 190 4172
107.772157 190 4172
107.772187 1198 4172
107.772214 1198 4172
107.772239 1022 4172
107.772269 686 4172
107.772294 1102 4172
107.774814 174 4172
107.774858 174 4172
107.774890 1198 4172
107.774916 1022 4172
107.787110 190 4172
107.787594 1198 4172
107.787631 1198 4172
107.787662 1198 4172
107.787701 1198 4172
107.787728 1038 4172
107.793629 1198 4172
107.793675 1198 4172
107.803111 1198 4172
107.803144 1198 4172
107.803173 1198 4172
107.803218 286 4172
107.806808 1198 4172
107.806851 110 4172
107.806880 1198 4172
107.806909 1198 4172
107.806939 1198 4172
107.806968 1198 4172
107.816569 190 4172
107.816610 1198 4172
107.816642 1198 4172
107.825839 1198 4172
107.825882 1198 4172
107.825915 1198 4172
107.832563 1198 4172
107.832600 558 4172
107.832627 1198 4172
107.832658 1198 4172
107.840707 1198 4172
107.840733 1198 4172
107.840763 1198 4172
107.849565 1006 4172
107.849654 1198 4172
107.849679 1198 4172
107.856683 1198 4172
107.856724 1198 4172
107.856753 1198 4172
107.865432 638 4172
107.865561 1198 4172
107.865616 1198 4172
107.865648 1198 4172
107.875815 1198 4172
107.875887 1198 4172
107.875915 1102 4172
107.895613 1198 4172
107.903458 1198 4172
107.904021 1198 4172
107.904078 1198 4172
107.904577 1198 4172
107.904772 462 4172
107.904806 1198 4172
107.904840 1198 4172
107.904876 1198 4172
107.904907 1198 4172
107.904936 1198 4172
107.904962 1198 4172
107.912550 1198 4172
107.912579 1198 4172
107.912611 1198 4172
107.920939 1198 4172
107.920974 158 4172
107.921013 1198 4172
107.921043 1198 4172
107.922332 60 60000
107.938328 1198 4172
107.939830 1198 4172
107.939869 206 4172
107.939978 174 4172
107.940006 1198 4172
107.948555 686 4172
107.948589 1198 4172
107.948621 1198 4172
107.948664 606 4172
107.948691 1198 4172
107.948719 334 4172
107.948751 174 4172
107.948779 174 4172
107.948810 958 4172
107.952616 1198 4172
107.952670 1198 4172
107.952695 1198 4172
107.960593 1198 4172
107.960630 894 4172
107.960678 1198 4172
107.968759 1198 4172
107.968798 1198 4172
107.968831 1198 4172
107.980548 1198 4172
107.980952 1038 4172
107.981010 1198 4172
107.986890 1198 4172
107.986970 1198 4172
107.987003 1198 4172
107.995559 1198 4172
107.995603 1198 4172
107.995636 1198 4172
108.000571 1070 4172
108.000608 1198 4172
108.000644 1198 4172
108.009141 1198 4172
108.009192 1198 4172
108.016726 1198 4172
108.016750 1198 4172
108.016781 1198 4172
108.024729 1198 4172
108.024887 1198 4172
108.032854 1198 4172
108.032882 1198 4172
108.032928 1198 4172
108.040616 750 4172
108.040660 1198 4172
108.041423 1198 4172
108.049445 1198 4172
108.049474 766 4172
108.049515 1198 4172
108.049547 1198 4172
108.057340 1198 4172
108.057383 1198 4172
108.057436 1198 4172
108.066886 110 4172
108.066947 718 4172
108.066979 1198 4172
108.067004 1198 4172
108.067030 1198 4172
108.072725 1198 4172
108.072759 1198 4172
108.072790 1198 4172
108.077721 1150 4172
108.078198 1198 4172
108.090567 1198 4172
108.091204 1198 4172
108.091242 1198 4172
108.097061 1198 4172
108.097817 1198 4172
108.097862 510 4172
108.097895 1198 4172
108.104598 1198 4172
108.104629 1198 4172
108.104669 1198 4172
108.118891 1198 4172
108.119080 1198 4172
108.119128 1198 4172
108.120557 318 4172
108.120588 1198 4172
108.120616 1198 4172
108.120648 1198 4172
108.134583 1198 4172
108.136615 1198 4172
108.136649 1198 4172
108.151583 1198 4172
108.151683 1198 4172
108.151716 1198 4172
108.151742 990 4172
108.151824 174 4172
108.151853 1198 4172
108.151886 1198 4172
108.152553 734 4172
108.152589 1198 4172
108.152618 1198 4172
108.168432 462 4172
108.168483 110 4172
108.199453 1198 4172
108.214556 446 4172
108.214591 174 4172
108.214624 1198 4172
108.214657 1198 4172
108.214683 142 4172
108.214709 238 4172
108.237023 366 4172
108.245296 174 4172
108.245318 174 4172
108.245345 174 4172
108.245370 174 4172
108.248614 174 4172
108.248649 174 4172
108.248672 174 4172
108.248700 174 4172
108.248731 174 4172
108.248757 174 4172
108.248783 174 4172
108.248808 174 4172
108.248833 174 4172
108.253386 174 4172
108.253431 1198 4172
108.253472 1198 4172
108.253504 1198 4172
108.253535 862 4172
108.256793 1198 4172
108.256832 1198 4172
108.256860 1198 4172
108.256888 1198 4172
108.256916 1198 4172
108.256943 1198 4172
108.256975 558 4172
108.265162 1198 4172
108.265201 1166 4172
108.274620 1198 4172
108.274650 1198 4172
108.274678 1198 4172
108.274704 1198 4172
108.274740 1198 4172
108.274771 1198 4172
108.274801 1198 4172
108.274832 1198 4172
108.274861 1022 4172
108.282768 1198 4172
108.282789 1198 4172
108.282823 1198 4172
108.282866 1198 4172
108.282898 1198 4172
108.282932 1198 4172
108.282961 1198 4172
108.282994 638 4172
108.289803 1198 4172
108.289841 1198 4172
108.289868 1198 4172
108.289894 1198 4172
108.289919 1198 4172
108.289945 1198 4172
108.289971 1198 4172
108.289997 1198 4172
108.296539 1198 4172
108.296571 926 4172
108.296604 1198 4172
108.296642 1198 4172
108.300471 1198 4172
108.300496 1198 4172
108.312552 1198 4172
108.312585 1198 4172
108.312621 1198 4172
108.320775 1198 4172
108.320808 1198 4172
108.320943 1198 4172
108.328598 1134 4172
108.328621 1198 4172
108.328661 110 4172
108.328687 110 4172
108.328719 1198 4172
108.337263 1198 4172
108.337306 1198 4172
108.337337 1198 4172
108.337369 1198 4172
108.344632 1198 4172
108.344679 1198 4172
108.344724 1198 4172
108.352929 110 4172
108.353001 1198 4172
108.353108 1198 4172
108.353147 1198 4172
108.360679 1198 4172
108.360708 1198 4172
108.360749 1198 4172
108.369003 1198 4172
108.369044 1198 4172
108.369078 1198 4172
108.376628 926 4172
108.376677 1198 4172
108.376714 1198 4172
108.376747 1198 4172
108.385115 1198 4172
108.385188 1198 4172
108.385190 1198 4172
108.388573 1198 4172
108.388618 1198 4172
108.388656 1198 4172
108.400956 174 4172
108.401046 1198 4172
108.401102 1198 4172
108.408622 1198 4172
108.408674 1198 4172
108.408711 1198 4172
108.408749 1198 4172
108.416878 1198 4172
108.416960 1198 4172
108.417046 1198 4172
108.424670 574 4172
108.424708 1198 4172
108.424758 1198 4172
108.424801 1198 4172
108.432763 1198 4172
108.432805 1198 4172
108.432841 1198 4172
108.440592 1198 4172
108.440626 1198 4172
108.440666 1198 4172
108.448841 990 4172
108.448881 1198 4172
108.448990 1198 4172
108.456674 1198 4172
108.456717 1198 4172
108.456755 1198 4172
108.456791 1198 4172
108.464797 1198 4172
108.464865 1198 4172
108.464906 846 4172
108.472557 1198 4172
108.472605 110 4172
108.472631 1198 4172
108.472668 1198 4172
108.476546 1198 4172
108.476584 1198 4172
108.476615 1198 4172
108.520599 126 4172
108.520621 1198 4172
108.520670 1198 4172
108.520704 206 4172
108.564585 110 4172
108.596745 974 4172
108.608752 110 4172
108.608935 110 4172
108.608985 110 4172
108.633829 542 4172
108.645790 1198 4172
108.645836 1198 4172
108.645876 1198 4172
108.645914 926 4172
108.652571 1198 4172
108.652608 1198 4172
108.652661 1198 4172
108.652698 1198 4172
108.652736 222 4172
108.665988 1198 4172
108.666102 1198 4172
108.666109 1198 4172
108.666151 1134 4172
108.678187 1198 4172
108.678207 1198 4172
108.678245 1198 4172
108.678282 1198 4172
108.678325 1198 4172
108.678359 414 4172
108.690101 1198 4172
108.690147 1198 4172
108.690189 1198 4172
108.690230 1198 4172
108.690268 798 4172
108.690307 1198 4172
108.696559 1198 4172
108.696602 1198 4172
108.696643 1198 4172
108.696679 1198 4172
108.696714 1198 4172
108.696749 366 4172
108.696784 1198 4172
108.709995 1198 4172
108.710060 1198 4172
108.710095 1198 4172
108.710152 1198 4172
108.710187 1198 4172
108.710221 958 4172
108.722058 1198 4172
108.722180 1198 4172
108.722221 1198 4172
108.722257 1198 4172
108.722295 1150 4172
108.729726 1198 4172
108.729763 1198 4172
108.729806 1198 4172
108.729844 1198 4172
108.729883 622 4172
108.740570 1198 4172
108.740615 1198 4172
108.740653 1198 4172
108.740686 798 4172
108.753511 1198 4172
108.753598 1006 4172
108.766912 990 4172
108.773883 1198 4172
108.773933 414 4172
108.784992 1198 4172
108.784994 1198 4172
108.785030 286 4172
108.798100 1198 4172
108.798152 1198 4172
108.798208 1198 4172
108.798250 510 4172
108.806197 1198 4172
108.806242 1198 4172
108.806292 1198 4172
108.806331 1198 4172
108.806367 142 4172
108.806403 1198 4172
108.818369 1198 4172
108.818412 1198 4172
108.818450 1198 4172
108.818486 1198 4172
108.818521 574 4172
108.828588 1198 4172
108.828631 1198 4172
108.828672 1198 4172
108.828708 1198 4172
108.828746 878 4172
108.842237 1198 4172
108.842287 1198 4172
108.842330 1198 4172
108.842370 382 4172
108.850163 1198 4172
108.850215 1198 4172
108.850251 1198 4172
108.850292 1198 4172
108.850328 958 4172
108.862034 1198 4172
108.862081 1198 4172
108.862115 1198 4172
108.862155 1198 4172
108.862191 110 4172
108.862226 110 4172
108.862261 110 4172
108.862295 270 4172
108.862330 1198 4172
108.869810 1198 4172
108.869855 1198 4172
108.869901 1198 4172
108.872494 1198 4172
108.872531 1198 4172
108.872567 1166 4172
108.889537 1198 4172
108.889541 622 4172
108.902975 1198 4172
108.903113 142 4172
108.903158 974 4172
108.913544 1198 4172
108.916555 1198 4172
108.916603 478 4172
108.961033 414 4172
109.004582 1182 4172
109.136921 110 4172
109.137045 110 4172
109.137099 110 4172
109.400542 110 4172
109.400614 110 4172
109.489010 110 4172
109.576593 110 4172
109.664846 110 4172
109.664937 110 4172
109.664944 110 4172
109.928692 110 4172
110.192915 110 4172
110.500613 110 4172
110.588971 110 4172
110.764738 110 4172
111.025085 110 4172
111.288556 110 4172
111.464421 110 4172
111.552842 110 4172
111.808756 110 4172
112.464807 110 4172
112.596605 110 4172
113.476636 110 4172
113.564549 110 4172
114.480669 110 4172
114.484615 110 4172
114.572541 110 4172
115.492697 110 4172
115.580648 110 4172
116.584560 110 4172
117.192672 110 4172
117.496613 110 4172
117.584662 110 4172
118.464490 110 4172
118.596565 110 4172
119.472523 110 4172
119.868353 110 4172
120.480506 110 4172
120.568521 110 4172
121.492584 110 4172
121.580413 110 4172
122.504495 110 4172
122.548491 110 4172
122.592597 110 4172
123.472491 110 4172
123.604550 110 4172
124.480349 110 4172
124.568398 110 4172
125.228459 110 4172
125.492509 110 4172
125.580456 110 4172
126.504429 110 4172
126.592544 110 4172
127.472386 110 4172
127.912426 110 4172
128.176851 270 4172
128.176875 254 4172
128.176949 270 4172
128.176974 318 4172
128.177005 222 4172
128.177039 238 4172
128.180321 238 4172
128.180351 238 4172
128.180380 238 4172
128.180408 222 4172
128.180435 238 4172
128.180462 270 4172
128.180489 334 4172
128.180515 254 4172
128.181325 60 60000
128.220284 270 4172
128.220333 494 4172
128.220373 1198 4172
128.220406 1198 4172
128.220436 1198 4172
128.220467 1198 4172
128.308367 1198 4172
128.308465 1198 4172
128.365991 142 4172
128.396316 142 4172
128.396352 190 4172
128.440351 510 4172
128.462977 110 4172
128.484374 110 4172
128.541122 142 4172
128.556780 142 4172
128.571345 142 4172
128.571437 126 4172
128.572247 110 4172
128.572278 1198 4172
128.572308 1198 4172
128.572336 1198 4172
128.572362 1198 4172
128.572390 1198 4172
128.572422 1198 4172
128.572445 1198 4172
128.572470 430 4172
128.586595 1198 4172
128.586731 1198 4172
128.586748 1198 4172
128.586773 1198 4172
128.586799 1198 4172
128.586825 1198 4172
128.586849 1198 4172
128.586880 174 4172
128.595103 1198 4172
128.595136 1198 4172
128.595168 1198 4172
128.595194 1198 4172
128.595220 1198 4172
128.595245 1198 4172
128.595271 1198 4172
128.595319 414 4172
128.603381 1198 4172
128.603420 1198 4172
128.603453 1198 4172
128.603479 1198 4172
128.603520 1198 4172
128.603596 814 4172
128.618467 1198 4172
128.619853 1198 4172
128.619892 1198 4172
128.620386 1198 4172
128.620416 1198 4172
128.620438 1198 4172
128.620459 1198 4172
128.620480 1198 4172
128.620510 462 4172
128.620786 1198 4172
128.627300 1198 4172
128.627477 1198 4172
128.627520 1198 4172
128.627551 1198 4172
128.627581 1198 4172
128.627609 1198 4172
128.627638 1038 4172
128.636126 1198 4172
128.636173 1198 4172
128.636666 1198 4172
128.637099 1198 4172
128.642449 1198 4172
128.642488 1198 4172
128.642521 1198 4172
128.648391 1198 4172
128.648427 1198 4172
128.648462 158 4172
128.648494 1198 4172
128.656457 1198 4172
128.656494 1198 4172
128.656524 1198 4172
128.676522 1198 4172
128.677269 1198 4172
128.677299 1198 4172
128.677325 1150 4172
128.681493 1198 4172
128.681523 1198 4172
128.681550 110 4172
128.681575 1198 4172
128.681599 1198 4172
128.681629 1198 4172
128.681649 1198 4172
128.684914 1198 4172
128.684941 1198 4172
128.684969 1198 4172
128.684995 478 4172
128.685046 1198 4172
128.715540 1198 4172
128.716001 1198 4172
128.716038 1198 4172
128.716069 110 4172
128.716102 1198 4172
128.716129 1198 4172
128.716159 1198 4172
128.716270 1198 4172
128.721034 1198 4172
128.721083 1198 4172
128.721114 1198 4172
128.721139 1198 4172
128.721166 1198 4172
128.721192 1198 4172
128.728507 1198 4172
128.728543 1198 4172
128.728570 1102 4172
128.737759 1198 4172
128.737854 1198 4172
128.737860 1198 4172
128.746659 1198 4172
128.746712 1198 4172
128.746738 1198 4172
128.753249 1198 4172
128.753296 334 4172
128.753326 1198 4172
128.753353 1198 4172
128.753393 1198 4172
128.761532 1198 4172
128.761562 1198 4172
128.761591 1198 4172
128.769573 1198 4172
128.769624 670 4172
128.770826 1198 4172
128.772465 1198 4172
128.772532 110 4172
128.776343 1198 4172
128.776367 1198 4172
128.776397 1198 4172
128.781270 1198 4172
128.781303 814 4172
128.781339 1198 4172
128.781370 1198 4172
128.792598 1198 4172
128.792611 1198 4172
128.792641 1198 4172
128.804061 1198 4172
128.804093 1198 4172
128.804127 1198 4172
128.804153 1198 4172
128.804197 1198 4172
128.808448 1198 4172
128.808477 1198 4172
128.815213 206 4172
128.815233 398 4172
128.815268 254 4172
128.815300 190 4172
128.815330 190 4172
128.815362 190 4172
128.815392 190 4172
128.815420 190 4172
128.819636 190 4172
128.819670 190 4172
128.819704 190 4172
128.819732 190 4172
128.819760 190 4172
128.824871 190 4172
128.824903 190 4172
128.824943 190 4172
128.824967 1198 4172
128.824995 1198 4172
128.825025 414 4172
128.828514 190 4172
128.828541 222 4172
128.828572 190 4172
128.840767 190 4172
128.840795 190 4172
128.840825 190 4172
128.840853 190 4172
128.840880 190 4172
128.840909 190 4172
128.840937 190 4172
128.862986 190 4172
128.863070 190 4172
128.863105 190 4172
128.863137 190 4172
128.863163 190 4172
128.863191 190 4172
128.863221 1198 4172
128.863251 1198 4172
128.863281 718 4172
128.863311 686 4172
128.870049 110 4172
128.870099 222 4172
128.870140 190 4172
128.870167 190 4172
128.872833 190 4172
128.872860 190 4172
128.872886 190 4172
128.872911 190 4172
128.872936 190 4172
128.872961 190 4172
128.872987 190 4172
128.873012 190 4172
128.873038 190 4172
128.895247 190 4172
128.895250 190 4172
128.895280 190 4172
128.895306 1198 4172
128.895335 1198 4172
128.895367 1022 4172
128.895395 1198 4172
128.895424 798 4172
128.902836 222 4172
128.902859 190 4172
128.911938 190 4172
128.911967 190 4172
128.911998 190 4172
128.912027 190 4172
128.912056 190 4172
128.912084 190 4172
128.912111 190 4172
128.912140 190 4172
128.912168 190 4172
128.913361 190 4172
128.920851 190 4172
128.920891 190 4172
128.920952 1198 4172
128.921056 1198 4172
128.921086 1198 4172
128.921118 446 4172
128.946777 190 4172
128.954358 60 60000
128.979009 222 4172
128.979238 190 4172
128.979274 190 4172
128.979363 190 4172
128.979392 190 4172
128.979424 190 4172
128.979451 190 4172
128.979478 190 4172
128.979503 190 4172
128.979530 190 4172
128.979556 190 4172
128.979583 190 4172
128.979608 190 4172
128.979633 190 4172
128.979658 190 4172
128.979695 1198 4172
128.979718 1198 4172
128.979744 1198 4172
128.979769 622 4172
128.979797 1198 4172
128.979822 494 4172
128.982651 110 4172
128.982692 110 4172
128.982737 222 4172
128.982772 174 4172
128.982801 174 4172
128.982828 174 4172
128.982859 174 4172
128.982886 174 4172
128.982912 174 4172
128.982941 174 4172
128.982969 174 4172
128.982997 174 4172
128.983034 174 4172
128.983062 174 4172
128.983092 174 4172
128.983126 174 4172
128.983152 174 4172
128.983180 1198 4172
128.983207 1198 4172
128.983235 1198 4172
128.983263 734 4172
129.006827 1198 4172
129.006859 1198 4172
129.006891 1198 4172
129.006927 1198 4172
129.006957 1198 4172
129.006986 334 4172
129.007015 1198 4172
129.007053 1198 4172
129.007080 1198 4172
129.007105 1198 4172
129.007133 1198 4172
129.007158 1198 4172
129.007193 1198 4172
129.007218 510 4172
129.039392 1198 4172
129.041292 1198 4172
129.041614 1198 4172
129.041723 1198 4172
129.041756 1198 4172
129.041786 1198 4172
129.041816 1022 4172
129.042171 1198 4172
129.045221 1198 4172
129.045252 1198 4172
129.045289 1198 4172
129.045316 1198 4172
129.045344 1198 4172
129.045373 1198 4172
129.045407 1198 4172
129.045436 542 4172
129.045465 1198 4172
129.045494 1198 4172
129.045519 1198 4172
129.045551 1198 4172
129.045576 1198 4172
129.045604 1198 4172
129.045631 1198 4172
129.045659 766 4172
129.045692 1198 4172
129.045722 1198 4172
129.045749 1198 4172
129.045777 1198 4172
129.052369 1198 4172
129.052396 1198 4172
129.052429 1198 4172
129.062183 1198 4172
129.062217 1198 4172
129.062246 1198 4172
129.068413 318 4172
129.068458 1198 4172
129.068498 1198 4172
129.068540 1198 4172
129.078544 1198 4172
129.078607 1198 4172
129.078641 110 4172
129.078670 1198 4172
129.078702 1198 4172
129.093970 1166 4172
129.094011 1198 4172
129.094041 1198 4172
129.101050 1198 4172
129.101089 1198 4172
129.101122 1198 4172
129.101154 1182 4172
129.101185 1198 4172
129.108355 1198 4172
129.108385 1198 4172
129.108416 1198 4172
129.117293 1198 4172
129.117334 878 4172
129.117365 1198 4172
129.124369 1198 4172
129.124396 1198 4172
129.124434 1198 4172
129.132442 1198 4172
129.132476 1198 4172
129.132507 1198 4172
129.132545 1198 4172
129.138486 1198 4172
129.138522 1198 4172
129.138555 1198 4172
129.148374 1198 4172
129.148406 1198 4172
129.157306 1198 4172
129.157338 654 4172
129.157371 1198 4172
129.157400 1198 4172
129.157430 1198 4172
129.164454 1198 4172
129.164506 878 4172
129.164541 1198 4172
129.174101 110 4172
129.175650 1054 4172
129.175685 1198 4172
129.175728 1198 4172
129.181222 1198 4172
129.181260 1198 4172
129.181291 1198 4172
129.181319 1054 4172
129.188366 1198 4172
129.188387 1198 4172
129.196371 1198 4172
129.196413 1198 4172
129.196444 1198 4172
129.207161 782 4172
129.207422 1198 4172
129.207586 1198 4172
129.207764 1198 4172
129.210622 1198 4172
129.212366 1198 4172
129.212411 1198 4172
129.220509 1198 4172
129.220540 1198 4172
129.220576 1198 4172
129.224405 1198 4172
129.224444 686 4172
129.224487 1198 4172
129.224519 1198 4172
129.236420 190 4172
129.236496 110 4172
129.236497 110 4172
129.236564 110 4172
129.236599 1198 4172
129.236631 894 4172
129.263013 1198 4172
129.263049 1198 4172
129.263077 958 4172
129.268536 110 4172
129.332308 1198 4172
129.332333 1198 4172
129.332364 382 4172
129.340679 1198 4172
129.341258 1198 4172
129.341297 1198 4172
129.341351 1198 4172
129.341387 1198 4172
129.341415 526 4172
129.341451 1198 4172
129.341485 1198 4172
129.341525 1198 4172
129.341565 1198 4172
129.341593 1198 4172
129.341626 1198 4172
129.350837 1198 4172
129.350942 558 4172
129.350959 1198 4172
129.350987 1198 4172
129.351012 1198 4172
129.351038 1198 4172
129.357210 1198 4172
129.357232 1198 4172
129.357258 1198 4172
129.357284 1054 4172
129.357309 1198 4172
129.357340 1198 4172
129.370186 1198 4172
129.370275 1198 4172
129.370314 1198 4172
129.372325 1198 4172
129.372358 1198 4172
129.372387 1198 4172
129.381235 110 4172
129.381334 574 4172
129.381355 1198 4172
129.388368 1198 4172
129.405997 1198 4172
129.406046 1198 4172
129.420530 1198 4172
129.420577 766 4172
129.420716 1198 4172
129.420796 1198 4172
129.420831 1198 4172
129.420872 1198 4172
129.428505 1198 4172
129.428531 1198 4172
129.428562 1198 4172
129.428593 1198 4172
129.428622 350 4172
129.428653 1198 4172
129.435297 1198 4172
129.435341 1198 4172
129.448853 1198 4172
129.448899 1198 4172
129.448927 1198 4172
129.452315 1198 4172
129.452346 1198 4172
129.452377 1198 4172
129.462116 1198 4172
129.469211 126 4172
129.469242 1198 4172
129.469277 1198 4172
129.469318 1198 4172
129.480686 1198 4172
129.480719 1198 4172
129.484577 110 4172
129.484612 1198 4172
129.484642 1198 4172
129.484668 126 4172
129.484695 1198 4172
129.498668 1198 4172
129.498692 1198 4172
129.500277 1198 4172
129.500316 1198 4172
129.500347 110 4172
129.500373 110 4172
129.500402 110 4172
129.500427 1198 4172
129.509391 1198 4172
129.509435 894 4172
129.509459 1198 4172
129.516336 1198 4172
129.516374 1198 4172
129.524371 1198 4172
129.524395 1198 4172
129.524425 1198 4172
129.532377 910 4172
129.532424 1198 4172
129.532449 1198 4172
129.540342 1198 4172
129.540373 1198 4172
129.540405 1198 4172
129.548336 1198 4172
129.548360 670 4172
129.548391 1198 4172
129.556339 1198 4172
129.556359 1198 4172
129.556391 1198 4172
129.564373 1198 4172
129.564401 1054 4172
129.569144 110 4172
129.569187 1198 4172
129.569219 1198 4172
129.569261 1198 4172
129.580426 1198 4172
129.580439 1198 4172
129.580477 1054 4172
129.588306 1198 4172
129.588344 1198 4172
129.588375 1198 4172
129.596351 1198 4172
129.596374 1198 4172
129.604351 798 4172
129.604383 1198 4172
129.612476 1198 4172
129.612527 1198 4172
129.620444 1198 4172
129.620480 1198 4172
129.620515 1198 4172
129.628423 1198 4172
129.628481 606 4172
129.628530 222 4172
129.628570 1198 4172
129.636429 1198 4172
129.636466 1198 4172
129.644429 1198 4172
129.644497 1198 4172
129.644564 1198 4172
129.652397 1198 4172
129.652439 718 4172
129.652478 1198 4172
129.656363 1198 4172
129.656406 1198 4172
129.656440 1198 4172
129.668396 1198 4172
129.668446 1198 4172
129.668487 1198 4172
129.676438 1166 4172
129.676481 1198 4172
129.676519 110 4172
129.676558 1198 4172
129.684325 1198 4172
129.684362 1198 4172
129.692457 1198 4172
129.692500 1198 4172
129.692536 1198 4172
129.700353 1198 4172
129.700389 798 4172
129.700435 1198 4172
129.708384 1198 4172
129.708421 1198 4172
129.708459 1198 4172
129.716433 1198 4172
129.716470 1198 4172
129.716504 1198 4172
129.724441 1198 4172
129.724474 1198 4172
129.724509 526 4172
129.732373 1198 4172
129.732432 1198 4172
129.732474 1198 4172
129.740386 1198 4172
129.740442 1198 4172
129.740485 1198 4172
129.744586 1198 4172
129.744643 1198 4172
129.756471 670 4172
129.756514 1198 4172
129.756554 1198 4172
129.764401 1198 4172
129.764444 1198 4172
129.764497 110 4172
129.772408 110 4172
129.772460 110 4172
129.772500 1198 4172
129.772538 1198 4172
129.772576 1198 4172
129.780405 1198 4172
129.780453 110 4172
129.780495 1198 4172
129.780532 1102 4172
129.788392 1198 4172
129.788423 1198 4172
129.788465 1198 4172
129.796345 1198 4172
129.796381 1198 4172
129.804346 1198 4172
129.804387 1198 4172
129.804423 1198 4172
129.812385 846 4172
129.812448 1198 4172
129.812488 1198 4172
129.820402 1198 4172
129.820449 1198 4172
129.820488 1198 4172
129.828383 1198 4172
129.828430 1198 4172
129.828469 718 4172
129.832352 1198 4172
129.832392 1198 4172
129.832424 1198 4172
129.844439 1198 4172
129.844475 1198 4172
129.844535 1198 4172
129.852376 1198 4172
129.852420 238 4172
129.852465 1198 4172
129.852506 1198 4172
129.860321 1198 4172
129.860372 1198 4172
129.868385 1198 4172
129.868427 1198 4172
129.868464 1198 4172
129.876387 318 4172
129.876434 1198 4172
129.876472 1198 4172
129.876507 1198 4172
129.884380 1198 4172
129.884417 1198 4172
129.884454 1198 4172
129.892446 1166 4172
129.892484 1198 4172
129.900410 1198 4172
129.900470 1198 4172
129.900539 1198 4172
129.908406 1198 4172
129.908488 1198 4172
129.908553 238 4172
129.908614 1198 4172
129.916380 1198 4172
129.916449 1198 4172
129.920601 1198 4172
129.920679 1198 4172
129.932414 206 4172
129.932451 1198 4172
129.932498 1198 4172
129.932530 1198 4172
129.940408 1198 4172
129.940453 1198 4172
129.940497 1198 4172
129.948358 1150 4172
129.948397 1198 4172
129.948434 1198 4172
129.956391 1198 4172
129.956429 1198 4172
129.964592 1198 4172
129.964626 1198 4172
129.964661 1198 4172
129.972413 1198 4172
129.972457 1198 4172
129.972495 1198 4172
130.008420 1198 4172
130.008455 190 4172
130.008494 126 4172
130.052369 110 4172
130.052503 110 4172
130.052544 110 4172
130.133035 126 4172
130.140369 126 4172
130.152931 126 4172
130.164894 126 4172
130.176886 126 4172
130.184357 126 4172
130.196802 126 4172
130.209019 126 4172
130.221224 126 4172
130.228354 990 4172
130.236848 510 4172
130.248794 126 4172
130.256833 126 4172
130.290332 1198 4172
130.290386 1198 4172
130.290437 1198 4172
130.290479 1198 4172
130.290517 590 4172
130.292244 1198 4172
130.292286 1198 4172
130.292332 1198 4172
130.292374 1198 4172
130.292416 110 4172
130.292453 110 4172
130.292489 126 4172
130.298222 126 4172
130.298296 126 4172
130.310231 1198 4172
130.310267 1198 4172
130.310304 1198 4172
130.310339 1102 4172
130.316364 1198 4172
130.316404 1198 4172
130.316441 1198 4172
130.316477 558 4172
130.334161 1198 4172
130.334196 1198 4172
130.334237 1198 4172
130.334285 190 4172
130.342116 1198 4172
130.342160 1198 4172
130.342202 1198 4172
130.342244 366 4172
130.354073 1198 4172
130.354109 1198 4172
130.354147 206 4172
130.360332 1198 4172
130.360381 1198 4172
130.360423 622 4172
130.365980 1198 4172
130.378148 1198 4172
130.378187 606 4172
130.389660 1198 4172
130.389757 1198 4172
130.389796 1198 4172
130.389834 382 4172
130.392256 1198 4172
130.392305 1198 4172
130.392351 158 4172
130.401843 1198 4172
130.404240 1198 4172
130.404291 1198 4172
130.404332 110 4172
130.422243 1198 4172
130.422281 1198 4172
130.422321 1198 4172
130.422356 590 4172
130.434355 1198 4172
130.434412 1198 4172
130.434461 1086 4172
130.446707 1198 4172
130.446811 1198 4172
130.446854 1198 4172
130.446899 1198 4172
130.448503 1198 4172
130.448550 1198 4172
130.448589 1198 4172
130.448627 1198 4172
130.448670 1198 4172
130.448709 1198 4172
130.448746 974 4172
130.454618 1198 4172
130.462930 1198 4172
130.462988 1198 4172
130.463034 1198 4172
130.463073 1198 4172
130.463113 1198 4172
130.463151 1198 4172
130.463189 494 4172
130.466869 110 4172
130.474555 1198 4172
130.474593 1198 4172
130.474639 1198 4172
130.474675 1198 4172
130.474717 1198 4172
130.474752 1198 4172
130.482423 1198 4172
130.482474 1198 4172
130.482542 1198 4172
130.482603 702 4172
130.492422 1198 4172
130.492462 1198 4172
130.492500 1198 4172
130.492537 1198 4172
130.492571 206 4172
130.500461 1198 4172
130.500559 318 4172
130.500602 1198 4172
130.500648 1198 4172
130.500689 1198 4172
130.500723 1198 4172
130.508358 1198 4172
130.508408 1198 4172
130.516604 1198 4172
130.516643 558 4172
130.524383 1198 4172
130.524427 1198 4172
130.524468 1198 4172
130.532393 1198 4172
130.532440 1198 4172
130.532476 1198 4172
130.536314 1198 4172
130.536352 1198 4172
130.548446 1198 4172
130.548482 1198 4172
130.556360 1198 4172
130.556406 1198 4172
130.556450 462 4172
130.556490 1198 4172
130.564385 110 4172
130.564428 110 4172
130.564466 110 4172
130.564503 286 4172
130.564540 1198 4172
130.564578 1198 4172
130.572362 334 4172
130.572408 110 4172
130.572448 1198 4172
130.572485 1198 4172
130.580385 1198 4172
130.580433 430 4172
130.580474 1198 4172
130.588359 1198 4172
130.588403 1070 4172
130.596416 1198 4172
130.596455 1198 4172
130.596492 1198 4172
130.604359 574 4172
130.604406 1198 4172
130.604446 1198 4172
130.612367 1198 4172
130.612414 1198 4172
130.620420 1198 4172
130.620456 814 4172
130.620493 1198 4172
130.624536 734 4172
130.624590 1198 4172
130.636434 1198 4172
130.636478 1198 4172
130.636514 1198 4172
130.644372 1198 4172
130.644405 350 4172
130.644446 1198 4172
130.652447 1198 4172
130.652497 1198 4172
130.660322 1198 4172
130.660369 1198 4172
130.668363 1198 4172
130.668404 1198 4172
130.668440 110 4172
130.676399 1198 4172
130.676445 1198 4172
130.676484 1198 4172
130.684346 110 4172
130.684402 1198 4172
130.684437 1198 4172
130.692432 1198 4172
130.692473 1198 4172
130.700370 1198 4172
130.700410 1198 4172
130.700447 1198 4172
130.708370 286 4172
130.708415 1198 4172
130.712199 1198 4172
130.712240 1198 4172
130.724339 1198 4172
130.724375 1198 4172
130.732369 1198 4172
130.732418 1198 4172
130.732460 1198 4172
130.740374 1198 4172
130.740419 830 4172
130.748355 1198 4172
130.748400 1198 4172
130.756396 1198 4172
130.756430 1198 4172
130.764376 1198 4172
130.764415 1198 4172
130.772383 1198 4172
130.772438 1198 4172
130.772482 110 4172
130.780379 1198 4172
130.780422 1198 4172
130.788369 1198 4172
130.788426 1198 4172
130.796387 1198 4172
130.796429 1198 4172
130.796462 1198 4172
130.800507 1198 4172
130.800560 1198 4172
130.812364 958 4172
130.812412 1198 4172
130.812454 318 4172
130.820463 1198 4172
130.820505 1198 4172
130.828445 110 4172
130.828494 110 4172
130.828551 1198 4172
130.828599 1198 4172
130.836368 1198 4172
130.836415 1198 4172
130.844279 1198 4172
130.844315 782 4172
130.844365 1198 4172
130.852406 1198 4172
130.852444 1198 4172
130.860317 1198 4172
130.860370 1198 4172
130.860415 1198 4172
130.868367 1198 4172
130.868411 1198 4172
130.876354 1198 4172
130.876393 1198 4172
130.876438 110 4172
130.884381 206 4172
130.884422 1198 4172
130.884460 1198 4172
130.884498 1198 4172
130.888340 1198 4172
130.888381 1198 4172
130.900371 1198 4172
130.900419 1198 4172
130.908390 1198 4172
130.908428 862 4172
130.908464 1198 4172
130.916386 1198 4172
130.916488 1198 4172
130.924360 1198 4172
130.924398 1198 4172
130.924435 1198 4172
130.932444 1198 4172
130.932579 254 4172
130.932622 1198 4172
130.940406 1198 4172
130.940443 1198 4172
130.948382 1198 4172
130.948428 1198 4172
130.948466 1198 4172
130.956362 1198 4172
130.956407 334 4172
130.956447 1198 4172
130.964398 1198 4172
130.972422 1198 4172
130.972461 1198 4172
130.972497 1198 4172
130.976501 110 4172
130.976613 1198 4172
130.976721 1198 4172
130.988430 1198 4172
130.988554 494 4172
130.988605 1198 4172
130.996379 590 4172
130.996429 1198 4172
131.004369 1198 4172
131.004416 1198 4172
131.012384 1198 4172
131.012436 1198 4172
131.012477 990 4172
131.020313 1198 4172
131.020374 1198 4172
131.028418 1198 4172
131.028466 1198 4172
131.028508 1198 4172
131.036361 1198 4172
131.036410 1198 4172
131.044375 1198 4172
131.044421 1198 4172
131.052364 1102 4172
131.052412 1198 4172
131.052452 1198 4172
131.060302 1198 4172
131.060349 1198 4172
131.064344 1198 4172
131.064385 1198 4172
131.064423 1198 4172
131.076362 1198 4172
131.076409 1198 4172
131.084396 110 4172
131.084435 638 4172
131.084473 1198 4172
131.092477 1198 4172
131.092518 110 4172
131.092555 110 4172
131.092592 110 4172
131.092635 1198 4172
131.100350 1198 4172
131.100397 1198 4172
131.100437 1198 4172
131.108312 1198 4172
131.108358 1198 4172
131.152789 1198 4172
131.152824 1198 4172
131.152930 430 4172
131.196431 110 4172
131.284413 110 4172
131.372424 110 4172
131.372579 110 4172
131.372654 110 4172
131.504698 110 4172
131.680865 110 4172
131.680990 110 4172
131.681047 110 4172
131.944449 110 4172
131.944571 110 4172
131.944626 110 4172
132.208685 110 4172
132.463054 110 4172
132.604425 110 4172
132.736493 110 4172
133.000400 110 4172
133.264501 110 4172
133.484483 110 4172
133.528383 110 4172
133.572347 110 4172
133.792608 110 4172
134.056478 110 4172
134.492383 110 4172
134.580638 110 4172
135.588363 110 4172
136.464195 110 4172
136.596429 110 4172
136.728343 110 4172
137.472558 110 4172
137.604242 110 4172
138.480349 110 4172
138.568155 110 4172
139.404259 110 4172
139.492409 110 4172
139.576636 110 4172
140.492231 110 4172
140.580340 110 4172
141.500330 110 4172
141.588362 110 4172
142.116233 110 4172
142.468222 110 4172
142.600303 110 4172
143.472254 110 4172
143.604502 110 4172
144.476299 110 4172
144.564104 110 4172
144.780365 110 4172
145.480277 110 4172
145.568247 110 4172
146.484281 110 4172
147.448185 110 4172
147.492169 110 4172
147.580330 110 4172
148.492463 110 4172
148.580129 110 4172
149.053882 1198 4172
149.053914 1198 4172
149.053991 1198 4172
149.054005 1198 4172
149.054034 1198 4172
149.054062 1198 4172
149.054090 1198 4172
149.054119 1198 4172
149.054146 1198 4172
149.054174 1198 4172
149.061919 1198 4172
149.061961 1198 4172
149.061995 1198 4172
149.062025 1198 4172
149.062098 1198 4172
149.068166 1198 4172
149.068200 1198 4172
149.068226 1198 4172
149.068250 1198 4172
149.072022 1198 4172
149.072049 1198 4172
149.072073 558 4172
149.072098 1198 4172
149.072121 1198 4172
149.084214 270 4172
149.084300 1198 4172
149.084302 1198 4172
149.094157 1198 4172
149.094232 1198 4172
149.094235 1198 4172
149.100186 1198 4172
149.100216 1198 4172
149.108305 1198 4172
149.108348 1198 4172
149.108372 1198 4172
149.116132 334 4172
149.116160 1198 4172
149.116187 1198 4172
149.124241 1198 4172
149.124277 1198 4172
149.135804 1198 4172
149.135908 1198 4172
149.135909 1198 4172
149.140225 1198 4172
149.140269 1198 4172
149.148237 1198 4172
149.148276 1198 4172
149.156286 190 4172
149.156332 1198 4172
149.156363 1198 4172
149.160148 1198 4172
149.160183 1198 4172
149.172327 1198 4172
149.172425 1198 4172
149.172428 1198 4172
149.180123 1198 4172
149.180179 1198 4172
149.188198 1198 4172
149.188236 1198 4172
149.188281 1198 4172
149.196088 1198 4172
149.196131 1198 4172
149.204261 1038 4172
149.204303 1198 4172
149.204336 1198 4172
149.212212 1198 4172
149.212274 1198 4172
149.220213 1198 4172
149.220253 1198 4172
149.220291 1198 4172
149.228190 1198 4172
149.228225 1198 4172
149.236213 1198 4172
149.236251 1198 4172
149.236282 1198 4172
149.244154 1198 4172
149.244186 1198 4172
149.248473 126 4172
149.248515 1198 4172
149.248549 1198 4172
149.260178 1198 4172
149.260203 1198 4172
149.260232 1198 4172
149.271274 1198 4172
149.271361 1198 4172
149.276223 1198 4172
149.276262 1198 4172
149.276295 1198 4172
149.287035 1198 4172
149.292173 1198 4172
149.292199 718 4172
149.292233 1198 4172
149.301604 1198 4172
149.301664 1198 4172
149.301693 1198 4172
149.307918 110 4172
149.307959 1198 4172
149.308056 1198 4172
149.316245 1198 4172
149.324138 126 4172
149.324225 1198 4172
149.324239 1198 4172
149.332249 1198 4172
149.332297 1198 4172
149.340115 1198 4172
149.340151 302 4172
149.340179 1198 4172
149.340205 1198 4172
149.348217 1198 4172
149.353485 1198 4172
149.353598 1198 4172
149.353639 1198 4172
149.364148 1198 4172
149.364193 1198 4172
149.372257 1198 4172
149.372309 1198 4172
149.372345 1198 4172
149.380232 1198 4172
149.380283 1150 4172
149.388123 1198 4172
149.388169 1198 4172
149.396278 1198 4172
149.396314 1198 4172
149.404261 1198 4172
149.404324 1198 4172
149.404355 1198 4172
149.412232 1198 4172
149.412272 1198 4172
149.420140 1198 4172
149.420169 638 4172
149.428327 1198 4172
149.428375 1198 4172
149.428408 1198 4172
149.436255 1198 4172
149.436295 1198 4172
149.440268 1198 4172
149.440304 1198 4172
149.440340 1198 4172
149.452281 1198 4172
149.452407 1198 4172
149.462701 1198 4172
149.462763 1198 4172
149.462800 606 4172
149.462839 1198 4172
149.468176 1198 4172
149.468225 1198 4172
149.476225 1198 4172
149.476258 1198 4172
149.476291 110 4172
149.476372 1198 4172
149.484281 1198 4172
149.484648 1198 4172
149.492293 1198 4172
149.492365 1198 4172
149.492404 606 4172
149.500138 1198 4172
149.500182 1198 4172
149.500218 1198 4172
149.508194 1198 4172
149.508235 1198 4172
149.508261 1198 4172
149.516128 1198 4172
149.516160 1198 4172
149.527282 526 4172
149.527320 1198 4172
149.527351 1198 4172
149.528995 1198 4172
149.529281 1198 4172
149.540197 1198 4172
149.540210 1198 4172
149.540289 1198 4172
149.548113 1198 4172
149.548152 686 4172
149.548184 1198 4172
149.559641 1198 4172
149.559672 1198 4172
149.564044 110 4172
149.564076 1198 4172
149.564107 1166 4172
149.564134 1198 4172
149.572121 1198 4172
149.572163 110 4172
149.572195 1198 4172
149.580160 1198 4172
149.580197 1198 4172
149.580225 766 4172
149.588183 1198 4172
149.588222 1198 4172
149.588250 734 4172
149.596122 1198 4172
149.596159 1198 4172
149.596191 1198 4172
149.604116 1198 4172
149.604167 1198 4172
149.604205 1198 4172
149.612067 830 4172
149.612106 1198 4172
149.612136 1198 4172
149.616024 1198 4172
149.616063 1198 4172
149.628130 1198 4172
149.628212 1198 4172
149.628232 1070 4172
149.636563 1198 4172
149.636599 1198 4172
149.636627 1198 4172
149.644063 1198 4172
149.652088 1198 4172
149.652127 1198 4172
149.652157 126 4172
149.652186 1198 4172
149.660094 1198 4172
149.660125 1198 4172
149.660166 1198 4172
149.668176 1198 4172
149.668212 1198 4172
149.676154 1198 4172
149.676185 286 4172
149.676217 1198 4172
149.676246 110 4172
149.688741 1198 4172
149.688790 1198 4172
149.688817 1198 4172
149.688933 1198 4172
149.692230 1198 4172
149.692266 1198 4172
149.701171 1086 4172
149.701285 1198 4172
149.708155 1198 4172
149.708190 1198 4172
149.719070 1198 4172
149.719100 1198 4172
149.719133 1198 4172
149.727514 142 4172
149.727551 1198 4172
149.727577 1198 4172
149.739353 1198 4172
149.739486 1198 4172
149.739504 1198 4172
149.740078 1198 4172
149.740111 1198 4172
149.740138 590 4172
149.755494 1198 4172
149.755613 1198 4172
149.755614 1198 4172
149.756576 1198 4172
149.756615 1198 4172
149.771671 1198 4172
149.771712 1198 4172
149.771737 1198 4172
149.775470 254 4172
149.775506 110 4172
149.775534 1198 4172
149.775558 1198 4172
149.785928 1198 4172
149.785967 1198 4172
149.785995 1198 4172
149.788096 1198 4172
149.788133 1198 4172
149.788165 382 4172
149.788194 1198 4172
149.796720 1198 4172
149.796769 1198 4172
149.804140 1198 4172
149.804179 1198 4172
149.804212 1198 4172
149.819337 1198 4172
149.819380 798 4172
149.819408 1198 4172
149.820062 1198 4172
149.820093 1198 4172
149.820121 1198 4172
149.829041 110 4172
149.829131 1198 4172
149.829167 1198 4172
149.836051 1198 4172
149.836085 878 4172
149.836120 1198 4172
149.848208 1198 4172
149.848247 1198 4172
149.848279 1198 4172
149.852858 1198 4172
149.852891 1102 4172
149.868837 1198 4172
149.868869 1198 4172
149.868896 1198 4172
149.883196 1198 4172
149.883281 1198 4172
149.883300 1198 4172
149.883330 574 4172
149.883361 1198 4172
149.884067 1198 4172
149.884094 1198 4172
149.897208 1198 4172
149.897236 1198 4172
149.903342 686 4172
149.903384 1198 4172
149.903416 1198 4172
149.908109 1198 4172
149.908146 1198 4172
149.908178 1198 4172
149.916075 1198 4172
149.916107 1198 4172
149.916138 430 4172
149.927938 1198 4172
149.928021 1198 4172
149.928139 1198 4172
149.928192 1198 4172
149.932065 1198 4172
149.932103 1198 4172
149.942608 1198 4172
149.942646 222 4172
149.942677 286 4172
149.942717 1198 4172
149.948066 1198 4172
149.948101 1198 4172
149.948134 1198 4172
149.956325 1198 4172
149.956365 1198 4172
149.956397 1198 4172
149.964194 958 4172
149.964233 1198 4172
149.964269 1198 4172
149.972296 110 4172
149.972342 1198 4172
149.972378 1118 4172
149.980233 1198 4172
149.980274 1198 4172
149.980306 1086 4172
149.988222 1198 4172
149.988268 1198 4172
149.988319 1198 4172
149.996258 1198 4172
149.996314 1198 4172
149.996352 1198 4172
150.000079 1198 4172
150.000127 494 4172
150.012223 1198 4172
150.012276 1198 4172
150.020251 1198 4172
150.020387 1198 4172
150.020736 126 4172
150.020782 1198 4172
150.028283 1198 4172
150.028332 1198 4172
150.036204 1198 4172
150.036249 1198 4172
150.036293 1198 4172
150.044207 1198 4172
150.044261 574 4172
150.044305 1198 4172
150.052190 1198 4172
150.052235 1198 4172
150.052273 1198 4172
150.060215 1198 4172
150.060263 270 4172
150.060310 1198 4172
150.068220 1198 4172
150.068259 1198 4172
150.068295 1198 4172
150.076173 1198 4172
150.076266 254 4172
150.076307 1198 4172
150.076346 1198 4172
150.084250 1198 4172
150.084293 1102 4172
150.084335 1198 4172
150.088049 1198 4172
150.088108 1198 4172
150.100677 110 4172
150.100763 782 4172
150.100765 1198 4172
150.100798 1198 4172
150.100835 1198 4172
150.108241 1198 4172
150.108297 1198 4172
150.108338 1182 4172
150.116140 606 4172
150.116179 1038 4172
150.116215 1198 4172
150.124157 1198 4172
150.124196 1198 4172
150.134261 1198 4172
150.134286 910 4172
150.134325 1198 4172
150.140171 334 4172
150.140219 1198 4172
150.140256 174 4172
150.140293 1198 4172
150.140340 206 4172
150.148513 1198 4172
150.148555 574 4172
150.148589 1198 4172
150.148622 366 4172
150.148661 1198 4172
150.156204 1198 4172
150.164267 1198 4172
150.164362 270 4172
150.164365 1198 4172
150.172075 1182 4172
150.172115 558 4172
150.172152 750 4172
150.176106 494 4172
150.176156 846 4172
150.176201 798 4172
150.176237 1198 4172
150.195103 1070 4172
150.220126 1006 4172
150.308309 1198 4172
150.352277 1102 4172
150.396213 782 4172
150.396221 110 4172
150.484142 110 4172
150.528177 174 4172
150.562714 190 4172
150.562851 206 4172
150.562878 318 4172
150.562907 190 4172
150.562935 174 4172
150.572026 718 4172
150.572058 110 4172
150.596073 190 4172
150.596102 1198 4172
150.596134 734 4172
150.616139 1198 4172
150.616179 1198 4172
150.616209 1198 4172
150.616237 270 4172
150.630516 110 4172
150.660296 1198 4172
150.660385 926 4172
150.695178 1198 4172
150.704134 654 4172
150.748195 446 4172
150.748257 190 4172
150.792172 350 4172
150.815206 1198 4172
150.815233 1198 4172
150.815281 1198 4172
150.815324 1198 4172
150.815363 1198 4172
150.827372 1198 4172
150.827407 1198 4172
150.827435 1198 4172
150.827465 1198 4172
150.827498 1198 4172
150.827543 1198 4172
150.827575 1198 4172
150.827606 686 4172
150.836036 1198 4172
150.836078 1198 4172
150.836116 1198 4172
150.836149 1198 4172
150.836182 1198 4172
150.836216 1198 4172
150.836249 1198 4172
150.836282 510 4172
150.840454 1198 4172
150.840492 302 4172
150.851725 1198 4172
150.851818 1198 4172
150.851821 1198 4172
150.851857 1198 4172
150.851895 1198 4172
150.851932 1198 4172
150.852017 510 4172
150.862978 1198 4172
150.862981 1198 4172
150.863014 1198 4172
150.863048 1198 4172
150.863081 1198 4172
150.863115 974 4172
150.866742 1198 4172
150.866787 1198 4172
150.866824 1198 4172
150.870597 1198 4172
150.870642 1198 4172
150.870679 1198 4172
150.870714 1198 4172
150.870750 1198 4172
150.870787 1070 4172
150.876161 1198 4172
150.876203 1198 4172
150.880066 638 4172
150.880221 1198 4172
150.892127 1198 4172
150.892176 1198 4172
150.892217 110 4172
150.892254 878 4172
150.900218 1198 4172
150.900263 1198 4172
150.900311 1198 4172
150.908109 1198 4172
150.908153 1198 4172
150.908186 1198 4172
150.916487 1198 4172
150.916527 814 4172
150.916567 1198 4172
150.924157 1198 4172
150.924263 1198 4172
150.924307 1198 4172
150.932191 1198 4172
150.932244 1198 4172
150.940044 1118 4172
150.940088 1198 4172
150.948052 1198 4172
150.948095 1198 4172
150.948131 1198 4172
150.956171 1198 4172
150.956220 1198 4172
150.956258 1198 4172
150.964110 1198 4172
150.964152 1198 4172
150.968049 782 4172
150.968088 1198 4172
150.968120 1198 4172
150.980229 1198 4172
150.980288 1198 4172
150.988054 654 4172
150.988095 1198 4172
150.988152 1198 4172
150.996205 1198 4172
150.996248 1198 4172
150.996284 1198 4172
