0.070086 158 4172
0.070091 1198 4172
0.070151 1198 4172
0.070193 1198 4172
0.070230 1198 4172
0.113881 110 4172
0.377985 110 4172
0.509853 110 4172
0.591782 110 4172
0.597903 1198 4172
0.597922 990 4172
0.597950 1198 4172
0.597980 334 4172
0.598009 846 4172
0.598036 622 4172
0.598066 1198 4172
0.598091 1198 4172
0.598119 1198 4172
0.598144 1198 4172
0.598172 830 4172
0.598199 158 4172
0.598226 158 4172
0.618155 830 4172
0.618175 158 4172
0.626399 110 4172
0.626438 1198 4172
0.641983 446 4172
0.642014 1166 4172
0.666977 1198 4172
0.667072 974 4172
0.667108 1198 4172
0.667141 1198 4172
0.667171 1198 4172
0.667200 1198 4172
0.667231 1198 4172
0.667260 1198 4172
0.667289 1198 4172
0.667320 1198 4172
0.667348 1198 4172
0.667377 1198 4172
0.667406 622 4172
0.673970 1198 4172
0.674034 1198 4172
0.674064 1198 4172
0.681947 1198 4172
0.681991 1198 4172
0.682033 1198 4172
0.682071 1198 4172
0.685890 1198 4172
0.685915 1198 4172
0.685946 1198 4172
0.685993 1198 4172
0.697941 1198 4172
0.697969 1198 4172
0.698009 1198 4172
0.705946 1198 4172
0.705980 1198 4172
0.714023 478 4172
0.714052 1198 4172
0.714091 1198 4172
0.722064 1198 4172
0.730051 1198 4172
0.730070 1198 4172
0.737949 1198 4172
0.737986 1198 4172
0.738026 1198 4172
0.746032 1198 4172
0.746111 1198 4172
0.753880 1198 4172
0.753929 1198 4172
0.761981 1198 4172
0.762018 1198 4172
0.769863 1198 4172
0.769911 638 4172
0.769959 1198 4172
0.773925 1198 4172
0.773961 1086 4172
0.785934 1198 4172
0.785982 1198 4172
0.793969 1198 4172
0.801940 1198 4172
0.801996 1198 4172
0.809866 1198 4172
0.809909 1198 4172
0.817913 1198 4172
0.817947 1198 4172
0.817987 222 4172
0.818025 1198 4172
0.826100 1198 4172
0.826133 1198 4172
0.833967 1198 4172
0.834007 1198 4172
0.841986 1198 4172
0.842032 1198 4172
0.849970 1198 4172
0.850021 1198 4172
0.850065 1198 4172
0.858004 1198 4172
0.858055 1198 4172
0.861886 1198 4172
0.861918 1198 4172
0.873961 1198 4172
0.874006 1198 4172
0.874048 1198 4172
0.881986 1198 4172
0.882021 1198 4172
0.889997 1198 4172
0.890043 1198 4172
0.897852 1198 4172
0.897896 174 4172
0.897941 110 4172
0.897982 1198 4172
0.898020 1198 4172
0.905985 1198 4172
0.906038 1198 4172
0.913951 1198 4172
0.913998 1198 4172
0.929912 1198 4172
0.929949 1198 4172
0.937992 1198 4172
0.938026 1054 4172
0.945937 1198 4172
0.945981 1198 4172
0.946023 1198 4172
0.949824 1198 4172
0.949937 1198 4172
0.961944 1198 4172
0.961990 1198 4172
0.969962 1198 4172
0.970003 1198 4172
0.970040 1198 4172
0.977992 1198 4172
0.978046 1198 4172
0.985941 1198 4172
0.985982 1198 4172
0.993841 1198 4172
0.993880 1198 4172
0.993930 1198 4172
1.001868 1150 4172
1.001924 366 4172
1.001972 1054 4172
1.006270 158 4172
1.006307 158 4172
1.006341 158 4172
1.006376 158 4172
1.006410 158 4172
1.006444 158 4172
1.006475 238 4172
1.006513 142 4172
1.010927 734 4172
1.026664 158 4172
1.037896 142 4172
1.082620 158 4172
1.170016 110 4172
1.433860 110 4172
1.521852 110 4172
1.565996 142 4172
1.609940 110 4172
1.654012 318 4172
1.698037 110 4172
2.005897 110 4172
2.269920 110 4172
2.357848 142 4172
2.489844 110 4172
2.527664 110 4172
2.533882 142 4172
2.705975 110 4172
2.777983 142 4172
2.793868 110 4172
2.969993 142 4172
3.101857 110 4172
3.365918 142 4172
3.365972 110 4172
3.497885 110 4172
3.581852 142 4172
3.585872 110 4172
3.629878 110 4172
3.978023 142 4172
3.978163 142 4172
4.197970 142 4172
4.198149 142 4172
4.581713 142 4172
4.765750 142 4172
5.201938 142 4172
5.202118 142 4172
5.289953 142 4172
5.377945 142 4172
5.378053 142 4172
5.505926 110 4172
5.593880 110 4172
6.029901 142 4172
6.029942 142 4172
6.205798 142 4172
6.205858 142 4172
6.293904 110 4172
6.509957 110 4172
6.597916 110 4172
6.993793 142 4172
6.993820 142 4172
7.257850 142 4172
7.257861 142 4172
7.601903 110 4172
7.645913 142 4172
7.646049 142 4172
7.861975 142 4172
7.861985 142 4172
8.257783 142 4172
8.433891 142 4172
8.433894 142 4172
8.489893 110 4172
8.517962 142 4172
8.605954 110 4172
8.649975 142 4172
8.693782 110 4172
9.001884 110 4172
9.045913 142 4172
9.046071 142 4172
9.265849 142 4172
9.265860 142 4172
9.485807 110 4172
9.617824 110 4172
9.881866 142 4172
10.097924 142 4172
10.481819 142 4172
10.481885 142 4172
10.493845 110 4172
10.621942 110 4172
10.665840 142 4172
10.665871 142 4172
10.709831 110 4172
11.101886 142 4172
11.101973 142 4172
11.321856 142 4172
11.321948 142 4172
11.497815 110 4172
11.585794 110 4172
11.717824 110 4172
12.113810 142 4172
12.113837 142 4172
12.329968 142 4172
12.330059 142 4172
12.505787 110 4172
12.593800 110 4172
12.897863 142 4172
12.897897 142 4172
13.113862 142 4172
13.113982 142 4172
13.491673 110 4172
13.509826 142 4172
13.581745 142 4172
13.597736 110 4172
13.685857 110 4172
13.729770 142 4172
13.817741 142 4172
14.165905 142 4172
14.165943 142 4172
14.341849 142 4172
14.342020 142 4172
14.429774 110 4172
14.517743 110 4172
14.605788 110 4172
14.957725 142 4172
14.957810 142 4172
15.133640 142 4172
15.133696 142 4172
15.485717 110 4172
15.529759 142 4172
15.617829 110 4172
15.745815 142 4172
15.745914 142 4172
15.829817 142 4172
15.961789 142 4172
16.401770 142 4172
16.401866 142 4172
16.489613 110 4172
16.577844 142 4172
16.577873 142 4172
16.621726 110 4172
16.709712 110 4172
16.973797 142 4172
17.105770 110 4172
17.193740 142 4172
17.581788 142 4172
17.581852 142 4172
17.761804 142 4172
17.981635 142 4172
18.421771 142 4172
18.421836 142 4172
18.509809 110 4172
18.591646 110 4172
18.597727 142 4172
18.597728 142 4172
19.033767 142 4172
19.033817 142 4172
19.209684 142 4172
19.209808 142 4172
19.513839 110 4172
19.601680 110 4172
19.777867 110 4172
20.257665 142 4172
20.257667 142 4172
20.433738 142 4172
20.433825 142 4172
20.517835 110 4172
20.561760 60 60000
20.605633 110 4172
20.694664 174 4172
20.694700 158 4172
20.694733 158 4172
20.694761 158 4172
20.694789 158 4172
20.694817 158 4172
20.694845 158 4172
20.694873 158 4172
20.798500 1198 4172
20.798636 1198 4172
20.798928 1198 4172
20.798967 318 4172
20.798999 286 4172
20.805371 334 4172
20.809045 366 4172
20.809567 414 4172
20.809749 478 4172
20.809837 734 4172
20.809888 494 4172
20.835684 510 4172
20.835689 510 4172
20.835777 494 4172
20.835778 494 4172
20.835807 526 4172
20.835834 414 4172
20.835858 478 4172
20.835883 334 4172
20.835909 894 4172
20.845578 1198 4172
20.845626 1198 4172
20.845702 1198 4172
20.845733 1198 4172
20.845765 1198 4172
20.845795 1198 4172
20.845822 1182 4172
20.852069 1198 4172
20.852115 1198 4172
20.852156 1198 4172
20.852187 958 4172
20.852215 1198 4172
20.852244 1198 4172
20.852271 846 4172
20.852300 1198 4172
20.852330 1198 4172
20.852360 974 4172
20.852386 1198 4172
20.852414 1198 4172
20.852443 1198 4172
20.852471 1198 4172
20.864647 1198 4172
20.866122 1198 4172
20.866174 894 4172
20.866207 1198 4172
20.866251 1198 4172
20.869703 1198 4172
20.878146 1198 4172
20.886048 1198 4172
20.886090 1198 4172
20.893769 1198 4172
20.893817 1198 4172
20.893846 1198 4172
20.904044 1198 4172
20.904130 1198 4172
20.927726 1198 4172
20.930325 1198 4172
20.931097 302 4172
20.931714 1198 4172
20.932480 1198 4172
20.942202 1198 4172
20.949451 1198 4172
20.951320 1198 4172
20.951354 1198 4172
20.951383 1198 4172
20.951410 1198 4172
20.951435 318 4172
20.951462 1198 4172
20.951488 1198 4172
20.951513 1198 4172
20.951540 1198 4172
20.951565 1198 4172
20.958133 1198 4172
20.958162 1198 4172
20.968160 1198 4172
20.968203 1198 4172
20.968232 1198 4172
20.973772 1054 4172
20.973809 1198 4172
20.979556 1198 4172
20.979615 1198 4172
20.979655 1198 4172
20.990786 1198 4172
20.990896 1198 4172
21.002071 1198 4172
21.002160 1198 4172
21.002186 1198 4172
21.005719 526 4172
21.005752 1198 4172
21.013829 1198 4172
21.013870 1198 4172
21.022608 1198 4172
21.022648 1198 4172
21.022676 1038 4172
21.032455 1198 4172
21.032503 1198 4172
21.038285 1198 4172
21.038320 1198 4172
21.038351 1198 4172
21.046644 1198 4172
21.046707 478 4172
21.049851 1198 4172
21.049919 1198 4172
21.054221 222 4172
21.054258 1198 4172
21.065363 1198 4172
21.067041 1198 4172
21.067069 1198 4172
21.067121 1198 4172
21.070269 1198 4172
21.081918 1198 4172
21.082078 1198 4172
21.082099 126 4172
21.082133 1198 4172
21.085906 1198 4172
21.085939 574 4172
21.085973 1198 4172
21.092012 1198 4172
21.092052 1198 4172
21.101323 1198 4172
21.101414 254 4172
21.101430 478 4172
21.101457 110 4172
21.101496 270 4172
21.101558 190 4172
21.101585 190 4172
21.101623 190 4172
21.115972 190 4172
21.116093 190 4172
21.116126 190 4172
21.116164 190 4172
21.116192 190 4172
21.122874 190 4172
21.122906 190 4172
21.122939 190 4172
21.122969 190 4172
21.122998 190 4172
21.123027 190 4172
21.152773 1198 4172
21.164091 1198 4172
21.164176 1198 4172
21.164191 814 4172
21.164221 862 4172
21.164269 222 4172
21.172962 190 4172
21.175036 238 4172
21.175079 222 4172
21.175110 222 4172
21.175139 222 4172
21.175193 222 4172
21.175223 222 4172
21.175252 222 4172
21.175280 222 4172
21.175308 222 4172
21.175335 222 4172
21.175377 222 4172
21.175406 1198 4172
21.175433 110 4172
21.175460 190 4172
21.175487 1198 4172
21.175514 1198 4172
21.175541 1198 4172
21.175568 1182 4172
21.175608 222 4172
21.175635 190 4172
21.175662 238 4172
21.175691 222 4172
21.175717 222 4172
21.175744 222 4172
21.175791 222 4172
21.175820 222 4172
21.175846 222 4172
21.175873 222 4172
21.175900 222 4172
21.175936 222 4172
21.175981 222 4172
21.183632 1198 4172
21.183683 110 4172
21.183719 190 4172
21.183750 1198 4172
21.183785 1198 4172
21.183811 1198 4172
21.183839 1198 4172
21.183865 110 4172
21.183892 334 4172
21.192591 222 4172
21.194147 222 4172
21.194183 222 4172
21.194214 222 4172
21.194242 222 4172
21.194271 222 4172
21.194301 222 4172
21.198323 222 4172
21.198345 222 4172
21.198375 222 4172
21.198405 222 4172
21.198433 222 4172
21.198464 1198 4172
21.198490 174 4172
21.223287 1198 4172
21.223326 1198 4172
21.223383 1198 4172
21.223414 1198 4172
21.223447 542 4172
21.225511 206 4172
21.225542 398 4172
21.225569 110 4172
21.286002 60 60000
21.325060 270 4172
21.325145 174 4172
21.325152 222 4172
21.325187 222 4172
21.325218 222 4172
21.325246 222 4172
21.325273 222 4172
21.325304 222 4172
21.325333 222 4172
21.325359 222 4172
21.325387 222 4172
21.325414 222 4172
21.325441 254 4172
21.325468 174 4172
21.325579 1198 4172
21.325637 1198 4172
21.325668 1198 4172
21.325693 574 4172
21.325721 1198 4172
21.325766 1198 4172
21.325838 1198 4172
21.325868 1198 4172
21.325914 1198 4172
21.325943 1198 4172
21.325973 1198 4172
21.326002 1198 4172
21.326032 542 4172
21.350931 222 4172
21.350965 1198 4172
21.370858 174 4172
21.414655 110 4172
21.499736 110 4172
21.503119 190 4172
21.532539 1198 4172
21.532572 398 4172
21.547717 126 4172
21.581717 174 4172
21.581764 1198 4172
21.581795 126 4172
21.588099 110 4172
21.589807 1198 4172
21.589849 1198 4172
21.589881 366 4172
21.589910 302 4172
21.589941 1198 4172
21.589966 254 4172
21.627665 1198 4172
21.633567 206 4172
21.633615 206 4172
21.633649 1198 4172
21.633679 510 4172
21.664141 110 4172
21.665944 1198 4172
21.665978 1198 4172
21.666007 350 4172
21.666041 318 4172
21.666067 222 4172
21.670394 222 4172
21.670628 222 4172
21.670655 222 4172
21.670680 222 4172
21.670707 222 4172
21.670733 222 4172
21.674022 222 4172
21.674052 222 4172
21.674086 222 4172
21.674116 254 4172
21.674148 174 4172
21.677549 1198 4172
21.677590 1198 4172
21.677623 1198 4172
21.677652 1198 4172
21.677684 766 4172
21.677715 1198 4172
21.677742 222 4172
21.677780 1198 4172
21.677818 1198 4172
21.677848 1198 4172
21.677879 1198 4172
21.677913 1198 4172
21.677943 1198 4172
21.677970 1198 4172
21.677998 542 4172
21.692286 110 4172
21.721731 1198 4172
21.721810 398 4172
21.729898 1198 4172
21.729935 350 4172
21.729967 318 4172
21.729997 222 4172
21.734610 222 4172
21.734641 222 4172
21.734669 222 4172
21.734697 222 4172
21.734724 222 4172
21.734752 222 4172
21.734779 222 4172
21.739861 222 4172
21.739905 254 4172
21.739958 174 4172
21.739994 1198 4172
21.740029 1198 4172
21.740060 1198 4172
21.740089 1198 4172
21.740124 670 4172
21.741879 1198 4172
21.741912 1198 4172
21.741942 1198 4172
21.741971 1198 4172
21.741998 1198 4172
21.742026 1198 4172
21.742054 542 4172
21.755093 222 4172
21.755191 222 4172
21.755192 1198 4172
21.755229 1198 4172
21.765887 126 4172
21.765920 1198 4172
21.809786 206 4172
21.853778 1198 4172
21.853891 398 4172
21.881891 158 4172
21.897698 110 4172
21.941956 110 4172
21.942092 110 4172
21.942107 110 4172
21.981783 1198 4172
21.985720 110 4172
22.029740 1198 4172
22.029775 1198 4172
22.029814 126 4172
22.073806 1198 4172
22.073811 446 4172
22.118059 110 4172
22.181830 110 4172
22.181887 110 4172
22.181942 110 4172
22.205764 110 4172
22.470149 110 4172
22.470208 110 4172
22.470256 110 4172
22.513614 110 4172
22.733929 110 4172
22.997936 110 4172
23.261801 110 4172
23.497722 110 4172
23.525860 110 4172
23.613680 110 4172
23.789701 110 4172
24.054024 110 4172
24.317701 110 4172
24.493632 110 4172
24.625746 110 4172
25.501730 110 4172
25.589794 110 4172
26.509802 110 4172
26.597785 110 4172
27.521716 110 4172
27.609656 110 4172
28.485474 110 4172
28.617744 110 4172
29.497495 110 4172
29.585576 110 4172
29.669643 110 4172
30.585531 110 4172
31.509556 110 4172
31.597565 110 4172
32.389814 110 4172
32.521662 110 4172
32.609621 110 4172
33.485560 110 4172
33.617682 110 4172
34.489551 110 4172
34.621715 110 4172
35.057636 110 4172
35.493682 110 4172
35.625409 110 4172
36.501884 110 4172
36.589483 110 4172
37.337574 430 4172
37.497124 110 4172
37.498245 174 4172
37.501979 174 4172
37.502025 238 4172
37.502055 238 4172
37.506830 238 4172
37.506861 238 4172
37.510050 238 4172
37.510089 238 4172
37.513348 318 4172
37.513385 238 4172
37.513417 238 4172
37.513449 238 4172
37.517795 238 4172
37.517865 238 4172
37.517898 270 4172
37.521476 174 4172
37.521523 1198 4172
37.521563 1198 4172
37.521600 1198 4172
37.521645 766 4172
37.557449 1198 4172
37.557542 1198 4172
37.557585 1198 4172
37.557625 1198 4172
37.557666 1198 4172
37.557705 1198 4172
37.557747 1198 4172
37.557786 1198 4172
37.557829 542 4172
37.582026 1198 4172
37.601448 110 4172
37.662373 1198 4172
37.662444 398 4172
37.671836 1182 4172
37.678307 1198 4172
37.678358 1198 4172
37.678407 126 4172
37.681861 1198 4172
37.681909 430 4172
37.689468 110 4172
37.733481 110 4172
37.821593 110 4172
37.997508 110 4172
38.261492 110 4172
38.497533 110 4172
38.525506 110 4172
38.613519 110 4172
38.789755 110 4172
39.493451 110 4172
39.625490 110 4172
40.497526 110 4172
40.585565 110 4172
41.407077 1198 4172
41.407133 1198 4172
41.407172 1198 4172
41.407207 1198 4172
41.407242 1198 4172
41.407274 1198 4172
41.407306 1198 4172
41.407338 1198 4172
41.407369 1198 4172
41.407402 718 4172
41.414998 1198 4172
41.415045 1198 4172
41.415082 1198 4172
41.415120 1198 4172
41.415157 1198 4172
41.415194 1118 4172
41.417388 1198 4172
41.417423 1198 4172
41.417457 814 4172
41.427831 1198 4172
41.427872 1198 4172
41.427916 1102 4172
41.427960 1198 4172
41.428002 1198 4172
41.428044 1198 4172
41.428092 1198 4172
41.428134 1198 4172
41.428175 1198 4172
41.428217 126 4172
41.435317 1198 4172
41.435355 1198 4172
41.435383 1198 4172
41.441359 110 4172
41.441398 1198 4172
41.441428 1198 4172
41.451420 1198 4172
41.451451 910 4172
41.457507 1198 4172
41.457540 1198 4172
41.465554 1198 4172
41.465578 1198 4172
41.465613 1198 4172
41.475641 1198 4172
41.475674 478 4172
41.475706 1198 4172
41.481397 1198 4172
41.481431 1198 4172
41.489547 1198 4172
41.489601 1198 4172
41.489653 1198 4172
41.497497 110 4172
41.497537 1198 4172
41.497580 478 4172
41.497629 1198 4172
41.501405 1198 4172
41.501465 1198 4172
41.513559 1198 4172
41.513604 1198 4172
41.513650 1198 4172
41.521510 1198 4172
41.521568 1198 4172
41.521616 1198 4172
41.529453 1198 4172
41.529497 1198 4172
41.529538 542 4172
41.537488 1198 4172
41.537531 60 60000
41.537532 1198 4172
41.537574 1198 4172
41.545457 1198 4172
41.545490 1198 4172
41.545527 1198 4172
41.553416 1198 4172
41.553462 1198 4172
41.553499 1198 4172
41.561457 1198 4172
41.561485 382 4172
41.561517 1198 4172
41.569545 1198 4172
41.569598 1198 4172
41.569645 1198 4172
41.577482 1198 4172
41.577525 750 4172
41.585450 1198 4172
41.585507 1198 4172
41.585558 1198 4172
41.589575 1198 4172
41.589622 1198 4172
41.601448 110 4172
41.601502 606 4172
41.601542 1198 4172
41.601590 430 4172
41.609511 1198 4172
41.609556 1198 4172
41.609604 1198 4172
41.617470 1198 4172
41.617518 1198 4172
41.617564 1198 4172
41.625397 1198 4172
41.625444 1198 4172
41.625486 1198 4172
41.633447 1198 4172
41.633500 830 4172
41.633545 1198 4172
41.641556 1198 4172
41.641591 510 4172
41.641639 1198 4172
41.641676 1198 4172
41.649475 1198 4172
41.649519 1198 4172
41.649562 1198 4172
41.657484 1198 4172
41.657514 1150 4172
41.662077 206 4172
41.662103 222 4172
41.662133 174 4172
41.662163 190 4172
41.662188 174 4172
41.662216 174 4172
41.662243 174 4172
41.666063 174 4172
41.666087 174 4172
41.666120 174 4172
41.671338 174 4172
41.671364 174 4172
41.677420 174 4172
41.677452 206 4172
41.677489 174 4172
41.677533 686 4172
41.697573 110 4172
41.721488 110 4172
41.765483 222 4172
41.786214 110 4172
41.809427 1102 4172
41.809458 494 4172
41.830674 206 4172
41.834119 334 4172
41.834149 318 4172
41.837826 270 4172
41.837860 238 4172
41.842128 238 4172
41.842153 238 4172
41.847085 238 4172
41.847111 238 4172
41.847144 238 4172
41.849560 238 4172
41.849594 238 4172
41.853391 286 4172
41.853431 190 4172
41.853467 238 4172
41.853503 302 4172
41.882496 1198 4172
41.882805 1198 4172
41.886665 1198 4172
41.886703 1198 4172
41.886741 1198 4172
41.886776 1198 4172
41.886810 1198 4172
41.886847 1198 4172
41.886881 350 4172
41.897404 110 4172
41.941952 174 4172
41.941982 158 4172
41.942019 158 4172
41.942053 158 4172
41.942087 158 4172
41.942119 158 4172
41.942156 158 4172
41.942187 158 4172
41.942221 1198 4172
41.942255 206 4172
41.985857 158 4172
42.002654 110 4172
42.012512 1198 4172
42.012894 1198 4172
42.012933 1198 4172
42.012967 1198 4172
42.012994 1198 4172
42.013028 1198 4172
42.013062 1022 4172
42.014249 1198 4172
42.014287 1198 4172
42.014322 1198 4172
42.014352 1198 4172
42.014380 334 4172
42.014409 1198 4172
42.014438 1198 4172
42.014467 1198 4172
42.014494 414 4172
42.027973 1198 4172
42.028010 1198 4172
42.028048 1198 4172
42.028083 1198 4172
42.028119 990 4172
42.028174 1198 4172
42.028207 1198 4172
42.028240 1198 4172
42.028275 1198 4172
42.028308 1198 4172
42.028346 1198 4172
42.036706 1198 4172
42.036911 1198 4172
42.036955 1198 4172
42.036989 222 4172
42.037024 1198 4172
42.037057 1198 4172
42.037092 1198 4172
42.041789 1198 4172
42.041820 1198 4172
42.049502 1198 4172
42.049537 1198 4172
42.049635 1198 4172
42.058032 1134 4172
42.058067 1198 4172
42.058098 1198 4172
42.065464 1198 4172
42.065492 1198 4172
42.074669 1198 4172
42.074747 1198 4172
42.074778 366 4172
42.082720 1198 4172
42.082761 1198 4172
42.090198 1198 4172
42.090230 1198 4172
42.090265 1198 4172
42.100703 1198 4172
42.107608 110 4172
42.109682 1198 4172
42.115013 1198 4172
42.115484 334 4172
42.136223 1198 4172
42.136349 1198 4172
42.137743 1198 4172
42.137779 1198 4172
42.137842 1198 4172
42.137944 1198 4172
42.137989 1198 4172
42.138023 1198 4172
42.138075 1198 4172
42.146267 1198 4172
42.146364 1198 4172
42.146399 1198 4172
42.146436 1198 4172
42.146472 174 4172
42.146507 1198 4172
42.146541 1198 4172
42.146575 1198 4172
42.153720 1198 4172
42.153752 1198 4172
42.161715 1198 4172
42.161746 1198 4172
42.161783 1198 4172
42.169528 1198 4172
42.169563 1198 4172
42.169601 1198 4172
42.177725 1198 4172
42.177755 1070 4172
42.177809 1198 4172
42.189407 1198 4172
42.189449 1198 4172
42.189481 1198 4172
42.193485 1198 4172
42.193513 110 4172
42.193551 1198 4172
42.193583 1198 4172
42.200380 814 4172
42.200420 1198 4172
42.209423 1198 4172
42.209444 1198 4172
42.209473 1198 4172
42.217762 1198 4172
42.217796 366 4172
42.217835 1198 4172
42.225444 1198 4172
42.225474 446 4172
42.225516 1198 4172
42.233478 1198 4172
42.233507 1198 4172
42.233539 1198 4172
42.243030 1198 4172
42.243086 1198 4172
42.243152 1198 4172
42.251456 1198 4172
42.251505 1198 4172
42.251535 366 4172
42.257399 110 4172
42.257429 1198 4172
42.257466 1198 4172
42.257512 606 4172
42.257554 1198 4172
42.267899 1198 4172
42.267935 1198 4172
42.267973 1198 4172
42.273498 1086 4172
42.273522 1198 4172
42.288210 286 4172
42.288250 190 4172
42.288282 1198 4172
42.288318 1038 4172
42.288350 1198 4172
42.292434 1198 4172
42.292476 1198 4172
42.302571 110 4172
42.302630 1198 4172
42.302662 846 4172
42.302693 1198 4172
42.302942 1198 4172
42.337121 478 4172
42.340925 1198 4172
42.341195 1198 4172
42.341252 1198 4172
42.351259 1198 4172
42.351319 1198 4172
42.360315 158 4172
42.360359 1198 4172
42.360390 1198 4172
42.360418 1198 4172
42.360448 1198 4172
42.360477 590 4172
42.360504 1198 4172
42.360531 1198 4172
42.360560 1198 4172
42.360589 1198 4172
42.360619 1198 4172
42.360646 174 4172
42.360673 1198 4172
42.360701 1198 4172
42.366562 1198 4172
42.366592 1198 4172
42.366634 1198 4172
42.374489 1198 4172
42.374529 830 4172
42.375233 1198 4172
42.381892 1198 4172
42.381989 1198 4172
42.382024 1198 4172
42.391943 1198 4172
42.391995 1198 4172
42.392025 1198 4172
42.398538 110 4172
42.398688 1198 4172
42.398722 1198 4172
42.398753 1198 4172
42.407662 1198 4172
42.407702 910 4172
42.413376 1198 4172
42.413409 1198 4172
42.424684 1198 4172
42.424712 1198 4172
42.429384 798 4172
42.429415 1198 4172
42.429446 1198 4172
42.429478 1198 4172
42.437378 1198 4172
42.437420 1198 4172
42.437449 1198 4172
42.445363 494 4172
42.445399 1198 4172
42.445432 1198 4172
42.453237 1198 4172
42.457321 1198 4172
42.461007 60 60000
42.461397 1198 4172
42.461441 1198 4172
42.461471 830 4172
42.461502 1198 4172
42.469817 1198 4172
42.469855 1198 4172
42.470169 1198 4172
42.481171 1198 4172
42.481213 846 4172
42.481279 526 4172
42.481648 1198 4172
42.481764 1198 4172
42.485701 1198 4172
42.485739 1198 4172
42.493591 494 4172
42.493630 110 4172
42.493663 862 4172
42.493692 174 4172
42.493779 1198 4172
42.501408 622 4172
42.501443 1198 4172
42.501488 1198 4172
42.501511 1198 4172
42.509446 1198 4172
42.509474 1198 4172
42.509504 1198 4172
42.517408 174 4172
42.517433 110 4172
42.517467 110 4172
42.517497 110 4172
42.517527 1198 4172
42.517558 1150 4172
42.517589 1198 4172
42.525466 1198 4172
42.525498 1198 4172
42.525530 1198 4172
42.535485 1198 4172
42.535526 1198 4172
42.535559 1198 4172
42.542072 1198 4172
42.542671 286 4172
42.542708 1198 4172
42.542741 1198 4172
42.549991 1198 4172
42.550026 1198 4172
42.550058 1198 4172
42.557427 1198 4172
42.557462 1198 4172
42.557496 1198 4172
42.569417 1198 4172
42.569437 702 4172
42.569471 1198 4172
42.569501 1198 4172
42.575843 1198 4172
42.575879 1198 4172
42.575914 1198 4172
42.581672 1198 4172
42.581710 1198 4172
42.589498 878 4172
42.589558 1198 4172
42.589712 1198 4172
42.593678 110 4172
42.593733 446 4172
42.593774 1198 4172
42.593807 1198 4172
42.593842 1198 4172
42.605423 1198 4172
42.605497 1198 4172
42.605563 1198 4172
42.614224 1198 4172
42.614260 1198 4172
42.614292 1198 4172
42.621711 1198 4172
42.621742 1198 4172
42.621774 414 4172
42.621804 1198 4172
42.633018 1198 4172
42.633051 1198 4172
42.633082 1198 4172
42.637360 1198 4172
42.637386 1198 4172
42.637417 1198 4172
42.637448 1198 4172
42.645498 1198 4172
42.645551 318 4172
42.645593 1198 4172
42.645629 1198 4172
42.653482 1198 4172
42.653512 1198 4172
42.653551 1198 4172
42.662725 1198 4172
42.662766 1198 4172
42.662802 1198 4172
42.669405 1198 4172
42.669437 990 4172
42.669468 1198 4172
42.677476 1198 4172
42.678533 1198 4172
42.678573 1198 4172
42.678607 1198 4172
42.681345 1198 4172
42.681384 1198 4172
42.681438 1198 4172
42.696476 1198 4172
42.696517 110 4172
42.696719 1198 4172
42.703095 1198 4172
42.703134 1198 4172
42.703172 1198 4172
42.712712 1198 4172
42.712832 1198 4172
42.717454 1198 4172
42.717496 1198 4172
42.717548 702 4172
42.726383 1198 4172
42.726411 1198 4172
42.726442 1198 4172
42.726470 1198 4172
42.726500 1198 4172
42.733383 1006 4172
42.733426 1198 4172
42.733470 1198 4172
42.733501 1166 4172
42.745319 1198 4172
42.745369 1198 4172
42.745623 1198 4172
42.769341 1198 4172
42.769372 270 4172
42.769417 174 4172
42.769453 238 4172
42.769487 318 4172
42.782076 1198 4172
42.795781 110 4172
42.795805 110 4172
42.795838 110 4172
42.813392 174 4172
42.813434 430 4172
42.813496 142 4172
42.825388 174 4172
42.825413 222 4172
42.825446 238 4172
42.825479 222 4172
42.857553 206 4172
42.858434 206 4172
42.858478 206 4172
42.858514 206 4172
42.858550 222 4172
42.858584 222 4172
42.858619 222 4172
42.858650 222 4172
42.858733 206 4172
42.882070 174 4172
42.891627 110 4172
42.901929 174 4172
42.945510 574 4172
42.989447 110 4172
43.077883 110 4172
43.077909 110 4172
43.077945 110 4172
43.121503 110 4172
43.341457 110 4172
43.341497 110 4172
43.341541 110 4172
43.517411 110 4172
43.605736 110 4172
43.605803 110 4172
43.869427 110 4172
44.133756 110 4172
44.397493 110 4172
44.485531 110 4172
44.617462 110 4172
44.925430 110 4172
45.233435 110 4172
45.482074 110 4172
45.497440 110 4172
45.585398 110 4172
45.761427 110 4172
46.505432 110 4172
46.593391 110 4172
47.513444 110 4172
47.601425 110 4172
48.421462 110 4172
48.509349 110 4172
48.597591 110 4172
49.521523 110 4172
49.609313 110 4172
50.525381 110 4172
50.613316 110 4172
51.493295 110 4172
52.497439 110 4172
52.585279 110 4172
53.509257 110 4172
53.597230 110 4172
53.729226 110 4172
54.517315 110 4172
54.605285 110 4172
55.521345 110 4172
55.609252 110 4172
56.397290 110 4172
56.485220 110 4172
56.617317 110 4172
57.497218 110 4172
57.585225 110 4172
58.501292 110 4172
58.589222 110 4172
59.069339 110 4172
59.509225 110 4172
59.597190 110 4172
60.517327 110 4172
60.605342 110 4172
61.525316 110 4172
61.613237 110 4172
61.745235 110 4172
62.493090 110 4172
62.537174 1198 4172
62.537277 1198 4172
62.537313 1102 4172
62.625146 110 4172
62.737856 206 4172
62.737908 334 4172
62.743274 318 4172
62.743334 270 4172
62.747239 238 4172
62.747304 238 4172
62.747340 238 4172
62.751624 302 4172
62.751775 238 4172
62.754620 238 4172
62.759367 238 4172
62.759426 238 4172
62.759465 238 4172
62.759500 286 4172
62.759535 190 4172
62.773815 302 4172
62.773865 1198 4172
62.773903 1198 4172
62.774024 1198 4172
62.774062 1198 4172
62.774096 1198 4172
62.774130 1198 4172
62.774164 1198 4172
62.774198 1198 4172
62.774230 350 4172
62.810841 126 4172
62.897248 158 4172
62.909763 1198 4172
62.909783 350 4172
62.919608 158 4172
62.925760 1198 4172
62.925827 1166 4172
62.934723 1198 4172
62.934783 1198 4172
62.934829 1198 4172
62.934870 1134 4172
62.934916 1198 4172
62.934955 1198 4172
62.934993 1198 4172
62.935030 1198 4172
62.935070 1198 4172
62.935106 1198 4172
62.935143 1198 4172
62.935182 1198 4172
62.935215 1198 4172
62.935251 1198 4172
62.935295 1198 4172
62.935331 126 4172
62.941145 1198 4172
62.941207 1198 4172
62.941255 1198 4172
62.941297 1198 4172
62.941339 1198 4172
62.941378 1198 4172
62.953422 1198 4172
62.953534 1198 4172
62.953563 1198 4172
62.953619 1198 4172
62.953675 1198 4172
62.957200 1198 4172
62.957348 1198 4172
62.957402 1198 4172
62.957454 526 4172
62.957508 1198 4172
62.957553 1198 4172
62.957596 1198 4172
62.965354 1198 4172
62.965419 1198 4172
62.973176 1198 4172
62.973238 1198 4172
62.973283 1198 4172
62.982561 1198 4172
62.982713 1198 4172
62.982760 1198 4172
62.982797 1198 4172
62.985060 1198 4172
62.985109 1198 4172
62.985145 1198 4172
62.997976 1198 4172
62.998034 1198 4172
63.005231 1198 4172
63.005295 846 4172
63.005346 1198 4172
63.014600 1198 4172
63.014666 1198 4172
63.014708 1198 4172
63.021225 1198 4172
63.021286 1198 4172
63.021364 1198 4172
63.021411 1198 4172
63.030190 1198 4172
63.030254 1198 4172
63.030282 1198 4172
63.037223 1198 4172
63.037253 1198 4172
63.037317 1134 4172
63.046633 1198 4172
63.046685 1198 4172
63.046717 1198 4172
63.053155 1198 4172
63.053177 1198 4172
63.053208 1198 4172
63.062110 1198 4172
63.062138 1198 4172
63.062171 1198 4172
63.069490 158 4172
63.069520 1198 4172
63.069563 1198 4172
63.069583 1198 4172
63.073032 1198 4172
63.073063 1198 4172
63.073090 1198 4172
63.085177 1198 4172
63.085237 110 4172
63.085267 1198 4172
63.094189 414 4172
63.094252 1198 4172
63.094283 1198 4172
63.094311 1198 4172
63.101081 1198 4172
63.101115 1198 4172
63.109757 1198 4172
63.109839 1198 4172
63.110358 1198 4172
63.117112 654 4172
63.117141 1198 4172
63.117175 1198 4172
63.117207 1198 4172
63.125374 1198 4172
63.125412 1198 4172
63.125443 1198 4172
63.133096 1198 4172
63.133145 750 4172
63.133181 1198 4172
63.138003 366 4172
63.138040 158 4172
63.138073 174 4172
63.138105 990 4172
63.138142 238 4172
63.138184 158 4172
63.138208 158 4172
63.155681 174 4172
63.155721 158 4172
63.155757 142 4172
63.155787 990 4172
63.155836 142 4172
63.161061 350 4172
63.215083 174 4172
63.215130 622 4172
63.215174 846 4172
63.215224 350 4172
63.215253 158 4172
63.215286 158 4172
63.215316 158 4172
63.215345 174 4172
63.265977 158 4172
63.266017 158 4172
63.266050 158 4172
63.266081 158 4172
63.266111 158 4172
63.266140 158 4172
63.266201 158 4172
63.272933 1198 4172
63.272970 1198 4172
63.274578 1198 4172
63.274613 1198 4172
63.274648 1198 4172
63.274679 334 4172
63.274709 1198 4172
63.274739 1198 4172
63.274767 1198 4172
63.274796 350 4172
63.274824 1198 4172
63.274852 1198 4172
63.274881 1198 4172
63.274910 1198 4172
63.274938 1198 4172
63.274966 1198 4172
63.274994 1198 4172
63.275022 1198 4172
63.282671 878 4172
63.282706 1198 4172
63.282734 1198 4172
63.282763 1198 4172
63.282792 1198 4172
63.282823 1198 4172
63.282852 1198 4172
63.291607 1198 4172
63.291629 158 4172
63.291665 1198 4172
63.291697 1198 4172
63.291728 1198 4172
63.297848 1198 4172
63.297882 1198 4172
63.297912 558 4172
63.297938 1198 4172
63.305215 1198 4172
63.305242 1198 4172
63.305269 1198 4172
63.305296 1198 4172
63.313081 1198 4172
63.313118 1198 4172
63.313151 1198 4172
63.323654 1198 4172
63.323687 1198 4172
63.323711 1198 4172
63.329132 1198 4172
63.329163 1198 4172
63.329193 1198 4172
63.337833 1198 4172
63.337863 1198 4172
63.337893 1198 4172
63.346444 110 4172
63.346544 1198 4172
63.346571 462 4172
63.346621 1198 4172
63.346665 1198 4172
63.356821 1198 4172
63.356845 1198 4172
63.356872 1198 4172
63.361733 1198 4172
63.361763 1198 4172
63.361797 1198 4172
63.365879 1198 4172
63.371568 1198 4172
63.371593 1198 4172
63.377087 1198 4172
63.377115 1198 4172
63.377148 1198 4172
63.387581 1198 4172
63.387614 1198 4172
63.387640 1198 4172
63.387667 638 4172
63.393789 1198 4172
63.393897 1198 4172
63.393934 1198 4172
63.397902 1198 4172
63.402586 1198 4172
63.402624 1198 4172
63.409063 1198 4172
63.409093 1198 4172
63.409133 1198 4172
63.409169 1198 4172
63.417187 1198 4172
63.417202 1198 4172
63.425808 1198 4172
63.425842 1198 4172
63.425867 1198 4172
63.429501 1198 4172
63.429588 1198 4172
63.441136 1198 4172
63.441264 1198 4172
63.441288 1198 4172
63.450172 1198 4172
63.450195 1198 4172
63.450224 1198 4172
63.457145 1198 4172
63.457180 1198 4172
63.457214 238 4172
63.457247 1198 4172
63.465226 1198 4172
63.465266 1198 4172
63.465294 1198 4172
63.473194 478 4172
63.473231 1198 4172
63.473264 1198 4172
63.473297 1198 4172
63.482223 1198 4172
63.482263 158 4172
63.482297 1198 4172
63.489247 1198 4172
63.489291 1198 4172
63.489330 1198 4172
63.497176 1198 4172
63.497222 798 4172
63.497255 110 4172
63.497290 430 4172
63.505176 1198 4172
63.505224 702 4172
63.505266 1198 4172
63.505304 1198 4172
63.513202 1198 4172
63.513249 1198 4172
63.513292 1198 4172
63.517144 1198 4172
63.517936 1198 4172
63.517982 654 4172
63.518023 1198 4172
63.529311 1198 4172
63.529444 1198 4172
63.529485 1198 4172
63.537195 494 4172
63.537246 1198 4172
63.537287 1198 4172
63.537325 1198 4172
63.537363 1166 4172
63.545244 1198 4172
63.545289 1198 4172
63.553218 1198 4172
63.553269 1086 4172
63.553313 1198 4172
63.553351 1198 4172
63.561167 606 4172
63.561217 1198 4172
63.561257 1198 4172
63.561295 750 4172
63.569185 1198 4172
63.569236 1198 4172
63.569280 1198 4172
63.577172 1198 4172
63.577216 1198 4172
63.585175 910 4172
63.585217 1198 4172
63.585254 1198 4172
63.594142 110 4172
63.594176 174 4172
63.594215 158 4172
63.594252 542 4172
63.594287 894 4172
63.599335 206 4172
63.599387 1198 4172
63.599426 1198 4172
63.599462 334 4172
63.607506 1198 4172
63.607540 1198 4172
63.607577 1198 4172
63.607610 1198 4172
63.613206 110 4172
63.613255 1198 4172
63.613295 1198 4172
63.621369 1134 4172
63.621415 574 4172
63.621451 1198 4172
63.621518 1198 4172
63.629153 558 4172
63.629188 1198 4172
63.629225 1198 4172
63.629260 718 4172
63.629300 1198 4172
63.637317 1198 4172
63.637359 894 4172
63.637410 1198 4172
63.645207 1054 4172
63.645256 1198 4172
63.645299 1118 4172
63.645342 1198 4172
63.649170 1198 4172
63.649207 1198 4172
63.649245 494 4172
63.661128 1198 4172
63.661240 1198 4172
63.661281 1198 4172
63.661319 1198 4172
63.667450 1198 4172
63.667499 494 4172
63.667563 238 4172
63.667634 286 4172
63.667696 190 4172
63.667755 526 4172
63.673141 1198 4172
63.673165 1198 4172
63.673201 1198 4172
63.681176 1198 4172
63.681217 1198 4172
63.689227 238 4172
63.689284 1198 4172
63.689326 1198 4172
63.689364 1198 4172
63.693020 494 4172
63.693054 366 4172
63.693084 110 4172
63.693120 158 4172
63.693155 1198 4172
63.693191 110 4172
63.737110 318 4172
63.825181 110 4172
63.844423 462 4172
63.857954 238 4172
63.869131 334 4172
63.913337 110 4172
64.045098 462 4172
64.089194 1198 4172
64.089264 334 4172
64.125170 126 4172
64.133066 174 4172
64.133152 478 4172
64.133189 286 4172
64.158493 110 4172
64.177056 1198 4172
64.177088 382 4172
64.221118 126 4172
64.256544 622 4172
64.265070 286 4172
64.265154 846 4172
64.293290 1198 4172
64.309155 942 4172
64.309207 1198 4172
64.309245 622 4172
64.394156 766 4172
64.394254 1198 4172
64.394291 1198 4172
64.394329 446 4172
64.394366 1198 4172
64.394405 1198 4172
64.394442 1198 4172
64.394478 990 4172
64.394515 1198 4172
64.394551 1198 4172
64.394588 878 4172
64.394624 1198 4172
64.394663 1198 4172
64.394699 1198 4172
64.394737 638 4172
64.397096 1070 4172
64.397140 462 4172
64.426195 110 4172
64.426273 110 4172
64.426275 110 4172
64.441119 1006 4172
64.482345 1070 4172
64.485118 110 4172
64.529173 1198 4172
64.529186 1182 4172
64.617111 110 4172
64.682362 110 4172
64.682387 110 4172
64.682428 110 4172
64.705023 110 4172
64.824997 446 4172
64.837074 286 4172
64.881034 318 4172
64.925151 302 4172
64.941144 382 4172
64.957661 110 4172
64.969080 334 4172
64.969172 1198 4172
64.969173 190 4172
