0.031613 110 4172
0.119699 1198 4172
0.119763 1198 4172
0.119855 1198 4172
0.119901 910 4172
0.119952 238 4172
0.291619 110 4172
0.379605 110 4172
0.507466 110 4172
0.551637 110 4172
0.630020 1198 4172
0.630047 1198 4172
0.630090 1198 4172
0.630129 1198 4172
0.630167 270 4172
0.630202 1102 4172
0.630238 1198 4172
0.630280 622 4172
0.630314 510 4172
0.630351 462 4172
0.630386 638 4172
0.630424 1198 4172
0.630457 510 4172
0.630494 398 4172
0.630530 158 4172
0.630569 158 4172
0.639714 1198 4172
0.639750 1198 4172
0.639786 1198 4172
0.639816 1198 4172
0.639849 1198 4172
0.639880 1198 4172
0.639911 1198 4172
0.639942 1198 4172
0.639984 718 4172
0.640016 1198 4172
0.640051 1198 4172
0.640085 1198 4172
0.640119 1198 4172
0.640153 1198 4172
0.640186 1198 4172
0.640221 1198 4172
0.640254 1198 4172
0.640290 1198 4172
0.640324 1198 4172
0.648785 1198 4172
0.648813 1198 4172
0.648853 1198 4172
0.648891 1198 4172
0.648935 1198 4172
0.648975 1198 4172
0.649019 1198 4172
0.649065 1198 4172
0.649108 1198 4172
0.649151 1198 4172
0.649194 1198 4172
0.649247 1198 4172
0.649284 1198 4172
0.649321 718 4172
0.655755 1198 4172
0.655782 1198 4172
0.655810 1198 4172
0.655843 1198 4172
0.655874 1198 4172
0.655903 1198 4172
0.655935 1198 4172
0.655968 1198 4172
0.655997 1198 4172
0.656026 1198 4172
0.656056 1198 4172
0.656085 174 4172
0.663573 1198 4172
0.663616 1198 4172
0.663663 1022 4172
0.663706 1198 4172
0.663750 1198 4172
0.663785 1198 4172
0.663823 1198 4172
0.663861 1198 4172
0.663899 1198 4172
0.663936 1198 4172
0.663974 1198 4172
0.664014 1198 4172
0.671693 1198 4172
0.671714 1198 4172
0.671744 1198 4172
0.671774 1198 4172
0.679564 1198 4172
0.679609 1198 4172
0.679653 1198 4172
0.683585 1198 4172
0.695689 1198 4172
0.695693 1198 4172
0.703587 1198 4172
0.703640 686 4172
0.703686 1198 4172
0.711601 1198 4172
0.711642 1198 4172
0.719720 1198 4172
0.719782 1198 4172
0.719839 1198 4172
0.727571 1198 4172
0.727632 1198 4172
0.735633 1198 4172
0.735682 1198 4172
0.743577 1198 4172
0.743619 1198 4172
0.751723 1198 4172
0.751764 1198 4172
0.759612 1198 4172
0.759661 958 4172
0.759704 1198 4172
0.767655 1198 4172
0.771525 1198 4172
0.771574 1198 4172
0.783632 1198 4172
0.783716 1198 4172
0.791681 494 4172
0.791723 1198 4172
0.791759 1198 4172
0.799590 1102 4172
0.799634 110 4172
0.799679 414 4172
0.799719 1150 4172
0.807617 1198 4172
0.807662 158 4172
0.807700 1198 4172
0.815608 1198 4172
0.815711 1198 4172
0.823608 1198 4172
0.823647 478 4172
0.823686 1198 4172
0.831619 1198 4172
0.831665 1198 4172
0.839581 1198 4172
0.839625 558 4172
0.847623 1198 4172
0.847677 1198 4172
0.847711 1198 4172
0.855618 1198 4172
0.855668 606 4172
0.859579 1198 4172
0.859631 1198 4172
0.859677 1198 4172
0.871625 1198 4172
0.871713 478 4172
0.871718 1198 4172
0.879630 1198 4172
0.879686 574 4172
0.887622 1198 4172
0.887676 1198 4172
0.887719 1198 4172
0.895656 1182 4172
0.895705 158 4172
0.895747 254 4172
0.895788 622 4172
0.903564 974 4172
0.903607 190 4172
0.903664 142 4172
0.903705 462 4172
0.903753 1198 4172
0.924418 1182 4172
0.947608 574 4172
0.991535 574 4172
1.027056 974 4172
1.035546 878 4172
1.071505 174 4172
1.079437 110 4172
1.211614 190 4172
1.211650 382 4172
1.376611 110 4172
1.383538 110 4172
1.424449 718 4172
1.427546 894 4172
1.511608 110 4172
1.599586 110 4172
1.643581 110 4172
1.943644 110 4172
2.203653 110 4172
2.247597 142 4172
2.247661 190 4172
2.419707 110 4172
2.439657 142 4172
2.439662 190 4172
2.463583 110 4172
2.507553 110 4172
2.727600 110 4172
2.991610 110 4172
3.079636 142 4172
3.239684 142 4172
3.239757 302 4172
3.239764 318 4172
3.255470 110 4172
3.387571 110 4172
3.495612 110 4172
3.519605 110 4172
3.867542 142 4172
3.867635 142 4172
4.087596 142 4172
4.087670 142 4172
4.391582 110 4172
4.476773 142 4172
4.479491 110 4172
4.699552 142 4172
5.095537 142 4172
5.095572 142 4172
5.271618 142 4172
5.271736 142 4172
5.403623 110 4172
5.491457 110 4172
5.931550 142 4172
5.931667 142 4172
6.107603 142 4172
6.107688 142 4172
6.195535 110 4172
6.415559 110 4172
6.493686 110 4172
6.503494 142 4172
6.723420 142 4172
7.119569 142 4172
7.119600 142 4172
7.295539 142 4172
7.376762 142 4172
7.383473 110 4172
7.493656 110 4172
7.515526 142 4172
7.731484 142 4172
8.127555 142 4172
8.127625 142 4172
8.303536 142 4172
8.303591 142 4172
8.391402 110 4172
8.479477 110 4172
8.827622 110 4172
9.135473 142 4172
9.135517 142 4172
9.355479 142 4172
9.355513 142 4172
9.399535 110 4172
9.487481 110 4172
10.191450 142 4172
10.279520 142 4172
10.279668 142 4172
10.367385 142 4172
10.367490 142 4172
10.411520 110 4172
10.499533 110 4172
10.763485 142 4172
10.983553 142 4172
11.375514 142 4172
11.375533 142 4172
11.419463 110 4172
11.491500 110 4172
11.507458 110 4172
11.595522 142 4172
11.595569 142 4172
12.031445 142 4172
12.031493 142 4172
12.207391 142 4172
12.207496 142 4172
12.383451 110 4172
12.515554 110 4172
12.823397 142 4172
12.999489 142 4172
13.395430 142 4172
13.395473 142 4172
13.483404 110 4172
13.611414 142 4172
13.611468 142 4172
13.831534 142 4172
14.207557 142 4172
14.207587 142 4172
14.227450 110 4172
14.393239 110 4172
14.403408 142 4172
14.403463 142 4172
14.491477 110 4172
14.843504 142 4172
14.843616 142 4172
15.063429 142 4172
15.063468 142 4172
15.411498 110 4172
15.455388 142 4172
15.455485 142 4172
15.499466 110 4172
15.631398 142 4172
15.631448 142 4172
16.071464 142 4172
16.071626 142 4172
16.291364 142 4172
16.291412 142 4172
16.379376 110 4172
16.511418 110 4172
16.893433 110 4172
16.907424 142 4172
16.907518 142 4172
17.123390 142 4172
17.123461 142 4172
17.383399 110 4172
17.515429 110 4172
17.907494 142 4172
17.907628 142 4172
18.127445 142 4172
18.127534 142 4172
18.387394 110 4172
18.519446 110 4172
18.915444 142 4172
18.915616 142 4172
19.131337 142 4172
19.131443 142 4172
19.395410 110 4172
19.483387 110 4172
19.571479 110 4172
19.963428 142 4172
19.963532 142 4172
20.139410 142 4172
20.139506 142 4172
20.399408 110 4172
20.487413 110 4172
20.559454 60 60000
20.728957 174 4172
20.729051 350 4172
20.729097 686 4172
20.729132 158 4172
20.729167 158 4172
20.729202 158 4172
20.729236 158 4172
20.729291 158 4172
20.765399 126 4172
20.774226 1198 4172
20.774292 1198 4172
20.774322 1198 4172
20.774365 1198 4172
20.774382 1198 4172
20.774415 1198 4172
20.774442 1198 4172
20.774471 1198 4172
20.774499 1198 4172
20.774528 1134 4172
20.779405 1198 4172
20.779452 1198 4172
20.779479 1198 4172
20.779519 1198 4172
20.779561 1198 4172
20.779597 1198 4172
20.779634 1198 4172
20.787554 1198 4172
20.787583 1198 4172
20.787626 1198 4172
20.796422 110 4172
20.796474 1198 4172
20.796520 1198 4172
20.796552 1198 4172
20.796589 1198 4172
20.803347 1198 4172
20.803375 1198 4172
20.811371 1198 4172
20.817115 1198 4172
20.817156 1198 4172
20.817185 334 4172
20.827349 1198 4172
20.827419 1198 4172
20.827447 1198 4172
20.835446 1198 4172
20.835473 1198 4172
20.843435 1198 4172
20.843742 1198 4172
20.851386 1198 4172
20.851447 1198 4172
20.859355 1198 4172
20.859408 1198 4172
20.859453 750 4172
20.867434 1198 4172
20.867490 1198 4172
20.875299 1198 4172
20.875343 1198 4172
20.875375 1198 4172
20.887239 1198 4172
20.887477 1198 4172
20.888272 1198 4172
20.891595 1198 4172
20.899924 1198 4172
20.899980 1198 4172
20.900040 654 4172
20.907276 1198 4172
20.907311 1198 4172
20.915370 1198 4172
20.915405 1198 4172
20.915435 1198 4172
20.923751 1198 4172
20.923786 1198 4172
20.931451 1198 4172
20.931483 1198 4172
20.939513 558 4172
20.939547 1198 4172
20.939574 1198 4172
20.947340 1198 4172
20.947379 1198 4172
20.956822 1198 4172
20.956875 1198 4172
20.967180 1198 4172
20.968003 1198 4172
20.968033 878 4172
20.968079 1198 4172
20.974465 1198 4172
20.979765 1198 4172
20.980988 1198 4172
20.983305 1198 4172
20.983344 1198 4172
20.995358 1198 4172
20.995389 1198 4172
21.003337 654 4172
21.003372 1198 4172
21.003406 1198 4172
21.013610 1198 4172
21.013797 1198 4172
21.019391 1198 4172
21.019426 1198 4172
21.027366 1198 4172
21.027398 1198 4172
21.027430 1198 4172
21.035356 1198 4172
21.035401 1198 4172
21.043421 1198 4172
21.043458 270 4172
21.043803 1198 4172
21.051407 1198 4172
21.051447 1198 4172
21.062686 1198 4172
21.062723 1198 4172
21.067321 1198 4172
21.067359 1198 4172
21.075437 1198 4172
21.075470 1198 4172
21.082246 510 4172
21.082293 1198 4172
21.092604 1198 4172
21.092629 1198 4172
21.099396 1198 4172
21.099429 1198 4172
21.107422 1198 4172
21.107463 1198 4172
21.115352 1198 4172
21.115378 1198 4172
21.126413 1198 4172
21.126443 1198 4172
21.127892 846 4172
21.127923 1198 4172
21.139484 1198 4172
21.139509 110 4172
21.147307 1198 4172
21.147338 1198 4172
21.159019 1198 4172
21.159051 1198 4172
21.163365 1198 4172
21.163394 1198 4172
21.171420 1198 4172
21.179349 558 4172
21.179410 1198 4172
21.187421 1198 4172
21.187450 1198 4172
21.195322 1198 4172
21.195359 1198 4172
21.204378 1198 4172
21.204433 1198 4172
21.211877 1198 4172
21.211900 670 4172
21.219399 1198 4172
21.219430 1198 4172
21.220667 60 60000
21.231078 1198 4172
21.231206 1198 4172
21.231775 1198 4172
21.235372 1198 4172
21.243329 1198 4172
21.243368 1198 4172
21.258036 1198 4172
21.258662 958 4172
21.259287 1198 4172
21.259325 1198 4172
21.267354 1198 4172
21.267426 1198 4172
21.271579 1198 4172
21.271618 1198 4172
21.283371 1198 4172
21.283417 1198 4172
21.292448 1198 4172
21.292485 1198 4172
21.299578 1198 4172
21.299614 1198 4172
21.308714 1198 4172
21.308786 878 4172
21.315415 174 4172
21.315578 174 4172
21.315731 174 4172
21.315865 174 4172
21.317269 174 4172
21.317316 174 4172
21.317347 174 4172
21.317380 1166 4172
21.328042 430 4172
21.328090 1198 4172
21.328121 110 4172
21.328154 702 4172
21.328183 174 4172
21.336144 174 4172
21.336248 174 4172
21.336286 174 4172
21.336323 174 4172
21.336357 1198 4172
21.336386 1198 4172
21.366440 302 4172
21.366622 446 4172
21.366640 1198 4172
21.376754 1198 4172
21.376843 446 4172
21.376873 638 4172
21.390924 110 4172
21.407905 782 4172
21.407971 110 4172
21.476910 1198 4172
21.476940 1198 4172
21.476971 1198 4172
21.476999 1198 4172
21.477036 590 4172
21.492149 110 4172
21.495391 1198 4172
21.495431 1198 4172
21.495466 1198 4172
21.495496 1198 4172
21.495525 574 4172
21.539337 206 4172
21.539410 1198 4172
21.539440 222 4172
21.576846 1198 4172
21.576894 1198 4172
21.576930 366 4172
21.576962 1182 4172
21.584004 110 4172
21.623573 414 4172
21.627259 1198 4172
21.627303 1198 4172
21.627354 318 4172
21.655025 302 4172
21.671280 1198 4172
21.671330 1198 4172
21.671369 366 4172
21.671407 110 4172
21.690851 110 4172
21.715335 942 4172
21.756334 206 4172
21.759692 1198 4172
21.792545 110 4172
21.803352 1198 4172
21.803444 430 4172
21.891434 110 4172
21.935615 110 4172
22.199734 110 4172
22.419553 110 4172
22.463646 110 4172
22.507493 110 4172
22.723469 110 4172
23.027414 110 4172
23.291437 110 4172
23.379312 110 4172
23.511498 110 4172
23.555391 110 4172
23.819471 110 4172
24.083365 110 4172
24.391387 110 4172
24.479667 110 4172
25.403479 110 4172
25.491427 110 4172
26.415619 110 4172
26.503439 110 4172
26.811428 110 4172
27.383332 110 4172
27.515348 110 4172
28.395344 110 4172
28.483180 110 4172
29.403331 110 4172
29.477125 110 4172
29.491276 110 4172
30.411291 110 4172
30.499384 110 4172
31.419363 110 4172
31.507292 110 4172
32.123234 110 4172
32.387341 110 4172
32.519262 110 4172
33.391394 110 4172
33.479257 110 4172
34.403203 110 4172
34.491243 110 4172
34.799415 110 4172
35.411259 110 4172
35.495383 110 4172
36.503163 110 4172
37.383178 110 4172
37.477238 110 4172
37.515291 110 4172
38.391225 110 4172
38.519340 110 4172
39.399520 110 4172
39.487275 110 4172
40.407143 110 4172
40.495080 110 4172
41.338142 1198 4172
41.338146 1198 4172
41.338200 1198 4172
41.338241 1198 4172
41.338279 1198 4172
41.338318 1198 4172
41.338357 1198 4172
41.338395 222 4172
41.346388 1198 4172
41.346449 1198 4172
41.346500 1198 4172
41.346554 1198 4172
41.346582 942 4172
41.358073 1198 4172
41.358116 1198 4172
41.358154 1198 4172
41.358206 1198 4172
41.358266 1198 4172
41.358319 750 4172
41.367175 1198 4172
41.367210 1198 4172
41.367239 1198 4172
41.367265 1198 4172
41.367293 1198 4172
41.371149 958 4172
41.371198 1198 4172
41.371232 1198 4172
41.383064 1198 4172
41.383101 1198 4172
41.391219 110 4172
41.391263 1198 4172
41.391304 1198 4172
41.399168 366 4172
41.399212 1198 4172
41.399239 1198 4172
41.407298 1198 4172
41.407320 1198 4172
41.418364 1198 4172
41.418383 478 4172
41.423299 1198 4172
41.423326 1198 4172
41.431196 1198 4172
41.431251 1198 4172
41.439535 1070 4172
41.439582 1198 4172
41.439624 1198 4172
41.447191 1198 4172
41.447261 1198 4172
41.455266 1198 4172
41.455293 1198 4172
41.459112 1198 4172
41.459147 1198 4172
41.471295 1198 4172
41.471310 1198 4172
41.479180 1198 4172
41.479226 1198 4172
41.483094 60 60000
41.487264 926 4172
41.487300 1198 4172
41.495096 110 4172
41.495137 110 4172
41.495169 1198 4172
41.495202 1198 4172
41.503228 1198 4172
41.503264 1198 4172
41.511139 670 4172
41.511174 1198 4172
41.511206 1198 4172
41.519266 1198 4172
41.519312 1198 4172
41.527123 1198 4172
41.527168 1182 4172
41.535236 1198 4172
41.535276 1198 4172
41.543151 1198 4172
41.543227 1198 4172
41.547128 1198 4172
41.547161 1198 4172
41.547203 590 4172
41.559263 1198 4172
41.559300 1198 4172
41.567199 1198 4172
41.567243 1198 4172
41.575184 1198 4172
41.575231 590 4172
41.575279 1198 4172
41.583237 1198 4172
41.583279 1198 4172
41.591125 1198 4172
41.600084 462 4172
41.600168 1198 4172
41.607160 1198 4172
41.607201 1198 4172
41.615645 1198 4172
41.615668 126 4172
41.615703 1198 4172
41.623118 1198 4172
41.631149 1198 4172
41.631191 1198 4172
41.631243 1198 4172
41.635048 1198 4172
41.635076 526 4172
41.635112 1198 4172
41.647252 1198 4172
41.647340 1198 4172
41.655141 1198 4172
41.655179 1198 4172
41.663232 1198 4172
41.663282 1198 4172
41.671133 590 4172
41.671174 1198 4172
41.671245 1198 4172
41.679221 1198 4172
41.679260 1198 4172
41.687182 1198 4172
41.687226 1198 4172
41.687270 862 4172
41.695165 1198 4172
41.695487 1198 4172
41.703107 1198 4172
41.703143 1198 4172
41.711227 1198 4172
41.711263 1198 4172
41.711314 926 4172
41.719313 1198 4172
41.719358 1198 4172
41.723058 1198 4172
41.723093 1198 4172
41.723134 1198 4172
41.735193 1198 4172
41.735236 1198 4172
41.743183 270 4172
41.743230 1198 4172
41.743277 1198 4172
41.751255 1198 4172
41.751310 1198 4172
41.761369 110 4172
41.761397 1198 4172
41.761425 1198 4172
41.761452 1198 4172
41.767103 270 4172
41.767132 1198 4172
41.767170 1198 4172
41.775143 1198 4172
41.775203 1198 4172
41.783143 1198 4172
41.783159 1102 4172
41.791157 1198 4172
41.791181 1198 4172
41.791216 1198 4172
41.799154 1198 4172
41.799178 1198 4172
41.808331 894 4172
41.808383 1198 4172
41.808423 1198 4172
41.811061 1198 4172
41.811089 1198 4172
41.823192 766 4172
41.823221 1198 4172
41.831131 1198 4172
41.831151 1198 4172
41.839195 1198 4172
41.839216 1198 4172
41.847135 1198 4172
41.847159 1198 4172
41.860202 958 4172
41.860356 1198 4172
41.860391 1198 4172
41.863164 1198 4172
41.863206 1198 4172
41.871185 1198 4172
41.871224 1198 4172
41.879115 1198 4172
41.887291 1198 4172
41.887306 1198 4172
41.895362 1198 4172
41.895402 1198 4172
41.904117 942 4172
41.904318 1198 4172
41.905997 1198 4172
41.907848 1198 4172
41.911386 1198 4172
41.921774 1198 4172
41.921846 558 4172
41.934436 1198 4172
41.934462 1198 4172
41.947308 1198 4172
41.955886 1198 4172
41.956734 1198 4172
41.956764 1198 4172
41.956793 1198 4172
41.956820 542 4172
41.956849 1198 4172
41.959143 1198 4172
41.960073 1198 4172
41.968948 1198 4172
41.968982 1198 4172
41.975327 574 4172
41.975439 1198 4172
41.984839 574 4172
41.984926 1198 4172
41.984967 1198 4172
41.991220 1198 4172
41.991246 1198 4172
41.991272 1198 4172
42.003437 1198 4172
42.003474 1102 4172
42.008195 1198 4172
42.008230 1198 4172
42.015737 1198 4172
42.015773 1198 4172
42.023131 126 4172
42.023169 110 4172
42.023196 446 4172
42.023226 1198 4172
42.023253 1198 4172
42.031648 1198 4172
42.031670 1198 4172
42.039342 1198 4172
42.039371 1198 4172
42.039406 1198 4172
42.062334 238 4172
42.062564 1198 4172
42.062604 1198 4172
42.063882 1198 4172
42.076726 1198 4172
42.081514 1198 4172
42.082068 830 4172
42.082113 1198 4172
42.082556 1198 4172
42.082596 1198 4172
42.083056 1198 4172
42.083094 126 4172
42.083501 1198 4172
42.083974 1198 4172
42.084031 1086 4172
42.090708 1198 4172
42.090752 1198 4172
42.092239 1198 4172
42.092279 1198 4172
42.103219 1198 4172
42.103247 1198 4172
42.103276 638 4172
42.111555 1198 4172
42.119202 1198 4172
42.119251 1198 4172
42.127391 1198 4172
42.127435 606 4172
42.127469 1198 4172
42.137022 1198 4172
42.137552 1198 4172
42.145157 1198 4172
42.145217 1198 4172
42.152702 1198 4172
42.152761 1198 4172
42.152783 526 4172
42.161507 1198 4172
42.161620 1198 4172
42.161657 1198 4172
42.167124 1198 4172
42.167156 1198 4172
42.175219 1118 4172
42.175252 1198 4172
42.175284 1198 4172
42.183571 1198 4172
42.183607 1198 4172
42.199824 1198 4172
42.200314 366 4172
42.200344 1198 4172
42.207229 1198 4172
42.207272 1198 4172
42.207303 1198 4172
42.207330 1198 4172
42.207358 1198 4172
42.215198 1198 4172
42.215254 910 4172
42.215285 1198 4172
42.223161 1198 4172
42.223186 1198 4172
42.231336 1198 4172
42.231392 1198 4172
42.231440 1198 4172
42.235619 142 4172
42.235662 1198 4172
42.235718 1198 4172
42.247211 1198 4172
42.247232 1198 4172
42.265607 1198 4172
42.266296 830 4172
42.266339 1198 4172
42.279623 1198 4172
42.280095 1198 4172
42.280126 1198 4172
42.295946 430 4172
42.295990 1198 4172
42.296022 1198 4172
42.296052 1198 4172
42.296082 1198 4172
42.296126 110 4172
42.303851 1198 4172
42.303876 1198 4172
42.303906 990 4172
42.303936 1198 4172
42.303967 1198 4172
42.311196 1198 4172
42.311229 1198 4172
42.311268 1198 4172
42.327698 1198 4172
42.327724 1198 4172
42.337331 846 4172
42.337352 1198 4172
42.337386 1198 4172
42.337415 1198 4172
42.337441 1198 4172
42.375721 1198 4172
42.376465 942 4172
42.376506 1198 4172
42.378442 60 60000
42.379137 1198 4172
42.379171 1198 4172
42.379196 878 4172
42.379219 414 4172
42.379252 270 4172
42.379280 190 4172
42.379311 190 4172
42.379340 190 4172
42.379370 190 4172
42.379400 190 4172
42.379430 190 4172
42.379459 1086 4172
42.379487 1198 4172
42.379523 190 4172
42.379555 734 4172
42.379579 190 4172
42.379605 190 4172
42.379638 190 4172
42.379669 190 4172
42.379694 190 4172
42.380962 1198 4172
42.381001 1198 4172
42.381036 254 4172
42.389357 110 4172
42.389457 398 4172
42.389493 222 4172
42.389526 174 4172
42.389556 174 4172
42.389584 174 4172
42.395144 1198 4172
42.395203 174 4172
42.395227 174 4172
42.395258 174 4172
42.395288 1198 4172
42.395315 174 4172
42.395358 1198 4172
42.395449 558 4172
42.409072 174 4172
42.427638 174 4172
42.427680 174 4172
42.427715 174 4172
42.427753 174 4172
42.427784 1198 4172
42.427806 1198 4172
42.427985 814 4172
42.428026 126 4172
42.471140 846 4172
42.515260 110 4172
42.551441 110 4172
42.559647 126 4172
42.571469 126 4172
42.577036 318 4172
42.579411 110 4172
42.589358 126 4172
42.603161 1198 4172
42.603485 1198 4172
42.603525 1198 4172
42.603554 1198 4172
42.603583 1070 4172
42.647187 1198 4172
42.647229 510 4172
42.677155 1198 4172
42.677188 1198 4172
42.677222 366 4172
42.677254 302 4172
42.677285 1198 4172
42.677316 126 4172
42.691160 110 4172
42.725403 222 4172
42.725487 654 4172
42.735497 1198 4172
42.735557 1198 4172
42.735600 318 4172
42.777140 990 4172
42.778992 110 4172
42.819272 366 4172
42.823043 110 4172
42.823092 110 4172
42.823136 110 4172
42.823175 1198 4172
42.823213 142 4172
42.867167 1198 4172
42.867217 478 4172
42.911375 110 4172
42.999173 110 4172
43.087529 110 4172
43.087537 110 4172
43.087603 110 4172
43.351290 110 4172
43.351312 110 4172
43.351355 110 4172
43.395142 110 4172
43.483000 110 4172
43.659009 110 4172
43.923213 110 4172
44.183240 110 4172
44.395135 110 4172
44.439217 110 4172
44.483116 110 4172
44.703409 110 4172
44.967059 110 4172
45.231302 110 4172
45.407379 110 4172
45.495185 110 4172
46.415377 110 4172
46.503222 110 4172
47.415044 110 4172
47.503476 110 4172
47.899160 110 4172
48.379054 110 4172
48.507163 110 4172
49.382959 110 4172
50.391141 110 4172
50.479072 110 4172
50.611056 110 4172
51.395078 110 4172
51.483238 110 4172
52.403004 110 4172
52.491047 110 4172
53.004023 366 4172
53.004076 174 4172
53.004114 174 4172
53.004151 174 4172
53.008225 174 4172
53.008274 174 4172
53.008310 174 4172
53.011507 1198 4172
53.011546 174 4172
53.011583 1198 4172
53.011619 558 4172
53.015335 830 4172
53.015378 174 4172
53.015413 174 4172
53.018963 174 4172
53.019004 174 4172
53.019041 174 4172
53.063019 318 4172
53.063512 1198 4172
53.063568 1198 4172
53.063618 1198 4172
53.063665 1198 4172
53.063723 1198 4172
53.063767 558 4172
53.163718 1198 4172
53.163794 1198 4172
53.163910 366 4172
53.171900 1198 4172
53.171967 1198 4172
53.172020 318 4172
53.179568 1198 4172
53.179624 1198 4172
53.179672 1198 4172
53.179720 1198 4172
53.179773 1070 4172
53.191579 510 4172
53.195011 430 4172
53.213350 1198 4172
53.213408 206 4172
53.221470 1198 4172
53.221530 446 4172
53.223328 1198 4172
53.223384 1198 4172
53.223432 190 4172
53.238952 1198 4172
53.282995 110 4172
53.415109 110 4172
53.503100 110 4172
53.546945 110 4172
53.810919 110 4172
54.074995 110 4172
54.377262 110 4172
54.383029 110 4172
54.511246 110 4172
55.390988 110 4172
55.478999 110 4172
56.403029 110 4172
56.491326 110 4172
57.063004 110 4172
57.414999 110 4172
57.503041 110 4172
58.382925 110 4172
58.514927 110 4172
59.395026 110 4172
59.482896 110 4172
59.743195 110 4172
60.402986 110 4172
60.490953 110 4172
61.411034 110 4172
61.498943 110 4172
62.395265 110 4172
62.414930 110 4172
62.458875 654 4172
62.502890 110 4172
62.591540 126 4172
62.626897 60 60000
62.630283 158 4172
62.634856 1198 4172
62.634912 1198 4172
62.634960 1198 4172
62.635005 1198 4172
62.635051 1198 4172
62.635094 1166 4172
62.654076 1198 4172
62.654104 1198 4172
62.654162 1198 4172
62.654210 1198 4172
62.654259 1198 4172
62.654306 1198 4172
62.654365 1198 4172
62.654400 1198 4172
62.654434 446 4172
62.668552 1198 4172
62.668582 1198 4172
62.668615 1198 4172
62.668643 1198 4172
62.668696 1198 4172
62.668750 1198 4172
62.668797 1198 4172
62.668838 574 4172
62.670935 1198 4172
62.671243 1198 4172
62.673086 1198 4172
62.673128 1198 4172
62.673160 1198 4172
62.673187 1198 4172
62.673214 1198 4172
62.673241 1198 4172
62.679203 1198 4172
62.679231 1198 4172
62.687197 1198 4172
62.687228 1198 4172
62.687260 1198 4172
62.694982 1198 4172
62.695038 1198 4172
62.703036 878 4172
62.703095 222 4172
62.703124 1198 4172
62.703156 1198 4172
62.711002 1198 4172
62.711037 1198 4172
62.711081 1198 4172
62.720899 1198 4172
62.720937 1134 4172
62.722849 1198 4172
62.722899 1198 4172
62.722935 1198 4172
62.734971 1198 4172
62.734994 1198 4172
62.735041 1198 4172
62.742913 862 4172
62.742940 1198 4172
62.751448 1198 4172
62.751528 1198 4172
62.758963 1198 4172
62.759011 1198 4172
62.759051 1086 4172
62.769204 1198 4172
62.769486 1198 4172
62.774962 1198 4172
62.775007 1198 4172
62.775063 1198 4172
62.782981 1198 4172
62.783024 1198 4172
62.783074 1198 4172
62.790922 1198 4172
62.790961 1198 4172
62.799012 142 4172
62.799053 1198 4172
62.799096 1198 4172
62.799142 1198 4172
62.806977 1198 4172
62.807016 1198 4172
62.807059 1198 4172
62.810897 1198 4172
62.810934 1086 4172
62.822978 1198 4172
62.823005 1198 4172
62.823038 1198 4172
62.831037 1198 4172
62.831075 1198 4172
62.831117 1198 4172
62.838967 1198 4172
62.839053 142 4172
62.847114 1198 4172
62.847141 1198 4172
62.847193 1198 4172
62.854979 1198 4172
62.855000 1198 4172
62.855033 1198 4172
62.864699 1198 4172
62.864893 270 4172
62.864937 1198 4172
62.870915 1198 4172
62.870944 1198 4172
62.870976 1198 4172
62.878982 1198 4172
62.879028 1198 4172
62.879064 1198 4172
62.886945 894 4172
62.886995 1198 4172
62.887033 1198 4172
62.895049 1198 4172
62.895075 1198 4172
62.898837 1198 4172
62.898861 1198 4172
62.898901 1038 4172
62.911318 1198 4172
62.911347 1198 4172
62.911380 1198 4172
62.918964 1198 4172
62.918997 1198 4172
62.919032 1198 4172
62.927575 110 4172
62.927617 1198 4172
62.927750 1198 4172
62.937465 1198 4172
62.937492 1198 4172
62.943005 1198 4172
62.943036 1198 4172
62.943069 1198 4172
62.956827 1182 4172
62.956872 494 4172
62.956910 190 4172
62.956948 670 4172
62.956986 718 4172
62.962928 590 4172
62.962970 1198 4172
62.963033 1198 4172
62.963075 1198 4172
62.963114 286 4172
62.963152 1086 4172
62.970940 142 4172
62.970965 894 4172
62.979006 958 4172
62.979044 878 4172
62.979081 1198 4172
62.988778 1198 4172
62.989045 1054 4172
62.999703 1198 4172
62.999752 1198 4172
62.999796 878 4172
63.008696 622 4172
63.008767 1198 4172
63.037913 126 4172
63.037970 1198 4172
63.038006 1198 4172
63.038046 1198 4172
63.038084 1198 4172
63.038131 1198 4172
63.038165 1022 4172
63.046255 1198 4172
63.047699 1198 4172
63.047764 1198 4172
63.047797 1198 4172
63.047831 1198 4172
63.047862 1198 4172
63.047889 1198 4172
63.047924 366 4172
63.047992 1198 4172
63.051059 1198 4172
63.051117 1198 4172
63.051154 1198 4172
63.059956 1198 4172
63.060002 1198 4172
63.060037 622 4172
63.066961 1198 4172
63.067007 1198 4172
63.075272 1198 4172
63.075388 1198 4172
63.075506 1198 4172
63.083123 1198 4172
63.083233 1198 4172
63.083271 1198 4172
63.103960 606 4172
63.104943 1198 4172
63.105463 1198 4172
63.106930 1198 4172
63.106974 1198 4172
63.107016 1198 4172
63.107045 1198 4172
63.107076 1198 4172
63.115055 574 4172
63.115080 1198 4172
63.115116 1198 4172
63.115148 1198 4172
63.123085 1198 4172
63.123130 1198 4172
63.123158 1198 4172
63.134377 1054 4172
63.152228 1198 4172
63.152420 1198 4172
63.155389 1198 4172
63.156248 1198 4172
63.156374 1198 4172
63.156415 1198 4172
63.156448 430 4172
63.156478 1198 4172
63.156508 1198 4172
63.156539 1198 4172
63.163317 1198 4172
63.164011 1198 4172
63.164458 1198 4172
63.171110 958 4172
63.171150 1198 4172
63.171178 1198 4172
63.179029 1198 4172
63.179068 1198 4172
63.179150 1198 4172
63.187095 1198 4172
63.187135 1198 4172
63.187168 1198 4172
63.196954 958 4172
63.197716 1198 4172
63.197845 110 4172
63.204488 1198 4172
63.204533 1198 4172
63.211514 1198 4172
63.211735 1198 4172
63.211863 1198 4172
63.221023 1198 4172
63.221110 206 4172
63.221134 1198 4172
63.221167 1198 4172
63.226970 1198 4172
63.227005 1198 4172
63.227039 1198 4172
63.234995 1198 4172
63.235032 1198 4172
63.235067 1198 4172
63.242924 1022 4172
63.242964 1198 4172
63.251418 1198 4172
63.251559 1198 4172
63.251588 1198 4172
63.258653 1198 4172
63.259268 1198 4172
63.259345 878 4172
63.267904 1198 4172
63.267974 1198 4172
63.268002 1198 4172
63.274877 1198 4172
63.274921 1198 4172
63.274957 1198 4172
63.286425 686 4172
63.286705 1198 4172
63.286910 1198 4172
63.287305 1198 4172
63.290902 1198 4172
63.290940 1198 4172
63.299005 1198 4172
63.299037 910 4172
63.299066 1198 4172
63.306884 1198 4172
63.306930 1198 4172
63.318979 1198 4172
63.319035 1198 4172
63.319074 1198 4172
63.324081 686 4172
63.324137 1198 4172
63.324241 1198 4172
63.330391 1198 4172
63.330445 878 4172
63.330478 270 4172
63.330508 190 4172
63.330533 190 4172
63.330560 190 4172
63.330587 190 4172
63.330833 1198 4172
63.340830 190 4172
63.340867 190 4172
63.340903 190 4172
63.340985 190 4172
63.341017 190 4172
63.341048 190 4172
63.354747 606 4172
63.356618 622 4172
63.373931 1198 4172
63.374770 1198 4172
63.384365 734 4172
63.384416 574 4172
63.384446 222 4172
63.384473 190 4172
63.384499 190 4172
63.384526 190 4172
63.384552 190 4172
63.384578 1198 4172
63.384611 1198 4172
63.384639 1198 4172
63.384666 142 4172
63.384736 1198 4172
63.406179 1198 4172
63.406221 350 4172
63.406261 1198 4172
63.406291 1198 4172
63.406318 558 4172
63.406348 1198 4172
63.406375 1198 4172
63.406406 590 4172
63.406433 1198 4172
63.409275 110 4172
63.410096 1198 4172
63.410140 526 4172
63.410170 1198 4172
63.410224 318 4172
63.416834 622 4172
63.416876 1198 4172
63.416906 382 4172
63.416934 1198 4172
63.416961 622 4172
63.416987 190 4172
63.417015 190 4172
63.417040 190 4172
63.417067 1198 4172
63.417097 1198 4172
63.417122 526 4172
63.417147 222 4172
63.417172 190 4172
63.417197 190 4172
63.417222 190 4172
63.417248 190 4172
63.418901 1198 4172
63.418935 1198 4172
63.418962 1198 4172
63.418988 254 4172
63.426958 1198 4172
63.427066 1198 4172
63.433564 414 4172
63.433610 1198 4172
63.433640 1198 4172
63.443564 1198 4172
63.443612 1198 4172
63.443648 878 4172
63.450937 1198 4172
63.450979 1198 4172
63.451005 734 4172
63.459379 1198 4172
63.459439 1198 4172
63.459469 446 4172
63.459499 110 4172
63.459528 1198 4172
63.471999 798 4172
63.472460 750 4172
63.472529 190 4172
63.472685 190 4172
63.472715 190 4172
63.472741 1198 4172
63.473959 60 60000
63.475384 1198 4172
63.475450 686 4172
63.475481 446 4172
63.475508 222 4172
63.475536 174 4172
63.475583 174 4172
63.475608 174 4172
63.475633 174 4172
63.475658 1198 4172
63.475685 1198 4172
63.491051 1198 4172
63.491129 254 4172
63.491162 110 4172
63.491199 1198 4172
63.491233 1198 4172
63.501200 702 4172
63.501282 1198 4172
63.501712 1198 4172
63.501753 1198 4172
63.507036 766 4172
63.507075 1198 4172
63.508346 1198 4172
63.516976 1198 4172
63.517155 1022 4172
63.519146 1198 4172
63.519192 1198 4172
63.519224 558 4172
63.571544 1198 4172
63.571831 1198 4172
63.571872 670 4172
63.571909 1198 4172
63.577521 814 4172
63.577572 174 4172
63.577599 174 4172
63.577629 174 4172
63.577657 1198 4172
63.577684 1198 4172
63.577713 814 4172
63.577740 126 4172
63.577767 1198 4172
63.617722 110 4172
63.658871 126 4172
63.688717 110 4172
63.702864 126 4172
63.746928 174 4172
63.747103 110 4172
63.747127 110 4172
63.747160 110 4172
63.747191 126 4172
63.777372 1198 4172
63.777399 1198 4172
63.777449 366 4172
63.777487 302 4172
63.777528 174 4172
63.777554 238 4172
63.789294 110 4172
63.791098 1198 4172
63.791131 1198 4172
63.791193 1198 4172
63.791228 1198 4172
63.791258 1198 4172
63.791286 1198 4172
63.791312 142 4172
63.803419 1198 4172
63.803499 1198 4172
63.803534 1198 4172
63.803566 1198 4172
63.803597 1198 4172
63.803644 1198 4172
63.803678 430 4172
63.811470 1198 4172
63.811506 1198 4172
63.811540 1198 4172
63.811572 1198 4172
63.811602 1198 4172
63.811632 1198 4172
63.811661 1198 4172
63.811690 1198 4172
63.811719 766 4172
63.818912 1198 4172
63.818953 1198 4172
63.818983 1198 4172
63.819010 1198 4172
63.819037 1198 4172
63.819065 1198 4172
63.819088 1198 4172
63.826879 1198 4172
63.826913 1198 4172
63.826943 1198 4172
63.834855 1198 4172
63.834912 542 4172
63.834945 1198 4172
63.842926 1198 4172
63.842965 1198 4172
63.842999 1198 4172
63.851026 1198 4172
63.851067 1198 4172
63.851102 1198 4172
63.858875 1198 4172
63.858928 814 4172
63.858971 1198 4172
63.859010 1198 4172
63.866953 1198 4172
63.867009 1198 4172
63.874992 878 4172
63.875036 1198 4172
63.875072 1198 4172
63.878793 1198 4172
63.878830 798 4172
63.878884 1134 4172
63.888527 110 4172
63.888578 1198 4172
63.888612 814 4172
63.920525 206 4172
63.922772 126 4172
63.967128 126 4172
63.989150 110 4172
64.010969 126 4172
64.010985 110 4172
64.011026 110 4172
64.011058 110 4172
64.054997 126 4172
64.098986 110 4172
64.187424 110 4172
64.195405 126 4172
64.207872 126 4172
64.215876 990 4172
64.224109 1198 4172
64.224201 654 4172
64.230900 1198 4172
64.230950 1150 4172
64.244241 1198 4172
64.244375 1198 4172
64.244381 462 4172
64.256202 1198 4172
64.256291 1198 4172
64.256294 1198 4172
64.256331 750 4172
64.256368 110 4172
64.256404 110 4172
64.256439 110 4172
64.268016 1198 4172
64.268101 1198 4172
64.268140 1198 4172
64.268177 270 4172
64.268213 1198 4172
64.274909 1198 4172
64.274952 1198 4172
64.274991 110 4172
64.287998 1198 4172
64.288125 334 4172
64.299852 1198 4172
64.299936 142 4172
64.319333 1198 4172
64.319411 478 4172
64.407051 110 4172
64.495108 110 4172
64.539052 110 4172
64.539180 110 4172
64.539190 110 4172
64.799367 110 4172
64.799391 110 4172
64.799449 110 4172
65.063083 110 4172
65.327233 110 4172
65.503162 110 4172
65.587029 110 4172
65.895034 110 4172
66.159186 110 4172
66.378861 110 4172
66.422951 110 4172
66.511250 110 4172
66.687340 110 4172
66.950991 110 4172
67.391289 110 4172
67.478922 110 4172
68.394892 110 4172
68.482886 110 4172
69.406957 110 4172
69.494862 110 4172
69.626860 110 4172
70.419038 110 4172
70.506919 110 4172
71.378819 110 4172
71.510939 110 4172
72.334935 110 4172
72.378776 110 4172
72.510920 110 4172
73.390843 110 4172
73.478794 110 4172
74.398967 110 4172
74.486943 110 4172
75.010924 110 4172
75.402891 110 4172
75.490918 110 4172
76.406881 110 4172
76.494864 110 4172
77.414849 110 4172
77.502852 110 4172
77.722869 110 4172
78.378835 110 4172
78.510816 110 4172
79.386899 110 4172
79.518909 110 4172
80.394822 110 4172
80.394904 110 4172
80.482768 110 4172
81.398873 110 4172
81.486864 110 4172
82.406793 110 4172
82.494740 110 4172
83.418787 110 4172
83.511466 110 4172
83.726833 60 60000
83.734919 270 4172
83.734959 254 4172
83.738627 270 4172
83.738661 318 4172
83.738690 222 4172
83.738717 222 4172
83.738744 606 4172
83.738770 462 4172
83.745293 222 4172
83.745323 222 4172
83.745372 238 4172
83.745402 270 4172
83.745430 334 4172
83.745460 238 4172
83.745488 270 4172
83.745514 430 4172
83.774768 1198 4172
83.774814 1198 4172
83.774854 1198 4172
83.774889 1198 4172
83.774925 1198 4172
83.774957 558 4172
83.899210 1198 4172
83.899296 1198 4172
83.899341 222 4172
83.906681 158 4172
83.915230 174 4172
83.923946 142 4172
83.950814 334 4172
83.950962 190 4172
84.082750 318 4172
84.102997 190 4172
84.113407 158 4172
84.113440 110 4172
84.125444 174 4172
84.132712 1198 4172
84.132757 1198 4172
84.132788 1198 4172
84.132817 174 4172
84.132843 1086 4172
84.132870 110 4172
84.132902 862 4172
84.132929 926 4172
84.132955 862 4172
84.132983 1198 4172
84.133009 1198 4172
84.133073 1198 4172
84.133100 1006 4172
84.133127 1198 4172
84.133154 958 4172
84.167202 1198 4172
84.181397 1198 4172
84.181453 1198 4172
84.181486 1198 4172
84.181514 1198 4172
84.181542 1198 4172
84.181574 1198 4172
84.181601 494 4172
84.181633 1198 4172
84.181659 1198 4172
84.181689 1198 4172
84.181717 1198 4172
84.181745 1198 4172
84.181773 1198 4172
84.181803 1022 4172
84.187776 1198 4172
84.189188 1198 4172
84.189323 1198 4172
84.189360 1198 4172
84.189395 1198 4172
84.189428 1198 4172
84.189459 1198 4172
84.189488 990 4172
84.199919 1198 4172
84.202686 1198 4172
84.202722 1198 4172
84.202756 1198 4172
84.202789 1198 4172
84.202830 1198 4172
84.202861 1070 4172
84.202901 1198 4172
84.202932 1198 4172
84.202964 1198 4172
84.202997 1198 4172
84.212619 1198 4172
84.213070 1198 4172
84.213170 1198 4172
84.218789 846 4172
84.218830 1198 4172
84.218858 1198 4172
84.223035 1198 4172
84.223072 1198 4172
84.223100 1198 4172
84.235703 1198 4172
84.236139 1198 4172
84.236250 1198 4172
84.256802 1198 4172
84.258281 430 4172
84.258311 1198 4172
84.258342 1198 4172
84.258648 1198 4172
84.258684 1198 4172
84.258752 1198 4172
84.258976 1198 4172
84.259011 574 4172
84.259142 1198 4172
84.266737 1198 4172
84.266761 1198 4172
84.266787 1198 4172
84.279044 1198 4172
84.279205 1198 4172
84.279233 1198 4172
84.286184 174 4172
84.286229 1198 4172
84.286268 1198 4172
84.286298 1198 4172
84.290905 1198 4172
84.290944 1198 4172
84.299445 1198 4172
84.301144 1198 4172
84.301201 1198 4172
84.301234 222 4172
84.318125 1198 4172
84.318465 1198 4172
84.319101 1198 4172
84.327870 1198 4172
84.327929 1198 4172
84.327964 1198 4172
84.327996 1198 4172
84.328026 894 4172
84.328064 126 4172
84.328093 1198 4172
84.330673 1198 4172
84.330714 1198 4172
84.330748 1198 4172
84.338850 1198 4172
84.339004 1198 4172
84.339036 1198 4172
84.349381 1198 4172
84.349485 1198 4172
84.349511 1198 4172
84.355103 542 4172
84.355145 1198 4172
84.355185 1198 4172
84.355215 1198 4172
84.366129 1198 4172
84.366132 1198 4172
84.366217 1198 4172
84.371025 990 4172
84.371060 1198 4172
84.371092 1198 4172
84.375560 110 4172
84.375601 1198 4172
84.375652 1198 4172
84.386774 1198 4172
84.386849 110 4172
84.386882 1038 4172
84.386912 1198 4172
84.394714 1198 4172
84.394739 1198 4172
84.394775 1198 4172
84.394805 1198 4172
84.402842 1198 4172
84.402876 1198 4172
84.402934 334 4172
84.410745 1198 4172
84.410781 1198 4172
84.410810 1198 4172
84.410837 1198 4172
84.424313 1198 4172
84.424315 1198 4172
84.424401 1198 4172
84.426685 1198 4172
84.426703 942 4172
84.426738 1198 4172
84.439292 1198 4172
84.439398 1198 4172
84.446227 190 4172
84.446257 302 4172
84.446286 254 4172
84.446312 190 4172
84.446338 190 4172
84.446364 190 4172
84.446394 190 4172
84.455578 190 4172
84.455678 190 4172
84.455704 190 4172
84.455730 190 4172
84.455763 190 4172
84.455787 190 4172
84.458782 190 4172
84.458814 190 4172
84.458841 190 4172
84.458866 190 4172
84.458893 1198 4172
84.458919 1198 4172
84.458945 1198 4172
84.458971 366 4172
84.458998 686 4172
84.459025 222 4172
84.459051 190 4172
84.459075 190 4172
84.459100 190 4172
84.459125 190 4172
84.471309 190 4172
84.471396 190 4172
84.471420 190 4172
84.471446 190 4172
84.471483 190 4172
84.471543 190 4172
84.471572 190 4172
84.475077 190 4172
84.475155 190 4172
84.475188 190 4172
84.475215 1198 4172
84.475274 1198 4172
84.475303 718 4172
84.475331 222 4172
84.475417 190 4172
84.475443 190 4172
84.475467 190 4172
84.475491 190 4172
84.475517 190 4172
84.482809 190 4172
84.482853 190 4172
84.482881 190 4172
84.482908 190 4172
84.482934 190 4172
84.490040 190 4172
84.490071 190 4172
84.490105 110 4172
84.490134 190 4172
84.490163 190 4172
84.490193 1198 4172
84.490277 1198 4172
84.490308 878 4172
84.490339 1198 4172
84.490369 110 4172
84.491001 222 4172
84.491031 190 4172
84.500300 190 4172
84.500333 190 4172
84.500370 190 4172
84.500400 190 4172
84.500430 190 4172
84.500459 190 4172
84.500487 190 4172
84.536511 190 4172
84.536616 190 4172
84.536619 190 4172
84.536642 190 4172
84.536668 190 4172
84.536695 190 4172
84.536723 1198 4172
84.536750 1198 4172
84.536778 1022 4172
84.540425 222 4172
84.540460 190 4172
84.540491 190 4172
84.540520 190 4172
84.540548 190 4172
84.540576 190 4172
84.540602 190 4172
84.540629 190 4172
84.540660 190 4172
84.540685 190 4172
84.540711 190 4172
84.540740 190 4172
84.540769 190 4172
84.540795 190 4172
84.540821 190 4172
84.540849 1198 4172
84.540876 1198 4172
84.540904 1198 4172
84.540930 430 4172
84.567073 1198 4172
84.567499 430 4172
84.570839 222 4172
84.570871 190 4172
84.570898 190 4172
84.570926 190 4172
84.570952 190 4172
84.570980 190 4172
84.571006 190 4172
84.571034 190 4172
84.571061 190 4172
84.571087 190 4172
84.571114 190 4172
84.571147 190 4172
84.571173 190 4172
84.571203 190 4172
84.571229 1198 4172
84.571255 1198 4172
84.571283 1198 4172
84.571308 590 4172
84.578364 190 4172
84.600656 110 4172
84.619778 222 4172
84.619802 190 4172
84.619880 190 4172
84.619895 190 4172
84.619923 190 4172
84.619950 190 4172
84.619978 190 4172
84.620003 190 4172
84.620029 190 4172
84.620054 190 4172
84.620080 190 4172
84.620105 190 4172
84.620131 190 4172
84.620156 190 4172
84.620182 190 4172
84.620208 1198 4172
84.620235 1198 4172
84.620261 1198 4172
84.620287 734 4172
84.620313 1198 4172
84.620338 1198 4172
84.620364 126 4172
84.622981 222 4172
84.623015 174 4172
84.628883 174 4172
84.628918 1198 4172
84.628952 1198 4172
84.628982 222 4172
84.629014 1198 4172
84.629045 1198 4172
84.629075 1198 4172
84.631376 1198 4172
84.631410 1198 4172
84.631442 1198 4172
84.631473 830 4172
84.636400 1198 4172
84.636429 1198 4172
84.636461 1198 4172
84.636492 990 4172
84.636524 1198 4172
84.636555 1198 4172
84.636584 1198 4172
84.636618 1022 4172
84.639038 1198 4172
84.639071 1198 4172
84.639103 1198 4172
84.639134 110 4172
84.639164 110 4172
84.639195 110 4172
84.639223 206 4172
84.646605 1198 4172
84.646655 606 4172
84.646689 1198 4172
84.646724 1198 4172
84.646758 1198 4172
84.646781 1198 4172
84.646808 446 4172
84.646838 1198 4172
84.646867 1198 4172
84.646896 1198 4172
84.648097 60 60000
84.666354 1198 4172
84.666406 1198 4172
84.666438 1198 4172
84.666467 238 4172
84.666499 1198 4172
84.666630 1198 4172
84.674670 1198 4172
84.674718 1198 4172
84.674754 1198 4172
84.674789 382 4172
84.674826 1198 4172
84.674858 1198 4172
84.684953 1198 4172
84.684995 1198 4172
84.685029 398 4172
84.690776 174 4172
84.690815 174 4172
84.690851 110 4172
84.690884 1198 4172
84.690924 1198 4172
84.690958 1198 4172
84.750946 734 4172
84.750967 270 4172
84.750997 1198 4172
84.795134 110 4172
84.823738 1198 4172
84.823761 670 4172
84.833660 1198 4172
84.833747 1198 4172
84.833774 142 4172
84.838626 1198 4172
84.838670 1198 4172
84.838706 910 4172
84.852626 1198 4172
84.852755 1198 4172
84.852771 1198 4172
84.852801 366 4172
84.861126 1198 4172
84.861226 1198 4172
84.861274 1198 4172
84.861303 654 4172
84.877586 1198 4172
84.877626 1198 4172
84.877659 1198 4172
84.877689 1198 4172
84.877718 286 4172
84.883553 110 4172
84.906671 1198 4172
84.906700 1198 4172
84.906756 1198 4172
84.906786 1198 4172
84.906839 1198 4172
84.906866 1198 4172
84.906892 414 4172
84.927051 110 4172
84.927054 110 4172
84.927143 110 4172
84.966921 1198 4172
84.966953 1198 4172
84.966999 366 4172
84.967032 302 4172
84.967068 1198 4172
84.967101 1198 4172
84.967136 1198 4172
84.967168 1198 4172
84.967201 1198 4172
84.967233 1198 4172
84.967264 1198 4172
84.967295 158 4172
84.970555 238 4172
84.989326 110 4172
85.014810 1198 4172
85.014896 1198 4172
85.014901 1198 4172
85.014944 1198 4172
85.014982 1198 4172
85.015019 1198 4172
85.015054 126 4172
85.056645 1198 4172
85.056727 1198 4172
85.056769 1198 4172
85.056810 1198 4172
85.056845 1198 4172
85.056882 1102 4172
85.058683 990 4172
85.089340 110 4172
85.102989 1198 4172
85.146743 1198 4172
85.146763 1198 4172
85.146804 798 4172
85.174838 1198 4172
85.174926 1198 4172
85.174930 1198 4172
85.174972 494 4172
85.189964 110 4172
85.189979 110 4172
85.190060 110 4172
85.190064 174 4172
85.190103 110 4172
85.190594 1198 4172
85.190637 1198 4172
85.190674 1198 4172
85.190710 1038 4172
85.278920 110 4172
85.364435 1198 4172
85.364516 1198 4172
85.364517 1198 4172
85.364554 1198 4172
85.364591 366 4172
85.366781 1198 4172
85.366827 1198 4172
85.366865 1198 4172
85.366901 1198 4172
85.366939 942 4172
85.377601 1198 4172
85.377649 1198 4172
85.377688 1198 4172
85.377724 1198 4172
85.377763 1198 4172
85.377807 1198 4172
85.377846 462 4172
85.384615 110 4172
85.392460 1198 4172
85.392518 1198 4172
85.392559 1198 4172
85.392605 1198 4172
85.392645 1198 4172
85.392681 1198 4172
85.392717 542 4172
85.400337 1198 4172
85.400379 1198 4172
85.400422 1198 4172
85.400459 1198 4172
85.400496 1198 4172
85.400534 606 4172
85.410711 1198 4172
85.410759 1198 4172
85.410793 1198 4172
85.410825 1198 4172
85.410858 1198 4172
85.410890 766 4172
85.419560 1198 4172
85.419619 142 4172
85.439397 1198 4172
85.439428 478 4172
85.455042 110 4172
85.455103 110 4172
85.455144 110 4172
85.498797 110 4172
85.586828 110 4172
85.718656 110 4172
85.718773 110 4172
85.718822 110 4172
85.982860 110 4172
86.246927 110 4172
86.378690 110 4172
86.494885 110 4172
86.510971 110 4172
86.770710 110 4172
87.034793 110 4172
87.342945 110 4172
87.386797 110 4172
87.519172 110 4172
87.606751 110 4172
87.866816 110 4172
88.130718 110 4172
88.394762 110 4172
88.482780 110 4172
89.406998 110 4172
89.494726 110 4172
90.418800 110 4172
90.506708 110 4172
90.770671 110 4172
91.386758 110 4172
91.518773 110 4172
92.394640 110 4172
92.482657 110 4172
93.402646 110 4172
93.477878 110 4172
93.490588 110 4172
94.410639 110 4172
94.498635 110 4172
95.418598 110 4172
95.506632 110 4172
96.166930 110 4172
96.386477 110 4172
96.518754 110 4172
97.394699 110 4172
97.482560 110 4172
98.406632 110 4172
98.494655 110 4172
98.846791 110 4172
99.418800 110 4172
99.506609 110 4172
100.378520 110 4172
100.510679 110 4172
101.390595 110 4172
101.478582 110 4172
101.522621 110 4172
102.398657 110 4172
102.486592 110 4172
103.410639 110 4172
103.498752 110 4172
104.198629 110 4172
104.418581 110 4172
104.506537 110 4172
104.882923 1198 4172
104.882997 1198 4172
104.882999 1198 4172
104.883034 1198 4172
104.883091 1198 4172
104.883140 1198 4172
104.883180 1198 4172
104.883220 398 4172
104.894679 1198 4172
104.894728 1198 4172
104.894794 1198 4172
104.894854 1198 4172
104.894885 1198 4172
104.894922 1198 4172
104.894964 1198 4172
104.894999 1198 4172
104.895042 462 4172
104.902521 1198 4172
104.902551 1198 4172
104.902588 1198 4172
104.902627 1198 4172
104.902659 1198 4172
104.902696 1198 4172
104.902731 1198 4172
104.902765 238 4172
104.907043 1198 4172
104.907250 60 60000
104.919337 1198 4172
104.919375 1198 4172
104.919434 1198 4172
104.919502 1198 4172
104.919554 1198 4172
104.919590 1198 4172
104.919623 1198 4172
104.919666 1198 4172
104.919702 1198 4172
104.919740 718 4172
104.929889 1198 4172
104.929913 1198 4172
104.929944 1198 4172
104.929980 1198 4172
104.930014 1198 4172
104.930060 1198 4172
104.930095 1198 4172
104.930126 1198 4172
104.930159 1198 4172
104.930191 110 4172
104.947166 1198 4172
104.947252 1198 4172
104.947284 1198 4172
104.947340 1198 4172
104.947401 1198 4172
104.947460 1198 4172
104.950728 1198 4172
104.950783 1198 4172
104.950827 398 4172
104.950857 1198 4172
104.950904 1198 4172
104.958585 1198 4172
104.958643 1198 4172
104.958670 1198 4172
104.958701 1198 4172
104.966672 1198 4172
104.966722 1150 4172
104.966758 1198 4172
104.966792 1198 4172
104.974584 1198 4172
104.974621 1198 4172
104.974654 1198 4172
104.982594 1198 4172
104.982627 1198 4172
104.982685 1070 4172
104.990992 1198 4172
104.991028 1198 4172
104.991066 1198 4172
104.991104 1198 4172
104.998555 1198 4172
104.998609 1198 4172
104.998653 1198 4172
105.006565 1198 4172
105.006614 1198 4172
105.014504 366 4172
105.014545 1198 4172
105.014586 1198 4172
105.014632 1198 4172
105.014679 1198 4172
105.023245 1198 4172
105.023277 1198 4172
105.023316 1198 4172
105.030534 1198 4172
105.030582 1198 4172
105.030625 1198 4172
105.034432 1198 4172
105.034491 174 4172
105.034535 1198 4172
105.034569 1198 4172
105.046494 1198 4172
105.046523 1198 4172
105.046561 1198 4172
105.054555 1198 4172
105.054593 1198 4172
105.054626 1198 4172
105.062526 1198 4172
105.062543 1198 4172
105.070831 494 4172
105.070923 1198 4172
105.070940 1198 4172
105.070996 1198 4172
105.078485 1198 4172
105.086989 1198 4172
105.087070 1198 4172
105.087072 126 4172
105.087102 1198 4172
105.094580 1198 4172
105.094624 1198 4172
105.094668 1198 4172
105.102616 1198 4172
105.102654 1198 4172
105.110559 1198 4172
105.110641 1182 4172
105.110740 1198 4172
105.118720 1198 4172
105.119806 1198 4172
105.120652 1198 4172
105.122381 1198 4172
105.122406 1198 4172
105.135535 1198 4172
105.135574 430 4172
105.135619 1198 4172
105.135650 1198 4172
105.142476 1198 4172
105.142522 1198 4172
105.151251 1198 4172
105.151285 1198 4172
105.151315 1198 4172
105.158566 1198 4172
105.158610 590 4172
105.158649 1198 4172
105.166521 1198 4172
105.166551 1198 4172
105.166585 1198 4172
105.174569 446 4172
105.174609 1198 4172
105.174644 1198 4172
105.182547 1198 4172
105.182561 1198 4172
105.182594 1198 4172
105.190497 1198 4172
105.190521 526 4172
105.190555 1198 4172
105.198536 1198 4172
105.198595 1198 4172
105.198622 1198 4172
105.206495 1198 4172
105.206548 734 4172
105.206583 1198 4172
105.210548 1198 4172
105.210571 1198 4172
105.210602 1198 4172
105.226601 1198 4172
105.229991 1198 4172
105.230033 1198 4172
105.233234 878 4172
105.238494 1198 4172
105.238527 110 4172
105.238561 1198 4172
105.238593 1198 4172
105.238625 1198 4172
105.254998 1198 4172
105.255207 1198 4172
105.255241 1198 4172
105.264019 894 4172
105.264023 1198 4172
105.264053 1198 4172
105.264082 1198 4172
105.264110 1198 4172
105.270509 1198 4172
105.270540 1198 4172
105.270574 1198 4172
105.278903 1198 4172
105.278985 270 4172
105.278995 1198 4172
105.286547 1198 4172
105.286576 1198 4172
105.286608 1198 4172
105.294589 1198 4172
105.294625 1198 4172
105.294662 1198 4172
105.309515 1198 4172
105.309614 1006 4172
105.309636 1198 4172
105.316243 1198 4172
105.316391 1198 4172
105.318655 1198 4172
105.318686 1198 4172
105.318718 1198 4172
105.334372 1198 4172
105.334576 1102 4172
105.336455 1198 4172
105.336914 1198 4172
105.342602 1198 4172
105.342630 1198 4172
105.342664 1198 4172
105.343090 1198 4172
105.350616 1198 4172
105.350659 958 4172
105.350692 1198 4172
105.359533 1198 4172
105.359582 1198 4172
105.359613 1198 4172
105.365972 1198 4172
105.366015 1198 4172
105.391232 1198 4172
105.392220 478 4172
105.395301 1198 4172
105.395358 1198 4172
105.398545 1198 4172
105.398594 1198 4172
105.398630 1198 4172
105.398664 1198 4172
105.398693 110 4172
105.398740 1198 4172
105.398772 430 4172
105.416320 1198 4172
105.421962 1198 4172
105.423649 1198 4172
105.424140 1198 4172
105.430863 1198 4172
105.431000 1198 4172
105.431036 1198 4172
105.431068 1198 4172
105.431097 1198 4172
105.431125 126 4172
105.431154 1198 4172
105.431180 1198 4172
105.452675 1198 4172
105.452831 1198 4172
105.455342 1198 4172
105.455704 1198 4172
105.455794 1198 4172
105.455895 1198 4172
105.456631 1198 4172
105.456750 1198 4172
105.463214 1022 4172
105.463261 1198 4172
105.463288 1198 4172
105.470956 270 4172
105.470995 1198 4172
105.471026 1198 4172
105.478548 1198 4172
105.478672 1198 4172
105.478718 1038 4172
105.491431 110 4172
105.491458 1198 4172
105.491490 1198 4172
105.491522 1198 4172
105.494513 1198 4172
105.494584 1198 4172
105.514197 1198 4172
105.514245 654 4172
105.514282 110 4172
105.514351 1198 4172
105.514390 1198 4172
105.514436 1198 4172
105.521390 1198 4172
105.521434 1198 4172
105.521469 1198 4172
105.521500 1150 4172
105.526516 1198 4172
105.526558 1198 4172
105.526593 1198 4172
105.534527 1198 4172
105.534546 1198 4172
105.534581 1198 4172
105.546249 1198 4172
105.546396 1198 4172
105.546434 286 4172
105.550535 1198 4172
105.550582 1198 4172
105.550616 1198 4172
105.558684 878 4172
105.558725 1198 4172
105.558756 1086 4172
105.566607 1198 4172
105.566695 1198 4172
105.566716 1198 4172
105.574531 302 4172
105.574575 1198 4172
105.574606 1198 4172
105.583191 1198 4172
105.583241 1198 4172
105.583276 1054 4172
105.590543 1198 4172
105.590578 110 4172
105.590610 1198 4172
105.590639 1198 4172
105.599652 1182 4172
105.599767 1198 4172
105.599791 1198 4172
105.606626 1198 4172
105.606659 1198 4172
105.612207 1198 4172
105.612252 302 4172
105.612314 1198 4172
105.612349 1198 4172
105.626155 1198 4172
105.626181 1198 4172
105.626210 798 4172
105.641354 1198 4172
105.641409 1198 4172
105.641445 1198 4172
105.660856 1198 4172
105.660898 254 4172
105.660946 1198 4172
105.660979 1198 4172
105.661011 1198 4172
105.661040 1134 4172
105.665854 1198 4172
105.665916 1198 4172
105.665939 1198 4172
105.665969 1198 4172
105.665995 1198 4172
105.666027 1198 4172
105.670542 1198 4172
105.670579 142 4172
105.670608 1198 4172
105.685491 1198 4172
105.686322 1198 4172
105.686504 1198 4172
105.687185 1198 4172
105.697616 110 4172
105.697659 142 4172
105.697688 1198 4172
105.697721 1198 4172
105.697748 1198 4172
105.697779 1198 4172
105.702533 1198 4172
105.702559 126 4172
105.702591 1198 4172
105.702624 1198 4172
105.708016 1198 4172
105.708061 1198 4172
105.708092 1182 4172
105.714318 60 60000
105.718540 1198 4172
105.718577 1198 4172
105.718613 1198 4172
105.727147 702 4172
105.727184 1198 4172
105.727221 1198 4172
105.734485 1198 4172
105.734521 1198 4172
105.745144 478 4172
105.745176 1198 4172
105.745208 1198 4172
105.775868 1198 4172
105.776506 766 4172
105.776533 622 4172
105.776564 174 4172
105.776593 174 4172
105.776620 1198 4172
105.782474 1198 4172
105.782513 238 4172
105.782547 1198 4172
105.782577 1198 4172
105.782605 1198 4172
105.782632 110 4172
105.782662 1198 4172
105.782689 1198 4172
105.782719 862 4172
105.782749 1198 4172
105.782782 1198 4172
105.782816 1198 4172
105.790698 1198 4172
105.790723 1198 4172
105.790756 1054 4172
105.798479 1198 4172
105.798515 1198 4172
105.798554 1198 4172
105.810008 1198 4172
105.810608 1198 4172
105.810659 1102 4172
105.814509 1198 4172
105.814538 1198 4172
105.820139 1198 4172
105.820195 1198 4172
105.830483 1198 4172
105.830561 1198 4172
105.830591 1198 4172
105.838511 1198 4172
105.838554 238 4172
105.838590 1198 4172
105.838627 1198 4172
105.846516 1198 4172
105.855000 1198 4172
105.855129 1198 4172
105.855149 1198 4172
105.855179 574 4172
105.862466 1198 4172
105.862490 1198 4172
105.862523 1198 4172
105.870897 1198 4172
105.873442 1198 4172
105.873475 1198 4172
105.882750 1198 4172
105.882935 702 4172
105.882970 1198 4172
105.886756 1198 4172
105.886792 1198 4172
105.886824 1198 4172
105.896441 1198 4172
105.896472 1198 4172
105.896508 1198 4172
105.902685 238 4172
105.902731 1198 4172
105.902761 1198 4172
105.910514 1198 4172
105.910547 1198 4172
105.910582 1198 4172
105.914786 1198 4172
105.914821 1198 4172
105.914872 174 4172
105.914910 1198 4172
105.926539 1198 4172
105.926572 1198 4172
105.926598 1198 4172
105.937683 1198 4172
105.938489 1198 4172
105.938517 446 4172
105.938572 1198 4172
105.942510 1198 4172
105.942563 1198 4172
105.954658 1198 4172
105.958868 1198 4172
105.958908 1086 4172
105.958960 1198 4172
105.970726 1198 4172
105.970797 1198 4172
105.970829 1086 4172
105.970858 174 4172
105.970888 1198 4172
105.970919 1198 4172
105.974984 1198 4172
105.975002 734 4172
105.975034 1198 4172
105.991361 174 4172
105.991366 1198 4172
106.004579 1198 4172
106.004711 1198 4172
106.004737 382 4172
106.004787 302 4172
106.004827 1198 4172
106.004862 1054 4172
106.004896 238 4172
106.021388 990 4172
106.038456 222 4172
106.038492 1198 4172
106.038545 1198 4172
106.038583 1198 4172
106.038626 1198 4172
106.038655 1198 4172
106.038685 222 4172
106.046737 110 4172
106.067460 1198 4172
106.067476 830 4172
106.067551 1198 4172
106.067568 1198 4172
106.067604 1198 4172
106.067636 1198 4172
106.067684 1198 4172
106.067715 1198 4172
106.067746 1198 4172
106.067775 126 4172
106.075451 1198 4172
106.075487 1198 4172
106.075517 1198 4172
106.075560 1198 4172
106.075581 1198 4172
106.075611 1198 4172
106.075642 1198 4172
106.075679 158 4172
106.083503 1198 4172
106.083538 1198 4172
106.083571 1198 4172
106.083602 1198 4172
106.083631 1198 4172
106.083662 1198 4172
106.083689 1198 4172
106.083735 1198 4172
106.083767 190 4172
106.090494 1198 4172
106.090536 1198 4172
106.090558 1198 4172
106.090586 1198 4172
106.090618 1198 4172
106.098465 1198 4172
106.098512 1198 4172
106.106461 1198 4172
106.106495 206 4172
106.106525 1198 4172
106.106552 1198 4172
106.114587 1198 4172
106.114634 1198 4172
106.114674 1198 4172
106.122460 1198 4172
106.122503 1198 4172
106.122535 1054 4172
106.130456 1198 4172
106.130503 1198 4172
106.130536 1198 4172
106.134409 1198 4172
106.134443 1198 4172
106.146567 1198 4172
106.146600 910 4172
106.146634 1198 4172
106.146672 1198 4172
106.154573 1198 4172
106.154681 1198 4172
106.162576 1198 4172
106.162617 1198 4172
106.162658 1198 4172
106.170525 1198 4172
106.170562 1198 4172
106.178595 1198 4172
106.178649 1198 4172
106.178685 1198 4172
106.186603 1198 4172
106.186641 1198 4172
106.186679 1198 4172
106.194537 878 4172
106.194589 430 4172
106.194626 1198 4172
106.194666 1198 4172
106.202605 1198 4172
106.202640 1198 4172
106.202679 1198 4172
106.210574 1198 4172
106.210608 1198 4172
106.210641 878 4172
106.218541 1198 4172
106.218585 1198 4172
106.218627 1198 4172
106.223474 1198 4172
106.223519 1198 4172
106.223556 1198 4172
106.234588 846 4172
106.234671 1198 4172
106.234711 1198 4172
106.242496 1198 4172
106.242546 1198 4172
106.242579 1150 4172
106.256762 126 4172
106.266475 142 4172
106.306597 126 4172
106.310451 110 4172
106.398773 110 4172
106.458886 126 4172
106.466865 126 4172
106.477984 158 4172
106.478910 110 4172
106.486343 126 4172
106.500594 990 4172
106.510879 1198 4172
106.510961 350 4172
106.522880 126 4172
106.530488 142 4172
106.543064 126 4172
106.550906 126 4172
106.563713 142 4172
106.574901 1198 4172
106.574991 1198 4172
106.575025 558 4172
106.583994 1198 4172
106.584040 1198 4172
106.584086 414 4172
106.584124 110 4172
106.584165 110 4172
106.584202 110 4172
106.584243 110 4172
106.591700 1198 4172
106.591750 1198 4172
106.591789 1198 4172
106.591827 1198 4172
106.591864 1198 4172
106.591903 1054 4172
106.603609 1198 4172
106.603696 1198 4172
106.603698 158 4172
106.611683 1198 4172
106.611770 1006 4172
106.618459 1198 4172
106.618583 1198 4172
106.618657 1198 4172
106.618691 942 4172
106.635291 1198 4172
106.635346 1198 4172
106.635393 206 4172
106.644946 1198 4172
106.644995 142 4172
106.655054 1198 4172
106.655113 1198 4172
106.655155 190 4172
106.662473 750 4172
106.675790 1198 4172
106.675890 1198 4172
106.675893 1198 4172
106.675929 1102 4172
106.688072 1198 4172
106.688239 1198 4172
106.688240 1198 4172
106.688283 1198 4172
106.688319 334 4172
106.688357 110 4172
106.699603 1198 4172
106.699652 1198 4172
106.699694 1198 4172
106.699731 1198 4172
106.699776 1198 4172
106.699811 238 4172
106.706414 1198 4172
106.706466 366 4172
106.715870 1198 4172
106.715962 1198 4172
106.716003 1198 4172
106.716045 542 4172
106.724196 1198 4172
106.724249 1198 4172
106.724289 1198 4172
106.724330 318 4172
106.724372 1198 4172
106.735931 1198 4172
106.735972 1198 4172
106.736005 1198 4172
106.736045 1198 4172
106.736086 1054 4172
106.747775 1198 4172
106.747824 1198 4172
106.747860 1198 4172
106.747897 142 4172
106.750586 1198 4172
106.750638 1198 4172
106.750697 958 4172
106.767436 1198 4172
106.767490 1198 4172
106.767533 1198 4172
106.767571 190 4172
106.777847 1198 4172
106.777895 862 4172
106.779243 110 4172
106.787162 1198 4172
106.787218 478 4172
106.794433 750 4172
106.811807 1198 4172
106.811851 1198 4172
106.811916 1198 4172
106.811987 446 4172
106.819987 1198 4172
106.820071 1198 4172
106.820139 1198 4172
106.820201 638 4172
106.831953 1198 4172
106.832031 1198 4172
106.832070 1198 4172
106.832108 1198 4172
106.832150 318 4172
106.838449 1198 4172
106.838492 1198 4172
106.838531 1198 4172
106.838568 366 4172
106.852097 1198 4172
106.852137 1198 4172
106.852178 1198 4172
106.852217 1198 4172
106.852259 110 4172
106.852296 110 4172
106.852333 110 4172
106.852370 1006 4172
106.864073 1198 4172
106.864128 1198 4172
106.864175 1198 4172
106.864215 1198 4172
106.864256 638 4172
106.871921 1198 4172
106.871968 1198 4172
106.872008 1198 4172
106.872046 1198 4172
106.872085 430 4172
106.877874 1198 4172
106.877922 1198 4172
106.877962 1198 4172
106.878000 1070 4172
106.882474 110 4172
106.926630 1198 4172
106.926679 1198 4172
106.926741 1198 4172
106.926807 718 4172
106.998170 110 4172
107.146819 110 4172
107.146906 110 4172
107.146939 110 4172
107.190498 1198 4172
107.410502 110 4172
107.410553 110 4172
107.410594 110 4172
107.410631 110 4172
107.498630 110 4172
107.938513 110 4172
108.202579 110 4172
108.378472 110 4172
108.466676 110 4172
108.730577 110 4172
109.254542 110 4172
109.386492 110 4172
109.510671 110 4172
109.518652 110 4172
109.822659 110 4172
110.394549 110 4172
110.482518 110 4172
111.398532 110 4172
111.486803 110 4172
112.406301 110 4172
112.494540 110 4172
112.538528 110 4172
113.418623 110 4172
114.418531 110 4172
114.502479 110 4172
115.206385 110 4172
115.378316 110 4172
115.510452 110 4172
116.386416 110 4172
116.514515 110 4172
117.386478 110 4172
117.518409 110 4172
117.862691 110 4172
118.514401 110 4172
119.394257 110 4172
119.482401 110 4172
120.398304 110 4172
120.486376 110 4172
120.574430 110 4172
121.398353 110 4172
121.486444 110 4172
122.406242 110 4172
122.494591 110 4172
123.234363 110 4172
123.366212 958 4172
123.366318 830 4172
123.410350 110 4172
123.498282 110 4172
123.532231 222 4172
123.534933 174 4172
123.534983 174 4172
123.538729 174 4172
123.538765 174 4172
123.538805 174 4172
123.538841 174 4172
123.538877 174 4172
123.542164 174 4172
123.542200 174 4172
123.542237 174 4172
123.542273 174 4172
123.542319 174 4172
123.547915 174 4172
123.547943 174 4172
123.547980 174 4172
123.548013 206 4172
123.586237 1198 4172
123.586293 1198 4172
123.586337 1198 4172
123.586378 1198 4172
123.586419 1198 4172
123.586460 1198 4172
123.586498 958 4172
123.692565 174 4172
123.704650 1198 4172
123.704698 350 4172
123.716791 1198 4172
123.716839 734 4172
123.718275 1198 4172
123.718323 1198 4172
123.718379 478 4172
123.762194 110 4172
124.018267 110 4172
124.282542 110 4172
124.414428 110 4172
125.382387 110 4172
125.514221 110 4172
125.866284 1198 4172
125.866297 1198 4172
125.866323 1198 4172
125.866349 1198 4172
125.866375 1198 4172
125.866400 1198 4172
125.866446 1198 4172
125.866472 350 4172
125.882293 222 4172
125.882328 1198 4172
125.882360 1198 4172
125.882388 1198 4172
125.882417 1198 4172
125.882445 1198 4172
125.882473 1198 4172
125.882501 1198 4172
125.882534 126 4172
125.882562 1198 4172
125.882589 1198 4172
125.882625 1198 4172
125.882652 1198 4172
125.882679 1198 4172
125.890256 1198 4172
125.890304 766 4172
125.890347 1198 4172
125.890383 1198 4172
125.890433 1198 4172
125.898247 1198 4172
125.898284 1198 4172
125.898322 1198 4172
125.898359 1198 4172
125.906308 1198 4172
125.906358 1198 4172
125.906388 1198 4172
125.910186 1198 4172
125.910215 862 4172
125.910246 1198 4172
125.922252 1198 4172
125.922284 1198 4172
125.922314 1198 4172
125.930222 1198 4172
125.930265 1198 4172
125.930305 1198 4172
125.938301 1198 4172
125.938349 478 4172
125.946215 1198 4172
125.946250 1198 4172
125.946286 1198 4172
125.954433 1198 4172
125.954471 1198 4172
125.954506 1198 4172
125.962295 1198 4172
125.962333 1198 4172
125.962369 1198 4172
125.966222 60 60000
125.970241 1198 4172
125.970289 1198 4172
125.970330 302 4172
125.970367 1198 4172
125.978245 1198 4172
125.978289 1198 4172
125.978329 1198 4172
125.986272 1198 4172
125.986311 1198 4172
125.986353 1198 4172
125.994427 1198 4172
125.994498 1198 4172
126.002559 1198 4172
126.002589 302 4172
126.002620 1198 4172
126.002648 1198 4172
126.010327 1198 4172
126.010704 1198 4172
126.010742 1198 4172
126.018417 1198 4172
126.018450 1198 4172
126.018481 1198 4172
126.026277 1198 4172
126.026325 1198 4172
126.026363 510 4172
126.026404 1198 4172
126.034335 1198 4172
126.034382 1198 4172
126.042359 1198 4172
126.042427 1198 4172
126.042460 1198 4172
126.046254 1198 4172
126.046289 1198 4172
126.046320 1198 4172
126.058278 1198 4172
126.058327 782 4172
126.058364 1198 4172
126.058394 1198 4172
126.066301 1198 4172
126.066353 1198 4172
126.066390 1198 4172
126.074250 1198 4172
126.074288 1198 4172
126.074322 1198 4172
126.082390 1198 4172
126.082438 1198 4172
126.090204 1150 4172
126.090249 1198 4172
126.090301 1198 4172
126.098210 1198 4172
126.098253 1198 4172
126.098300 1198 4172
126.106218 1198 4172
126.106274 1198 4172
126.106318 1198 4172
126.114289 1198 4172
126.114330 1198 4172
126.114370 1102 4172
126.122282 1198 4172
126.122323 1198 4172
126.122364 1198 4172
126.130288 1198 4172
126.130328 1198 4172
126.130370 1198 4172
126.134147 1198 4172
126.134180 1198 4172
126.134212 206 4172
126.134250 1198 4172
126.146234 1198 4172
126.146268 1198 4172
126.146306 1198 4172
126.154394 110 4172
126.154432 1198 4172
126.154472 1198 4172
126.154507 1198 4172
126.162379 174 4172
126.162413 1198 4172
126.162441 1198 4172
126.162468 1198 4172
126.170214 1198 4172
126.170267 1198 4172
126.178193 1198 4172
126.178244 1198 4172
126.178292 478 4172
126.178335 1198 4172
126.186460 1198 4172
126.186506 1198 4172
126.186541 1198 4172
126.194193 1198 4172
126.194241 1198 4172
126.202303 430 4172
126.202346 1198 4172
126.202386 1198 4172
126.210305 1198 4172
126.210345 1198 4172
126.210384 1198 4172
126.218359 1198 4172
126.218401 1198 4172
126.218440 1198 4172
126.222210 334 4172
126.222258 590 4172
126.222301 1198 4172
126.222338 1198 4172
126.222384 1198 4172
126.234283 1198 4172
126.234380 1198 4172
126.242233 1198 4172
126.242314 478 4172
126.242347 1198 4172
126.242382 1198 4172
126.250342 1198 4172
126.250387 1198 4172
126.250428 1198 4172
126.258306 1198 4172
126.258379 1198 4172
126.258417 158 4172
126.258452 1198 4172
126.266212 1198 4172
126.266236 1198 4172
126.266267 1198 4172
126.274258 1198 4172
126.274290 1198 4172
126.274323 1198 4172
126.282267 574 4172
126.282311 1198 4172
126.282341 1198 4172
126.290284 1198 4172
126.290315 1198 4172
126.290346 1198 4172
126.298275 1198 4172
126.298307 1198 4172
126.298342 958 4172
126.306464 1198 4172
126.306538 1198 4172
126.306574 1198 4172
126.310217 1198 4172
126.310253 1198 4172
126.322296 1198 4172
126.322324 1198 4172
126.322354 958 4172
126.330262 1198 4172
126.330286 1198 4172
126.338286 1198 4172
126.338320 1198 4172
126.338351 1198 4172
126.346298 1198 4172
126.346364 1198 4172
126.346395 1198 4172
126.357733 110 4172
126.357918 1198 4172
126.357993 1198 4172
126.358169 1198 4172
126.358207 1198 4172
126.358239 1198 4172
126.358273 1198 4172
126.373195 1198 4172
126.373236 782 4172
126.378279 1198 4172
126.378318 1198 4172
126.378353 1198 4172
126.386340 1198 4172
126.386374 1198 4172
126.394307 1198 4172
126.394354 1198 4172
126.394387 1198 4172
126.404894 222 4172
126.404922 1198 4172
126.404950 1198 4172
126.404980 1198 4172
126.410319 1198 4172
126.410357 1198 4172
126.428706 110 4172
126.428752 1198 4172
126.428783 1198 4172
126.428815 1198 4172
126.434557 1198 4172
126.434598 718 4172
126.434633 1198 4172
126.434658 1198 4172
126.434684 1198 4172
126.434711 1198 4172
126.434747 1198 4172
126.442292 1198 4172
126.442322 1198 4172
126.442357 1198 4172
126.459598 1198 4172
126.460094 478 4172
126.466409 1198 4172
126.466474 1198 4172
126.466578 1198 4172
126.466610 1198 4172
126.466637 1198 4172
126.476396 1198 4172
126.476553 1198 4172
126.476608 1150 4172
126.482349 1198 4172
126.482390 1198 4172
126.482423 1198 4172
126.490923 110 4172
126.491000 1198 4172
126.491029 1198 4172
126.491057 1198 4172
126.501452 1198 4172
126.501725 1198 4172
126.501759 1198 4172
126.511566 670 4172
126.511626 1198 4172
126.511657 1198 4172
126.511687 1198 4172
126.521530 1198 4172
126.523303 1198 4172
126.523765 1198 4172
126.523828 590 4172
126.531553 1198 4172
126.531613 1198 4172
126.531634 1198 4172
126.531662 1198 4172
126.531689 1198 4172
126.538955 1198 4172
126.539109 718 4172
126.539147 1198 4172
126.539173 1198 4172
126.546378 1198 4172
126.546402 1198 4172
126.546436 1198 4172
126.557287 1198 4172
126.557376 1198 4172
126.557394 446 4172
126.557456 1198 4172
126.573518 1198 4172
126.575461 1198 4172
126.575582 654 4172
126.575656 414 4172
126.579621 1198 4172
126.579667 1198 4172
126.579702 1198 4172
126.579735 1198 4172
126.579777 1198 4172
126.579811 1198 4172
126.588512 126 4172
126.589088 110 4172
126.589636 590 4172
126.590105 1198 4172
126.595847 1198 4172
126.596500 1198 4172
126.602710 1198 4172
126.602863 1198 4172
126.602921 318 4172
126.602950 1198 4172
126.602976 1198 4172
126.603002 1198 4172
126.610377 1198 4172
126.610418 1198 4172
126.610447 1198 4172
126.618428 414 4172
126.618471 1198 4172
126.618500 1198 4172
126.627793 1198 4172
126.627841 1198 4172
126.627872 1198 4172
126.634279 894 4172
126.634314 1198 4172
126.634343 1198 4172
126.642394 1198 4172
126.642508 1198 4172
126.642545 1198 4172
126.650252 1198 4172
126.650279 1198 4172
126.650313 1198 4172
126.659810 894 4172
126.659891 1198 4172
126.659917 1198 4172
126.666278 1198 4172
126.666337 1198 4172
126.666376 1198 4172
126.679145 110 4172
126.679258 542 4172
126.679291 1198 4172
126.679324 1198 4172
126.682257 1198 4172
126.682289 1198 4172
126.691088 1166 4172
126.691176 1198 4172
126.691206 110 4172
126.691233 1198 4172
126.698320 1198 4172
126.698360 1198 4172
126.698388 1198 4172
126.708347 1198 4172
126.708350 1198 4172
126.708367 414 4172
126.714256 1198 4172
126.714288 1198 4172
126.714322 1198 4172
126.714354 1198 4172
126.726653 1198 4172
126.727649 1198 4172
126.727729 1198 4172
126.730612 1198 4172
126.733112 1198 4172
126.733165 878 4172
126.735982 1198 4172
126.736031 1198 4172
126.746251 1198 4172
126.746289 1198 4172
126.746319 1198 4172
126.759145 1198 4172
126.759543 718 4172
126.759579 1198 4172
126.759614 1198 4172
126.762238 1198 4172
126.762279 1198 4172
126.762311 1198 4172
126.776176 1198 4172
126.776252 1198 4172
126.776280 1086 4172
126.778236 1198 4172
126.778275 1198 4172
126.778306 1198 4172
126.796198 110 4172
126.796242 1198 4172
126.796273 1198 4172
126.796305 1198 4172
126.804281 1198 4172
126.804331 1198 4172
126.804361 206 4172
126.804394 1198 4172
126.804429 1198 4172
126.804469 1198 4172
126.804497 1198 4172
126.810355 1198 4172
126.810377 1134 4172
126.810407 1198 4172
126.819985 1198 4172
126.819993 1198 4172
126.820022 1198 4172
126.820050 1198 4172
126.826259 990 4172
126.826298 1198 4172
126.835060 1198 4172
126.835064 1198 4172
126.835104 1198 4172
126.842330 1102 4172
126.842381 1198 4172
126.842410 1198 4172
126.851367 1198 4172
126.851453 1198 4172
126.851482 1198 4172
126.859351 1198 4172
126.859389 382 4172
126.859420 606 4172
126.859448 174 4172
126.859475 1198 4172
126.866326 1198 4172
126.866365 1198 4172
126.866398 1198 4172
126.866430 1198 4172
126.869412 60 60000
126.877676 366 4172
126.877728 1198 4172
126.877762 1198 4172
126.884189 1198 4172
126.884236 1198 4172
126.884428 1198 4172
126.884465 1198 4172
126.892039 1198 4172
126.892084 542 4172
126.892118 110 4172
126.892148 1198 4172
126.898352 1198 4172
126.898393 1198 4172
126.898426 1198 4172
126.906297 1198 4172
126.906327 1198 4172
126.906362 1198 4172
126.906394 1038 4172
126.915312 1198 4172
126.915363 1198 4172
126.915402 1198 4172
126.922970 1198 4172
126.923016 1198 4172
126.923050 1198 4172
126.931256 1198 4172
126.931293 1198 4172
126.931331 558 4172
126.931402 1198 4172
126.939370 1198 4172
126.939426 1198 4172
126.939457 110 4172
126.939501 1198 4172
126.947189 1198 4172
126.947224 1198 4172
126.952658 1198 4172
126.952703 782 4172
126.952738 1198 4172
126.952769 1198 4172
126.966237 1198 4172
126.966321 1198 4172
126.966352 1198 4172
126.970352 1198 4172
126.970428 1198 4172
126.970468 1198 4172
126.979271 1198 4172
126.979351 334 4172
126.979381 1198 4172
126.979412 1198 4172
126.988044 1198 4172
126.988130 1198 4172
126.988160 110 4172
126.988196 1198 4172
126.994286 1198 4172
126.994326 1198 4172
126.994367 1198 4172
126.994394 1198 4172
127.002335 1198 4172
127.002369 1198 4172
127.002403 1198 4172
127.011342 1198 4172
127.011394 1198 4172
127.011425 1198 4172
127.018309 1198 4172
127.018349 1198 4172
127.018382 1198 4172
127.028123 1198 4172
127.029087 1198 4172
127.029624 1198 4172
127.029667 894 4172
127.034266 1198 4172
127.034303 1198 4172
127.043413 1198 4172
127.043472 1198 4172
127.043508 1198 4172
127.050201 910 4172
127.050252 1198 4172
127.050291 1198 4172
127.050329 1198 4172
127.061355 1198 4172
127.061661 1198 4172
127.065143 1198 4172
127.065206 686 4172
127.066429 1198 4172
127.066467 1198 4172
127.066504 1198 4172
127.074306 1198 4172
127.074343 1198 4172
127.082249 1198 4172
127.082292 1198 4172
127.086486 1198 4172
127.086545 1198 4172
127.098369 110 4172
127.098451 1070 4172
127.098467 1198 4172
127.098499 1198 4172
127.098538 1198 4172
127.106241 1198 4172
127.106273 1198 4172
127.106308 1198 4172
127.114860 1198 4172
127.114896 1070 4172
127.114933 1198 4172
127.124833 798 4172
127.124928 1198 4172
127.125026 1198 4172
127.125066 1198 4172
127.130229 1198 4172
127.130303 1198 4172
127.130339 1198 4172
127.143229 1198 4172
127.143438 1198 4172
127.143480 1198 4172
127.144613 974 4172
127.146554 398 4172
127.146619 1198 4172
127.146792 862 4172
127.146831 1198 4172
127.158890 750 4172
127.168817 1198 4172
127.169963 1198 4172
127.170005 382 4172
127.170073 1198 4172
127.170314 1198 4172
127.172424 1198 4172
127.172461 1198 4172
127.172506 1198 4172
127.172554 526 4172
127.174333 1198 4172
127.175099 1198 4172
127.175148 1198 4172
127.183038 1198 4172
127.183084 1198 4172
127.183117 1198 4172
127.183153 1198 4172
127.192723 558 4172
127.192796 110 4172
127.192848 1198 4172
127.192885 1198 4172
127.198818 1198 4172
127.200348 1198 4172
127.200396 1198 4172
127.212842 1198 4172
127.212883 1054 4172
127.212919 110 4172
127.212951 1198 4172
127.217731 1198 4172
127.217780 1198 4172
127.217809 1198 4172
127.224844 1198 4172
127.224895 1198 4172
127.224927 1198 4172
127.224957 1198 4172
127.234121 574 4172
127.234187 1198 4172
127.234228 1198 4172
127.234255 1198 4172
127.234296 1198 4172
127.240202 1198 4172
127.240245 1198 4172
127.244423 1198 4172
127.247637 1198 4172
127.249451 1198 4172
127.259259 766 4172
127.259315 1198 4172
127.259388 1198 4172
127.259523 1198 4172
127.264001 1198 4172
127.264709 1198 4172
127.264763 1198 4172
127.274288 1198 4172
127.274329 1198 4172
127.274362 350 4172
127.274389 1198 4172
127.281331 1198 4172
127.289955 1198 4172
127.290021 1198 4172
127.290175 1198 4172
127.290383 1198 4172
127.303716 1198 4172
127.303764 1198 4172
127.303801 110 4172
127.303833 126 4172
127.303865 1198 4172
127.303905 1198 4172
127.303939 1198 4172
127.320464 1198 4172
127.320556 1198 4172
127.320588 1198 4172
127.320623 1198 4172
127.320661 126 4172
127.320761 1198 4172
127.320797 1198 4172
127.320827 1198 4172
127.329172 1198 4172
127.329218 1198 4172
127.329251 1198 4172
127.329284 894 4172
127.329315 1198 4172
127.329349 1198 4172
127.339579 1198 4172
127.341038 1198 4172
127.341108 1198 4172
127.341174 1198 4172
127.346049 910 4172
127.346099 1198 4172
127.346157 1198 4172
127.346204 1198 4172
127.364135 1198 4172
127.364456 1198 4172
127.367709 670 4172
127.367755 1198 4172
127.367783 1198 4172
127.367810 1198 4172
127.367837 1198 4172
127.367865 1198 4172
127.367894 1054 4172
127.375358 1198 4172
127.375425 1198 4172
127.375467 1198 4172
127.384898 1198 4172
127.384979 1198 4172
127.385007 1054 4172
127.385038 1198 4172
127.392455 1198 4172
127.392501 1198 4172
127.392531 1198 4172
127.400271 110 4172
127.400306 1198 4172
127.400378 1198 4172
127.400405 1198 4172
127.406446 1198 4172
127.406501 1198 4172
127.406547 1198 4172
127.416093 1198 4172
127.416311 1198 4172
127.416345 1198 4172
127.422613 1198 4172
127.422650 1198 4172
127.422684 1198 4172
127.422717 766 4172
127.456096 798 4172
127.456133 222 4172
127.456163 126 4172
127.456193 126 4172
127.459020 126 4172
127.493098 110 4172
127.493141 110 4172
127.503134 1198 4172
127.503230 1198 4172
127.503257 1198 4172
127.503294 1198 4172
127.503360 1198 4172
127.503423 718 4172
127.503461 1198 4172
127.503498 1198 4172
127.503530 1198 4172
127.503563 1198 4172
127.503594 1198 4172
127.503630 1198 4172
127.503661 1198 4172
127.503692 1166 4172
127.511174 1198 4172
127.511210 1198 4172
127.511244 1198 4172
127.511283 1198 4172
127.511316 1198 4172
127.511348 1198 4172
127.511384 1198 4172
127.511414 1198 4172
127.511453 798 4172
127.519461 1198 4172
127.519501 1198 4172
127.519530 1198 4172
127.519558 1198 4172
127.519585 1198 4172
127.519611 1198 4172
127.519638 1198 4172
127.519665 1198 4172
127.519692 1198 4172
127.519718 526 4172
127.526419 1198 4172
127.526463 1198 4172
127.526522 1198 4172
127.526567 1198 4172
127.526607 1198 4172
127.526643 1198 4172
127.534538 1198 4172
127.534629 1198 4172
127.543297 670 4172
127.543330 1198 4172
127.543383 1198 4172
127.543425 1198 4172
127.546119 1198 4172
127.546169 1198 4172
127.546211 1198 4172
127.558253 1198 4172
127.558258 1198 4172
127.558339 1198 4172
127.566700 1102 4172
127.566788 1198 4172
127.566826 1198 4172
127.566861 1198 4172
127.574304 1198 4172
127.574344 1198 4172
127.574393 1198 4172
127.582736 1198 4172
127.582828 1198 4172
127.582868 846 4172
127.582914 1198 4172
127.590336 1198 4172
127.590381 1198 4172
127.590415 110 4172
127.590450 1198 4172
127.598507 1198 4172
127.598551 1198 4172
127.598590 1198 4172
127.598627 718 4172
127.606187 1198 4172
127.606243 1198 4172
127.606282 1198 4172
127.606324 1198 4172
127.614665 1198 4172
127.614798 1198 4172
127.614801 1198 4172
127.622227 238 4172
127.622274 1198 4172
127.622310 1198 4172
127.622343 1198 4172
127.630689 1198 4172
127.630731 1198 4172
127.630778 1198 4172
127.630818 1198 4172
127.634255 318 4172
127.634300 1198 4172
127.634339 1198 4172
127.634377 1198 4172
127.646808 1198 4172
127.646855 1198 4172
127.646894 1198 4172
127.654325 1166 4172
127.654389 1198 4172
127.654433 1198 4172
127.654476 1198 4172
127.662635 1198 4172
127.662678 1198 4172
127.662713 1198 4172
127.670289 238 4172
127.670331 1198 4172
127.670366 1198 4172
127.670400 1198 4172
127.670441 1198 4172
127.678519 1198 4172
127.678567 1198 4172
127.678605 206 4172
127.678641 1198 4172
127.686379 1198 4172
127.686422 110 4172
127.686461 1198 4172
127.686500 1198 4172
127.694427 1198 4172
127.694482 1198 4172
127.694522 1150 4172
127.694560 1198 4172
127.702267 1198 4172
127.702318 1198 4172
127.702365 1198 4172
127.710450 1198 4172
127.710478 1198 4172
127.710533 1198 4172
127.722121 1198 4172
127.722214 1198 4172
127.722217 174 4172
127.722258 126 4172
127.766278 110 4172
127.766338 110 4172
127.766383 110 4172
127.810382 1198 4172
127.854533 126 4172
127.866773 126 4172
127.878595 126 4172
127.887238 126 4172
127.898232 990 4172
127.910804 590 4172
127.922743 126 4172
127.942188 126 4172
127.954719 126 4172
127.967030 126 4172
127.974704 126 4172
127.986343 126 4172
127.998802 126 4172
127.998811 126 4172
128.012045 126 4172
128.012100 110 4172
128.012141 110 4172
128.012178 110 4172
128.024101 1198 4172
128.024114 1198 4172
128.024153 1198 4172
128.024190 366 4172
128.030298 1198 4172
128.030344 1198 4172
128.030383 1198 4172
128.030418 206 4172
128.047860 1198 4172
128.047919 1198 4172
128.047958 622 4172
128.059945 1198 4172
128.059995 1198 4172
128.060032 606 4172
128.067381 1198 4172
128.067435 1198 4172
128.067476 1198 4172
128.067513 382 4172
128.074118 1198 4172
128.074169 158 4172
128.087610 318 4172
128.100145 1198 4172
128.100167 1198 4172
128.100209 110 4172
128.102325 1198 4172
128.102374 1198 4172
128.102412 1198 4172
128.102450 590 4172
128.112206 1198 4172
128.118148 1198 4172
128.118217 1198 4172
128.118262 1198 4172
128.118301 1086 4172
128.136258 1198 4172
128.136265 1198 4172
128.136305 1198 4172
128.136341 1198 4172
128.136379 734 4172
128.148201 1198 4172
128.148240 1198 4172
128.148283 1198 4172
128.148323 1198 4172
128.148357 590 4172
128.160104 1198 4172
128.160156 1198 4172
128.160196 1198 4172
128.160233 126 4172
128.162169 1198 4172
128.162213 1198 4172
128.162250 1198 4172
128.162287 1102 4172
128.168053 1198 4172
128.179929 1198 4172
128.179984 1198 4172
128.180027 1198 4172
128.180066 558 4172
128.188340 1198 4172
128.188383 1198 4172
128.188427 1198 4172
128.188464 190 4172
128.200443 1198 4172
128.200488 1198 4172
128.200529 1198 4172
128.200566 1198 4172
128.200603 1198 4172
128.200642 558 4172
128.206366 1198 4172
128.206430 1198 4172
128.206470 1198 4172
128.206507 1198 4172
128.206544 1198 4172
128.206585 286 4172
128.224260 1198 4172
128.224264 1198 4172
128.224312 1198 4172
128.224358 1198 4172
128.224407 334 4172
128.236325 1198 4172
128.236408 1198 4172
128.236415 1198 4172
128.236453 1198 4172
128.236489 462 4172
128.247611 1198 4172
128.247680 1198 4172
128.247706 1198 4172
128.247744 1198 4172
128.247779 1198 4172
128.247817 430 4172
128.250110 1198 4172
128.250157 1070 4172
128.268465 1198 4172
128.268473 1198 4172
128.268518 1198 4172
128.268554 574 4172
128.270448 1198 4172
128.270492 1198 4172
128.270533 1198 4172
128.270574 1198 4172
128.270615 110 4172
128.270653 110 4172
128.270689 110 4172
128.270726 1198 4172
128.270761 814 4172
128.276458 1198 4172
128.288752 1198 4172
128.288880 1198 4172
128.288882 1198 4172
128.288919 1198 4172
128.288959 1198 4172
128.288996 1198 4172
128.289032 350 4172
128.294110 1198 4172
128.294151 1198 4172
128.294187 1198 4172
128.294225 1198 4172
128.294261 1198 4172
128.294301 1198 4172
128.294336 1198 4172
128.294371 110 4172
128.312577 1198 4172
128.312635 1198 4172
128.312678 1198 4172
128.312715 1198 4172
128.312758 1198 4172
128.312795 1198 4172
128.312831 974 4172
128.324518 1198 4172
128.324562 1198 4172
128.324606 1198 4172
128.324646 1198 4172
128.324683 1198 4172
128.324720 1198 4172
128.324756 494 4172
128.336441 1198 4172
128.336494 1198 4172
128.336537 1198 4172
128.336574 1198 4172
128.336612 1198 4172
128.336649 1198 4172
128.336690 318 4172
128.338113 1198 4172
128.338180 1198 4172
128.338222 1198 4172
128.338268 1198 4172
128.338310 1198 4172
128.338347 702 4172
128.358106 1198 4172
128.358144 1198 4172
128.358192 1198 4172
128.358235 1198 4172
128.358283 1198 4172
128.358324 206 4172
128.358395 1198 4172
128.368967 1198 4172
128.369010 1198 4172
128.369059 1198 4172
128.369105 1198 4172
128.369143 1198 4172
128.369183 1198 4172
128.369217 1198 4172
128.369253 1198 4172
128.369288 206 4172
128.378152 1198 4172
128.378198 1198 4172
128.378237 1198 4172
128.378271 1198 4172
128.378308 1198 4172
128.378350 1198 4172
128.378386 1198 4172
128.378421 1198 4172
128.378460 862 4172
128.382437 110 4172
128.382484 1198 4172
128.382531 1198 4172
128.382572 1198 4172
128.382607 1198 4172
128.382640 1198 4172
128.382681 1198 4172
128.394165 254 4172
128.394209 1198 4172
128.394248 1198 4172
128.394285 1198 4172
128.402179 1198 4172
128.402234 1198 4172
128.410316 1198 4172
128.410371 1198 4172
128.410421 334 4172
128.410462 1198 4172
128.418290 1198 4172
128.418342 1198 4172
128.418386 1198 4172
128.426332 1198 4172
128.426378 1198 4172
128.426413 1198 4172
128.426450 1198 4172
128.434185 1198 4172
128.434241 494 4172
128.434288 1198 4172
128.434332 1198 4172
128.442289 590 4172
128.442350 1198 4172
128.442397 1198 4172
128.442439 1198 4172
128.450288 1198 4172
128.450344 1198 4172
128.450388 990 4172
128.458195 1198 4172
128.458243 1198 4172
128.458282 1198 4172
128.458324 1198 4172
128.466308 1198 4172
128.466362 1198 4172
128.466406 1198 4172
128.470134 1198 4172
128.470178 1102 4172
128.470224 1198 4172
128.470265 1198 4172
128.482333 1198 4172
128.482385 1198 4172
128.482424 1198 4172
128.490266 1198 4172
128.490312 1198 4172
128.490369 1198 4172
128.490413 110 4172
128.498214 1198 4172
128.498267 638 4172
128.498309 1198 4172
128.498351 1198 4172
128.506208 1198 4172
128.506267 1198 4172
128.506313 1198 4172
128.514232 1198 4172
128.514302 1198 4172
128.514361 1198 4172
128.522193 1198 4172
128.522252 430 4172
128.522298 1198 4172
128.522340 1198 4172
128.530393 1198 4172
128.530454 1198 4172
128.530501 1198 4172
128.530543 1198 4172
128.538167 1198 4172
128.538212 110 4172
128.538258 110 4172
128.538298 110 4172
128.538339 1198 4172
128.538383 1198 4172
128.546193 1198 4172
128.546246 1198 4172
128.546290 286 4172
128.546332 1198 4172
128.554203 1198 4172
128.554252 1198 4172
128.554301 1198 4172
128.554341 1198 4172
128.559354 1198 4172
128.559400 1198 4172
128.559439 1198 4172
128.570175 1198 4172
128.570268 830 4172
128.570271 1198 4172
128.570310 1198 4172
128.578828 1198 4172
128.579178 1198 4172
128.579221 1198 4172
128.586306 1198 4172
128.586382 1198 4172
128.586432 1198 4172
128.586474 110 4172
128.586517 1198 4172
128.594377 958 4172
128.594445 1198 4172
128.594483 1198 4172
128.602293 1198 4172
128.602344 1198 4172
128.602388 1198 4172
128.602430 1198 4172
128.610250 1198 4172
128.610300 1198 4172
128.610346 1198 4172
128.618226 318 4172
128.618280 1198 4172
128.618336 1198 4172
128.618384 1198 4172
128.626332 1198 4172
128.626376 1198 4172
128.626414 1198 4172
128.626448 1198 4172
128.646343 1198 4172
128.646353 782 4172
128.690243 110 4172
128.794368 110 4172
128.822786 110 4172
128.822814 110 4172
128.822864 110 4172
129.086404 110 4172
129.086428 110 4172
129.086477 110 4172
129.346336 110 4172
129.346415 110 4172
129.390318 110 4172
129.522187 110 4172
129.610665 110 4172
129.870464 110 4172
130.134154 110 4172
130.394372 110 4172
130.398244 110 4172
130.486372 110 4172
130.706185 110 4172
130.970191 110 4172
131.234321 110 4172
131.410364 110 4172
131.494582 110 4172
131.498121 110 4172
131.802259 110 4172
132.414592 110 4172
132.502320 110 4172
133.418271 110 4172
133.506133 110 4172
134.382123 110 4172
134.470318 110 4172
134.514170 110 4172
135.386257 110 4172
135.518447 110 4172
136.390204 110 4172
136.522176 110 4172
137.134223 110 4172
137.398235 110 4172
137.486170 110 4172
138.494229 110 4172
139.410253 110 4172
139.498168 110 4172
139.806190 110 4172
140.414320 110 4172
140.502225 110 4172
141.418258 110 4172
141.506138 110 4172
142.410189 110 4172
142.454152 110 4172
142.498103 110 4172
143.418315 110 4172
143.502195 110 4172
144.422192 110 4172
144.510184 110 4172
145.170139 110 4172
145.390111 110 4172
145.522216 110 4172
146.398182 110 4172
146.486135 110 4172
147.105386 1198 4172
147.105426 1198 4172
147.105471 1198 4172
147.105517 1198 4172
147.105555 1198 4172
147.105593 1198 4172
147.105631 1198 4172
147.105667 1198 4172
147.105704 1198 4172
147.105741 1134 4172
147.114160 1198 4172
147.114212 1198 4172
147.114256 1198 4172
147.114295 1198 4172
147.114337 1198 4172
147.114373 1198 4172
147.114414 1198 4172
147.114451 1198 4172
147.114491 1198 4172
147.114531 1198 4172
147.114569 1198 4172
147.114605 526 4172
147.125023 1198 4172
147.125082 1198 4172
147.125128 1198 4172
147.125169 1198 4172
147.125212 1198 4172
147.125255 1198 4172
147.125296 1198 4172
147.125336 1198 4172
147.125378 1198 4172
147.125424 1198 4172
147.125464 862 4172
147.134120 1198 4172
147.134161 1198 4172
147.134201 1198 4172
147.134245 1198 4172
147.134286 1198 4172
147.134324 1198 4172
147.134361 1198 4172
147.138030 1198 4172
147.138074 126 4172
147.138114 1198 4172
147.138152 1198 4172
147.150049 126 4172
147.150086 1198 4172
147.150123 1198 4172
147.150156 1198 4172
147.150191 1198 4172
147.158075 1198 4172
147.158113 1198 4172
147.158172 1198 4172
147.166087 1198 4172
147.166128 1198 4172
147.166177 1198 4172
147.174139 1198 4172
147.174180 1198 4172
147.174214 654 4172
147.174248 1198 4172
147.182953 1198 4172
147.183003 1198 4172
147.183059 1198 4172
147.183097 1198 4172
147.191783 1198 4172
147.191872 1198 4172
147.191892 1198 4172
147.198059 1198 4172
147.198099 1198 4172
147.198134 1198 4172
147.198164 1198 4172
147.206137 1198 4172
147.206193 590 4172
147.206229 1198 4172
147.206263 1198 4172
147.214057 1198 4172
147.214100 1198 4172
147.214129 1198 4172
147.222892 1198 4172
147.222936 1198 4172
147.222972 1198 4172
147.223003 1198 4172
147.230011 1198 4172
147.230058 1198 4172
147.230096 1198 4172
147.234528 1198 4172
147.234587 270 4172
147.234676 1198 4172
147.234712 1198 4172
147.246050 1198 4172
147.246134 1198 4172
147.246156 126 4172
147.246183 1198 4172
147.246211 1198 4172
147.254042 1198 4172
147.254078 1198 4172
147.254124 1198 4172
147.262072 1198 4172
147.262109 1198 4172
147.262141 1198 4172
147.270106 1198 4172
147.270143 1198 4172
147.270175 478 4172
147.270202 1198 4172
147.278070 1198 4172
147.278103 1198 4172
147.278136 1198 4172
147.278167 1198 4172
147.286220 1198 4172
147.286259 1198 4172
147.286287 1198 4172
147.294041 1198 4172
147.294093 1198 4172
147.294127 1198 4172
147.294159 1198 4172
147.302129 1198 4172
147.302166 110 4172
147.302199 1198 4172
147.302232 1198 4172
147.309974 1198 4172
147.310013 190 4172
147.310046 1198 4172
147.310077 1198 4172
147.318723 1198 4172
147.318762 1198 4172
147.318791 1198 4172
147.318818 1198 4172
147.321977 1198 4172
147.322006 1198 4172
147.334106 1198 4172
147.334193 1198 4172
147.334225 1198 4172
147.334261 1198 4172
147.342097 1198 4172
147.342144 1198 4172
147.342182 654 4172
147.342219 1198 4172
147.350177 1198 4172
147.350223 1198 4172
147.350268 1198 4172
147.358092 1198 4172
147.358132 1198 4172
147.358193 1198 4172
147.366095 1198 4172
147.366151 1198 4172
147.366198 1198 4172
147.374292 1198 4172
147.374399 1198 4172
147.382141 1198 4172
147.382187 1198 4172
147.382215 846 4172
147.390061 1198 4172
147.390098 1198 4172
147.390130 110 4172
147.390160 1198 4172
147.398045 1198 4172
147.398098 1198 4172
147.398155 1198 4172
147.398191 1198 4172
147.406055 1198 4172
147.406093 1198 4172
147.406132 1198 4172
147.412703 1198 4172
147.412753 574 4172
147.412783 1198 4172
147.412809 1198 4172
147.421999 1198 4172
147.422043 1198 4172
147.422069 1198 4172
147.422098 1198 4172
147.430055 1198 4172
147.430103 462 4172
147.430136 1198 4172
147.437999 1198 4172
147.438030 1198 4172
147.438060 1198 4172
147.438088 1198 4172
147.446121 1198 4172
147.446156 1198 4172
147.446184 1198 4172
147.453999 1198 4172
147.454040 974 4172
147.454068 1198 4172
147.454098 1198 4172
147.462030 1198 4172
147.462066 1198 4172
147.462096 1198 4172
147.471052 1198 4172
147.471148 1198 4172
147.471170 1198 4172
147.471199 1198 4172
147.478049 446 4172
147.478083 1198 4172
147.478114 1198 4172
147.478153 1198 4172
147.486028 1198 4172
147.486061 1198 4172
147.486098 1198 4172
147.486127 462 4172
147.494027 750 4172
147.494069 190 4172
147.494097 110 4172
147.494127 158 4172
147.494156 158 4172
147.494184 158 4172
147.494217 1198 4172
147.494246 1198 4172
147.494273 1198 4172
147.497934 270 4172
147.497969 1198 4172
147.497996 1198 4172
147.498022 1198 4172
147.509999 1198 4172
147.510028 1198 4172
147.510059 1198 4172
147.518020 414 4172
147.518065 1198 4172
147.518100 1198 4172
147.518128 1198 4172
147.518156 1198 4172
147.525990 1198 4172
147.526025 1198 4172
147.526053 1054 4172
147.533970 1198 4172
147.534254 1198 4172
147.535918 1198 4172
147.535951 1198 4172
147.542004 1198 4172
147.542047 1198 4172
147.542086 1198 4172
147.549972 1198 4172
147.550001 1198 4172
147.558071 1198 4172
147.558113 1198 4172
147.558148 1198 4172
147.558179 526 4172
147.565947 1198 4172
147.565979 1198 4172
147.566007 1198 4172
147.566033 110 4172
147.566063 1198 4172
147.574038 1198 4172
147.574075 222 4172
147.574110 1198 4172
147.574139 1198 4172
147.582189 910 4172
147.582228 1198 4172
147.582258 1198 4172
147.582285 1198 4172
147.595697 1198 4172
147.595744 830 4172
147.595778 1198 4172
147.595807 110 4172
147.595848 1198 4172
147.599853 1198 4172
147.600170 1198 4172
147.600246 670 4172
147.600275 158 4172
147.600302 158 4172
147.600329 158 4172
147.610740 1198 4172
147.610821 1198 4172
147.610842 1198 4172
147.610869 1198 4172
147.627150 1198 4172
147.627230 894 4172
147.627265 174 4172
147.627291 174 4172
147.627318 734 4172
147.627342 190 4172
147.627367 190 4172
147.627391 190 4172
147.627416 174 4172
147.627439 238 4172
147.639059 1198 4172
147.639104 382 4172
147.639134 1198 4172
147.639164 1198 4172
147.639193 1198 4172
147.639222 1198 4172
147.639251 590 4172
147.639280 1198 4172
147.639309 1198 4172
147.639337 1198 4172
147.642184 1198 4172
147.642222 1198 4172
147.642248 1198 4172
147.642273 1198 4172
147.660748 1198 4172
147.660835 398 4172
147.660851 1198 4172
147.660877 1198 4172
147.673067 1198 4172
147.673109 1198 4172
147.673144 1198 4172
147.673171 1198 4172
147.673196 1198 4172
147.673220 1198 4172
147.673246 1198 4172
147.674529 1198 4172
147.674568 1198 4172
147.674593 1198 4172
147.674618 1198 4172
147.688383 158 4172
147.688470 1198 4172
147.688486 1198 4172
147.688513 1198 4172
147.692346 1198 4172
147.692383 1198 4172
147.692413 110 4172
147.692445 1198 4172
147.692476 1198 4172
147.698012 1198 4172
147.698053 1198 4172
147.698087 1198 4172
147.706152 1198 4172
147.706184 1198 4172
147.706216 1198 4172
147.706248 1198 4172
147.714550 1198 4172
147.714619 1198 4172
147.714705 718 4172
147.715618 1198 4172
147.722626 1198 4172
147.722660 1198 4172
147.722686 1198 4172
147.722711 1198 4172
147.734878 1198 4172
147.734961 1198 4172
147.734985 1198 4172
147.738023 1198 4172
147.738056 1198 4172
147.738111 1198 4172
147.738138 1198 4172
147.751384 1198 4172
147.751429 1198 4172
147.751461 1198 4172
147.751490 1198 4172
147.754051 1198 4172
147.754079 1198 4172
147.754108 814 4172
147.754137 1198 4172
147.767288 1198 4172
147.767335 1198 4172
147.767361 1198 4172
147.769996 1198 4172
147.770027 1198 4172
147.770060 1198 4172
147.770090 1198 4172
147.781189 1198 4172
147.781241 1198 4172
147.781271 1198 4172
147.781300 1198 4172
147.782669 1198 4172
147.782708 1182 4172
147.782743 1198 4172
147.794412 1198 4172
147.797975 1198 4172
147.798012 110 4172
147.798046 1198 4172
147.798072 1198 4172
147.798112 1198 4172
147.801992 1198 4172
147.802022 1198 4172
147.810992 1198 4172
147.811143 1166 4172
147.811176 1198 4172
147.821900 1198 4172
147.821938 1198 4172
147.821962 1198 4172
147.821987 1198 4172
147.830570 1198 4172
147.830599 910 4172
147.830626 1198 4172
147.834001 1198 4172
147.834031 1198 4172
147.834062 1198 4172
147.842260 110 4172
147.842308 1198 4172
147.842343 734 4172
147.842374 158 4172
147.842412 366 4172
147.842447 590 4172
147.842482 1198 4172
147.850146 1198 4172
147.850201 1198 4172
147.850241 1198 4172
147.850278 494 4172
147.850316 1198 4172
147.860690 1198 4172
147.860731 1198 4172
147.860765 1198 4172
147.866139 1134 4172
147.866188 1198 4172
147.866227 1198 4172
147.874107 1198 4172
147.874153 206 4172
147.874188 1198 4172
147.874220 1198 4172
147.882116 1198 4172
147.882159 1038 4172
147.882202 1198 4172
147.890242 1150 4172
147.890304 1198 4172
147.890345 1198 4172
147.890381 1134 4172
147.898151 1198 4172
147.898196 1198 4172
147.898250 1198 4172
147.898290 1198 4172
147.906679 1198 4172
147.906721 1198 4172
147.906763 430 4172
147.918176 174 4172
147.918223 158 4172
147.918258 158 4172
147.918293 446 4172
147.918332 1198 4172
147.918372 1198 4172
147.918408 1198 4172
147.918445 1198 4172
147.926157 270 4172
147.926198 1198 4172
147.926238 1198 4172
147.926274 606 4172
147.926309 1198 4172
147.938158 1118 4172
147.938211 1198 4172
147.938249 478 4172
147.938283 1198 4172
147.938322 286 4172
147.938359 926 4172
147.938390 1198 4172
147.938419 590 4172
147.946094 1198 4172
147.946135 510 4172
147.946167 1198 4172
147.946198 1198 4172
147.956117 1198 4172
147.956209 1198 4172
147.956211 1198 4172
147.956242 1198 4172
147.962053 1198 4172
147.962101 254 4172
147.962140 1198 4172
147.962177 158 4172
147.962209 350 4172
147.992194 270 4172
147.992286 1102 4172
148.006109 142 4172
148.006204 654 4172
148.006206 1198 4172
148.006241 222 4172
148.050169 222 4172
148.050246 702 4172
148.050383 1134 4172
148.056496 1102 4172
148.094135 174 4172
148.120316 110 4172
148.138052 510 4172
148.182073 574 4172
148.330637 830 4172
148.342405 798 4172
148.350477 174 4172
148.357950 670 4172
148.490081 110 4172
148.578051 366 4172
148.621980 1198 4172
148.622008 1134 4172
148.666060 110 4172
148.753979 398 4172
148.754061 398 4172
148.826286 1198 4172
148.826289 1198 4172
148.826362 446 4172
148.826364 1198 4172
148.826443 1198 4172
148.826491 1198 4172
148.826528 206 4172
148.826565 1198 4172
148.826601 1198 4172
148.826635 1198 4172
148.826670 1198 4172
148.826704 174 4172
148.842076 1198 4172
148.842091 1198 4172
148.842131 1198 4172
148.842165 334 4172
148.842201 1198 4172
148.870184 270 4172
148.870213 254 4172
148.870245 270 4172
148.870282 318 4172
148.870318 238 4172
148.870353 302 4172
148.874061 238 4172
148.874104 1198 4172
148.874140 366 4172
148.874175 238 4172
148.874211 302 4172
148.874246 254 4172
148.874280 270 4172
148.874316 334 4172
148.887742 286 4172
148.887792 334 4172
148.887828 1198 4172
148.887859 1198 4172
148.887891 1198 4172
148.887925 1198 4172
148.887957 1198 4172
148.887987 1198 4172
148.888017 1198 4172
148.888046 1198 4172
148.888076 1198 4172
148.888107 1198 4172
148.888138 206 4172
148.909196 1198 4172
148.909263 1198 4172
148.909302 1198 4172
148.909337 1198 4172
148.909375 1198 4172
148.909411 1198 4172
148.909446 1198 4172
148.909481 1198 4172
148.909516 590 4172
148.930157 158 4172
148.974110 174 4172
