0.017310 110 4172
0.059061 1198 4172
0.059065 1198 4172
0.059144 1198 4172
0.059146 366 4172
0.059230 622 4172
0.071022 110 4172
0.171117 110 4172
0.288144 110 4172
0.555142 110 4172
0.592271 1198 4172
0.592274 1198 4172
0.592335 478 4172
0.592467 1182 4172
0.592618 1102 4172
0.592974 1198 4172
0.592990 1198 4172
0.593005 1198 4172
0.593022 686 4172
0.593178 1198 4172
0.593194 878 4172
0.593359 1198 4172
0.593375 846 4172
0.593536 1198 4172
0.593549 1006 4172
0.593939 1198 4172
0.593954 1198 4172
0.593967 1198 4172
0.593982 1118 4172
0.594147 1198 4172
0.594163 510 4172
0.594455 1198 4172
0.594472 1038 4172
0.594913 1198 4172
0.594932 1198 4172
0.594947 1198 4172
0.594963 766 4172
0.625082 1198 4172
0.625124 1198 4172
0.625125 1198 4172
0.625126 1198 4172
0.625150 1198 4172
0.625170 1198 4172
0.625184 1198 4172
0.625198 1198 4172
0.625217 478 4172
0.626358 1198 4172
0.626391 1198 4172
0.626417 1198 4172
0.626425 1198 4172
0.626457 1198 4172
0.626473 1198 4172
0.626491 1198 4172
0.626506 1198 4172
0.626527 1198 4172
0.626538 1198 4172
0.626553 1198 4172
0.626569 1198 4172
0.626585 1198 4172
0.626601 1198 4172
0.626615 1198 4172
0.626630 1198 4172
0.626646 1198 4172
0.626661 1198 4172
0.626676 1198 4172
0.626690 1198 4172
0.626707 1198 4172
0.626722 478 4172
0.627373 1198 4172
0.627387 1198 4172
0.627402 1198 4172
0.627418 1198 4172
0.627436 1198 4172
0.627451 1198 4172
0.627465 1198 4172
0.627479 1198 4172
0.627496 1198 4172
0.627511 1198 4172
0.627525 1198 4172
0.627541 1198 4172
0.627556 1198 4172
0.627571 1198 4172
0.627585 1198 4172
0.627600 446 4172
0.628604 1198 4172
0.628614 1198 4172
0.628630 1198 4172
0.628645 1198 4172
0.628663 1198 4172
0.628677 1198 4172
0.628691 1198 4172
0.628706 1198 4172
0.628722 1198 4172
0.628737 1198 4172
0.628754 1198 4172
0.628766 1198 4172
0.628783 1198 4172
0.628797 1198 4172
0.628811 1198 4172
0.628825 1198 4172
0.628842 1198 4172
0.628856 1198 4172
0.628872 1198 4172
0.628887 1198 4172
0.628903 1198 4172
0.628919 1198 4172
0.628932 1198 4172
0.628946 1198 4172
0.628963 382 4172
0.629940 1198 4172
0.629960 1198 4172
0.629964 1198 4172
0.629981 1198 4172
0.629998 1198 4172
0.630020 1198 4172
0.630033 1198 4172
0.630048 1198 4172
0.630064 1198 4172
0.630079 1198 4172
0.630094 1198 4172
0.630108 1198 4172
0.630124 1198 4172
0.630139 1198 4172
0.630154 1198 4172
0.630168 1198 4172
0.630185 1198 4172
0.630199 1198 4172
0.630214 1198 4172
0.630228 1198 4172
0.630245 1198 4172
0.630261 1198 4172
0.630274 1198 4172
0.630288 1198 4172
0.630304 1198 4172
0.630319 974 4172
0.631247 1198 4172
0.631260 1198 4172
0.631276 1198 4172
0.631291 1198 4172
0.631308 1198 4172
0.631322 1198 4172
0.631337 1198 4172
0.631351 1198 4172
0.631368 1198 4172
0.631383 1198 4172
0.631397 1198 4172
0.631412 1198 4172
0.631430 1198 4172
0.631444 1198 4172
0.631458 1198 4172
0.631473 1198 4172
0.631490 1198 4172
0.631504 1198 4172
0.631518 1198 4172
0.637110 1198 4172
0.637114 1198 4172
0.637130 1198 4172
0.637149 1198 4172
0.637169 1198 4172
0.637190 1198 4172
0.637209 1198 4172
0.637228 1198 4172
0.637247 1198 4172
0.637269 1198 4172
0.637288 654 4172
0.637307 1198 4172
0.637325 1198 4172
0.637346 1198 4172
0.637364 1198 4172
0.637382 1198 4172
0.637400 1198 4172
0.637425 1198 4172
0.637439 1198 4172
0.637460 910 4172
0.637479 1198 4172
0.637499 1198 4172
0.637584 1198 4172
0.637602 1198 4172
0.637620 1198 4172
0.637642 1198 4172
0.643135 1198 4172
0.643165 1198 4172
0.643183 1198 4172
0.643215 1198 4172
0.643232 398 4172
0.660538 1198 4172
0.660606 1198 4172
0.660607 1198 4172
0.660609 1198 4172
0.660611 1198 4172
0.661637 718 4172
0.661638 1198 4172
0.661644 1198 4172
0.661661 1198 4172
0.661674 1198 4172
0.661692 1198 4172
0.661707 1198 4172
0.661721 1198 4172
0.661736 1198 4172
0.661752 1198 4172
0.661766 1198 4172
0.661781 1198 4172
0.661795 1198 4172
0.661812 1198 4172
0.661826 1198 4172
0.661841 1198 4172
0.661855 1198 4172
0.661873 1086 4172
0.662536 1198 4172
0.662550 1198 4172
0.662565 1198 4172
0.662579 1198 4172
0.662597 1198 4172
0.662611 1198 4172
0.662625 1198 4172
0.662639 1198 4172
0.662656 1198 4172
0.662670 1198 4172
0.662684 1198 4172
0.662699 1198 4172
0.662715 1198 4172
0.662729 1150 4172
0.663788 1198 4172
0.663802 1198 4172
0.663817 1198 4172
0.663831 1198 4172
0.663872 1198 4172
0.663898 1198 4172
0.663912 1198 4172
0.663927 1198 4172
0.663943 1198 4172
0.663959 1198 4172
0.663973 1198 4172
0.663987 1198 4172
0.664008 1198 4172
0.664022 1198 4172
0.664037 1198 4172
0.664051 1198 4172
0.664067 1198 4172
0.664082 1198 4172
0.664097 1198 4172
0.664112 1198 4172
0.664126 1198 4172
0.664141 1198 4172
0.664155 1198 4172
0.664169 1198 4172
0.664186 766 4172
0.665129 1198 4172
0.665142 1198 4172
0.665157 1198 4172
0.665172 1198 4172
0.665189 1198 4172
0.665203 1198 4172
0.665218 1198 4172
0.671102 1198 4172
0.671106 1198 4172
0.671114 1198 4172
0.671133 1198 4172
0.671145 1198 4172
0.671163 1198 4172
0.671178 1198 4172
0.671193 1198 4172
0.671208 1198 4172
0.671225 1198 4172
0.671240 1198 4172
0.671256 1198 4172
0.671271 1198 4172
0.671287 1198 4172
0.677051 1198 4172
0.677066 1198 4172
0.677087 1198 4172
0.677112 1198 4172
0.677131 1198 4172
0.677152 446 4172
0.677171 1198 4172
0.677195 1198 4172
0.677215 1198 4172
0.677234 1198 4172
0.677253 1198 4172
0.677277 1198 4172
0.677296 1198 4172
0.677314 1198 4172
0.683035 1198 4172
0.683059 1198 4172
0.683078 1198 4172
0.683098 1198 4172
0.683117 1198 4172
0.683141 1198 4172
0.683160 1198 4172
0.683179 1198 4172
0.683199 1198 4172
0.683223 1198 4172
0.689132 1198 4172
0.689136 1198 4172
0.689136 1198 4172
0.689166 1198 4172
0.689185 1198 4172
0.689204 1198 4172
0.689222 1198 4172
0.689245 190 4172
0.689262 1198 4172
0.689283 1198 4172
0.689300 1198 4172
0.689321 1198 4172
0.689339 1198 4172
0.689358 1198 4172
0.689376 1198 4172
0.689398 1198 4172
0.695104 1166 4172
0.695128 1198 4172
0.695130 1198 4172
0.695131 1198 4172
0.695167 1198 4172
0.695167 1198 4172
0.695179 1198 4172
0.695221 1198 4172
0.695237 1198 4172
0.695251 542 4172
0.695277 622 4172
0.695294 1198 4172
0.695308 414 4172
0.695324 1198 4172
0.701088 1198 4172
0.701121 1198 4172
0.701142 1198 4172
0.701162 174 4172
0.701182 1198 4172
0.701203 1198 4172
0.701222 1198 4172
0.701245 1198 4172
0.701268 1198 4172
0.701335 1198 4172
0.701355 1198 4172
0.701374 1198 4172
0.701394 1198 4172
0.701419 1198 4172
0.707050 1198 4172
0.707067 1198 4172
0.707123 1198 4172
0.707166 1198 4172
0.707182 1198 4172
0.707223 878 4172
0.707254 1198 4172
0.707279 1198 4172
0.707296 1198 4172
0.707314 1198 4172
0.707332 1198 4172
0.707359 1198 4172
0.707368 1198 4172
0.713048 1198 4172
0.713077 1198 4172
0.713107 1198 4172
0.713133 1198 4172
0.713158 1198 4172
0.713183 1070 4172
0.713215 1198 4172
0.713240 1198 4172
0.713264 1198 4172
0.713296 1198 4172
0.713326 1198 4172
0.713350 1198 4172
0.713374 1198 4172
0.719089 1198 4172
0.719128 1198 4172
0.719153 1198 4172
0.719177 1198 4172
0.719201 1198 4172
0.719227 1198 4172
0.719250 1198 4172
0.719280 1198 4172
0.719304 1198 4172
0.719329 1198 4172
0.719353 1198 4172
0.719376 1198 4172
0.719398 1198 4172
0.725067 1198 4172
0.725094 1198 4172
0.725118 1198 4172
0.725143 1198 4172
0.725173 286 4172
0.725198 1198 4172
0.725224 1198 4172
0.725252 1198 4172
0.725282 1198 4172
0.725307 1198 4172
0.725331 1198 4172
0.725355 1198 4172
0.725384 1198 4172
0.731048 1198 4172
0.731079 1198 4172
0.731105 1198 4172
0.731135 1198 4172
0.731160 1198 4172
0.731184 1198 4172
0.731209 1198 4172
0.731247 1198 4172
0.731273 1198 4172
0.731296 1198 4172
0.731321 1198 4172
0.731348 1198 4172
0.731373 1198 4172
0.737071 1198 4172
0.737111 1198 4172
0.737144 1198 4172
0.737168 1198 4172
0.737194 1198 4172
0.737220 766 4172
0.737246 1198 4172
0.737273 1198 4172
0.737296 1198 4172
0.737321 1198 4172
0.737347 1198 4172
0.737370 1198 4172
0.737393 1198 4172
0.743062 1198 4172
0.743096 1198 4172
0.743122 1198 4172
0.743147 1198 4172
0.743172 1198 4172
0.743217 1198 4172
0.743242 1198 4172
0.743242 1198 4172
0.743275 1198 4172
0.743276 1198 4172
0.743296 1198 4172
0.743297 1198 4172
0.743306 1198 4172
0.749063 1198 4172
0.749082 1198 4172
0.749083 1198 4172
0.749096 494 4172
0.749112 1198 4172
0.749125 1198 4172
0.749136 1198 4172
0.749150 1198 4172
0.749172 1198 4172
0.749185 1198 4172
0.749196 1198 4172
0.755059 1198 4172
0.755085 1038 4172
0.755086 1198 4172
0.755106 1198 4172
0.755106 1198 4172
0.755122 1198 4172
0.755135 1198 4172
0.755146 750 4172
0.755159 686 4172
0.755177 1086 4172
0.755191 1198 4172
0.755203 1198 4172
0.755221 1070 4172
0.755240 1198 4172
0.761147 1198 4172
0.761158 1198 4172
0.761169 1198 4172
0.761189 1198 4172
0.761201 1198 4172
0.761213 1198 4172
0.761231 1198 4172
0.761251 1198 4172
0.761263 1198 4172
0.761276 1198 4172
0.761290 1198 4172
0.761315 830 4172
0.761331 1198 4172
0.761344 1198 4172
0.761357 1198 4172
0.767104 1198 4172
0.767127 1198 4172
0.767151 1198 4172
0.767176 1198 4172
0.767206 1198 4172
0.767230 1006 4172
0.767254 1198 4172
0.767277 1198 4172
0.767313 1198 4172
0.767337 1198 4172
0.767360 1198 4172
0.767383 1198 4172
0.767417 1198 4172
0.773145 1198 4172
0.773155 1198 4172
0.773169 1198 4172
0.773194 1198 4172
0.773207 1198 4172
0.773218 1198 4172
0.773237 1198 4172
0.773252 1198 4172
0.773263 1198 4172
0.773281 1198 4172
0.773293 1198 4172
0.773314 1198 4172
0.773329 622 4172
0.779070 1198 4172
0.779094 1198 4172
0.779127 1198 4172
0.779150 1198 4172
0.779174 1198 4172
0.779198 1198 4172
0.779225 1198 4172
0.779247 1198 4172
0.779271 1198 4172
0.779294 1198 4172
0.779321 1198 4172
0.779344 1198 4172
0.779367 1198 4172
0.785092 1198 4172
0.785112 1198 4172
0.785113 1198 4172
0.785126 1198 4172
0.785141 1198 4172
0.785157 1198 4172
0.785170 318 4172
0.785182 1198 4172
0.785195 1198 4172
0.785242 1198 4172
0.785262 1198 4172
0.785282 1198 4172
0.785296 1198 4172
0.785316 1198 4172
0.791042 1198 4172
0.791063 1198 4172
0.791063 1198 4172
0.791087 1198 4172
0.791106 1198 4172
0.791118 1198 4172
0.791131 1198 4172
0.791146 1198 4172
0.791159 206 4172
0.791172 1198 4172
0.791184 1198 4172
0.797044 1198 4172
0.797058 1198 4172
0.797079 1198 4172
0.797080 1198 4172
0.797104 1198 4172
0.797116 1198 4172
0.797128 1198 4172
0.797141 174 4172
0.797208 1198 4172
0.797225 1198 4172
0.797241 1150 4172
0.797255 334 4172
0.797274 446 4172
0.797289 1198 4172
0.797301 1198 4172
0.797316 1198 4172
0.797334 1198 4172
0.803070 1198 4172
0.803091 1198 4172
0.803117 1198 4172
0.803150 1198 4172
0.803177 1070 4172
0.803199 1198 4172
0.803223 1198 4172
0.803260 1198 4172
0.803283 1198 4172
0.803307 1054 4172
0.803330 1198 4172
0.803367 1198 4172
0.803390 1198 4172
0.809044 1198 4172
0.809059 1198 4172
0.809078 110 4172
0.809092 1198 4172
0.809105 1198 4172
0.809119 1198 4172
0.809133 1198 4172
0.809152 1198 4172
0.809165 1198 4172
0.809178 1198 4172
0.809191 1198 4172
0.809210 718 4172
0.815091 1198 4172
0.815110 1198 4172
0.815111 1198 4172
0.815137 1198 4172
0.815150 1198 4172
0.815161 1198 4172
0.815174 1198 4172
0.815190 1198 4172
0.815202 1198 4172
0.815215 1198 4172
0.815227 574 4172
0.815242 1198 4172
0.815254 1198 4172
0.815272 1198 4172
0.815295 1198 4172
0.815310 1198 4172
0.821064 1198 4172
0.821082 1198 4172
0.821083 1198 4172
0.821107 1198 4172
0.821126 318 4172
0.821139 1198 4172
0.821152 1198 4172
0.821168 1198 4172
0.821180 1198 4172
0.821194 1198 4172
0.821206 1198 4172
0.827062 1198 4172
0.827071 910 4172
0.827084 798 4172
0.827096 254 4172
0.827121 286 4172
0.827142 254 4172
0.827154 526 4172
0.827168 206 4172
1.071061 110 4172
1.071102 110 4172
1.171053 110 4172
1.352247 110 4172
1.618146 110 4172
1.885219 110 4172
2.071108 110 4172
2.153210 110 4172
2.171100 110 4172
2.417186 110 4172
2.682194 110 4172
2.947106 110 4172
3.071121 110 4172
3.171120 110 4172
3.220221 110 4172
3.488300 110 4172
3.754109 110 4172
4.019264 110 4172
4.071077 110 4172
4.171085 110 4172
4.287223 110 4172
4.554218 110 4172
5.071152 110 4172
5.171066 110 4172
6.071153 110 4172
6.171165 110 4172
7.071211 110 4172
7.171151 110 4172
7.238145 110 4172
8.071244 110 4172
8.171151 110 4172
9.071182 110 4172
9.171158 110 4172
9.899107 110 4172
10.071100 110 4172
10.171129 110 4172
11.071165 110 4172
11.171135 110 4172
12.071169 110 4172
12.171179 110 4172
12.570090 110 4172
13.071149 110 4172
13.171172 110 4172
14.071169 110 4172
14.171155 110 4172
15.071173 110 4172
15.171119 110 4172
15.238057 110 4172
16.071187 110 4172
16.171210 110 4172
17.071205 110 4172
17.171156 110 4172
17.914088 110 4172
18.071171 110 4172
18.171193 110 4172
19.071226 110 4172
19.171166 110 4172
20.071205 110 4172
20.171191 110 4172
20.555158 60 60000
20.569878 110 4172
20.795633 1198 4172
20.795637 1198 4172
20.795637 1198 4172
20.795638 1198 4172
20.795640 1198 4172
20.795657 1198 4172
20.795669 1198 4172
20.795674 1198 4172
20.795694 1198 4172
20.795704 1198 4172
20.795715 1198 4172
20.795727 1102 4172
20.797847 1198 4172
20.797850 1198 4172
20.797851 1198 4172
20.797877 1198 4172
20.797898 1198 4172
20.797907 1198 4172
20.797922 1198 4172
20.797933 1198 4172
20.797945 1198 4172
20.797956 1198 4172
20.797967 1054 4172
20.806426 1198 4172
20.806495 1198 4172
20.806519 1198 4172
20.806520 1198 4172
20.806554 1198 4172
20.806586 1198 4172
20.806597 1198 4172
20.806640 1198 4172
20.806670 1198 4172
20.806689 1198 4172
20.806710 1198 4172
20.806729 1198 4172
20.806750 1198 4172
20.806772 1198 4172
20.806789 1198 4172
20.806811 1198 4172
20.806832 158 4172
20.806852 1198 4172
20.806871 1198 4172
20.806890 1198 4172
20.806911 1198 4172
20.806932 1198 4172
20.806951 1198 4172
20.806970 1198 4172
20.806991 1198 4172
20.807010 302 4172
20.807029 1198 4172
20.807048 1198 4172
20.807069 1198 4172
20.807088 1198 4172
20.807107 1198 4172
20.807126 1198 4172
20.807147 1198 4172
20.807166 1198 4172
20.807184 1198 4172
20.807203 1198 4172
20.807226 1198 4172
20.807244 1198 4172
20.807263 1198 4172
20.807282 1198 4172
20.807303 1198 4172
20.807321 1198 4172
20.807340 1198 4172
20.807366 1198 4172
20.807424 1198 4172
20.807443 222 4172
20.807463 1198 4172
20.807481 1198 4172
20.807502 1198 4172
20.807521 1198 4172
20.807539 1198 4172
20.807558 1198 4172
20.807579 1198 4172
20.807600 1198 4172
20.807616 1198 4172
20.807635 1198 4172
20.807656 1198 4172
20.807674 1198 4172
20.807694 1198 4172
20.807713 1134 4172
20.807735 1198 4172
20.807754 1198 4172
20.807773 1198 4172
20.807791 1198 4172
20.807814 1198 4172
20.807832 1198 4172
20.807850 1198 4172
20.807869 1198 4172
20.807889 1198 4172
20.807909 1198 4172
20.807928 1198 4172
20.807948 1198 4172
20.807968 1198 4172
20.807987 110 4172
20.813505 1198 4172
20.813531 1198 4172
20.813555 1198 4172
20.813577 1198 4172
20.813600 1198 4172
20.813620 1198 4172
20.813640 1198 4172
20.813662 1198 4172
20.813682 1198 4172
20.813701 1198 4172
20.813720 1198 4172
20.813739 1198 4172
20.813761 1198 4172
20.813781 622 4172
20.815003 1198 4172
20.815024 1198 4172
20.815046 1198 4172
20.815066 1198 4172
20.815088 1198 4172
20.815109 1198 4172
20.815129 1198 4172
20.815148 1198 4172
20.815171 1198 4172
20.815191 1198 4172
20.815210 1198 4172
20.815232 110 4172
20.817085 1198 4172
20.817092 1198 4172
20.817104 1198 4172
20.817115 1198 4172
20.817130 1198 4172
20.817141 1198 4172
20.817151 1198 4172
20.817161 1198 4172
20.817174 1198 4172
20.817184 1198 4172
20.817196 1198 4172
20.817206 1198 4172
20.817217 1198 4172
20.817232 1198 4172
20.817240 1198 4172
20.817250 1198 4172
20.817263 142 4172
20.818848 1198 4172
20.818874 1198 4172
20.818902 1198 4172
20.818929 1198 4172
20.818958 1198 4172
20.818986 1198 4172
20.819013 1198 4172
20.819040 1198 4172
20.819067 1198 4172
20.819094 686 4172
20.820655 1198 4172
20.820683 1198 4172
20.820712 1198 4172
20.820738 1198 4172
20.820766 1198 4172
20.820793 1198 4172
20.820830 1198 4172
20.820858 1198 4172
20.820885 1198 4172
20.820912 1198 4172
20.820940 1198 4172
20.820967 1198 4172
20.820994 398 4172
20.822612 1198 4172
20.822638 1198 4172
20.822666 1198 4172
20.822694 1198 4172
20.822720 1198 4172
20.822746 1198 4172
20.822773 1198 4172
20.822801 718 4172
20.824558 1198 4172
20.824596 1198 4172
20.824623 1198 4172
20.824650 1198 4172
20.824677 1198 4172
20.824704 1198 4172
20.824730 1198 4172
20.824756 1198 4172
20.824783 1198 4172
20.824816 1198 4172
20.824843 1198 4172
20.824870 1086 4172
20.826264 1198 4172
20.826292 1198 4172
20.826318 1198 4172
20.826345 1198 4172
20.826372 1198 4172
20.826399 1198 4172
20.826427 1198 4172
20.826454 1198 4172
20.826480 1198 4172
20.826507 1198 4172
20.826534 478 4172
20.827603 1198 4172
20.827632 1198 4172
20.827660 1198 4172
20.827687 1198 4172
20.827714 1198 4172
20.827741 1022 4172
20.828106 1182 4172
20.999698 270 4172
20.999702 190 4172
20.999716 190 4172
20.999717 190 4172
20.999737 190 4172
20.999744 190 4172
20.999754 190 4172
20.999764 190 4172
20.999777 190 4172
20.999786 190 4172
20.999798 190 4172
20.999814 190 4172
20.999826 190 4172
20.999836 190 4172
20.999850 190 4172
20.999859 1198 4172
20.999869 1198 4172
20.999879 1198 4172
20.999889 1198 4172
20.999900 1086 4172
20.999911 926 4172
21.071230 110 4172
21.087926 110 4172
21.171241 110 4172
21.190356 174 4172
21.190677 174 4172
21.191065 174 4172
21.191446 174 4172
21.191833 174 4172
21.192213 174 4172
21.192588 174 4172
21.192966 174 4172
21.193333 174 4172
21.193704 174 4172
21.194094 174 4172
21.194499 174 4172
21.194890 174 4172
21.195280 174 4172
21.195666 174 4172
21.196412 1198 4172
21.196438 1198 4172
21.196451 1198 4172
21.196605 1198 4172
21.196638 1198 4172
21.196654 1198 4172
21.196669 238 4172
21.362013 110 4172
21.525259 1198 4172
21.525262 1198 4172
21.525262 270 4172
21.525359 302 4172
21.525486 238 4172
21.625122 110 4172
21.892046 110 4172
22.071292 110 4172
22.154023 110 4172
22.171303 110 4172
22.419000 110 4172
22.685050 110 4172
22.948044 110 4172
23.071260 110 4172
23.171280 110 4172
23.219982 110 4172
23.485143 110 4172
23.751032 110 4172
24.071395 110 4172
24.171459 110 4172
25.071315 110 4172
25.171412 110 4172
26.071543 110 4172
26.171403 110 4172
26.418123 110 4172
27.071486 110 4172
27.171372 110 4172
28.071461 110 4172
28.171453 110 4172
29.071469 110 4172
29.087901 110 4172
29.171465 110 4172
30.071486 110 4172
30.171452 110 4172
30.758106 590 4172
30.758163 318 4172
31.071394 110 4172
31.156373 158 4172
31.171418 110 4172
31.219390 60 60000
31.257847 142 4172
31.257949 286 4172
31.271410 110 4172
31.330042 1198 4172
31.330047 1198 4172
31.330072 1198 4172
31.330092 734 4172
31.330116 1198 4172
31.330137 1198 4172
31.330155 1198 4172
31.330175 1198 4172
31.330196 1198 4172
31.330215 1198 4172
31.330234 1198 4172
31.330253 462 4172
31.330275 206 4172
31.330295 382 4172
31.330313 174 4172
31.330332 222 4172
31.330353 318 4172
31.359353 1198 4172
31.359357 1198 4172
31.359381 1198 4172
31.359382 942 4172
31.359402 1198 4172
31.359404 1198 4172
31.359417 1198 4172
31.359427 1198 4172
31.359441 1198 4172
31.359451 1198 4172
31.359461 1198 4172
31.359473 1198 4172
31.359486 190 4172
31.359495 206 4172
31.359505 382 4172
31.359516 206 4172
31.359529 190 4172
31.359540 414 4172
31.394229 1198 4172
31.394232 1198 4172
31.394233 1198 4172
31.394248 1198 4172
31.394261 1198 4172
31.394270 1198 4172
31.394281 1198 4172
31.394292 1198 4172
31.394306 270 4172
31.394315 1198 4172
31.394325 1198 4172
31.394336 1198 4172
31.394348 638 4172
31.394358 286 4172
31.394382 350 4172
31.394942 158 4172
31.395044 398 4172
31.395958 1198 4172
31.395967 1198 4172
31.395977 1198 4172
31.395988 318 4172
31.425310 1198 4172
31.425356 1198 4172
31.425358 1198 4172
31.425359 1198 4172
31.425360 1198 4172
31.425360 1198 4172
31.425361 1198 4172
31.425377 1198 4172
31.425377 1198 4172
31.425388 542 4172
31.425666 1198 4172
31.425676 1198 4172
31.425687 462 4172
31.426907 302 4172
31.427028 414 4172
31.427176 142 4172
31.429252 494 4172
31.458951 1198 4172
31.458973 1198 4172
31.458980 1198 4172
31.458994 1198 4172
31.459012 1198 4172
31.459027 1198 4172
31.459042 1198 4172
31.459057 1198 4172
31.459074 1198 4172
31.459090 446 4172
31.459596 1198 4172
31.459612 270 4172
31.459686 254 4172
31.459803 398 4172
31.459974 462 4172
31.491704 1198 4172
31.491763 1198 4172
31.491765 1198 4172
31.491766 1198 4172
31.491766 1198 4172
31.491805 1198 4172
31.491806 1198 4172
31.491806 734 4172
31.491872 1118 4172
31.491968 254 4172
31.492094 398 4172
31.492306 446 4172
31.508800 110 4172
31.525529 1198 4172
31.525626 1198 4172
31.525629 286 4172
31.525974 174 4172
31.526084 206 4172
31.526246 238 4172
31.526442 158 4172
31.775940 110 4172
32.040941 110 4172
32.071399 110 4172
32.171442 110 4172
32.318926 110 4172
32.581952 110 4172
32.846927 110 4172
33.071477 110 4172
33.102987 110 4172
33.171509 110 4172
33.369921 110 4172
33.634909 110 4172
34.071461 110 4172
34.171527 110 4172
35.071569 110 4172
35.171488 110 4172
36.071557 110 4172
36.171558 110 4172
36.303922 110 4172
37.071453 110 4172
37.171552 110 4172
38.071583 110 4172
38.171696 110 4172
38.952859 110 4172
39.071555 110 4172
39.171696 110 4172
40.071625 110 4172
40.171750 110 4172
41.071487 110 4172
41.171857 110 4172
41.618793 110 4172
42.071669 110 4172
42.171862 110 4172
43.071757 110 4172
43.171810 110 4172
44.071687 110 4172
44.171776 110 4172
44.287820 110 4172
45.071669 110 4172
45.171792 110 4172
46.071747 110 4172
46.171850 110 4172
46.937825 110 4172
47.071755 110 4172
47.171898 110 4172
48.071684 110 4172
48.171869 110 4172
49.071760 110 4172
49.171873 110 4172
49.604612 110 4172
50.071765 110 4172
50.171837 110 4172
51.071811 110 4172
51.171811 110 4172
51.219784 60 60000
51.424977 158 4172
51.553317 60 60000
51.759260 1198 4172
51.759264 1198 4172
51.759265 1198 4172
51.759297 1198 4172
51.759325 1198 4172
51.759340 1198 4172
51.759354 1198 4172
51.759369 494 4172
51.759613 1198 4172
51.759628 1198 4172
51.759645 1198 4172
51.759658 558 4172
51.759802 446 4172
51.759979 286 4172
51.760172 302 4172
51.760388 478 4172
51.760587 462 4172
51.794914 1198 4172
51.794924 1198 4172
51.794924 1198 4172
51.794944 1198 4172
51.794962 1198 4172
51.794976 1198 4172
51.794991 1198 4172
51.795005 1198 4172
51.795023 1198 4172
51.795037 254 4172
51.795705 1198 4172
51.795718 302 4172
51.795864 462 4172
51.796040 254 4172
51.796234 270 4172
51.796442 494 4172
51.796544 462 4172
51.827776 1198 4172
51.827785 1198 4172
51.827800 1198 4172
51.827815 1198 4172
51.827832 1198 4172
51.827847 1198 4172
51.827859 1198 4172
51.827873 1198 4172
51.827890 1198 4172
51.827904 542 4172
51.827926 1134 4172
51.827936 462 4172
51.827949 238 4172
51.827963 254 4172
51.827977 510 4172
51.827991 446 4172
51.859779 1198 4172
51.859809 1198 4172
51.859810 1198 4172
51.859831 1198 4172
51.859848 1198 4172
51.859861 1198 4172
51.859875 1198 4172
51.859889 190 4172
51.859906 910 4172
51.859920 478 4172
51.859938 302 4172
51.859968 318 4172
51.859986 558 4172
51.860000 446 4172
51.892254 1198 4172
51.892258 1198 4172
51.892260 1198 4172
51.892284 1198 4172
51.892303 1198 4172
51.892320 1198 4172
51.892336 878 4172
51.892522 622 4172
51.892659 478 4172
51.892802 286 4172
51.892945 318 4172
51.893100 558 4172
51.893283 382 4172
51.926368 1198 4172
51.926373 1198 4172
51.926374 270 4172
51.926790 174 4172
51.926928 206 4172
51.927074 206 4172
51.927207 222 4172
51.927377 238 4172
51.927431 142 4172
52.009039 110 4172
52.071710 110 4172
52.171847 110 4172
52.287622 110 4172
52.551595 110 4172
52.812719 110 4172
53.071708 110 4172
53.071743 110 4172
53.171815 110 4172
53.338724 110 4172
53.602713 110 4172
54.071705 110 4172
54.171762 110 4172
55.071704 110 4172
55.171749 110 4172
56.071712 110 4172
56.171822 110 4172
56.289593 110 4172
57.071692 110 4172
57.171768 110 4172
58.071692 110 4172
58.171779 110 4172
58.949567 110 4172
59.071705 110 4172
59.171765 110 4172
60.071729 110 4172
60.171799 110 4172
61.071733 110 4172
61.171837 110 4172
61.617672 110 4172
62.071754 110 4172
62.171841 110 4172
63.071776 110 4172
63.171809 110 4172
64.071804 110 4172
64.171863 110 4172
64.270513 110 4172
65.071822 110 4172
65.171888 110 4172
66.071822 110 4172
66.171876 110 4172
66.933473 110 4172
67.071891 110 4172
67.171866 110 4172
68.071921 110 4172
68.171941 110 4172
69.071942 110 4172
69.171980 110 4172
69.601543 110 4172
70.071981 110 4172
70.172040 110 4172
71.071878 110 4172
71.171945 110 4172
71.824638 158 4172
72.071939 110 4172
72.158798 1198 4172
72.158801 1198 4172
72.158802 1198 4172
72.158815 1198 4172
72.158842 1198 4172
72.158857 1198 4172
72.158872 1198 4172
72.158887 1198 4172
72.158916 1166 4172
72.158994 1198 4172
72.159012 1198 4172
72.159026 478 4172
72.159134 222 4172
72.159271 206 4172
72.159452 206 4172
72.159645 238 4172
72.159741 430 4172
72.171892 110 4172
72.193249 1198 4172
72.193252 1198 4172
72.193252 1198 4172
72.193264 1198 4172
72.193276 1198 4172
72.193292 1198 4172
72.193299 1198 4172
72.193317 1198 4172
72.193331 1134 4172
72.193504 1118 4172
72.193655 222 4172
72.193809 206 4172
72.193998 206 4172
72.194225 238 4172
72.194332 462 4172
72.227459 1198 4172
72.227467 1198 4172
72.227468 1198 4172
72.227468 1198 4172
72.227487 1198 4172
72.227501 1198 4172
72.227515 1198 4172
72.227529 1198 4172
72.227547 878 4172
72.227562 862 4172
72.227578 222 4172
72.227600 206 4172
72.227610 206 4172
72.227624 238 4172
72.227639 430 4172
72.243377 110 4172
72.258630 1198 4172
72.258645 1198 4172
72.258664 286 4172
72.259081 174 4172
72.259164 158 4172
72.259273 174 4172
72.259379 174 4172
72.259479 174 4172
72.259513 142 4172
72.523559 110 4172
72.786445 110 4172
73.050478 110 4172
73.072031 110 4172
73.172065 110 4172
73.305567 110 4172
73.572485 110 4172
73.838375 110 4172
74.072014 110 4172
74.172119 110 4172
75.072079 110 4172
75.172104 110 4172
76.072082 110 4172
76.172005 110 4172
76.519520 110 4172
77.072094 110 4172
77.172122 110 4172
78.072147 110 4172
78.172129 110 4172
79.072126 110 4172
79.172144 110 4172
79.204451 110 4172
80.072077 110 4172
80.172136 110 4172
81.072139 110 4172
81.172178 110 4172
81.617445 60 60000
81.824405 158 4172
81.858354 110 4172
81.950238 60 60000
82.027612 1198 4172
82.027617 1198 4172
82.027617 1198 4172
82.027649 1198 4172
82.027705 174 4172
82.027721 334 4172
82.027740 526 4172
82.027753 206 4172
82.027798 206 4172
82.027815 206 4172
82.027829 206 4172
82.027843 206 4172
82.027887 414 4172
82.027904 206 4172
82.060115 1198 4172
82.060139 1198 4172
82.060157 1198 4172
82.060173 270 4172
82.060190 334 4172
82.060207 670 4172
82.060222 302 4172
82.060238 302 4172
82.060254 302 4172
82.060267 302 4172
82.060282 302 4172
82.060297 686 4172
82.060314 238 4172
82.072057 110 4172
82.092599 1198 4172
82.092601 1198 4172
82.092616 1198 4172
82.092633 1038 4172
82.092694 334 4172
82.092936 766 4172
82.093092 334 4172
82.093257 334 4172
82.093407 334 4172
82.093556 334 4172
82.093783 846 4172
82.096254 158 4172
82.096937 1198 4172
82.096949 1198 4172
82.096994 1198 4172
82.097018 718 4172
82.125457 1198 4172
82.125461 1198 4172
82.125462 1198 4172
82.125464 1198 4172
82.125477 1198 4172
82.125492 1198 4172
82.125501 654 4172
82.125772 1198 4172
82.125783 1198 4172
82.125794 1054 4172
82.128256 830 4172
82.128427 366 4172
82.128593 366 4172
82.128754 366 4172
82.128913 366 4172
82.129147 830 4172
82.131363 462 4172
82.158220 1198 4172
82.158235 1198 4172
82.158250 1198 4172
82.158266 1198 4172
82.158282 1198 4172
82.158297 1198 4172
82.158311 1198 4172
82.158327 862 4172
82.159518 1198 4172
82.159535 878 4172
82.159690 814 4172
82.159851 366 4172
82.160007 366 4172
82.160164 366 4172
82.160332 366 4172
82.160551 782 4172
82.160655 462 4172
82.172059 110 4172
82.192332 1198 4172
82.192336 1198 4172
82.192337 1198 4172
82.192353 1198 4172
82.192370 1198 4172
82.192383 1198 4172
82.192398 1198 4172
82.192415 894 4172
82.192836 1166 4172
82.193006 766 4172
82.193170 382 4172
82.193336 382 4172
82.193493 382 4172
82.193645 382 4172
82.193863 798 4172
82.193964 446 4172
82.225243 1198 4172
82.225249 1198 4172
82.225250 1198 4172
82.225280 1198 4172
82.225304 1198 4172
82.225319 1198 4172
82.225335 1054 4172
82.225369 910 4172
82.225545 750 4172
82.225700 318 4172
82.225854 318 4172
82.226001 318 4172
82.226155 318 4172
82.226372 686 4172
82.226482 462 4172
82.258446 1198 4172
82.258464 1198 4172
82.258466 1198 4172
82.258494 1198 4172
82.258521 1198 4172
82.258536 1198 4172
82.258552 846 4172
82.258661 638 4172
82.258834 750 4172
82.258991 318 4172
82.259147 318 4172
82.259302 318 4172
82.259452 318 4172
82.259664 686 4172
82.259817 382 4172
82.272113 110 4172
82.292146 1198 4172
82.292149 1198 4172
82.292149 270 4172
82.292528 174 4172
82.292734 238 4172
82.292921 206 4172
82.293106 206 4172
82.293866 206 4172
82.293893 206 4172
82.293914 238 4172
82.293932 142 4172
82.372159 110 4172
82.388345 110 4172
82.472236 110 4172
82.652539 110 4172
82.915473 110 4172
83.072133 110 4172
83.172116 110 4172
83.188332 110 4172
83.451461 110 4172
83.717508 110 4172
83.983415 110 4172
84.072156 110 4172
84.172189 110 4172
84.254419 110 4172
85.072205 110 4172
85.172234 110 4172
86.072278 110 4172
86.172249 110 4172
86.932463 110 4172
87.072264 110 4172
87.172238 110 4172
88.072300 110 4172
88.172261 110 4172
89.072268 110 4172
89.172305 110 4172
89.602393 110 4172
90.072276 110 4172
90.172295 110 4172
90.692097 318 4172
90.692101 318 4172
91.072190 110 4172
91.172294 110 4172
92.072259 110 4172
92.172283 110 4172
92.256291 110 4172
93.072299 110 4172
93.172321 110 4172
94.072293 110 4172
94.172314 110 4172
94.916327 110 4172
95.072340 110 4172
95.172309 110 4172
96.072270 110 4172
96.172360 110 4172
97.072270 110 4172
97.172305 110 4172
97.602161 110 4172
98.072269 110 4172
98.172325 110 4172
99.072301 110 4172
99.172382 110 4172
100.072302 110 4172
100.172320 110 4172
100.254282 110 4172
101.072272 110 4172
101.172326 110 4172
102.072312 110 4172
102.172358 110 4172
102.191896 158 4172
102.528318 1198 4172
102.528322 1198 4172
102.528322 1198 4172
102.528323 1198 4172
102.528421 1198 4172
102.528423 1198 4172
102.528424 1198 4172
102.528424 1198 4172
102.528449 1198 4172
102.528466 158 4172
102.528480 1022 4172
102.528481 238 4172
102.528517 206 4172
102.528528 206 4172
102.528538 206 4172
102.528551 206 4172
102.528590 254 4172
102.528601 430 4172
102.559984 1198 4172
102.560001 1198 4172
102.560017 1198 4172
102.560034 1198 4172
102.560050 1198 4172
102.560064 1198 4172
102.560078 1198 4172
102.560093 1198 4172
102.560110 782 4172
102.560147 910 4172
102.560350 238 4172
102.560535 206 4172
102.560843 206 4172
102.561138 206 4172
102.561420 206 4172
102.561717 238 4172
102.561858 462 4172
102.592952 1198 4172
102.592955 1198 4172
102.592967 1198 4172
102.592980 1198 4172
102.592996 1198 4172
102.593013 1198 4172
102.593028 1198 4172
102.593042 1198 4172
102.593060 862 4172
102.593078 830 4172
102.593280 238 4172
102.593457 206 4172
102.593730 206 4172
102.594003 206 4172
102.594287 206 4172
102.594577 238 4172
102.594675 430 4172
102.626058 1198 4172
102.626061 1198 4172
102.626062 270 4172
102.626572 174 4172
102.626717 158 4172
102.626890 174 4172
102.627065 174 4172
102.627232 174 4172
102.627400 174 4172
102.627567 174 4172
102.627624 142 4172
102.958242 110 4172
103.072342 110 4172
103.172358 110 4172
103.223139 110 4172
103.489240 110 4172
103.755317 110 4172
104.019288 110 4172
104.072362 110 4172
104.172374 110 4172
105.072417 110 4172
105.172415 110 4172
106.072379 110 4172
106.172391 110 4172
106.669209 110 4172
107.072357 110 4172
107.172441 110 4172
108.072623 110 4172
108.172427 110 4172
109.072637 110 4172
109.172414 110 4172
109.322240 110 4172
110.072435 110 4172
110.172546 110 4172
111.072394 110 4172
111.172429 110 4172
111.984088 110 4172
112.017038 60 60000
112.072440 110 4172
112.172473 110 4172
112.191503 158 4172
112.344980 60 60000
112.459936 1198 4172
112.459939 1198 4172
112.459940 1198 4172
112.459961 1198 4172
112.459987 910 4172
112.460709 1198 4172
112.460724 1198 4172
112.460737 1198 4172
112.460748 1198 4172
112.460761 1198 4172
112.460776 1198 4172
112.460790 126 4172
112.461057 862 4172
112.461339 318 4172
112.461787 318 4172
112.462218 318 4172
112.462624 318 4172
112.463057 318 4172
112.463477 318 4172
112.463900 318 4172
112.464107 782 4172
112.464183 238 4172
112.464305 366 4172
112.492801 1198 4172
112.492804 1198 4172
112.492805 1198 4172
112.492806 190 4172
112.493779 1198 4172
112.493781 1198 4172
112.493787 1198 4172
112.493788 1198 4172
112.493803 1198 4172
112.493812 1198 4172
112.493824 1086 4172
112.494063 942 4172
112.494416 350 4172
112.494738 350 4172
112.495077 350 4172
112.495404 350 4172
112.495719 350 4172
112.496053 350 4172
112.496368 350 4172
112.496588 958 4172
112.496659 222 4172
112.496746 318 4172
112.526803 1198 4172
112.526806 1198 4172
112.526807 1198 4172
112.526808 1198 4172
112.526808 1198 4172
112.526818 1198 4172
112.526832 1054 4172
112.527264 1198 4172
112.527272 1198 4172
112.527285 1198 4172
112.527298 798 4172
112.527524 958 4172
112.527730 302 4172
112.527937 302 4172
112.528129 302 4172
112.528326 302 4172
112.528522 302 4172
112.528718 302 4172
112.529009 894 4172
112.529120 158 4172
112.529236 366 4172
112.529990 1198 4172
112.529991 1198 4172
112.530000 1198 4172
112.530019 782 4172
112.559349 1198 4172
112.559380 1198 4172
112.559395 1198 4172
112.559410 1198 4172
112.559427 1198 4172
112.559442 1198 4172
112.559457 1198 4172
112.559471 1198 4172
112.559488 462 4172
112.559613 1198 4172
112.559631 1198 4172
112.559645 990 4172
112.559857 878 4172
112.560074 318 4172
112.560279 318 4172
112.560473 318 4172
112.560670 318 4172
112.560867 318 4172
112.561165 318 4172
112.561336 702 4172
112.561879 382 4172
112.562705 1198 4172
112.562719 1198 4172
112.562763 846 4172
112.592445 1198 4172
112.592447 1198 4172
112.592461 1198 4172
112.592484 1198 4172
112.592490 1198 4172
112.592506 1198 4172
112.592521 1198 4172
112.592542 1198 4172
112.592607 1198 4172
112.592623 878 4172
112.592833 798 4172
112.593043 366 4172
112.593232 366 4172
112.593417 366 4172
112.593601 366 4172
112.593785 366 4172
112.593975 366 4172
112.594235 814 4172
112.594426 142 4172
112.596790 494 4172
112.625168 1198 4172
112.625172 1198 4172
112.625180 1198 4172
112.625196 1198 4172
112.625213 1198 4172
112.625227 1198 4172
112.625241 1198 4172
112.625257 798 4172
112.625275 1150 4172
112.625486 686 4172
112.625693 350 4172
112.625890 350 4172
112.626086 350 4172
112.626272 350 4172
112.626460 350 4172
112.626646 350 4172
112.626884 590 4172
112.627006 430 4172
112.656059 1198 4172
112.656062 1198 4172
112.656063 1198 4172
112.656091 1198 4172
112.656091 1198 4172
112.656092 1198 4172
112.656092 1102 4172
112.656110 926 4172
112.656352 590 4172
112.656569 334 4172
112.656778 334 4172
112.656990 334 4172
112.657207 334 4172
112.657414 334 4172
112.657624 334 4172
112.657865 350 4172
112.657984 446 4172
112.689020 1198 4172
112.689023 1198 4172
112.689024 254 4172
112.689097 318 4172
112.689285 222 4172
112.689510 206 4172
112.689732 206 4172
112.689961 206 4172
112.690179 206 4172
112.690396 206 4172
112.690612 206 4172
112.690829 206 4172
112.690990 158 4172
112.790160 110 4172
112.863923 1198 4172
112.863926 1198 4172
112.863927 238 4172
112.864388 318 4172
112.867817 174 4172
112.871138 174 4172
112.871661 238 4172
112.872150 222 4172
112.872626 222 4172
112.873102 222 4172
112.873576 222 4172
112.874047 222 4172
112.874525 222 4172
112.874991 222 4172
112.875441 174 4172
112.879034 174 4172
112.881582 174 4172
112.883341 254 4172
112.885934 1198 4172
112.885947 1198 4172
112.885959 1198 4172
112.885969 1198 4172
112.885985 1198 4172
112.885996 1198 4172
112.886007 1198 4172
112.886017 1198 4172
112.886030 1198 4172
112.886041 1198 4172
112.886050 1198 4172
112.886061 1198 4172
112.886075 558 4172
112.964378 1198 4172
112.964381 1198 4172
112.964381 238 4172
112.964813 318 4172
112.968410 174 4172
112.971169 174 4172
112.971688 238 4172
112.972178 222 4172
112.972662 222 4172
112.973139 222 4172
112.973612 222 4172
112.974093 222 4172
112.974577 222 4172
112.975047 222 4172
112.975446 174 4172
112.978509 174 4172
112.980856 174 4172
112.983182 254 4172
112.985411 1198 4172
112.985483 1198 4172
112.985502 1198 4172
112.985519 1198 4172
112.985542 1198 4172
112.985556 1198 4172
112.985575 1198 4172
112.985584 1198 4172
112.985604 1198 4172
112.985618 1198 4172
112.985632 1198 4172
112.985646 1198 4172
112.985672 558 4172
113.030747 1198 4172
113.030753 1198 4172
113.030755 238 4172
113.031181 318 4172
113.034264 174 4172
113.036563 174 4172
113.037001 238 4172
113.037404 222 4172
113.037799 222 4172
113.038192 222 4172
113.038583 222 4172
113.038982 222 4172
113.039373 222 4172
113.039766 222 4172
113.040169 174 4172
113.043197 174 4172
113.045665 174 4172
113.047727 254 4172
113.049993 1198 4172
113.050065 1198 4172
113.050080 1198 4172
113.050093 1198 4172
113.050110 1198 4172
113.050121 1198 4172
113.050131 1198 4172
113.050143 1198 4172
113.050160 1198 4172
113.050168 1198 4172
113.050179 1198 4172
113.050192 1198 4172
113.050207 558 4172
113.066078 110 4172
113.072408 110 4172
113.130480 1198 4172
113.130483 1198 4172
113.130484 238 4172
113.130962 318 4172
113.134381 174 4172
113.137080 174 4172
113.137611 238 4172
113.138097 222 4172
113.138580 222 4172
113.139057 222 4172
113.139532 222 4172
113.140004 222 4172
113.140471 222 4172
113.142064 222 4172
113.142089 174 4172
113.145282 174 4172
113.148070 174 4172
113.150071 254 4172
113.152887 1198 4172
113.152914 1198 4172
113.152930 1198 4172
113.152948 1198 4172
113.152973 1198 4172
113.152990 1198 4172
113.153007 1198 4172
113.153023 1198 4172
113.153055 1198 4172
113.153071 1198 4172
113.153088 1198 4172
113.153106 1198 4172
113.153129 558 4172
113.172515 110 4172
113.196851 1198 4172
113.196860 1198 4172
113.196863 238 4172
113.197326 318 4172
113.200744 174 4172
113.203537 174 4172
113.204076 238 4172
113.204609 222 4172
113.205122 222 4172
113.205705 222 4172
113.206176 222 4172
113.206601 222 4172
113.207038 222 4172
113.207463 222 4172
113.207877 174 4172
113.211127 174 4172
113.213570 174 4172
113.214406 1198 4172
113.214416 1198 4172
113.214427 1198 4172
113.214438 1198 4172
113.214454 1198 4172
113.214463 1198 4172
113.214474 1198 4172
113.214484 174 4172
113.216778 1198 4172
113.216845 1198 4172
113.216866 1198 4172
113.216881 1198 4172
113.216921 1198 4172
113.216937 1198 4172
113.216952 1198 4172
113.216965 1198 4172
113.216990 1198 4172
113.217004 1198 4172
113.217019 1198 4172
113.217032 1198 4172
113.217059 558 4172
113.272585 110 4172
113.296420 1198 4172
113.296424 1198 4172
113.296425 238 4172
113.296896 318 4172
113.300319 174 4172
113.303679 174 4172
113.304207 238 4172
113.304673 222 4172
113.305155 222 4172
113.305611 222 4172
113.306088 222 4172
113.306550 222 4172
113.307021 222 4172
113.307480 222 4172
113.307927 174 4172
113.311231 174 4172
113.313652 174 4172
113.314496 1198 4172
113.314513 1198 4172
113.314528 1198 4172
113.314543 1198 4172
113.314561 1198 4172
113.314576 1198 4172
113.314592 1198 4172
113.314607 174 4172
113.316788 1198 4172
113.316860 1198 4172
113.316877 1198 4172
113.316891 1198 4172
113.316913 1198 4172
113.316928 1198 4172
113.316942 1198 4172
113.316958 1198 4172
113.316979 1198 4172
113.316998 1198 4172
113.317014 1198 4172
113.317028 1198 4172
113.317045 558 4172
113.333134 110 4172
113.363390 1198 4172
113.363405 1198 4172
113.363406 238 4172
113.363855 318 4172
113.367577 174 4172
113.370429 174 4172
113.370886 238 4172
113.371309 222 4172
113.371735 222 4172
113.372153 222 4172
113.372521 110 4172
113.372604 222 4172
113.373024 222 4172
113.373437 222 4172
113.373849 222 4172
113.374256 174 4172
113.377311 174 4172
113.379791 174 4172
113.380615 1198 4172
113.380626 1198 4172
113.380636 1198 4172
113.380647 1198 4172
113.380659 1198 4172
113.380669 1198 4172
113.380680 1198 4172
113.380690 174 4172
113.382981 1198 4172
113.383052 1198 4172
113.383067 1198 4172
113.383079 1198 4172
113.383095 1198 4172
113.383106 1198 4172
113.383117 1198 4172
113.383127 1198 4172
113.383150 1198 4172
113.383153 1198 4172
113.383165 1198 4172
113.383175 1198 4172
113.383191 558 4172
113.472607 110 4172
113.572467 110 4172
113.588098 110 4172
113.855103 110 4172
114.072611 110 4172
114.121136 110 4172
114.172489 110 4172
114.388117 110 4172
114.654196 110 4172
114.919202 110 4172
115.072563 110 4172
115.172504 110 4172
115.188059 110 4172
115.454084 110 4172
115.717193 110 4172
115.981194 110 4172
116.072645 110 4172
116.172592 110 4172
117.072615 110 4172
117.172690 110 4172
118.072651 110 4172
118.172654 110 4172
118.652067 110 4172
119.072536 110 4172
119.172529 110 4172
120.072666 110 4172
120.172588 110 4172
121.072668 110 4172
121.172736 110 4172
121.321075 110 4172
122.072686 110 4172
122.172700 110 4172
123.072737 110 4172
123.172711 110 4172
123.979981 110 4172
124.072726 110 4172
124.172648 110 4172
125.072802 110 4172
125.172661 110 4172
126.072660 110 4172
126.172775 110 4172
126.668982 110 4172
127.072657 110 4172
127.172789 110 4172
128.072763 110 4172
128.172757 110 4172
128.531620 366 4172
128.533996 174 4172
128.536292 174 4172
128.538522 174 4172
128.540644 254 4172
128.542440 238 4172
128.544248 238 4172
128.546040 238 4172
128.547959 238 4172
128.549709 174 4172
128.551434 174 4172
128.553115 174 4172
128.555456 174 4172
128.557655 174 4172
128.559907 174 4172
128.561904 254 4172
128.564281 1198 4172
128.564366 1198 4172
128.564389 1198 4172
128.564409 1198 4172
128.564442 1198 4172
128.564460 1198 4172
128.564480 1198 4172
128.564499 1198 4172
128.564524 1198 4172
128.564544 1198 4172
128.564563 1198 4172
128.564582 1198 4172
128.564607 558 4172
128.794936 110 4172
129.059944 110 4172
129.072728 110 4172
129.172819 110 4172
129.321897 110 4172
130.072755 110 4172
130.172867 110 4172
131.072767 110 4172
131.172834 110 4172
131.984984 110 4172
132.072838 110 4172
132.172900 110 4172
132.725349 158 4172
132.892150 1198 4172
132.892160 1198 4172
132.892160 1198 4172
132.892161 1198 4172
132.892233 1198 4172
132.892247 574 4172
132.892893 1198 4172
132.892927 1198 4172
132.892927 1198 4172
132.892938 1198 4172
132.892983 1198 4172
132.892995 1198 4172
132.893020 1198 4172
132.893035 1198 4172
132.893052 766 4172
132.893149 222 4172
132.893346 206 4172
132.893541 206 4172
132.894951 206 4172
132.895026 206 4172
132.895048 206 4172
132.895068 206 4172
132.895097 206 4172
132.895112 446 4172
133.042851 110 4172
133.059494 1198 4172
133.059803 1198 4172
133.059804 366 4172
133.059992 158 4172
133.060223 174 4172
133.060451 174 4172
133.060677 174 4172
133.060900 174 4172
133.061115 174 4172
133.061333 174 4172
133.061552 174 4172
133.061729 158 4172
133.072777 110 4172
133.172916 110 4172
133.322864 110 4172
133.587900 110 4172
133.854193 110 4172
134.072752 110 4172
134.172927 110 4172
135.072864 110 4172
135.172851 110 4172
136.072868 110 4172
136.172993 110 4172
136.519987 110 4172
137.072876 110 4172
137.172858 110 4172
138.072751 110 4172
138.172977 110 4172
139.072914 110 4172
139.172882 110 4172
139.172959 110 4172
140.072896 110 4172
140.172961 110 4172
141.072887 110 4172
141.172930 110 4172
141.852798 110 4172
142.072807 110 4172
142.172857 110 4172
142.411921 60 60000
142.657759 158 4172
142.742430 60 60000
142.900215 1198 4172
142.900246 1198 4172
142.900268 1198 4172
142.900288 1198 4172
142.900340 126 4172
142.900362 334 4172
142.900382 302 4172
142.900402 318 4172
142.900450 318 4172
142.900472 318 4172
142.900490 318 4172
142.900548 318 4172
142.900575 318 4172
142.900592 318 4172
142.900608 318 4172
142.900625 318 4172
142.900652 1198 4172
142.900667 126 4172
142.900682 206 4172
142.927242 1198 4172
142.927246 1198 4172
142.927246 1198 4172
142.927268 1198 4172
142.927296 1198 4172
142.927312 638 4172
142.927594 1198 4172
142.927612 1198 4172
142.927627 1198 4172
142.927642 1198 4172
142.927659 1198 4172
142.927675 286 4172
142.929300 1102 4172
142.929308 382 4172
142.929470 382 4172
142.930076 382 4172
142.930726 382 4172
142.931319 382 4172
142.931911 382 4172
142.932478 382 4172
142.933076 382 4172
142.933679 382 4172
142.934813 766 4172
142.934892 190 4172
142.935039 398 4172
142.960753 1198 4172
142.960770 1198 4172
142.960772 1198 4172
142.960797 1198 4172
142.960823 1198 4172
142.960839 1198 4172
142.960855 1198 4172
142.960869 1198 4172
142.960894 478 4172
142.960903 1198 4172
142.960919 1198 4172
142.960932 1198 4172
142.960951 382 4172
142.960966 638 4172
142.960981 302 4172
142.960995 302 4172
142.962553 302 4172
142.962569 302 4172
142.962584 302 4172
142.962599 302 4172
142.962620 302 4172
142.962635 302 4172
142.962884 302 4172
142.963150 302 4172
142.963333 142 4172
142.963457 462 4172
142.992985 1198 4172
142.992987 1198 4172
142.992997 1198 4172
142.993024 1198 4172
142.993035 1198 4172
142.993054 1198 4172
142.993072 1198 4172
142.993079 1198 4172
142.993105 302 4172
142.993207 1198 4172
142.993221 1198 4172
142.993239 1038 4172
142.993552 270 4172
142.993863 222 4172
142.994142 222 4172
142.994409 222 4172
142.994669 222 4172
142.994924 222 4172
142.995179 222 4172
142.995432 222 4172
142.995689 222 4172
142.995940 222 4172
142.996239 558 4172
142.996394 446 4172
143.026220 1198 4172
143.026223 1198 4172
143.026224 1198 4172
143.026241 1198 4172
143.026258 1198 4172
143.026270 1198 4172
143.026279 1198 4172
143.026295 1198 4172
143.026310 158 4172
143.026457 1198 4172
143.026469 846 4172
143.026769 206 4172
143.027052 222 4172
143.027367 222 4172
143.027657 222 4172
143.027925 222 4172
143.028179 222 4172
143.028444 222 4172
143.028717 222 4172
143.028986 222 4172
143.029250 222 4172
143.029516 222 4172
143.029836 814 4172
143.029971 478 4172
143.059455 1198 4172
143.059473 1198 4172
143.059488 1198 4172
143.059505 1198 4172
143.059523 1198 4172
143.059539 1198 4172
143.059554 1198 4172
143.059570 638 4172
143.059589 1134 4172
143.059604 638 4172
143.059629 382 4172
143.059639 382 4172
143.059654 382 4172
143.059669 382 4172
143.059684 382 4172
143.059699 382 4172
143.059715 382 4172
143.059730 382 4172
143.059745 382 4172
143.059760 382 4172
143.059778 1166 4172
143.059807 462 4172
143.072816 110 4172
143.090692 1198 4172
143.090694 1198 4172
143.090711 1198 4172
143.090727 1198 4172
143.090745 1198 4172
143.090760 1198 4172
143.090777 1118 4172
143.090792 894 4172
143.090808 782 4172
143.090824 398 4172
143.090839 398 4172
143.090854 398 4172
143.090872 398 4172
143.090886 398 4172
143.091019 398 4172
143.091312 398 4172
143.091587 398 4172
143.091869 398 4172
143.092139 398 4172
143.092449 1038 4172
143.092645 414 4172
143.124427 1198 4172
143.124431 1198 4172
143.124432 286 4172
143.124446 318 4172
143.124707 206 4172
143.124923 206 4172
143.125176 206 4172
143.125428 206 4172
143.125686 206 4172
143.125936 206 4172
143.126186 206 4172
143.126443 206 4172
143.126701 206 4172
143.126949 206 4172
143.127196 206 4172
143.127482 254 4172
143.127533 142 4172
143.172889 110 4172
143.188706 110 4172
143.272902 110 4172
143.329803 1198 4172
143.329807 1198 4172
143.329808 238 4172
143.330223 318 4172
143.330786 222 4172
143.331292 222 4172
143.331769 222 4172
143.332235 222 4172
143.332711 222 4172
143.333171 222 4172
143.333645 222 4172
143.334137 222 4172
143.334615 222 4172
143.335092 222 4172
143.335567 222 4172
143.336157 254 4172
143.339710 174 4172
143.341581 254 4172
143.344305 1198 4172
143.344317 1198 4172
143.344334 1198 4172
143.344350 1198 4172
143.344369 1198 4172
143.344385 1198 4172
143.344403 1198 4172
143.344418 1198 4172
143.344437 1198 4172
143.344453 1198 4172
143.344483 1198 4172
143.344487 1198 4172
143.344510 558 4172
143.429762 1198 4172
143.429808 1198 4172
143.429809 238 4172
143.430221 318 4172
143.430764 222 4172
143.431240 222 4172
143.431716 222 4172
143.432186 222 4172
143.432657 222 4172
143.433136 222 4172
143.433604 222 4172
143.434089 222 4172
143.434575 222 4172
143.435034 222 4172
143.435501 222 4172
143.436066 254 4172
143.440783 174 4172
143.442743 254 4172
143.445529 1198 4172
143.445550 1198 4172
143.445567 1198 4172
143.445584 1198 4172
143.445614 1198 4172
143.445629 1198 4172
143.445646 1198 4172
143.445663 1198 4172
143.445684 1198 4172
143.445703 1198 4172
143.445720 1198 4172
143.445736 1198 4172
143.445757 558 4172
143.461813 110 4172
143.496430 1198 4172
143.496435 1198 4172
143.496435 238 4172
143.496895 318 4172
143.497431 222 4172
143.497911 222 4172
143.498385 222 4172
143.498857 222 4172
143.499330 222 4172
143.500939 222 4172
143.500944 222 4172
143.500968 222 4172
143.501328 222 4172
143.501817 222 4172
143.502282 222 4172
143.502832 254 4172
143.506712 174 4172
143.508701 254 4172
143.511152 1198 4172
143.511170 1198 4172
143.511185 1198 4172
143.511201 1198 4172
143.511232 1198 4172
143.511248 1198 4172
143.511262 1198 4172
143.511276 1198 4172
143.511303 1198 4172
143.511317 1198 4172
143.511332 1198 4172
143.511347 1198 4172
143.511373 558 4172
143.596217 1198 4172
143.596222 1198 4172
143.596236 238 4172
143.596678 318 4172
143.597219 222 4172
143.597722 222 4172
143.598199 222 4172
143.598680 222 4172
143.599154 222 4172
143.599635 222 4172
143.600251 222 4172
143.600754 222 4172
143.601227 222 4172
143.601702 222 4172
143.602170 222 4172
143.602726 254 4172
143.606324 174 4172
143.608451 254 4172
143.611150 1198 4172
143.611171 1198 4172
143.611187 1198 4172
143.611203 1198 4172
143.611226 1198 4172
143.611241 1198 4172
143.611258 1198 4172
143.611274 1198 4172
143.611296 1198 4172
143.611312 1198 4172
143.611331 1198 4172
143.611347 1198 4172
143.611368 558 4172
143.660813 1198 4172
143.660816 1198 4172
143.660816 238 4172
143.661208 318 4172
143.661635 222 4172
143.662033 222 4172
143.662434 222 4172
143.662838 222 4172
143.663235 222 4172
143.663937 222 4172
143.664142 222 4172
143.664581 222 4172
143.664969 222 4172
143.665356 222 4172
143.665749 222 4172
143.666204 254 4172
143.669265 174 4172
143.671012 254 4172
143.673354 1198 4172
143.673370 1198 4172
143.673387 1198 4172
143.673403 1198 4172
143.673424 1198 4172
143.673439 1198 4172
143.673454 1198 4172
143.673470 1198 4172
143.673490 1198 4172
143.673510 1198 4172
143.673525 1198 4172
143.673540 1198 4172
143.673561 558 4172
143.721714 110 4172
143.762282 1198 4172
143.762287 1198 4172
143.762287 238 4172
143.762716 318 4172
143.763260 222 4172
143.763751 222 4172
143.764226 222 4172
143.764723 222 4172
143.765190 222 4172
143.765674 222 4172
143.766143 222 4172
143.766621 222 4172
143.767099 222 4172
143.767566 222 4172
143.768042 222 4172
143.768597 254 4172
143.772144 174 4172
143.774278 254 4172
143.776967 1198 4172
143.776986 1198 4172
143.777002 1198 4172
143.777019 1198 4172
143.777054 1198 4172
143.777070 1198 4172
143.777086 1198 4172
143.777101 1198 4172
143.777129 1198 4172
143.777143 1198 4172
143.777158 1198 4172
143.777174 1198 4172
143.777197 558 4172
143.991823 110 4172
144.072845 110 4172
144.172949 110 4172
144.255833 110 4172
144.520812 110 4172
144.785836 110 4172
145.051873 110 4172
145.072856 110 4172
145.172929 110 4172
145.308778 110 4172
145.573795 110 4172
145.839943 110 4172
146.072897 110 4172
146.105788 110 4172
146.172945 110 4172
146.373853 110 4172
147.072932 110 4172
147.172921 110 4172
148.072880 110 4172
148.172963 110 4172
149.033949 110 4172
149.072918 110 4172
149.172979 110 4172
150.072981 110 4172
150.172944 110 4172
150.689710 318 4172
150.689881 318 4172
150.762149 1198 4172
150.762383 1198 4172
150.762385 238 4172
150.762611 318 4172
150.763074 222 4172
150.763487 222 4172
150.763904 222 4172
150.764317 222 4172
150.764735 222 4172
150.765135 222 4172
150.765550 222 4172
150.765952 222 4172
150.766354 222 4172
150.766768 222 4172
150.767174 222 4172
150.767658 254 4172
150.768042 174 4172
150.768974 1198 4172
150.768983 1198 4172
150.768995 1198 4172
150.769005 1198 4172
150.769027 1198 4172
150.769048 1198 4172
150.769061 1198 4172
150.769062 174 4172
150.771312 1198 4172
150.771323 1198 4172
150.771335 1198 4172
150.771347 1198 4172
150.771363 1198 4172
150.771373 1198 4172
150.771386 1198 4172
150.771397 1198 4172
150.771412 1198 4172
150.771423 1198 4172
150.771434 1198 4172
150.771446 1198 4172
150.771462 558 4172
150.901765 110 4172
151.072945 110 4172
151.171658 110 4172
151.172914 110 4172
151.439748 110 4172
151.704658 110 4172
151.970661 110 4172
152.072978 110 4172
152.173000 110 4172
153.072955 110 4172
153.173074 110 4172
154.073031 110 4172
154.173044 110 4172
154.654642 110 4172
155.073037 110 4172
155.173014 110 4172
156.073090 110 4172
156.173021 110 4172
157.073053 110 4172
157.173042 110 4172
157.321807 110 4172
158.073114 110 4172
158.173100 110 4172
159.073138 110 4172
159.173323 110 4172
160.000764 110 4172
160.073149 110 4172
160.173133 110 4172
161.073164 110 4172
161.173185 110 4172
162.073130 110 4172
162.173213 110 4172
162.685626 110 4172
163.073160 110 4172
163.089408 158 4172
163.173149 110 4172
163.270930 1198 4172
163.270934 1198 4172
163.270940 1198 4172
163.270960 1198 4172
163.270977 1198 4172
163.270998 1198 4172
163.271014 1198 4172
163.271031 1198 4172
163.271051 974 4172
163.271066 1198 4172
163.271082 1198 4172
163.271098 1070 4172
163.271116 238 4172
163.290409 238 4172
163.290414 238 4172
163.290414 238 4172
163.290432 238 4172
163.290449 238 4172
163.290472 238 4172
163.290478 238 4172
163.290492 238 4172
163.290508 238 4172
163.290523 238 4172
163.290537 270 4172
163.295507 174 4172
163.295524 558 4172
163.297680 1198 4172
163.297716 1198 4172
163.297741 1198 4172
163.297773 1198 4172
163.297800 1198 4172
163.297827 1198 4172
163.297858 1198 4172
163.297887 1198 4172
163.297913 1198 4172
163.297940 1198 4172
163.297969 1198 4172
163.297995 1198 4172
163.298028 558 4172
163.426504 206 4172
163.427329 190 4172
163.428286 158 4172
163.430175 158 4172
163.431643 158 4172
163.433105 158 4172
163.434567 158 4172
163.436021 158 4172
163.437623 158 4172
163.439189 158 4172
163.441476 158 4172
163.442686 158 4172
163.444219 158 4172
163.445666 158 4172
163.445765 158 4172
163.478586 110 4172
163.744819 110 4172
164.024648 110 4172
164.073164 110 4172
164.173208 110 4172
164.304649 110 4172
164.569598 110 4172
165.073237 110 4172
165.173168 110 4172
166.073241 110 4172
166.173264 110 4172
167.073261 110 4172
167.173265 110 4172
167.221552 110 4172
168.073318 110 4172
168.173247 110 4172
169.073284 110 4172
169.173305 110 4172
169.883597 110 4172
170.073276 110 4172
170.173327 110 4172
171.073305 110 4172
171.173379 110 4172
172.073321 110 4172
172.173336 110 4172
172.535557 110 4172
172.840983 126 4172
172.924010 542 4172
172.941819 126 4172
173.025579 158 4172
173.025915 1198 4172
173.025930 1198 4172
173.025945 1198 4172
173.025961 1198 4172
173.025978 382 4172
173.026438 1198 4172
173.026456 1198 4172
173.026471 1198 4172
173.026487 1198 4172
173.026504 1198 4172
173.026519 1198 4172
173.026534 1198 4172
173.026549 1198 4172
173.026565 1198 4172
173.026581 894 4172
173.027002 1198 4172
173.027017 1198 4172
173.027032 1198 4172
173.027047 1198 4172
173.027064 1198 4172
173.027078 1198 4172
173.027092 1198 4172
173.027107 1198 4172
173.027124 1198 4172
173.027138 1198 4172
173.027152 1198 4172
173.027167 1198 4172
173.027183 1198 4172
173.027198 782 4172
173.027642 1198 4172
173.027660 1198 4172
173.027674 1198 4172
173.027690 1198 4172
173.027706 1198 4172
173.027721 1198 4172
173.027735 1198 4172
173.027750 1198 4172
173.027767 1198 4172
173.027782 1198 4172
173.027798 1198 4172
173.027811 1198 4172
173.027828 1198 4172
173.027843 1198 4172
173.027857 1198 4172
173.027872 414 4172
173.028198 1198 4172
173.028200 1198 4172
173.028201 1198 4172
173.028202 1198 4172
173.028214 1198 4172
173.028226 1198 4172
173.028241 1198 4172
173.028258 1198 4172
173.028279 734 4172
173.028560 1198 4172
173.028577 1198 4172
173.028592 1198 4172
173.028610 1198 4172
173.028627 1198 4172
173.028639 494 4172
173.028998 1198 4172
173.029013 1198 4172
173.029027 1198 4172
173.029042 1198 4172
173.029060 1198 4172
173.029074 1198 4172
173.029088 1198 4172
173.029104 1054 4172
173.029637 1198 4172
173.029650 1198 4172
173.029666 1198 4172
173.029680 1198 4172
173.029698 1198 4172
173.029713 1198 4172
173.029728 1198 4172
173.029744 238 4172
173.029815 734 4172
173.030192 1198 4172
173.030211 494 4172
173.073363 110 4172
173.124717 1198 4172
173.124726 1198 4172
173.124727 1198 4172
173.124727 1198 4172
173.124728 990 4172
173.125240 1198 4172
173.125257 1198 4172
173.125271 1198 4172
173.125284 1198 4172
173.125301 1198 4172
173.125318 1198 4172
173.125332 1198 4172
173.125344 1198 4172
173.125360 398 4172
173.125870 1198 4172
173.125883 1198 4172
173.125896 1198 4172
173.125908 1198 4172
173.125927 1198 4172
173.125938 1198 4172
173.125951 1198 4172
173.125963 1198 4172
173.125979 1198 4172
173.125990 1198 4172
173.126004 1198 4172
173.126016 238 4172
173.126525 1198 4172
173.126539 1198 4172
173.126550 1198 4172
173.126565 1198 4172
173.126579 1198 4172
173.126592 1198 4172
173.126605 1198 4172
173.126619 1198 4172
173.126633 1198 4172
173.126645 1198 4172
173.126660 1198 4172
173.126673 1198 4172
173.126689 238 4172
173.127103 1198 4172
173.127116 1198 4172
173.127130 1198 4172
173.127146 1198 4172
173.127167 1198 4172
173.127180 1198 4172
173.127194 1118 4172
173.127574 1198 4172
173.127587 1198 4172
173.127600 1198 4172
173.127618 1198 4172
173.127636 830 4172
173.128073 1198 4172
173.128086 1198 4172
173.128100 1198 4172
173.128114 1198 4172
173.128128 1198 4172
173.128141 1198 4172
173.128153 1198 4172
173.128167 302 4172
173.128649 1198 4172
173.128662 1198 4172
173.128675 1198 4172
173.128688 1198 4172
173.128703 1198 4172
173.128716 1198 4172
173.128730 1070 4172
173.128746 142 4172
173.129060 1118 4172
173.156749 1198 4172
173.156751 1198 4172
173.156757 1198 4172
173.156759 1198 4172
173.156779 1198 4172
173.156794 718 4172
173.157128 1198 4172
173.157145 1198 4172
173.157159 1198 4172
173.157174 1198 4172
173.157191 1198 4172
173.157206 1198 4172
173.157221 1198 4172
173.157236 1198 4172
173.157252 1198 4172
173.157269 206 4172
173.157646 1198 4172
173.157661 1198 4172
173.157676 1198 4172
173.157691 1198 4172
173.157707 1198 4172
173.157722 1198 4172
173.157737 1198 4172
173.157752 1198 4172
173.157769 1198 4172
173.157784 1198 4172
173.157798 1198 4172
173.157813 1166 4172
173.158182 1198 4172
173.158199 1198 4172
173.158212 1198 4172
173.158227 1198 4172
173.158244 1198 4172
173.158258 1198 4172
173.158273 1198 4172
173.158288 1198 4172
173.158304 1198 4172
173.158321 1198 4172
173.158335 1198 4172
173.158353 1198 4172
173.158366 1198 4172
173.158381 302 4172
173.158591 1198 4172
173.158607 1198 4172
173.158621 1198 4172
173.158636 1198 4172
173.158652 1198 4172
173.158667 1198 4172
173.158681 1198 4172
173.158695 718 4172
173.158948 1198 4172
173.158964 1198 4172
173.158980 1198 4172
173.159008 1198 4172
173.159013 1198 4172
173.159027 190 4172
173.159354 1198 4172
173.159371 1198 4172
173.159389 1198 4172
173.159454 1198 4172
173.159481 1198 4172
173.159496 1198 4172
173.159511 1198 4172
173.159526 606 4172
173.159804 1198 4172
173.159822 1198 4172
173.159836 1198 4172
173.159851 1198 4172
173.159871 1198 4172
173.159886 1198 4172
173.159901 1134 4172
173.173294 110 4172
173.190446 1198 4172
173.190449 1198 4172
173.190458 1198 4172
173.190477 990 4172
173.190820 1198 4172
173.190837 1198 4172
173.190852 1198 4172
173.190866 1198 4172
173.190886 206 4172
173.191339 1198 4172
173.191355 1198 4172
173.191370 1198 4172
173.191386 1198 4172
173.191403 1150 4172
173.191881 1198 4172
173.191897 1198 4172
173.191913 1198 4172
173.191927 1198 4172
173.191942 1198 4172
173.191957 1198 4172
173.191972 238 4172
173.192283 1198 4172
173.192299 1198 4172
173.192315 1198 4172
173.192330 574 4172
173.192630 1198 4172
173.192646 1198 4172
173.192660 686 4172
173.192982 1198 4172
173.192998 1198 4172
173.193012 1198 4172
173.193027 622 4172
173.193413 1198 4172
173.193430 1198 4172
173.193443 1198 4172
173.193457 1198 4172
173.193476 974 4172
173.222750 318 4172
173.256819 366 4172
173.273299 110 4172
173.290631 366 4172
173.325148 110 4172
173.326602 158 4172
173.326618 1198 4172
173.326629 1198 4172
173.326641 1102 4172
173.326654 766 4172
173.326665 830 4172
173.326675 766 4172
173.326686 766 4172
173.326699 766 4172
173.326710 766 4172
173.326719 1198 4172
173.326729 1198 4172
173.326742 910 4172
173.358586 1198 4172
173.358591 1198 4172
173.358592 654 4172
173.358983 1198 4172
173.358996 1198 4172
173.359010 1198 4172
173.359025 1198 4172
173.359041 1198 4172
173.359055 1198 4172
173.359070 1198 4172
173.359083 1198 4172
173.359101 1102 4172
173.359527 1198 4172
173.359547 1198 4172
173.359563 1198 4172
173.359580 1198 4172
173.359596 1198 4172
173.359610 1198 4172
173.359625 1198 4172
173.359640 1198 4172
173.359656 1198 4172
173.359670 1198 4172
173.359684 1198 4172
173.359699 1198 4172
173.359716 1198 4172
173.359731 1150 4172
173.360184 1198 4172
173.360203 1198 4172
173.360218 1198 4172
173.360233 1198 4172
173.360249 1198 4172
173.360263 1198 4172
173.360277 1198 4172
173.360292 1198 4172
173.360307 1198 4172
173.360324 1198 4172
173.360337 1198 4172
173.360351 1198 4172
173.360371 1198 4172
173.360387 1198 4172
173.360402 366 4172
173.360661 1198 4172
173.360678 1198 4172
173.360693 1198 4172
173.360707 1198 4172
173.360723 1198 4172
173.360737 1198 4172
173.360750 1198 4172
173.360765 686 4172
173.361053 1198 4172
173.361060 1198 4172
173.361153 1198 4172
173.361177 1198 4172
173.361198 814 4172
173.362215 1198 4172
173.362233 1198 4172
173.362234 1198 4172
173.362254 1198 4172
173.362268 1198 4172
173.362277 1198 4172
173.362288 1198 4172
173.362300 510 4172
173.362322 1198 4172
173.362331 1198 4172
173.362343 1198 4172
173.362353 1198 4172
173.362366 1198 4172
173.362377 1198 4172
173.362386 334 4172
173.362756 606 4172
173.362758 1198 4172
173.362779 318 4172
173.373328 110 4172
173.396143 1198 4172
173.396158 878 4172
173.396160 1198 4172
173.396180 1198 4172
173.396192 1198 4172
173.396202 1198 4172
173.396212 1198 4172
173.396223 222 4172
173.396235 1198 4172
173.396245 1198 4172
173.396255 1198 4172
173.396265 1198 4172
173.396276 1198 4172
173.396287 1198 4172
173.396297 1198 4172
173.396336 174 4172
173.396352 1198 4172
173.396362 1198 4172
173.396374 1198 4172
173.396384 1198 4172
173.396397 1198 4172
173.396419 1198 4172
173.396430 590 4172
173.396440 1198 4172
173.396451 1198 4172
173.396461 1198 4172
173.396471 1198 4172
173.396481 814 4172
173.396493 1198 4172
173.396525 1198 4172
173.396537 1198 4172
173.396546 254 4172
173.396571 1198 4172
173.396581 1198 4172
173.396591 1198 4172
173.396600 670 4172
173.396612 1198 4172
173.396623 1198 4172
173.396632 1198 4172
173.396642 1038 4172
173.396654 414 4172
173.396726 1198 4172
173.396737 446 4172
173.426401 622 4172
173.426411 1198 4172
173.426428 1198 4172
173.426441 1198 4172
173.426459 1198 4172
173.426474 462 4172
173.426488 862 4172
173.426504 1198 4172
173.426520 1198 4172
173.426534 174 4172
173.426929 1198 4172
173.426946 1198 4172
173.426961 1198 4172
173.426979 1198 4172
173.426997 734 4172
173.427452 1198 4172
173.427471 1198 4172
173.427485 1198 4172
173.427500 1198 4172
173.427516 1198 4172
173.427531 782 4172
173.427985 1198 4172
173.428002 1198 4172
173.428016 1198 4172
173.428031 1198 4172
173.428047 1198 4172
173.428061 462 4172
173.428664 1198 4172
173.428680 1198 4172
173.428694 1198 4172
173.428709 1198 4172
173.428725 1198 4172
173.428740 1198 4172
173.428755 334 4172
173.428983 1198 4172
173.429000 1198 4172
173.429014 446 4172
173.429276 1198 4172
173.429293 1198 4172
173.429311 622 4172
173.429605 1198 4172
173.429623 1198 4172
173.429638 862 4172
173.429717 382 4172
173.429958 942 4172
173.459256 1198 4172
173.459261 238 4172
173.459748 1198 4172
173.459764 1198 4172
173.459775 1198 4172
173.459785 1198 4172
173.459798 638 4172
173.460170 942 4172
173.460503 1198 4172
173.460514 286 4172
173.460963 1198 4172
173.460974 1198 4172
173.460984 606 4172
173.461466 1198 4172
173.461478 1198 4172
173.461488 814 4172
173.461969 1198 4172
173.461981 1198 4172
173.461991 622 4172
173.462714 1198 4172
173.462725 1198 4172
173.462736 1198 4172
173.462746 1198 4172
173.462759 1038 4172
173.463033 1198 4172
173.463323 1198 4172
173.463335 222 4172
173.463652 1198 4172
173.463663 318 4172
173.463773 318 4172
173.464169 1198 4172
173.464180 398 4172
173.473242 110 4172
173.491340 1198 4172
173.491343 254 4172
173.491878 1198 4172
173.491894 1198 4172
173.491907 1198 4172
173.491921 1198 4172
173.491940 1038 4172
173.492158 1070 4172
173.492427 1086 4172
173.492748 1086 4172
173.493028 1086 4172
173.493317 1102 4172
173.493895 1198 4172
173.493915 1198 4172
173.493930 1198 4172
173.493946 1166 4172
173.494007 190 4172
173.494114 190 4172
173.494219 174 4172
173.494341 350 4172
173.494649 1102 4172
173.524819 158 4172
173.525231 1198 4172
173.525733 942 4172
173.525734 1198 4172
173.525758 1198 4172
173.525769 1198 4172
173.525780 1198 4172
173.525792 1198 4172
173.525804 254 4172
173.526070 1198 4172
173.526082 158 4172
173.526318 1198 4172
173.526330 174 4172
173.526551 1198 4172
173.526564 142 4172
173.526781 1198 4172
173.526793 142 4172
173.527011 1198 4172
173.527022 142 4172
173.527552 1198 4172
173.527565 1198 4172
173.527576 1198 4172
173.527587 1198 4172
173.527601 846 4172
173.527681 558 4172
173.527885 846 4172
173.558622 910 4172
173.559087 1198 4172
173.559089 1198 4172
173.559089 1198 4172
173.559106 1198 4172
173.559121 1198 4172
173.559132 222 4172
173.559386 1198 4172
173.559398 110 4172
173.559635 1198 4172
173.559648 110 4172
173.559879 1198 4172
173.559891 110 4172
173.560113 1198 4172
173.560125 110 4172
173.560353 1198 4172
173.560364 110 4172
173.560794 1198 4172
173.560804 1198 4172
173.560815 1198 4172
173.560826 1198 4172
173.560839 734 4172
173.560957 526 4172
173.561186 846 4172
173.573212 110 4172
173.589393 110 4172
173.591543 990 4172
173.591967 1198 4172
173.591979 1198 4172
173.591992 1198 4172
173.592007 1198 4172
173.592025 1198 4172
173.592044 302 4172
173.592199 1198 4172
173.592215 190 4172
173.592444 1198 4172
173.592461 190 4172
173.592686 1198 4172
173.592702 190 4172
173.592920 1198 4172
173.592937 190 4172
173.593153 1198 4172
173.593170 190 4172
173.593629 1198 4172
173.593650 1198 4172
173.593666 1198 4172
173.593681 1198 4172
173.593701 1198 4172
173.593717 622 4172
173.593779 542 4172
173.594066 1118 4172
173.623764 958 4172
173.624154 1198 4172
173.624166 1198 4172
173.624178 1198 4172
173.624191 1198 4172
173.624203 1086 4172
173.624425 1118 4172
173.624660 1118 4172
173.624893 1118 4172
173.625123 1118 4172
173.625487 1118 4172
173.625761 1198 4172
173.625781 1198 4172
173.625799 1198 4172
173.625814 1198 4172
173.625834 1198 4172
173.625851 110 4172
173.654983 926 4172
173.655322 1198 4172
173.655340 1198 4172
173.655357 430 4172
173.655552 894 4172
173.655769 894 4172
173.655982 894 4172
173.656196 894 4172
173.656413 894 4172
173.656676 1198 4172
173.656694 1198 4172
173.656709 1198 4172
173.656725 814 4172
173.656803 606 4172
173.657020 1038 4172
173.673233 110 4172
173.697436 254 4172
173.697779 734 4172
173.698267 1198 4172
173.698285 1198 4172
173.698300 270 4172
173.698627 990 4172
173.698968 990 4172
173.699307 990 4172
173.699652 990 4172
173.699986 990 4172
173.700512 1198 4172
173.700531 1198 4172
173.700548 478 4172
173.700755 174 4172
173.701032 174 4172
173.701357 174 4172
173.704300 174 4172
173.708486 174 4172
173.709743 174 4172
173.711688 910 4172
173.714030 1198 4172
173.714101 1198 4172
173.714122 1198 4172
173.714135 1198 4172
173.714165 1198 4172
173.714180 1198 4172
173.714196 1198 4172
173.714212 1198 4172
173.714236 1198 4172
173.714250 1198 4172
173.714265 1198 4172
173.714280 1198 4172
173.714324 1198 4172
173.714335 206 4172
173.725096 142 4172
173.725101 1118 4172
173.758149 814 4172
173.758153 142 4172
173.758479 1118 4172
173.773419 110 4172
173.856527 110 4172
173.856530 110 4172
173.856531 110 4172
173.873325 110 4172
174.017138 606 4172
174.025834 174 4172
174.035081 1198 4172
174.035093 1198 4172
174.035128 382 4172
174.073326 110 4172
174.122491 110 4172
174.122492 110 4172
174.122493 110 4172
174.173411 110 4172
174.323634 494 4172
174.388464 110 4172
174.391741 1198 4172
174.391764 702 4172
174.391764 158 4172
174.459357 158 4172
174.459360 430 4172
174.559561 782 4172
174.560017 1198 4172
174.560036 1198 4172
174.560054 1198 4172
174.560072 1070 4172
174.560441 1198 4172
174.560462 1198 4172
174.560479 1198 4172
174.560498 1022 4172
174.560793 1198 4172
174.560812 1198 4172
174.560829 974 4172
174.561108 1198 4172
174.561126 1198 4172
174.561144 238 4172
174.590956 1182 4172
174.656559 110 4172
174.921377 110 4172
174.991362 446 4172
