0.073031 1198 4172
0.073080 1198 4172
0.073127 1198 4172
0.073188 814 4172
0.237033 110 4172
0.522988 110 4172
0.605060 190 4172
0.605085 350 4172
0.612193 1198 4172
0.612229 1198 4172
0.612255 1198 4172
0.612281 1054 4172
0.612306 766 4172
0.612332 718 4172
0.613185 1182 4172
0.613222 958 4172
0.614423 1198 4172
0.614491 1198 4172
0.614571 1198 4172
0.614663 190 4172
0.614688 414 4172
0.614718 158 4172
0.614746 158 4172
0.616232 174 4172
0.616261 158 4172
0.616285 238 4172
0.616315 142 4172
0.643046 814 4172
0.646187 142 4172
0.646257 1198 4172
0.681795 1198 4172
0.681830 1198 4172
0.681878 1198 4172
0.681914 1198 4172
0.682006 1198 4172
0.682036 1198 4172
0.682071 1198 4172
0.682106 1198 4172
0.682136 1198 4172
0.682166 1198 4172
0.682195 478 4172
0.682239 1198 4172
0.687071 1198 4172
0.687161 1198 4172
0.687191 1198 4172
0.687234 1198 4172
0.687261 1198 4172
0.687294 1198 4172
0.687327 1198 4172
0.687360 1198 4172
0.687393 1198 4172
0.687426 1198 4172
0.687456 1198 4172
0.687489 1198 4172
0.687521 126 4172
0.688430 270 4172
0.694207 1198 4172
0.694240 1198 4172
0.694295 1198 4172
0.694382 1198 4172
0.694452 1198 4172
0.694476 1198 4172
0.694507 1198 4172
0.694534 1198 4172
0.694563 1198 4172
0.694592 1198 4172
0.700095 1198 4172
0.700133 942 4172
0.700161 1198 4172
0.700193 1198 4172
0.700226 1198 4172
0.700256 1198 4172
0.700299 1198 4172
0.700329 1198 4172
0.706165 1198 4172
0.706208 1198 4172
0.706237 1198 4172
0.706266 1198 4172
0.706295 1198 4172
0.706323 1198 4172
0.706350 718 4172
0.706379 1198 4172
0.712175 1198 4172
0.712206 1198 4172
0.712231 1198 4172
0.712261 1198 4172
0.718112 1198 4172
0.718146 1198 4172
0.718201 1198 4172
0.724115 1198 4172
0.724163 1198 4172
0.724204 1198 4172
0.728144 1198 4172
0.728191 1198 4172
0.728235 1198 4172
0.728272 1198 4172
0.736143 1198 4172
0.736188 1198 4172
0.736220 1198 4172
0.742204 1198 4172
0.742239 1198 4172
0.742275 590 4172
0.742310 1198 4172
0.742344 1198 4172
0.748132 1198 4172
0.748178 1198 4172
0.748215 1198 4172
0.754129 1198 4172
0.754180 1198 4172
0.754224 1198 4172
0.754260 1198 4172
0.760162 1198 4172
0.760202 1198 4172
0.760238 1198 4172
0.760279 1198 4172
0.766112 1198 4172
0.766159 1198 4172
0.766195 1198 4172
0.769016 110 4172
0.769053 1198 4172
0.769090 1198 4172
0.769124 414 4172
0.769160 1198 4172
0.769193 1198 4172
0.778227 1198 4172
0.778277 1198 4172
0.778312 1198 4172
0.784212 110 4172
0.784244 1198 4172
0.784275 1198 4172
0.784310 1198 4172
0.784338 1198 4172
0.790340 606 4172
0.790386 1198 4172
0.790425 1198 4172
0.790460 798 4172
0.810182 478 4172
0.810245 1182 4172
0.810285 158 4172
0.810319 158 4172
0.810355 158 4172
0.810390 158 4172
0.810424 158 4172
0.810459 158 4172
0.810496 686 4172
0.810530 190 4172
0.810564 142 4172
0.810599 702 4172
0.892065 110 4172
1.056063 110 4172
1.344888 110 4172
1.385119 142 4172
1.548132 142 4172
1.589132 110 4172
1.793076 110 4172
1.871383 110 4172
1.875037 110 4172
2.120200 110 4172
2.161086 142 4172
2.161175 142 4172
2.360218 142 4172
2.360249 142 4172
2.366031 110 4172
2.653027 110 4172
2.776030 110 4172
2.887102 110 4172
3.178822 110 4172
3.178968 142 4172
3.350105 142 4172
3.429034 206 4172
3.431975 110 4172
3.759140 142 4172
3.759243 142 4172
3.799996 110 4172
3.841161 142 4172
3.881989 110 4172
3.978837 110 4172
4.005149 142 4172
4.005246 142 4172
4.414130 142 4172
4.414141 142 4172
4.618151 142 4172
4.618195 142 4172
4.780989 110 4172
4.862993 286 4172
4.863027 334 4172
4.904210 110 4172
4.986125 110 4172
5.395083 142 4172
5.477070 142 4172
5.641018 142 4172
5.641052 142 4172
5.805116 110 4172
5.846057 142 4172
6.009987 110 4172
6.050995 142 4172
6.092095 110 4172
6.214125 142 4172
6.623034 142 4172
6.623122 142 4172
6.787002 110 4172
6.828159 142 4172
6.828185 142 4172
6.909104 110 4172
6.991012 110 4172
7.442047 142 4172
7.442135 142 4172
7.646973 142 4172
7.647037 142 4172
7.811022 110 4172
7.892139 110 4172
8.259118 142 4172
8.259206 142 4172
8.464182 142 4172
8.464271 142 4172
8.750952 110 4172
8.792070 110 4172
8.873997 110 4172
9.284096 142 4172
9.284146 142 4172
9.446961 142 4172
9.447048 142 4172
9.773085 110 4172
9.894970 110 4172
10.304939 142 4172
10.305072 142 4172
10.468043 142 4172
10.468138 142 4172
10.793995 110 4172
10.875891 110 4172
11.283939 142 4172
11.284031 142 4172
11.407131 110 4172
11.488996 142 4172
11.692956 142 4172
11.771238 142 4172
11.774872 110 4172
11.878673 110 4172
11.980037 110 4172
12.102985 142 4172
12.184910 142 4172
12.348966 142 4172
12.718096 142 4172
12.718150 142 4172
12.800034 110 4172
12.881985 110 4172
12.922965 142 4172
12.923005 142 4172
13.331967 142 4172
13.331990 142 4172
13.536020 142 4172
13.618061 142 4172
13.740978 142 4172
13.781964 110 4172
13.904939 110 4172
13.945977 142 4172
14.068900 110 4172
14.314927 142 4172
14.561051 142 4172
14.806185 110 4172
14.888027 110 4172
15.174926 142 4172
15.378887 142 4172
15.746012 142 4172
15.746048 142 4172
15.786859 110 4172
15.909956 110 4172
16.156051 142 4172
16.237897 142 4172
16.237939 142 4172
16.400893 142 4172
16.728057 110 4172
16.778632 110 4172
16.809909 142 4172
16.809936 142 4172
16.891978 110 4172
16.973947 110 4172
17.014956 142 4172
17.014994 142 4172
17.382886 142 4172
17.382930 142 4172
17.586948 142 4172
17.586975 142 4172
17.791922 110 4172
17.873967 110 4172
18.200977 142 4172
18.201067 142 4172
18.446903 142 4172
18.446961 142 4172
18.774806 110 4172
18.815959 142 4172
18.816042 142 4172
18.897944 110 4172
18.979914 110 4172
19.020882 142 4172
19.020925 142 4172
19.388929 110 4172
19.430027 142 4172
19.430074 142 4172
19.634004 142 4172
19.634050 142 4172
19.879920 110 4172
20.043838 142 4172
20.248938 142 4172
20.567014 60 60000
20.616843 142 4172
20.616866 142 4172
20.750780 174 4172
20.750853 158 4172
20.750894 158 4172
20.750937 158 4172
20.750966 158 4172
20.750992 158 4172
20.751018 158 4172
20.751045 158 4172
20.777131 110 4172
20.791962 126 4172
20.792000 558 4172
20.808565 126 4172
20.836500 126 4172
20.854161 1198 4172
20.854197 1198 4172
20.854225 1198 4172
20.854256 1198 4172
20.854285 1198 4172
20.854315 1198 4172
20.854345 1198 4172
20.854372 1198 4172
20.854398 1198 4172
20.854429 478 4172
20.862743 1198 4172
20.862784 1198 4172
20.862824 1198 4172
20.862853 1198 4172
20.862878 1198 4172
20.862909 1198 4172
20.862938 1198 4172
20.862967 1198 4172
20.862996 1198 4172
20.863024 222 4172
20.863059 1198 4172
20.871085 1198 4172
20.871152 1198 4172
20.871188 1198 4172
20.871315 1198 4172
20.871344 1198 4172
20.871371 1198 4172
20.871399 1198 4172
20.871423 1198 4172
20.871448 1198 4172
20.871480 654 4172
20.881516 1198 4172
20.881551 1198 4172
20.881578 1198 4172
20.881605 1198 4172
20.881630 1198 4172
20.881656 1198 4172
20.881683 1198 4172
20.881718 1198 4172
20.881755 1198 4172
20.881788 782 4172
20.881820 110 4172
20.881868 1198 4172
20.886472 1198 4172
20.886515 1198 4172
20.886548 1198 4172
20.886580 1198 4172
20.886611 1198 4172
20.886646 1198 4172
20.886677 1198 4172
20.886775 1198 4172
20.886807 1198 4172
20.888969 1198 4172
20.895756 1198 4172
20.896273 1198 4172
20.896308 1198 4172
20.897048 1198 4172
20.897086 1198 4172
20.897120 1198 4172
20.897170 1198 4172
20.897219 1198 4172
20.899847 654 4172
20.899890 1198 4172
20.899924 1198 4172
20.906513 1198 4172
20.906553 1198 4172
20.906587 1198 4172
20.911838 110 4172
20.911874 1198 4172
20.911905 1198 4172
20.911935 1198 4172
20.911966 1198 4172
20.919702 1198 4172
20.919766 302 4172
20.919796 1198 4172
20.919841 1198 4172
20.922809 1198 4172
20.922841 1198 4172
20.922893 1198 4172
20.929850 1198 4172
20.929884 1198 4172
20.929915 1198 4172
20.929945 1198 4172
20.935925 430 4172
20.935964 1198 4172
20.936041 1198 4172
20.936077 1198 4172
20.949757 1198 4172
20.956872 1198 4172
20.958081 1198 4172
20.958498 1198 4172
20.959110 1198 4172
20.963842 1198 4172
20.963894 1198 4172
20.963922 382 4172
20.963954 1198 4172
20.963984 1198 4172
20.964013 1198 4172
20.964041 1198 4172
20.964070 1198 4172
20.964092 1198 4172
20.964120 1198 4172
20.964149 1198 4172
20.964177 1198 4172
20.964205 1198 4172
20.972059 1198 4172
20.972099 318 4172
20.972132 1198 4172
20.972161 1198 4172
20.972190 1198 4172
20.977886 110 4172
20.977921 1198 4172
20.977952 1198 4172
20.977982 1198 4172
20.983941 1198 4172
20.983969 1198 4172
20.989912 1198 4172
20.995871 1198 4172
20.995904 814 4172
21.006555 1198 4172
21.006630 1198 4172
21.015587 1198 4172
21.015680 1198 4172
21.015736 1198 4172
21.025843 1198 4172
21.025871 526 4172
21.031833 1198 4172
21.031867 1198 4172
21.037883 1198 4172
21.043865 1198 4172
21.043905 1198 4172
21.047775 1198 4172
21.047877 1198 4172
21.055920 1198 4172
21.055966 1198 4172
21.062379 1198 4172
21.068270 510 4172
21.068308 1198 4172
21.074437 1198 4172
21.074480 1198 4172
21.079864 110 4172
21.079902 1198 4172
21.085866 1198 4172
21.085908 1198 4172
21.088870 1198 4172
21.088946 1198 4172
21.097906 1198 4172
21.097943 814 4172
21.103836 1198 4172
21.113817 1198 4172
21.113868 1198 4172
21.115884 1198 4172
21.115920 1198 4172
21.121855 1198 4172
21.121894 1198 4172
21.128497 1198 4172
21.128544 1198 4172
21.135199 286 4172
21.135228 1198 4172
21.150299 1198 4172
21.150434 1198 4172
21.168331 1198 4172
21.168511 1198 4172
21.168513 1198 4172
21.168539 126 4172
21.168563 702 4172
21.168589 286 4172
21.169430 206 4172
21.169467 206 4172
21.169845 206 4172
21.169873 206 4172
21.169899 206 4172
21.169924 206 4172
21.169948 206 4172
21.169974 206 4172
21.170005 206 4172
21.170025 206 4172
21.170050 206 4172
21.170077 206 4172
21.170103 206 4172
21.173318 206 4172
21.183702 110 4172
21.183755 1198 4172
21.183779 1198 4172
21.183805 1198 4172
21.183831 830 4172
21.183858 894 4172
21.183898 1198 4172
21.184850 190 4172
21.184884 190 4172
21.184914 190 4172
21.184943 190 4172
21.184974 190 4172
21.186049 190 4172
21.187337 190 4172
21.187370 222 4172
21.187405 190 4172
21.189679 60 60000
21.190963 190 4172
21.200018 190 4172
21.200057 190 4172
21.200086 190 4172
21.200119 190 4172
21.200147 1198 4172
21.200172 1198 4172
21.200199 302 4172
21.200844 222 4172
21.201929 190 4172
21.201964 190 4172
21.203098 190 4172
21.203127 190 4172
21.203771 190 4172
21.205006 1198 4172
21.205042 190 4172
21.205074 190 4172
21.214992 190 4172
21.215119 190 4172
21.215823 190 4172
21.215858 190 4172
21.215889 190 4172
21.215917 190 4172
21.215947 190 4172
21.215981 1198 4172
21.216007 1198 4172
21.221959 1198 4172
21.222012 1166 4172
21.234334 206 4172
21.239987 222 4172
21.240020 190 4172
21.240053 190 4172
21.240084 190 4172
21.240114 190 4172
21.240143 190 4172
21.240172 190 4172
21.240200 190 4172
21.240227 190 4172
21.249676 110 4172
21.250209 190 4172
21.250901 190 4172
21.252024 190 4172
21.252056 190 4172
21.256432 190 4172
21.256475 190 4172
21.257705 1198 4172
21.257735 1198 4172
21.257768 1198 4172
21.257799 1198 4172
21.257829 190 4172
21.258254 222 4172
21.259953 190 4172
21.259988 190 4172
21.261067 190 4172
21.261097 190 4172
21.261734 190 4172
21.263005 1198 4172
21.263040 1198 4172
21.263070 462 4172
21.263098 1198 4172
21.263125 510 4172
21.263716 318 4172
21.263750 1198 4172
21.263778 318 4172
21.264946 190 4172
21.264979 190 4172
21.265007 190 4172
21.271437 190 4172
21.271471 1198 4172
21.280078 190 4172
21.280163 190 4172
21.280190 1198 4172
21.280218 1198 4172
21.282840 1198 4172
21.282872 110 4172
21.282901 1198 4172
21.288892 478 4172
21.288928 542 4172
21.288959 222 4172
21.288987 174 4172
21.296493 174 4172
21.296537 174 4172
21.296568 174 4172
21.296597 174 4172
21.296626 174 4172
21.296662 1198 4172
21.296698 1198 4172
21.296842 718 4172
21.300835 1198 4172
21.306888 1198 4172
21.306925 782 4172
21.313587 1198 4172
21.313625 446 4172
21.313660 174 4172
21.313689 174 4172
21.313719 174 4172
21.313746 174 4172
21.313834 174 4172
21.319068 1198 4172
21.324983 1198 4172
21.325019 1198 4172
21.325897 606 4172
21.325928 270 4172
21.325956 174 4172
21.325982 174 4172
21.326008 174 4172
21.326034 174 4172
21.329365 174 4172
21.329407 174 4172
21.332901 1198 4172
21.338944 1198 4172
21.338982 1198 4172
21.346398 542 4172
21.346442 1198 4172
21.347764 1198 4172
21.350863 1198 4172
21.356916 686 4172
21.356947 1198 4172
21.359986 894 4172
21.360023 174 4172
21.360056 174 4172
21.360083 174 4172
21.360110 174 4172
21.368849 1198 4172
21.368933 1198 4172
21.384153 1198 4172
21.385209 1198 4172
21.385293 654 4172
21.386890 1198 4172
21.386949 174 4172
21.386967 110 4172
21.387096 1198 4172
21.387131 1198 4172
21.392906 1198 4172
21.392919 1198 4172
21.403397 1198 4172
21.403448 1198 4172
21.404911 1198 4172
21.404942 1198 4172
21.460021 878 4172
21.460045 174 4172
21.460132 126 4172
21.460156 126 4172
21.503628 110 4172
21.537338 110 4172
21.537350 110 4172
21.537448 110 4172
21.543164 1198 4172
21.543184 654 4172
21.545279 126 4172
21.560436 126 4172
21.569613 1198 4172
21.569634 1198 4172
21.569667 158 4172
21.569724 1198 4172
21.571379 174 4172
21.579026 110 4172
21.585635 1198 4172
21.585662 1198 4172
21.585693 446 4172
21.585739 1198 4172
21.589525 1198 4172
21.589570 1198 4172
21.589604 1198 4172
21.589637 126 4172
21.602638 1198 4172
21.602662 1198 4172
21.602701 1198 4172
21.602790 1150 4172
21.602847 1198 4172
21.629952 510 4172
21.711872 110 4172
21.713164 174 4172
21.713167 174 4172
21.714271 174 4172
21.714294 174 4172
21.716163 174 4172
21.716215 174 4172
21.716909 1198 4172
21.716939 1198 4172
21.716971 542 4172
21.721740 1198 4172
21.721858 1198 4172
21.721894 1198 4172
21.722276 686 4172
21.722313 1198 4172
21.722348 894 4172
21.722393 174 4172
21.724763 174 4172
21.724793 174 4172
21.724822 174 4172
21.724850 174 4172
21.724877 174 4172
21.724909 1198 4172
21.724937 1198 4172
21.724968 1198 4172
21.724996 1198 4172
21.725023 766 4172
21.730806 1198 4172
21.730849 1198 4172
21.730900 1198 4172
21.730936 1198 4172
21.730972 1198 4172
21.742335 1198 4172
21.742451 1198 4172
21.742486 1198 4172
21.742515 878 4172
21.744302 1198 4172
21.744344 1198 4172
21.744474 366 4172
21.744510 302 4172
21.744554 238 4172
21.752816 1198 4172
21.752838 654 4172
21.752874 1198 4172
21.771389 110 4172
21.771420 110 4172
21.771445 110 4172
21.774349 110 4172
21.793916 1198 4172
21.793936 1198 4172
21.794023 1198 4172
21.794067 1198 4172
21.794111 126 4172
21.834906 1198 4172
21.834999 1198 4172
21.835039 1198 4172
21.835082 1150 4172
21.871578 1198 4172
21.871624 1198 4172
21.871666 158 4172
21.874685 110 4172
21.875888 1198 4172
21.916897 1198 4172
21.916931 1198 4172
21.916989 446 4172
21.958387 1198 4172
21.958473 446 4172
21.998928 110 4172
22.039890 110 4172
22.039978 110 4172
22.040007 110 4172
22.080857 110 4172
22.326106 110 4172
22.326201 110 4172
22.326234 110 4172
22.570967 110 4172
22.570993 110 4172
22.571080 110 4172
22.775929 110 4172
22.857872 110 4172
22.898933 110 4172
23.103857 110 4172
23.389968 110 4172
23.635970 110 4172
23.799909 110 4172
23.881949 110 4172
23.922913 110 4172
24.167992 110 4172
24.454122 110 4172
24.781902 110 4172
24.904878 110 4172
25.806921 110 4172
25.888913 110 4172
26.788927 110 4172
26.911913 110 4172
27.115927 110 4172
27.771689 110 4172
27.894809 110 4172
28.795968 110 4172
28.877859 110 4172
29.735783 110 4172
29.776765 110 4172
29.899854 110 4172
30.798950 110 4172
30.880833 110 4172
31.781827 110 4172
31.903903 110 4172
32.394784 110 4172
32.804862 110 4172
32.886763 110 4172
33.786785 110 4172
34.808725 110 4172
34.890620 110 4172
35.054711 110 4172
35.792763 110 4172
35.874799 110 4172
36.774631 110 4172
36.897840 110 4172
37.797747 110 4172
37.879626 110 4172
38.779635 110 4172
38.902756 110 4172
39.802751 110 4172
39.884589 110 4172
40.376811 110 4172
40.785720 110 4172
40.908745 110 4172
41.431081 1198 4172
41.431112 1198 4172
41.431142 1198 4172
41.431191 1198 4172
41.431229 1198 4172
41.431262 1198 4172
41.431292 1198 4172
41.431325 1198 4172
41.431356 1198 4172
41.431386 1198 4172
41.431416 910 4172
41.431547 1198 4172
41.431582 1198 4172
41.431612 1198 4172
41.431642 1198 4172
41.431675 1198 4172
41.436689 1198 4172
41.436717 1198 4172
41.436745 1198 4172
41.436781 1198 4172
41.436816 1198 4172
41.439992 334 4172
41.441716 60 60000
41.445777 1198 4172
41.445809 1198 4172
41.445836 1198 4172
41.445862 1198 4172
41.445885 1198 4172
41.445909 1198 4172
41.449595 1198 4172
41.449631 1198 4172
41.457594 1198 4172
41.457627 1198 4172
41.463656 1198 4172
41.463703 1086 4172
41.469639 1198 4172
41.469730 1198 4172
41.475584 1198 4172
41.475630 1198 4172
41.481803 1198 4172
41.487692 1198 4172
41.487735 1198 4172
41.487771 1198 4172
41.490567 1198 4172
41.499940 1150 4172
41.499977 1198 4172
41.500009 1198 4172
41.505860 1198 4172
41.511703 1198 4172
41.511738 1198 4172
41.517645 1198 4172
41.517677 1198 4172
41.523700 1198 4172
41.523735 1198 4172
41.529751 1198 4172
41.529792 1198 4172
41.531575 1198 4172
41.531611 318 4172
41.531657 1198 4172
41.541821 1198 4172
41.547723 1198 4172
41.547760 1198 4172
41.553632 1198 4172
41.553689 1198 4172
41.553725 1198 4172
41.559761 1198 4172
41.559791 958 4172
41.565629 1198 4172
41.571678 1198 4172
41.571720 1198 4172
41.572517 1198 4172
41.583690 1198 4172
41.583784 1198 4172
41.583819 1198 4172
41.589750 1198 4172
41.589781 558 4172
41.595635 1198 4172
41.595667 1198 4172
41.601721 1198 4172
41.601766 1198 4172
41.601802 1198 4172
41.607716 1198 4172
41.607754 1198 4172
41.613637 1198 4172
41.613667 1198 4172
41.619593 1198 4172
41.619646 1198 4172
41.625715 1198 4172
41.631717 366 4172
41.631752 1198 4172
41.637951 1198 4172
41.644592 1198 4172
41.644882 1198 4172
41.649710 1198 4172
41.654574 1198 4172
41.654612 1198 4172
41.654652 1198 4172
41.661724 1198 4172
41.661750 670 4172
41.667738 1198 4172
41.667781 1198 4172
41.673726 1198 4172
41.673761 1198 4172
41.673813 1198 4172
41.679589 1198 4172
41.679628 1198 4172
41.685816 1198 4172
41.685858 1198 4172
41.691619 1198 4172
41.691651 110 4172
41.691706 1198 4172
41.695569 1198 4172
41.695599 1198 4172
41.703753 1198 4172
41.703788 1198 4172
41.709721 1198 4172
41.709763 1198 4172
41.709800 526 4172
41.715595 1198 4172
41.715626 1198 4172
41.721732 1198 4172
41.721751 1198 4172
41.727770 1198 4172
41.727843 1198 4172
41.733746 1198 4172
41.733766 1198 4172
41.736554 1198 4172
41.736582 1198 4172
41.745663 190 4172
41.745724 1198 4172
41.745767 1198 4172
41.751630 1198 4172
41.751672 1198 4172
41.757629 1198 4172
41.757668 1198 4172
41.763653 1198 4172
41.763691 1198 4172
41.769651 1198 4172
41.769678 1086 4172
41.769713 1198 4172
41.775809 1198 4172
41.775832 1198 4172
41.777624 1198 4172
41.777658 1198 4172
41.787644 1198 4172
41.787679 110 4172
41.787709 1198 4172
41.787734 1198 4172
41.793664 670 4172
41.793680 1198 4172
41.799647 1198 4172
41.799679 1198 4172
41.799710 1198 4172
41.805639 1198 4172
41.811726 1198 4172
41.811768 1198 4172
41.811799 1198 4172
41.817672 974 4172
41.817697 1198 4172
41.818513 1198 4172
41.818552 1198 4172
41.818580 1198 4172
41.832055 1198 4172
41.838362 1198 4172
41.838717 1198 4172
41.843419 1198 4172
41.843570 1198 4172
41.843716 974 4172
41.843803 1198 4172
41.847657 1198 4172
41.847689 1198 4172
41.853678 1198 4172
41.859634 766 4172
41.859656 1198 4172
41.865848 1198 4172
41.865889 1198 4172
41.865922 1198 4172
41.871678 1198 4172
41.871710 1198 4172
41.881165 1198 4172
41.881196 1198 4172
41.883620 110 4172
41.883655 1198 4172
41.883690 702 4172
41.883719 1198 4172
41.889675 1198 4172
41.889709 1198 4172
41.895736 1198 4172
41.895749 1198 4172
41.901672 366 4172
41.901698 1198 4172
41.901727 1198 4172
41.906992 1198 4172
41.907039 1198 4172
41.921500 1198 4172
41.921622 1198 4172
41.921698 1198 4172
41.926903 782 4172
41.926939 126 4172
41.926973 1198 4172
41.927007 1198 4172
41.927037 1198 4172
41.931627 1198 4172
41.931652 1198 4172
41.937669 1198 4172
41.937694 1198 4172
41.952982 1198 4172
41.953031 142 4172
41.953065 1198 4172
41.953092 1198 4172
41.955635 1198 4172
41.955750 1198 4172
41.955821 1198 4172
41.966510 1198 4172
41.967195 110 4172
41.967231 1198 4172
41.967279 734 4172
41.967591 1198 4172
41.967622 1198 4172
41.973902 1198 4172
41.973949 1198 4172
41.979935 1198 4172
41.979968 1198 4172
41.989106 110 4172
41.989355 1198 4172
41.989397 1198 4172
41.991897 1198 4172
41.991933 1198 4172
41.991969 1198 4172
41.996930 846 4172
41.996981 1198 4172
42.004093 1198 4172
42.004117 1198 4172
42.010030 1198 4172
42.010141 1198 4172
42.016939 1198 4172
42.021849 718 4172
42.021891 1198 4172
42.034052 1198 4172
42.034145 1198 4172
42.053184 1198 4172
42.053224 1198 4172
42.053261 1198 4172
42.053299 1198 4172
42.053331 1198 4172
42.060033 686 4172
42.060069 1198 4172
42.060102 1198 4172
42.060333 1198 4172
42.060369 1198 4172
42.060401 1198 4172
42.060431 1198 4172
42.060462 1198 4172
42.060551 1198 4172
42.063906 1198 4172
42.069812 1198 4172
42.069848 1134 4172
42.079491 1198 4172
42.082546 1198 4172
42.085101 1198 4172
42.089613 1198 4172
42.091889 1198 4172
42.095077 110 4172
42.098253 1198 4172
42.098282 1198 4172
42.098311 1198 4172
42.098337 1198 4172
42.098380 1198 4172
42.099726 750 4172
42.099755 1198 4172
42.108227 1198 4172
42.108263 1198 4172
42.117358 1198 4172
42.117390 1198 4172
42.117419 1198 4172
42.121736 1198 4172
42.123841 1198 4172
42.124175 1198 4172
42.129811 1198 4172
42.129860 846 4172
42.129893 1198 4172
42.129919 1198 4172
42.135650 1198 4172
42.137663 1198 4172
42.137717 1198 4172
42.147732 1198 4172
42.147736 1198 4172
42.147832 1198 4172
42.153679 1118 4172
42.153703 1198 4172
42.159628 1198 4172
42.159672 1198 4172
42.165780 1198 4172
42.165846 1198 4172
42.172870 1198 4172
42.172908 1198 4172
42.177722 654 4172
42.177751 110 4172
42.177978 1198 4172
42.179562 1198 4172
42.179600 1198 4172
42.179632 1198 4172
42.190482 1198 4172
42.192457 1198 4172
42.192536 1198 4172
42.195651 782 4172
42.195696 1198 4172
42.206267 1198 4172
42.206296 1198 4172
42.207588 1198 4172
42.207622 1198 4172
42.213783 1198 4172
42.213841 654 4172
42.213880 1198 4172
42.219733 110 4172
42.219752 1198 4172
42.219780 1198 4172
42.220631 1198 4172
42.220671 1198 4172
42.238231 1198 4172
42.238743 734 4172
42.238774 1198 4172
42.238827 1198 4172
42.244788 1198 4172
42.244819 510 4172
42.244854 1198 4172
42.244886 270 4172
42.244915 190 4172
42.244945 190 4172
42.255643 190 4172
42.255675 190 4172
42.255712 190 4172
42.255739 190 4172
42.255788 190 4172
42.255813 190 4172
42.256606 190 4172
42.256652 190 4172
42.256676 190 4172
42.256710 190 4172
42.256740 190 4172
42.256771 190 4172
42.256801 1198 4172
42.256830 1198 4172
42.256859 1198 4172
42.270473 1070 4172
42.270598 894 4172
42.270646 222 4172
42.272342 190 4172
42.272431 606 4172
42.292749 190 4172
42.293001 190 4172
42.302511 190 4172
42.302652 190 4172
42.302677 190 4172
42.302806 190 4172
42.302899 190 4172
42.302935 190 4172
42.303034 190 4172
42.303118 190 4172
42.303151 190 4172
42.303265 190 4172
42.303344 190 4172
42.303377 1198 4172
42.303597 1198 4172
42.304327 110 4172
42.304369 1198 4172
42.304407 1166 4172
42.304454 222 4172
42.304510 190 4172
42.304552 190 4172
42.304595 190 4172
42.304639 190 4172
42.304685 190 4172
42.304730 190 4172
42.304771 190 4172
42.304812 190 4172
42.304855 190 4172
42.304992 190 4172
42.305033 190 4172
42.305083 190 4172
42.305124 1198 4172
42.305163 1198 4172
42.305204 1198 4172
42.305256 1198 4172
42.305339 398 4172
42.320278 1198 4172
42.320292 190 4172
42.320505 190 4172
42.320555 190 4172
42.320589 222 4172
42.320619 190 4172
42.320647 190 4172
42.320687 190 4172
42.320740 190 4172
42.320792 190 4172
42.320832 190 4172
42.320904 1198 4172
42.320957 606 4172
42.321001 1198 4172
42.321049 958 4172
42.329063 1166 4172
42.329148 190 4172
42.329196 190 4172
42.329240 190 4172
42.329283 190 4172
42.329326 190 4172
42.329370 1198 4172
42.329415 1198 4172
42.329585 1198 4172
42.331828 1198 4172
42.357641 478 4172
42.357739 1198 4172
42.362729 222 4172
42.362757 174 4172
42.362846 174 4172
42.362906 174 4172
42.362951 174 4172
42.362994 174 4172
42.363036 174 4172
42.363080 1198 4172
42.363121 798 4172
42.363176 1198 4172
42.363273 1198 4172
42.363274 126 4172
42.363305 1198 4172
42.363343 126 4172
42.363385 174 4172
42.363425 174 4172
42.363507 174 4172
42.363541 174 4172
42.363588 174 4172
42.363624 1198 4172
42.363663 1198 4172
42.363707 1198 4172
42.363747 1198 4172
42.363832 606 4172
42.371838 574 4172
42.374406 110 4172
42.387396 126 4172
42.398554 60 60000
42.448098 1198 4172
42.449497 1198 4172
42.449614 1198 4172
42.450325 334 4172
42.450446 1198 4172
42.450494 1198 4172
42.450518 1198 4172
42.450547 1198 4172
42.450576 1198 4172
42.450605 1198 4172
42.450636 366 4172
42.450693 1198 4172
42.471392 1198 4172
42.474708 110 4172
42.541251 110 4172
42.547922 110 4172
42.547950 110 4172
42.548000 1198 4172
42.548968 174 4172
42.549665 1198 4172
42.549703 510 4172
42.632349 126 4172
42.755624 1198 4172
42.755728 1198 4172
42.755828 366 4172
42.755860 302 4172
42.755893 238 4172
42.771647 110 4172
42.771675 110 4172
42.771708 110 4172
42.796591 110 4172
42.878644 110 4172
43.042627 110 4172
43.042680 110 4172
43.042723 110 4172
43.574765 110 4172
43.779674 110 4172
43.860721 110 4172
43.901596 110 4172
44.106734 110 4172
44.352633 110 4172
44.640445 110 4172
44.803712 110 4172
44.871648 110 4172
44.884776 110 4172
45.170743 110 4172
45.416726 110 4172
45.785656 110 4172
45.908692 110 4172
46.810673 110 4172
46.892684 110 4172
47.793715 110 4172
47.875479 110 4172
48.121668 110 4172
48.778623 110 4172
48.901824 110 4172
49.802682 110 4172
49.884600 110 4172
50.771788 110 4172
50.784538 110 4172
51.807514 110 4172
51.889561 110 4172
52.791634 110 4172
53.776510 110 4172
53.899550 110 4172
54.799555 110 4172
54.881427 110 4172
55.782635 110 4172
55.905573 110 4172
56.109593 110 4172
56.806655 110 4172
56.888576 110 4172
57.788535 110 4172
57.911465 110 4172
58.770529 110 4172
58.811525 110 4172
58.893502 110 4172
59.794505 110 4172
59.876427 110 4172
60.777487 110 4172
60.900491 110 4172
61.474581 110 4172
61.802443 110 4172
61.884335 110 4172
62.528459 1198 4172
62.528490 1198 4172
62.528519 1198 4172
62.528546 1198 4172
62.528573 1198 4172
62.528599 1198 4172
62.528628 1198 4172
62.528653 1198 4172
62.528679 1198 4172
62.528705 782 4172
62.528737 1198 4172
62.528764 1198 4172
62.528792 1198 4172
62.528817 1198 4172
62.528845 1198 4172
62.528869 1198 4172
62.535003 1118 4172
62.535038 1198 4172
62.535077 1198 4172
62.535111 1198 4172
62.543302 1198 4172
62.543333 1198 4172
62.543363 1198 4172
62.543386 1198 4172
62.543414 1198 4172
62.546429 1182 4172
62.546454 1198 4172
62.546482 1198 4172
62.546508 1198 4172
62.552502 1198 4172
62.552530 1198 4172
62.552559 1198 4172
62.558407 1198 4172
62.558429 1198 4172
62.558459 126 4172
62.564515 1198 4172
62.564562 1198 4172
62.564597 1198 4172
62.570444 1198 4172
62.570478 1198 4172
62.570504 1198 4172
62.576355 1198 4172
62.582460 1198 4172
62.582508 1198 4172
62.582547 1198 4172
62.584351 254 4172
62.584392 1198 4172
62.594422 1198 4172
62.600493 1198 4172
62.600529 1198 4172
62.606503 1198 4172
62.606536 654 4172
62.606575 1198 4172
62.612388 1198 4172
62.612425 1198 4172
62.618424 1198 4172
62.624437 1198 4172
62.624484 1198 4172
62.624529 1198 4172
62.625441 1198 4172
62.625475 1198 4172
62.636444 878 4172
62.636491 1198 4172
62.636527 1198 4172
62.642412 1198 4172
62.642446 1198 4172
62.648389 1198 4172
62.648427 1198 4172
62.654448 1198 4172
62.654489 1198 4172
62.654524 1198 4172
62.659471 60 60000
62.660338 1198 4172
62.660382 702 4172
62.660422 1198 4172
62.666341 1198 4172
62.666395 1198 4172
62.672410 1198 4172
62.672447 1198 4172
62.672479 1198 4172
62.678429 1198 4172
62.678461 1198 4172
62.684380 1198 4172
62.684414 1198 4172
62.684447 1198 4172
62.690410 1086 4172
62.690438 1198 4172
62.696465 1198 4172
62.696491 1198 4172
62.696524 1198 4172
62.702434 1198 4172
62.702461 1198 4172
62.707396 1198 4172
62.707430 1198 4172
62.707463 1198 4172
62.714463 1198 4172
62.714509 734 4172
62.720617 1198 4172
62.726459 1198 4172
62.726494 1198 4172
62.732506 1198 4172
62.732558 1198 4172
62.732599 1198 4172
62.738500 462 4172
62.738537 1198 4172
62.738572 1198 4172
62.744434 1198 4172
62.744475 1198 4172
62.748454 1198 4172
62.748491 1198 4172
62.748531 1198 4172
62.756488 1198 4172
62.756541 1198 4172
62.762465 1198 4172
62.762497 1198 4172
62.768410 126 4172
62.768441 1198 4172
62.775447 1198 4172
62.775479 1198 4172
62.775529 1198 4172
62.780388 1198 4172
62.780431 110 4172
62.780471 1198 4172
62.786411 1198 4172
62.786450 798 4172
62.786495 1198 4172
62.790001 1198 4172
62.790048 1198 4172
62.790088 1198 4172
62.798399 1198 4172
62.798429 110 4172
62.798460 1198 4172
62.804418 1198 4172
62.804447 1198 4172
62.804475 1198 4172
62.810692 894 4172
62.810733 1198 4172
62.810769 1198 4172
62.816408 1198 4172
62.816435 1198 4172
62.822420 942 4172
62.822443 1198 4172
62.822475 1198 4172
62.828425 1198 4172
62.828454 1198 4172
62.828484 1198 4172
62.830355 1198 4172
62.830403 1198 4172
62.840433 1198 4172
62.840457 1198 4172
62.840488 110 4172
62.840520 1198 4172
62.846392 1198 4172
62.846423 1198 4172
62.852559 1198 4172
62.852591 1198 4172
62.852622 1198 4172
62.858496 1198 4172
62.858535 1198 4172
62.858563 878 4172
62.864788 1198 4172
62.864823 1198 4172
62.864861 1198 4172
62.870505 1198 4172
62.870537 1198 4172
62.871291 1198 4172
62.871318 1198 4172
62.871347 510 4172
62.882515 1198 4172
62.882566 1198 4172
62.882597 1198 4172
62.888476 110 4172
62.888508 1198 4172
62.888589 1198 4172
62.888619 1198 4172
62.894412 1198 4172
62.900438 190 4172
62.900497 1198 4172
62.900527 1198 4172
62.900554 1198 4172
62.906502 1198 4172
62.906535 1198 4172
62.912430 1198 4172
62.912469 1198 4172
62.912497 1198 4172
62.918408 1198 4172
62.918436 990 4172
62.918471 1198 4172
62.924427 1198 4172
62.930457 1198 4172
62.930488 1198 4172
62.930516 1198 4172
62.936535 1198 4172
62.936556 1198 4172
62.942565 1198 4172
62.942591 318 4172
62.942619 1198 4172
62.942644 1198 4172
62.948420 1198 4172
62.948444 1198 4172
62.953346 1198 4172
62.953386 1198 4172
62.953425 1198 4172
62.960445 1198 4172
62.960470 1198 4172
62.960501 1198 4172
62.966416 1198 4172
62.966446 1198 4172
62.972456 430 4172
62.972500 1198 4172
62.972531 1198 4172
62.978428 1198 4172
62.978463 1198 4172
62.978515 1198 4172
62.984469 110 4172
62.984498 1198 4172
62.984533 1198 4172
62.984556 1198 4172
62.990426 1198 4172
62.990488 1022 4172
62.994385 1198 4172
62.994409 1198 4172
63.003902 1198 4172
63.004026 1198 4172
63.004073 1198 4172
63.008570 1198 4172
63.008600 1198 4172
63.015585 1198 4172
63.015627 606 4172
63.015650 1198 4172
63.022383 1198 4172
63.022414 1198 4172
63.026428 126 4172
63.026469 1198 4172
63.026493 1198 4172
63.032474 1198 4172
63.032505 1198 4172
63.032538 1198 4172
63.035790 1198 4172
63.035832 862 4172
63.035865 1198 4172
63.044509 1198 4172
63.044537 1198 4172
63.044567 1198 4172
63.050431 1198 4172
63.050470 1198 4172
63.056432 1198 4172
63.056466 1198 4172
63.056498 1198 4172
63.063215 110 4172
63.063274 1198 4172
63.064637 1198 4172
63.067011 1198 4172
63.067068 494 4172
63.067384 1198 4172
63.075388 1198 4172
63.076370 1198 4172
63.076407 1198 4172
63.076442 1198 4172
63.076473 1198 4172
63.076502 1198 4172
63.086448 1198 4172
63.086479 110 4172
63.086507 1198 4172
63.092421 1198 4172
63.092449 1038 4172
63.092485 1198 4172
63.103569 1198 4172
63.104405 1198 4172
63.104431 1198 4172
63.104462 1198 4172
63.110550 1198 4172
63.110641 1198 4172
63.110689 1198 4172
63.116418 1198 4172
63.116450 1198 4172
63.117380 590 4172
63.117430 1198 4172
63.117485 1198 4172
63.117615 1198 4172
63.128494 1198 4172
63.134458 1198 4172
63.134481 1198 4172
63.134516 1198 4172
63.140451 1198 4172
63.140481 174 4172
63.140525 1198 4172
63.140564 1198 4172
63.146461 1198 4172
63.146480 1198 4172
63.152408 1198 4172
63.152441 1198 4172
63.152477 1086 4172
63.158684 1198 4172
63.158713 1198 4172
63.158747 1198 4172
63.159818 1198 4172
63.159854 1198 4172
63.170510 1198 4172
63.170538 894 4172
63.170571 1198 4172
63.176491 1198 4172
63.176518 1198 4172
63.176547 1198 4172
63.186376 110 4172
63.186433 1198 4172
63.186467 1198 4172
63.186493 1006 4172
63.186536 1198 4172
63.188566 1198 4172
63.188612 1198 4172
63.194459 1198 4172
63.194476 1198 4172
63.194504 318 4172
63.200421 1198 4172
63.200489 1070 4172
63.200503 1198 4172
63.207985 1198 4172
63.208027 1198 4172
63.208062 1198 4172
63.217996 1198 4172
63.220986 1198 4172
63.221099 1198 4172
63.221161 254 4172
63.234717 1198 4172
63.234759 1198 4172
63.234793 1198 4172
63.236637 1198 4172
63.236681 1198 4172
63.236744 750 4172
63.251495 1198 4172
63.251541 1198 4172
63.251622 1198 4172
63.251697 1198 4172
63.252250 1198 4172
63.252281 1198 4172
63.252391 862 4172
63.252433 1198 4172
63.252479 1198 4172
63.255557 1198 4172
63.255723 1198 4172
63.255754 1198 4172
63.255788 1198 4172
63.255882 1198 4172
63.260570 1198 4172
63.260599 1198 4172
63.270886 1198 4172
63.270927 1198 4172
63.270978 1198 4172
63.273393 1198 4172
63.273424 1198 4172
63.273452 1198 4172
63.279554 1198 4172
63.280664 110 4172
63.280739 974 4172
63.280785 1198 4172
63.285446 1198 4172
63.285489 1198 4172
63.291920 1198 4172
63.291968 1198 4172
63.291991 1198 4172
63.297433 1198 4172
63.297464 318 4172
63.297499 1198 4172
63.297531 1198 4172
63.301572 1198 4172
63.301629 1198 4172
63.310778 1198 4172
63.311165 1038 4172
63.311260 1198 4172
63.311394 1198 4172
63.315571 1198 4172
63.321425 1198 4172
63.321446 1198 4172
63.321495 1198 4172
63.329242 1198 4172
63.329293 1198 4172
63.329339 1006 4172
63.329426 1198 4172
63.337281 1198 4172
63.344472 110 4172
63.344522 1198 4172
63.345700 1198 4172
63.359049 1198 4172
63.359172 1198 4172
63.359217 1198 4172
63.359393 1198 4172
63.363428 670 4172
63.363483 1198 4172
63.363544 1198 4172
63.363599 1198 4172
63.363651 1198 4172
63.363704 1198 4172
63.363749 1198 4172
63.363800 1198 4172
63.375868 1198 4172
63.375929 990 4172
63.376013 1198 4172
63.392595 1198 4172
63.392619 1198 4172
63.392654 1198 4172
63.392681 1198 4172
63.392724 1198 4172
63.392744 1198 4172
63.393331 110 4172
63.393366 1198 4172
63.393395 1198 4172
63.393421 542 4172
63.393451 1198 4172
63.393475 1198 4172
63.401640 1198 4172
63.401672 1198 4172
63.406861 1198 4172
63.406884 334 4172
63.406915 1198 4172
63.408713 1198 4172
63.408751 1198 4172
63.408786 1198 4172
63.422583 1198 4172
63.422620 1198 4172
63.422655 142 4172
63.423339 1198 4172
63.423368 1198 4172
63.423402 1198 4172
63.430125 1198 4172
63.430156 1198 4172
63.430192 1198 4172
63.430368 270 4172
63.436532 1198 4172
63.436579 1022 4172
63.436607 1198 4172
63.441578 1198 4172
63.441620 1198 4172
63.441658 1198 4172
63.448005 1198 4172
63.448035 814 4172
63.448070 1198 4172
63.450154 1198 4172
63.450196 1198 4172
63.450237 1198 4172
63.470650 1198 4172
63.471086 702 4172
63.471124 782 4172
63.471926 270 4172
63.471963 190 4172
63.471991 190 4172
63.472034 190 4172
63.472732 190 4172
63.472762 1198 4172
63.472796 1198 4172
63.472828 1198 4172
63.472858 558 4172
63.472953 1198 4172
63.486328 958 4172
63.486368 1198 4172
63.486397 1198 4172
63.486446 1198 4172
63.490401 526 4172
63.490432 1198 4172
63.490461 1198 4172
63.490493 1198 4172
63.490521 686 4172
63.490547 1198 4172
63.491326 1198 4172
63.491365 1198 4172
63.491391 1198 4172
63.512296 334 4172
63.512317 1198 4172
63.512422 1198 4172
63.512461 814 4172
63.512495 1198 4172
63.512527 1166 4172
63.512558 190 4172
63.512587 190 4172
63.512632 190 4172
63.514456 1198 4172
63.514496 1198 4172
63.514519 1198 4172
63.518491 1182 4172
63.518529 542 4172
63.518559 222 4172
63.518586 190 4172
63.518612 190 4172
63.518645 190 4172
63.518666 190 4172
63.524412 1198 4172
63.524444 1198 4172
63.524487 1198 4172
63.530422 1198 4172
63.530443 446 4172
63.530476 1198 4172
63.532314 1198 4172
63.532351 1198 4172
63.532375 990 4172
63.542395 1198 4172
63.542425 1198 4172
63.542462 1198 4172
63.542562 60 60000
63.548399 1198 4172
63.548433 1198 4172
63.548470 1198 4172
63.555099 750 4172
63.556580 1198 4172
63.556623 1198 4172
63.556868 1198 4172
63.560404 1198 4172
63.560442 1198 4172
63.566380 1198 4172
63.566418 1198 4172
63.566450 382 4172
63.566482 1198 4172
63.572401 1198 4172
63.572445 1198 4172
63.573843 1198 4172
63.573879 110 4172
63.573913 1198 4172
63.573944 1198 4172
63.584401 1198 4172
63.584434 1198 4172
63.584462 1198 4172
63.594744 846 4172
63.594935 1198 4172
63.594976 1198 4172
63.596601 910 4172
63.596687 190 4172
63.596725 190 4172
63.596778 110 4172
63.596782 110 4172
63.596844 110 4172
63.596898 190 4172
63.596935 1198 4172
63.606213 1198 4172
63.606381 1198 4172
63.608374 430 4172
63.608413 222 4172
63.608446 174 4172
63.608474 174 4172
63.608507 174 4172
63.608534 174 4172
63.608563 1198 4172
63.614696 1198 4172
63.614736 1198 4172
63.614770 1198 4172
63.620653 1198 4172
63.621794 718 4172
63.621884 1198 4172
63.621918 1198 4172
63.621965 1198 4172
63.626431 1198 4172
63.632401 126 4172
63.632443 1198 4172
63.632476 1198 4172
63.632505 1198 4172
63.639899 1198 4172
63.639946 1198 4172
63.639978 1198 4172
63.644398 1198 4172
63.644437 238 4172
63.644467 1198 4172
63.644648 1198 4172
63.651434 1198 4172
63.652093 1198 4172
63.652122 1198 4172
63.656634 1198 4172
63.656668 1198 4172
63.662758 1054 4172
63.662800 1198 4172
63.662835 1198 4172
63.662863 1198 4172
63.668401 1198 4172
63.668434 1198 4172
63.668476 1198 4172
63.674500 1054 4172
63.674634 1198 4172
63.674734 1198 4172
63.680415 110 4172
63.680452 1198 4172
63.680485 1102 4172
63.680517 1198 4172
63.686455 1198 4172
63.686487 990 4172
63.686524 174 4172
63.692417 174 4172
63.692457 1198 4172
63.692486 1198 4172
63.697882 1198 4172
63.697928 542 4172
63.738365 174 4172
63.741222 126 4172
63.741321 1198 4172
63.757961 126 4172
63.771897 462 4172
63.774195 110 4172
63.779356 126 4172
63.858399 1198 4172
63.858468 366 4172
63.858499 302 4172
63.858574 126 4172
63.858600 238 4172
63.860002 110 4172
63.860029 110 4172
63.860052 110 4172
63.863868 1198 4172
63.874850 110 4172
63.881115 1198 4172
63.881156 1198 4172
63.881190 1198 4172
63.881222 1198 4172
63.881313 1198 4172
63.881340 1198 4172
63.881375 1198 4172
63.881407 1198 4172
63.881438 1198 4172
63.881467 1198 4172
63.881498 1198 4172
63.881523 222 4172
63.881566 1198 4172
63.886914 1198 4172
63.886971 1198 4172
63.886998 1198 4172
63.887027 1198 4172
63.887072 1198 4172
63.887106 1198 4172
63.887138 318 4172
63.887303 1198 4172
63.887335 1198 4172
63.887365 1198 4172
63.887395 1198 4172
63.887425 1198 4172
63.887454 1198 4172
63.887481 1198 4172
63.887510 1198 4172
63.887539 1198 4172
63.887570 1198 4172
63.892884 1198 4172
63.892907 1086 4172
63.898431 1198 4172
63.898470 1198 4172
63.898504 1198 4172
63.898534 1198 4172
63.898564 1198 4172
63.898593 1198 4172
63.898621 1198 4172
63.898651 1198 4172
63.904384 1198 4172
63.904429 1198 4172
63.904467 1198 4172
63.910439 1198 4172
63.910477 1198 4172
63.910504 1198 4172
63.916490 1134 4172
63.916518 1198 4172
63.916564 1198 4172
63.922451 1198 4172
63.922494 1198 4172
63.922528 1198 4172
63.928480 1198 4172
63.928523 1198 4172
63.934414 1198 4172
63.934467 1198 4172
63.934497 1198 4172
63.940439 1198 4172
63.940481 910 4172
63.940516 1198 4172
63.940552 1198 4172
63.946391 1198 4172
63.946440 1198 4172
63.946469 1198 4172
63.952451 1198 4172
63.952506 1198 4172
63.952548 830 4172
63.958366 1198 4172
63.958419 1198 4172
63.958455 1198 4172
63.964415 1198 4172
63.964451 1198 4172
63.964488 542 4172
63.971775 1198 4172
63.971817 1198 4172
63.971855 462 4172
63.976091 110 4172
63.987289 1198 4172
63.987334 1198 4172
63.987372 494 4172
64.028512 222 4172
64.110440 110 4172
64.151363 110 4172
64.151435 110 4172
64.151469 110 4172
64.192474 110 4172
64.397436 110 4172
64.397486 110 4172
64.397520 110 4172
64.684445 110 4172
64.848428 414 4172
64.848489 334 4172
64.853995 1198 4172
64.854042 1198 4172
64.854079 334 4172
64.855037 174 4172
64.856579 174 4172
64.858095 174 4172
64.859381 174 4172
64.860409 1198 4172
64.860447 1198 4172
64.860476 1198 4172
64.860507 1198 4172
64.860537 686 4172
64.861399 1198 4172
64.861433 1198 4172
64.861463 1198 4172
64.861493 718 4172
64.862264 1198 4172
64.862298 1198 4172
64.862327 1198 4172
64.862358 1198 4172
64.862389 1198 4172
64.862420 1038 4172
64.868468 1198 4172
64.868507 1198 4172
64.868538 1198 4172
64.868569 1198 4172
64.868597 1198 4172
64.868626 1198 4172
64.868654 494 4172
64.868683 1198 4172
64.868711 1198 4172
64.868739 1198 4172
64.868768 1198 4172
64.874399 1198 4172
64.874449 414 4172
64.874485 1198 4172
64.874521 1198 4172
64.874561 1198 4172
64.874594 1198 4172
64.875392 1198 4172
64.875441 110 4172
64.875472 1006 4172
64.875501 174 4172
64.875532 174 4172
64.876525 174 4172
64.879399 542 4172
64.885791 1198 4172
64.885838 414 4172
64.885882 1198 4172
64.885918 1198 4172
64.885953 1198 4172
64.885987 1198 4172
64.886024 1198 4172
64.886058 1198 4172
64.889402 1198 4172
64.889440 1022 4172
64.970492 110 4172
65.002644 110 4172
65.011365 1198 4172
65.011442 1198 4172
65.011477 1198 4172
65.011554 126 4172
65.020920 1198 4172
65.021012 1198 4172
65.021057 1198 4172
65.021098 270 4172
65.028849 1198 4172
65.028906 1198 4172
65.028950 1198 4172
65.028987 1198 4172
65.029024 1070 4172
65.036818 1198 4172
65.036861 1198 4172
65.036891 1198 4172
65.036939 1198 4172
65.036978 1198 4172
65.038960 1198 4172
65.039004 1198 4172
65.039040 1198 4172
65.039074 1198 4172
65.039109 750 4172
65.041103 1198 4172
65.041138 1198 4172
65.043036 622 4172
65.045696 1198 4172
65.052267 1198 4172
65.052313 1198 4172
65.052351 1198 4172
65.052388 478 4172
65.054255 1198 4172
65.061885 1198 4172
65.071874 254 4172
65.072918 110 4172
65.081018 1198 4172
65.081109 590 4172
65.093680 1198 4172
65.093734 1198 4172
65.093773 366 4172
65.175422 110 4172
65.216405 110 4172
65.298325 110 4172
65.503988 110 4172
65.749616 110 4172
65.790473 110 4172
65.912491 110 4172
66.035475 110 4172
66.281476 110 4172
66.568425 110 4172
66.773644 110 4172
66.814442 110 4172
66.896410 110 4172
67.100418 110 4172
67.346446 110 4172
67.632544 110 4172
67.878324 110 4172
68.779423 110 4172
68.902406 110 4172
69.803382 110 4172
69.885258 110 4172
70.254302 110 4172
70.785360 110 4172
70.908648 110 4172
71.811352 110 4172
71.893252 110 4172
72.791364 110 4172
72.873332 110 4172
72.954446 110 4172
73.774342 110 4172
74.879316 110 4172
75.615382 110 4172
75.778320 110 4172
75.900429 110 4172
76.798356 110 4172
76.880292 110 4172
77.780176 110 4172
77.903266 110 4172
78.270237 110 4172
78.802239 110 4172
78.884326 110 4172
79.783159 110 4172
79.906267 110 4172
80.805212 110 4172
80.887247 110 4172
80.928369 110 4172
81.787144 110 4172
81.909315 110 4172
82.809234 110 4172
82.891146 110 4172
83.611954 110 4172
83.625270 670 4172
83.789287 110 4172
83.796163 60 60000
83.823898 1198 4172
83.823965 1198 4172
83.823999 1198 4172
83.824092 1198 4172
83.824134 1198 4172
83.824167 1198 4172
83.824197 1198 4172
83.824228 1198 4172
83.824259 1198 4172
83.824292 1198 4172
83.824324 414 4172
83.824375 1198 4172
83.830149 1198 4172
83.830189 1198 4172
83.830220 1198 4172
83.830248 1198 4172
83.830275 1198 4172
83.830303 1198 4172
83.830331 1198 4172
83.830359 1150 4172
83.837231 1198 4172
83.837274 1198 4172
83.837312 1198 4172
83.837346 1198 4172
83.837378 1198 4172
83.837411 1198 4172
83.843092 1198 4172
83.843132 1198 4172
83.843164 1198 4172
83.849295 1198 4172
83.849330 1198 4172
83.849356 1198 4172
83.855109 1198 4172
83.855152 478 4172
83.861263 1198 4172
83.861301 1198 4172
83.861337 1198 4172
83.867120 1198 4172
83.867156 1198 4172
83.871092 1198 4172
83.879225 1198 4172
83.879269 1198 4172
83.885169 1198 4172
83.885226 1198 4172
83.891159 590 4172
83.891197 1198 4172
83.891231 1198 4172
83.897162 1198 4172
83.897193 1198 4172
83.903171 1198 4172
83.909178 1198 4172
83.909206 1198 4172
83.912107 1198 4172
83.921173 1198 4172
83.927155 1198 4172
83.933083 1198 4172
83.939111 1198 4172
83.939186 1198 4172
83.945251 1150 4172
83.951114 1198 4172
83.953053 1198 4172
83.963268 1198 4172
83.969195 1198 4172
83.969241 1198 4172
83.975189 1198 4172
83.981163 1198 4172
83.987161 110 4172
83.987196 1198 4172
83.993190 1198 4172
83.994111 1198 4172
83.994144 654 4172
84.005216 1198 4172
84.011305 1198 4172
84.017166 1198 4172
84.017214 1198 4172
84.023162 1198 4172
84.029166 1198 4172
84.035119 1198 4172
84.041171 1198 4172
84.047159 1198 4172
84.047189 1166 4172
84.053195 1198 4172
84.059173 1198 4172
84.065166 1198 4172
84.074824 1198 4172
84.074985 1198 4172
84.076067 1198 4172
84.083216 110 4172
84.083240 1198 4172
84.089262 1198 4172
84.095183 1198 4172
84.101268 1198 4172
84.101291 638 4172
84.107170 1198 4172
84.113777 1198 4172
84.116416 1198 4172
84.116566 110 4172
84.119218 1198 4172
84.125918 1198 4172
84.131178 1198 4172
84.137413 1198 4172
84.143167 126 4172
84.143206 1198 4172
84.143240 1198 4172
84.160018 1198 4172
84.160193 1198 4172
84.161131 1198 4172
84.171744 478 4172
84.172991 1198 4172
84.173198 1198 4172
84.176827 1198 4172
84.176872 1198 4172
84.187320 1198 4172
84.191251 1198 4172
84.191283 1198 4172
84.197297 1198 4172
84.203277 1198 4172
84.209231 1198 4172
84.215891 1198 4172
84.219362 830 4172
84.219406 1198 4172
84.227294 1198 4172
84.234128 1198 4172
84.239364 1198 4172
84.239425 1198 4172
84.262614 1198 4172
84.263183 1198 4172
84.263251 1198 4172
84.263331 1198 4172
84.264041 1198 4172
84.269204 1198 4172
84.275276 1198 4172
84.281323 734 4172
84.281356 1198 4172
84.287291 1198 4172
84.293224 1198 4172
84.293400 1198 4172
84.306477 1198 4172
84.311246 1198 4172
84.311266 1198 4172
84.311301 1198 4172
84.319634 1198 4172
84.323164 654 4172
84.323204 1198 4172
84.329259 1198 4172
84.335623 1198 4172
84.335651 1198 4172
84.344000 1198 4172
84.347216 1198 4172
84.353198 1198 4172
84.355618 1198 4172
84.355663 638 4172
84.371403 1198 4172
84.371491 1198 4172
84.377391 1198 4172
84.377420 1198 4172
84.385511 1198 4172
84.385550 110 4172
84.389452 1198 4172
84.389500 1198 4172
84.395460 1198 4172
84.398553 1070 4172
84.398596 1198 4172
84.407186 1198 4172
84.413331 1198 4172
84.419188 1198 4172
84.419219 1198 4172
84.425188 1198 4172
84.431182 1198 4172
84.437292 1198 4172
84.439371 1198 4172
84.439423 1038 4172
84.449165 1198 4172
84.455251 1198 4172
84.455300 1198 4172
84.461355 1198 4172
84.467173 1198 4172
84.475129 1198 4172
84.475166 1198 4172
84.479162 1198 4172
84.483791 1198 4172
84.491691 1198 4172
84.491723 126 4172
84.497240 734 4172
84.497275 270 4172
84.497308 190 4172
84.497338 190 4172
84.498379 190 4172
84.498415 190 4172
84.498445 190 4172
84.498474 190 4172
84.498502 190 4172
84.498531 190 4172
84.498558 190 4172
84.499577 190 4172
84.499613 190 4172
84.500233 190 4172
84.506234 190 4172
84.506270 190 4172
84.512167 1198 4172
84.512291 1198 4172
84.518426 1198 4172
84.524207 414 4172
84.524246 894 4172
84.527919 222 4172
84.527961 190 4172
84.527995 1198 4172
84.544328 1150 4172
84.545499 1198 4172
84.545568 1198 4172
84.548156 1198 4172
84.558566 414 4172
84.558643 1198 4172
84.561287 190 4172
84.561327 1198 4172
84.575535 1198 4172
84.575944 510 4172
84.576135 1198 4172
84.576171 1198 4172
84.576204 1198 4172
84.584294 638 4172
84.584321 1198 4172
84.590149 1198 4172
84.596168 1198 4172
84.602182 638 4172
84.602216 1198 4172
84.608151 1198 4172
84.608194 1198 4172
84.614729 798 4172
84.620024 1198 4172
84.620149 1198 4172
84.626168 1198 4172
84.627030 60 60000
84.632175 1198 4172
84.638234 478 4172
84.638281 1198 4172
84.645796 1198 4172
84.645830 1198 4172
84.650129 1198 4172
84.656152 110 4172
84.656196 1054 4172
84.656227 1198 4172
84.662892 1198 4172
84.668118 1198 4172
84.673309 1198 4172
84.673351 414 4172
84.680161 1198 4172
84.680202 1198 4172
84.686166 1198 4172
84.693048 574 4172
84.693123 190 4172
84.693161 190 4172
84.693198 1198 4172
84.698155 1198 4172
84.704174 1198 4172
84.711179 1070 4172
84.711221 174 4172
84.711253 174 4172
84.714185 174 4172
84.714227 1198 4172
84.722270 926 4172
84.728163 1198 4172
84.728223 1198 4172
84.734420 1198 4172
84.740761 1198 4172
84.740812 238 4172
84.746574 1198 4172
84.746650 1198 4172
84.754425 1198 4172
84.758178 1198 4172
84.758220 1198 4172
84.762840 686 4172
84.762889 1198 4172
84.770181 1198 4172
84.776165 1198 4172
84.776209 1198 4172
84.782168 1006 4172
84.788204 110 4172
84.788236 1198 4172
84.788264 1198 4172
84.794394 1198 4172
84.800617 1198 4172
84.800661 1102 4172
84.806187 1198 4172
84.809187 1198 4172
84.809237 1198 4172
84.818539 1198 4172
84.827359 1198 4172
84.830233 638 4172
84.830277 1198 4172
84.836136 1198 4172
84.836166 1198 4172
84.842168 1198 4172
84.848250 1198 4172
84.848288 1198 4172
84.850034 1198 4172
84.850068 734 4172
84.860191 1198 4172
84.866167 1198 4172
84.866206 1198 4172
84.872188 1198 4172
84.878181 1198 4172
84.878233 110 4172
84.878269 1198 4172
84.884168 1198 4172
84.890182 1198 4172
84.890236 1102 4172
84.891106 1198 4172
84.903537 1198 4172
84.914206 1198 4172
84.914279 1198 4172
84.922513 1198 4172
84.923346 846 4172
84.925001 110 4172
84.926218 1198 4172
84.932153 1198 4172
84.932182 1198 4172
84.938195 1198 4172
84.944120 1198 4172
84.944159 1198 4172
84.953239 1198 4172
84.956210 1198 4172
84.962150 174 4172
84.962200 174 4172
84.962236 1198 4172
84.970815 1198 4172
84.973062 1198 4172
84.973102 606 4172
84.975634 110 4172
84.975673 222 4172
84.975702 126 4172
84.981420 638 4172
84.981475 1198 4172
84.987173 1198 4172
84.993124 1198 4172
84.993157 366 4172
84.993199 302 4172
85.007958 126 4172
85.007982 238 4172
85.014988 126 4172
85.056156 126 4172
85.137298 126 4172
85.175728 126 4172
85.178223 126 4172
85.199361 110 4172
85.208549 126 4172
85.219085 142 4172
85.260256 126 4172
85.408765 1198 4172
85.408799 174 4172
85.416803 526 4172
85.424188 1102 4172
85.435306 1198 4172
85.443463 1198 4172
85.443542 1086 4172
85.452354 1198 4172
85.452450 1198 4172
85.452500 350 4172
85.454278 1198 4172
85.454320 1198 4172
85.454356 574 4172
85.454392 110 4172
85.461638 526 4172
85.465150 1198 4172
85.465194 1198 4172
85.465231 974 4172
85.478830 1198 4172
85.478883 1198 4172
85.478937 1198 4172
85.478981 126 4172
85.479036 1198 4172
85.486611 1198 4172
85.486646 1198 4172
85.486690 1198 4172
85.486734 430 4172
85.488270 1198 4172
85.488317 1198 4172
85.488355 766 4172
85.494541 1198 4172
85.496298 1198 4172
85.496347 1198 4172
85.496379 1198 4172
85.496418 894 4172
85.502140 1198 4172
85.506117 1198 4172
85.506182 510 4172
85.520552 1198 4172
85.520639 174 4172
85.528498 1198 4172
85.528544 1198 4172
85.528581 798 4172
85.537587 1198 4172
85.537665 1198 4172
85.537713 1198 4172
85.537752 494 4172
85.546704 1198 4172
85.546758 1198 4172
85.546799 1198 4172
85.546837 1038 4172
85.547030 1198 4172
85.547069 1198 4172
85.547103 1198 4172
85.547139 1198 4172
85.547173 366 4172
85.560181 1198 4172
85.560258 1198 4172
85.560293 1198 4172
85.566145 1198 4172
85.572110 942 4172
85.572153 1198 4172
85.578140 1198 4172
85.578182 1198 4172
85.584141 1198 4172
85.588205 1198 4172
85.588245 1198 4172
85.596109 462 4172
85.596150 1198 4172
85.602126 1198 4172
85.602167 1198 4172
85.608117 1198 4172
85.608156 1198 4172
85.614111 1198 4172
85.620123 542 4172
85.620169 1198 4172
85.626115 1198 4172
85.626152 1198 4172
85.629038 1198 4172
85.629081 1198 4172
85.638177 590 4172
85.638217 1198 4172
85.644278 1198 4172
85.644327 1198 4172
85.650179 1198 4172
85.650228 1198 4172
85.670165 766 4172
85.752180 110 4172
85.752267 110 4172
85.752305 110 4172
85.793216 110 4172
85.875089 110 4172
85.998215 110 4172
85.998360 110 4172
85.998363 110 4172
86.285225 110 4172
86.285312 110 4172
86.285355 110 4172
86.777092 110 4172
86.818330 110 4172
86.900258 110 4172
87.063140 110 4172
87.352314 110 4172
87.597062 110 4172
87.801114 110 4172
87.842224 110 4172
87.883054 110 4172
88.129157 110 4172
88.785071 110 4172
88.908104 110 4172
89.808064 110 4172
89.890182 110 4172
90.772203 110 4172
90.791266 110 4172
90.872998 110 4172
91.812290 110 4172
91.894225 110 4172
92.793015 110 4172
92.875005 110 4172
93.449162 110 4172
93.777147 110 4172
93.900199 110 4172
94.801171 110 4172
94.883146 110 4172
95.785141 110 4172
95.908042 110 4172
96.810240 110 4172
96.892099 110 4172
97.790991 110 4172
97.873187 110 4172
98.772341 110 4172
98.773986 110 4172
98.897242 110 4172
99.799070 110 4172
99.881046 110 4172
100.782020 110 4172
100.905157 110 4172
101.437141 110 4172
101.806134 110 4172
101.888065 110 4172
102.789167 110 4172
102.912156 110 4172
103.773059 110 4172
103.896026 110 4172
104.101096 110 4172
104.753097 1198 4172
104.753118 1198 4172
104.753204 1198 4172
104.753232 1198 4172
104.753267 1198 4172
104.753300 1198 4172
104.753333 1198 4172
104.753366 1198 4172
104.753401 1198 4172
104.753434 1198 4172
104.753466 1198 4172
104.755911 1166 4172
104.756872 1198 4172
104.762992 1198 4172
104.763022 1198 4172
104.763049 1198 4172
104.763081 1198 4172
104.768921 1198 4172
104.768960 1198 4172
104.768987 1198 4172
104.769013 1198 4172
104.775114 1198 4172
104.775161 1198 4172
104.775198 1198 4172
104.781008 110 4172
104.781031 382 4172
104.781059 1198 4172
104.786938 1198 4172
104.786969 1198 4172
104.793042 1198 4172
104.793065 1198 4172
104.796882 1198 4172
104.796918 1198 4172
104.805131 1198 4172
104.811012 1198 4172
104.811029 1198 4172
104.816929 654 4172
104.816957 1198 4172
104.817003 1198 4172
104.823026 1198 4172
104.829012 1198 4172
104.829045 1198 4172
104.834987 1198 4172
104.835023 1198 4172
104.838004 1198 4172
104.838051 1198 4172
104.847093 1198 4172
104.854638 1198 4172
104.854672 878 4172
104.854709 1198 4172
104.859936 1198 4172
104.859987 1198 4172
104.866054 1198 4172
104.871972 1198 4172
104.872006 1198 4172
104.878091 1198 4172
104.878953 110 4172
104.878998 110 4172
104.879034 1198 4172
104.879075 1198 4172
104.884072 60 60000
104.890018 862 4172
104.890058 1198 4172
104.895941 1198 4172
104.902053 1198 4172
104.902056 1198 4172
104.907977 1198 4172
104.908008 1198 4172
104.916129 1198 4172
104.921306 1198 4172
104.921344 1198 4172
104.927038 1198 4172
104.927065 1198 4172
104.933164 126 4172
104.933170 1198 4172
104.938984 1198 4172
104.945055 1198 4172
104.945114 1198 4172
104.951070 1198 4172
104.957046 1198 4172
104.957108 1198 4172
104.961981 1198 4172
104.968997 830 4172
104.969014 1198 4172
104.974987 1198 4172
104.975013 1198 4172
104.981167 1198 4172
104.981207 1198 4172
104.986972 1198 4172
104.993035 1198 4172
104.993097 1198 4172
104.999089 1198 4172
105.002949 1198 4172
105.003021 1198 4172
105.011009 1198 4172
105.011022 846 4172
105.017111 1198 4172
105.017184 1198 4172
105.022999 1198 4172
105.023062 1198 4172
105.029073 1198 4172
105.029111 1198 4172
105.035069 1198 4172
105.035132 1198 4172
105.041065 1198 4172
105.044016 1198 4172
105.044085 1198 4172
105.053003 1198 4172
105.058990 1198 4172
105.059049 414 4172
105.059106 1198 4172
105.064978 1198 4172
105.070977 1198 4172
105.071052 1198 4172
105.077256 1198 4172
105.082958 1198 4172
105.082998 1198 4172
105.084846 1198 4172
105.084879 1198 4172
105.094994 1198 4172
105.095030 1198 4172
105.100919 1198 4172
105.100953 1198 4172
105.106980 1198 4172
105.107042 574 4172
105.112992 1198 4172
105.113029 1198 4172
105.118962 1198 4172
105.118998 1198 4172
105.124981 1198 4172
105.125024 1198 4172
105.125943 1198 4172
105.126104 1198 4172
105.136968 1198 4172
105.142979 1198 4172
105.143000 1198 4172
105.148959 1198 4172
105.148983 110 4172
105.149015 1198 4172
105.154961 686 4172
105.154996 1198 4172
105.160961 1198 4172
105.160999 1198 4172
105.166989 1198 4172
105.167007 1198 4172
105.173327 1198 4172
105.173354 1198 4172
105.178958 1198 4172
105.178994 1198 4172
105.184970 1198 4172
105.191010 990 4172
105.191047 1198 4172
105.197754 1198 4172
105.197914 1198 4172
105.198057 1198 4172
105.202992 1198 4172
105.208006 1198 4172
105.208045 1198 4172
105.214985 1198 4172
105.215016 1198 4172
105.233816 430 4172
105.234063 1198 4172
105.234156 1198 4172
105.238963 1198 4172
105.239010 1198 4172
105.239047 1198 4172
105.239087 1198 4172
105.239120 1198 4172
105.249317 1198 4172
105.249357 1070 4172
105.251052 1198 4172
105.251093 1198 4172
105.257130 1198 4172
105.263691 1198 4172
105.263797 798 4172
105.263876 1198 4172
105.284753 1198 4172
105.294348 1198 4172
105.297032 1198 4172
105.297182 1198 4172
105.297518 462 4172
105.297633 382 4172
105.297719 174 4172
105.297764 158 4172
105.297815 158 4172
105.297857 158 4172
105.297901 158 4172
105.297944 158 4172
105.297986 238 4172
105.298029 414 4172
105.298070 158 4172
105.298112 158 4172
105.298154 158 4172
105.298195 158 4172
105.298236 158 4172
105.298354 158 4172
105.298397 254 4172
105.298439 510 4172
105.298522 1022 4172
105.299380 430 4172
105.299471 366 4172
105.299503 414 4172
105.300315 446 4172
105.301428 382 4172
105.302367 158 4172
105.303163 686 4172
105.305549 510 4172
105.312221 334 4172
105.312936 286 4172
105.312973 238 4172
105.313005 190 4172
105.313037 1198 4172
105.313065 414 4172
105.314548 254 4172
105.325824 414 4172
105.325871 414 4172
105.325907 558 4172
105.353035 1198 4172
105.353054 1198 4172
105.353143 1198 4172
105.353183 1198 4172
105.353215 974 4172
105.361912 1198 4172
105.362012 734 4172
105.362094 1198 4172
105.362132 1198 4172
105.362159 1198 4172
105.362191 1198 4172
105.362221 126 4172
105.370759 1198 4172
105.370802 1198 4172
105.370950 1198 4172
105.370998 1198 4172
105.371040 1198 4172
105.373068 1198 4172
105.375302 1198 4172
105.375340 590 4172
105.385058 1198 4172
105.385092 1198 4172
105.391032 1198 4172
105.391063 1198 4172
105.397142 1198 4172
105.397165 1198 4172
105.403028 638 4172
105.403063 1198 4172
105.416539 1198 4172
105.418049 1198 4172
105.418118 1198 4172
105.423377 110 4172
105.423410 1198 4172
105.423437 1086 4172
105.423465 1198 4172
105.426998 1198 4172
105.427084 126 4172
105.427088 1198 4172
105.443010 1198 4172
105.443162 1198 4172
105.445002 302 4172
105.445039 1198 4172
105.445067 1198 4172
105.445099 1198 4172
105.451277 1198 4172
105.451316 1198 4172
105.458013 1022 4172
105.458052 1198 4172
105.461025 1198 4172
105.461085 1198 4172
105.469454 1198 4172
105.491012 1198 4172
105.492472 1198 4172
105.492714 654 4172
105.492996 1198 4172
105.496112 1198 4172
105.496159 1198 4172
105.496208 1198 4172
105.504641 1198 4172
105.504728 958 4172
105.504764 1198 4172
105.505161 1198 4172
105.506828 1198 4172
105.506864 1198 4172
105.506901 1198 4172
105.517080 1198 4172
105.517116 1198 4172
105.524402 398 4172
105.524446 1198 4172
105.524476 1198 4172
105.528958 1198 4172
105.535168 1198 4172
105.535211 1198 4172
105.542501 846 4172
105.542551 1198 4172
105.542585 1198 4172
105.546958 1198 4172
105.547982 1198 4172
105.548023 1198 4172
105.559783 238 4172
105.559943 1198 4172
105.559965 1198 4172
105.560009 1198 4172
105.564953 1198 4172
105.570939 1198 4172
105.570976 542 4172
105.580834 1198 4172
105.581050 1198 4172
105.581086 1198 4172
105.583606 1198 4172
105.597442 334 4172
105.597967 1198 4172
105.598030 1198 4172
105.598079 1198 4172
105.616101 1198 4172
105.617817 1134 4172
105.617857 174 4172
105.617892 174 4172
105.617939 174 4172
105.620191 174 4172
105.620231 174 4172
105.620263 174 4172
105.620292 174 4172
105.620321 174 4172
105.620349 174 4172
105.620380 174 4172
105.620409 174 4172
105.620439 174 4172
105.620466 174 4172
105.620495 174 4172
105.620525 270 4172
105.620555 430 4172
105.629565 174 4172
105.631863 174 4172
105.631920 174 4172
105.631962 174 4172
105.631990 174 4172
105.632013 174 4172
105.632043 174 4172
105.632066 174 4172
105.636328 174 4172
105.648121 174 4172
105.652743 174 4172
105.652778 174 4172
105.662592 174 4172
105.662636 174 4172
105.662664 174 4172
105.662694 174 4172
105.662725 270 4172
105.662773 222 4172
105.662821 190 4172
105.679656 190 4172
105.679733 190 4172
105.679761 190 4172
105.679798 190 4172
105.679829 190 4172
105.679868 190 4172
105.682095 190 4172
105.682132 190 4172
105.682162 190 4172
105.682194 110 4172
105.682224 190 4172
105.682252 190 4172
105.683842 190 4172
105.695953 190 4172
105.697525 1198 4172
105.697547 878 4172
105.697578 222 4172
105.697610 190 4172
105.697638 1198 4172
105.697671 462 4172
105.699091 1198 4172
105.699130 1198 4172
105.699163 1198 4172
105.699194 862 4172
105.711664 1198 4172
105.711741 1198 4172
105.711763 526 4172
105.711804 1198 4172
105.711837 990 4172
105.711886 1198 4172
105.715630 1198 4172
105.715664 1198 4172
105.715695 1198 4172
105.715720 1198 4172
105.715744 1198 4172
105.715770 1054 4172
105.715803 1198 4172
105.715829 1198 4172
105.715853 1198 4172
105.715878 1150 4172
105.715916 1198 4172
105.723144 1198 4172
105.723197 1198 4172
105.725025 1198 4172
105.725055 1198 4172
105.731028 798 4172
105.731072 1198 4172
105.740114 174 4172
105.740157 1198 4172
105.740192 1198 4172
105.753254 1198 4172
105.754972 1118 4172
105.755007 1198 4172
105.755035 1134 4172
105.755063 1198 4172
105.755089 1198 4172
105.761003 1198 4172
105.768658 1198 4172
105.768703 206 4172
105.768735 1198 4172
105.772966 1198 4172
105.773000 1198 4172
105.778934 1006 4172
105.778969 110 4172
105.779005 1198 4172
105.787448 1198 4172
105.787503 1198 4172
105.791584 302 4172
105.791623 174 4172
105.791658 1198 4172
105.791692 1198 4172
105.804338 142 4172
105.804367 206 4172
105.804399 174 4172
105.831347 174 4172
105.831357 174 4172
105.831435 174 4172
105.831451 174 4172
105.831479 174 4172
105.831508 174 4172
105.831536 174 4172
105.831563 174 4172
105.831591 174 4172
105.831615 174 4172
105.831644 174 4172
105.831671 174 4172
105.831699 174 4172
105.831728 222 4172
105.831758 542 4172
105.832517 60 60000
105.873147 110 4172
105.964235 110 4172
105.964335 110 4172
105.964413 110 4172
106.005672 110 4172
106.025442 126 4172
106.046656 334 4172
106.180332 174 4172
106.180363 142 4172
106.209025 110 4172
106.209091 174 4172
106.209117 238 4172
106.210094 238 4172
106.210132 222 4172
106.210163 222 4172
106.211066 206 4172
106.211100 206 4172
106.211137 206 4172
106.211894 206 4172
106.211926 238 4172
106.220880 222 4172
106.220956 222 4172
106.220992 190 4172
106.303075 222 4172
106.507111 110 4172
106.753012 110 4172
106.875995 110 4172
107.040099 110 4172
107.573257 110 4172
107.777834 110 4172
107.819075 110 4172
108.064007 110 4172
108.350947 110 4172
108.638021 110 4172
108.802068 110 4172
108.883863 110 4172
109.784990 110 4172
109.907939 110 4172
110.807955 110 4172
110.889964 110 4172
111.258984 110 4172
111.790968 110 4172
111.872820 110 4172
112.772870 110 4172
112.895943 110 4172
113.797016 110 4172
113.878915 110 4172
114.780927 110 4172
114.903948 110 4172
115.804938 110 4172
115.886970 110 4172
116.583890 110 4172
116.788894 110 4172
116.911860 110 4172
117.811905 110 4172
117.892956 110 4172
118.792852 110 4172
118.874850 110 4172
119.773849 110 4172
119.896824 110 4172
120.798878 110 4172
120.880911 110 4172
121.781827 110 4172
121.904790 110 4172
121.945841 110 4172
122.805858 110 4172
122.887792 110 4172
123.788821 110 4172
123.911683 110 4172
124.651958 110 4172
124.774802 110 4172
124.897802 110 4172
124.979867 302 4172
125.102681 174 4172
125.122229 174 4172
125.122982 174 4172
125.123794 174 4172
125.125369 174 4172
125.125410 174 4172
125.126191 174 4172
125.127065 174 4172
125.127917 302 4172
125.127962 174 4172
125.128760 174 4172
125.128800 174 4172
125.129725 174 4172
125.131299 174 4172
125.131327 174 4172
125.132668 174 4172
125.133721 174 4172
125.137036 190 4172
125.143748 1198 4172
125.143801 1198 4172
125.143849 1198 4172
125.143892 1198 4172
125.143940 1198 4172
125.143980 430 4172
125.282315 190 4172
125.290170 1198 4172
125.290225 1198 4172
125.290274 622 4172
125.299209 1198 4172
125.299267 430 4172
125.307710 1198 4172
125.307750 686 4172
125.315032 1198 4172
125.315067 1198 4172
125.315103 462 4172
125.348863 174 4172
125.717852 110 4172
125.799750 110 4172
125.881870 110 4172
125.947953 110 4172
125.953864 1198 4172
125.953902 1198 4172
125.953938 1198 4172
125.953969 1198 4172
125.954001 1198 4172
125.954033 1198 4172
125.957063 1198 4172
125.957103 382 4172
125.962726 1198 4172
125.962768 1198 4172
125.974780 1198 4172
125.981499 926 4172
125.986673 1198 4172
125.992777 1198 4172
125.998691 1198 4172
126.004846 1198 4172
126.010721 1198 4172
126.022827 1198 4172
126.028778 990 4172
126.034678 1198 4172
126.045875 1198 4172
126.052865 1198 4172
126.058838 1198 4172
126.064787 1198 4172
126.070718 1198 4172
126.076781 1198 4172
126.082782 830 4172
126.084772 60 60000
126.086643 1198 4172
126.094739 1198 4172
126.100927 1198 4172
126.106695 1198 4172
126.113305 1198 4172
126.120681 1198 4172
126.137995 606 4172
126.138036 1198 4172
126.143751 1198 4172
126.152184 1198 4172
126.161772 1198 4172
126.167755 1198 4172
126.168712 1198 4172
126.179782 1198 4172
126.185804 1198 4172
126.191735 1198 4172
126.197829 238 4172
126.197861 1198 4172
126.209847 1198 4172
126.215716 110 4172
126.215763 1198 4172
126.227820 1198 4172
126.233758 1198 4172
126.239757 1198 4172
126.245706 286 4172
126.250652 1198 4172
126.257700 1198 4172
126.263751 1198 4172
126.269747 1198 4172
126.275731 1198 4172
126.281830 1198 4172
126.287783 1198 4172
126.291756 1198 4172
126.299782 734 4172
126.305770 1198 4172
126.311714 1198 4172
126.323859 1198 4172
126.329731 1198 4172
126.332688 1198 4172
126.341724 1198 4172
126.347733 1198 4172
126.353722 862 4172
126.359735 1198 4172
126.365727 1198 4172
126.371741 1198 4172
126.383777 1198 4172
126.389754 1198 4172
126.414422 1198 4172
126.416285 1198 4172
126.416321 1198 4172
126.425711 1198 4172
126.435665 1198 4172
126.444977 1198 4172
126.449736 1198 4172
126.449764 1198 4172
126.455711 1198 4172
126.456947 830 4172
126.467760 718 4172
126.473732 1198 4172
126.480361 1198 4172
126.500342 1198 4172
126.501932 110 4172
126.503736 1198 4172
126.503891 1198 4172
126.504039 606 4172
126.507071 1198 4172
126.515715 1198 4172
126.522034 1198 4172
126.528568 1198 4172
126.543628 1198 4172
126.543762 126 4172
126.545695 1198 4172
126.557821 1198 4172
126.563929 1198 4172
126.569763 1198 4172
126.581827 206 4172
126.581862 1198 4172
126.587737 1198 4172
126.590289 1198 4172
126.599835 1198 4172
126.606083 1198 4172
126.611720 206 4172
126.611763 1198 4172
126.618209 1198 4172
126.629825 1198 4172
126.632490 126 4172
126.646734 1198 4172
126.646985 766 4172
126.656324 1198 4172
126.672247 1198 4172
126.672926 1198 4172
126.680385 1198 4172
126.680967 1198 4172
126.681327 910 4172
126.690765 1198 4172
126.703051 1198 4172
126.709142 1198 4172
126.715015 478 4172
126.720786 1198 4172
126.723360 1198 4172
126.734582 1198 4172
126.738760 1198 4172
126.745866 1118 4172
126.750741 1198 4172
126.763360 110 4172
126.763384 1198 4172
126.768737 1198 4172
126.774857 1198 4172
126.798235 110 4172
126.798306 366 4172
126.798336 1198 4172
126.798689 1198 4172
126.818490 1198 4172
126.833756 1198 4172
126.833833 1198 4172
126.833861 1198 4172
126.834690 606 4172
126.834719 1198 4172
126.841910 1198 4172
126.846726 1198 4172
126.852848 1198 4172
126.858724 1198 4172
126.864752 734 4172
126.870756 1198 4172
126.876033 1198 4172
126.882730 110 4172
126.882814 1198 4172
126.897425 1198 4172
126.897778 1038 4172
126.912809 1198 4172
126.927238 1198 4172
126.928967 1198 4172
126.929174 1198 4172
126.929229 910 4172
126.930746 1198 4172
126.937303 1198 4172
126.939025 1198 4172
126.954773 1198 4172
126.960669 1198 4172
126.970743 782 4172
126.970815 1198 4172
126.972824 1198 4172
126.975722 60 60000
126.978709 110 4172
126.978747 1198 4172
126.984720 1198 4172
126.988346 1198 4172
127.002781 462 4172
127.002798 1198 4172
127.011999 1198 4172
127.022807 1198 4172
127.031360 110 4172
127.031363 1198 4172
127.032834 366 4172
127.032944 1198 4172
127.039220 1198 4172
127.050784 1198 4172
127.056746 1198 4172
127.062698 1198 4172
127.068710 1198 4172
127.071648 1198 4172
127.082121 222 4172
127.082526 1198 4172
127.086733 1198 4172
127.092920 1198 4172
127.098705 1198 4172
127.104741 1198 4172
127.110759 926 4172
127.110797 1198 4172
127.115290 1198 4172
127.122806 1198 4172
127.134712 1198 4172
127.141316 718 4172
127.147252 1198 4172
127.156415 1198 4172
127.158367 1198 4172
127.164731 1198 4172
127.170747 1198 4172
127.183888 1198 4172
127.193969 590 4172
127.194092 1198 4172
127.200168 1198 4172
127.208146 1198 4172
127.208203 1150 4172
127.222305 238 4172
127.222427 270 4172
127.222477 1198 4172
127.222633 1198 4172
127.224710 1198 4172
127.232317 542 4172
127.232370 1198 4172
127.233686 1198 4172
127.242706 1198 4172
127.248757 1198 4172
127.256134 1198 4172
127.260789 798 4172
127.268940 1198 4172
127.272740 1198 4172
127.278696 1198 4172
127.281814 1198 4172
127.303721 1022 4172
127.303762 1198 4172
127.303788 110 4172
127.303817 1198 4172
127.303847 1198 4172
127.312074 1198 4172
127.325922 1086 4172
127.337224 1198 4172
127.353451 1198 4172
127.363724 1198 4172
127.363771 1198 4172
127.375675 206 4172
127.375775 1198 4172
127.375941 1198 4172
127.389427 1198 4172
127.389467 1198 4172
127.389499 1150 4172
127.389530 1198 4172
127.389616 1198 4172
127.399372 1198 4172
127.404315 1198 4172
127.404351 1198 4172
127.404384 1086 4172
127.416519 1198 4172
127.429474 1198 4172
127.430071 1198 4172
127.434716 750 4172
127.440708 1198 4172
127.453835 1198 4172
127.458699 1198 4172
127.458747 638 4172
127.471471 1198 4172
127.477549 1198 4172
127.479425 1198 4172
127.479460 1198 4172
127.486543 1198 4172
127.488644 574 4172
127.503073 1198 4172
127.506777 1198 4172
127.506799 1198 4172
127.518944 1198 4172
127.519036 1198 4172
127.528050 494 4172
127.528132 1198 4172
127.530678 1198 4172
127.536701 1198 4172
127.536737 1198 4172
127.542772 382 4172
127.543639 1198 4172
127.554710 1198 4172
127.554784 1198 4172
127.560717 1198 4172
127.566656 110 4172
127.566693 366 4172
127.572931 1198 4172
127.572994 1198 4172
127.578695 1198 4172
127.584686 1198 4172
127.590703 590 4172
127.596757 1198 4172
127.596804 1198 4172
127.602694 1198 4172
127.608722 766 4172
127.614840 254 4172
127.614883 1198 4172
127.620883 1070 4172
127.625769 1198 4172
127.632752 1198 4172
127.632801 1198 4172
127.638798 750 4172
127.644658 1198 4172
127.650761 1198 4172
127.656786 1198 4172
127.662756 1198 4172
127.662803 910 4172
127.666594 1198 4172
127.674711 1198 4172
127.680755 1198 4172
127.686784 1198 4172
127.692749 1134 4172
127.692785 1198 4172
127.698757 1198 4172
127.704683 1198 4172
127.707764 1198 4172
127.716883 1198 4172
127.722794 238 4172
127.722841 1198 4172
127.728674 1198 4172
127.734769 1198 4172
127.740759 1198 4172
127.746761 414 4172
127.749080 1198 4172
127.758656 1198 4172
127.758786 1198 4172
127.765020 1198 4172
127.770746 1198 4172
127.776775 1198 4172
127.782682 142 4172
127.782722 1198 4172
127.788749 110 4172
127.788792 1198 4172
127.789739 1198 4172
127.789783 1198 4172
127.800752 1182 4172
127.806751 1198 4172
127.812956 1198 4172
127.818645 1198 4172
127.824679 1198 4172
127.830714 110 4172
127.830755 782 4172
127.830792 1198 4172
127.836767 1198 4172
127.842757 1198 4172
127.848764 1198 4172
127.854638 670 4172
127.854682 1198 4172
127.860998 1198 4172
127.866752 1198 4172
127.878769 590 4172
127.878811 1198 4172
127.884750 110 4172
127.884786 1198 4172
127.890636 1198 4172
127.895940 1198 4172
127.901869 510 4172
127.901912 1198 4172
127.907805 1198 4172
127.912609 1198 4172
127.919780 1198 4172
127.919818 1198 4172
127.925789 366 4172
127.931734 1198 4172
127.931777 1198 4172
127.937698 1198 4172
127.943819 1198 4172
127.949799 366 4172
127.949847 1198 4172
127.953736 1198 4172
127.961773 1198 4172
127.967864 1198 4172
127.973795 590 4172
127.979791 766 4172
127.979826 126 4172
127.994761 110 4172
128.076776 1198 4172
128.098289 110 4172
128.107193 222 4172
128.116157 126 4172
128.117816 126 4172
128.133256 126 4172
128.142156 126 4172
128.150195 126 4172
128.158720 126 4172
128.167286 126 4172
128.176202 126 4172
128.185179 126 4172
128.194195 126 4172
128.199752 126 4172
128.211162 1198 4172
128.211241 1198 4172
128.211275 1198 4172
128.211309 1198 4172
128.211344 1070 4172
128.219123 414 4172
128.228192 750 4172
128.238185 126 4172
128.240699 1198 4172
128.240738 398 4172
128.255285 1198 4172
128.255340 574 4172
128.263296 1198 4172
128.263341 910 4172
128.272258 1198 4172
128.272296 862 4172
128.280224 1198 4172
128.280259 686 4172
128.281777 1198 4172
128.281822 526 4172
128.297168 1198 4172
128.297244 174 4172
128.306096 1118 4172
128.315142 1198 4172
128.322592 1150 4172
128.332089 910 4172
128.341739 862 4172
128.349900 1150 4172
128.357300 1198 4172
128.357346 1198 4172
128.357385 1198 4172
128.357420 1198 4172
128.357455 1198 4172
128.357494 142 4172
128.363695 254 4172
128.363745 110 4172
128.363780 110 4172
128.363807 110 4172
128.375033 206 4172
128.392329 1198 4172
128.392412 1198 4172
128.392450 142 4172
128.400376 1198 4172
128.400409 1198 4172
128.400454 414 4172
128.402812 1198 4172
128.402845 1198 4172
128.402887 782 4172
128.404855 1070 4172
128.417347 1198 4172
128.417427 1198 4172
128.417468 798 4172
128.425398 1198 4172
128.425429 1198 4172
128.425477 558 4172
128.433276 1198 4172
128.433310 1198 4172
128.433355 542 4172
128.441208 1198 4172
128.441242 1150 4172
128.445691 1198 4172
128.445725 926 4172
128.459313 1198 4172
128.459359 1006 4172
128.467180 1198 4172
128.467214 894 4172
128.476193 1198 4172
128.476228 318 4172
128.485220 1198 4172
128.485262 334 4172
128.486768 1198 4172
128.486817 782 4172
128.501284 1198 4172
128.501317 478 4172
128.511044 190 4172
128.520716 1198 4172
128.520752 446 4172
128.527705 1198 4172
128.527747 1198 4172
128.527783 1198 4172
128.527820 590 4172
128.538732 1198 4172
128.538785 1198 4172
128.538827 1198 4172
128.538862 1086 4172
128.547672 1198 4172
128.547708 1198 4172
128.547755 1198 4172
128.547792 1198 4172
128.547826 734 4172
128.553762 1198 4172
128.553799 1198 4172
128.559682 1198 4172
128.565757 590 4172
128.568731 1198 4172
128.577806 1198 4172
128.583747 1198 4172
128.583790 1198 4172
128.589635 126 4172
128.589673 1198 4172
128.595746 1198 4172
128.601632 1198 4172
128.607742 1198 4172
128.609695 1102 4172
128.619753 1198 4172
128.619786 1198 4172
128.625749 1198 4172
128.631702 558 4172
128.637821 110 4172
128.637864 110 4172
128.637899 110 4172
128.643812 1198 4172
128.649705 1198 4172
128.649745 190 4172
128.649781 1198 4172
128.650695 1198 4172
128.661703 1198 4172
128.667737 1198 4172
128.673831 366 4172
128.673875 1198 4172
128.679748 1198 4172
128.685790 1198 4172
128.691710 206 4172
128.691755 1198 4172
128.697783 1198 4172
128.703773 622 4172
128.703807 1198 4172
128.709778 1198 4172
128.715780 606 4172
128.715821 1198 4172
128.721751 1198 4172
128.727810 1198 4172
128.732696 382 4172
128.732802 1198 4172
128.739783 1198 4172
128.745811 174 4172
128.745859 1198 4172
128.751808 1198 4172
128.757733 110 4172
128.757774 1198 4172
128.757811 1198 4172
128.763817 1198 4172
128.769825 1198 4172
128.773749 1198 4172
128.781787 814 4172
128.781826 110 4172
128.787759 1198 4172
128.793777 1198 4172
128.799779 1198 4172
128.805724 1198 4172
128.814709 350 4172
128.814750 1198 4172
128.823773 1198 4172
128.829770 1198 4172
128.829807 1198 4172
128.835780 1198 4172
128.841787 1198 4172
128.847766 1198 4172
128.853864 1198 4172
128.855726 1198 4172
128.865762 110 4172
128.865849 1198 4172
128.865885 1198 4172
128.871781 1198 4172
128.877672 1198 4172
128.883708 1198 4172
128.889795 1198 4172
128.895724 974 4172
128.895767 110 4172
128.895803 110 4172
128.896700 110 4172
128.907697 1198 4172
128.907769 1198 4172
128.913801 1198 4172
128.919793 1198 4172
128.925761 1198 4172
128.931829 494 4172
128.931871 1198 4172
128.937792 1198 4172
128.943854 1198 4172
128.949763 1198 4172
128.955808 1198 4172
128.955848 1198 4172
128.967838 318 4172
128.967918 1198 4172
128.973710 1198 4172
128.978697 1198 4172
128.985800 1198 4172
128.991784 110 4172
128.991826 1198 4172
128.997787 1198 4172
128.997837 702 4172
129.003787 1198 4172
129.009707 1198 4172
129.015735 1198 4172
129.015770 1198 4172
129.019752 1198 4172
129.027775 206 4172
129.027812 1198 4172
129.033802 1198 4172
129.039776 1198 4172
129.045773 1198 4172
129.051762 1198 4172
129.051801 558 4172
129.057774 1198 4172
129.060873 1198 4172
129.060927 1198 4172
129.069760 1198 4172
129.075753 1198 4172
129.081798 110 4172
129.081852 286 4172
129.081892 1198 4172
129.087768 1198 4172
129.093803 1198 4172
129.099763 1198 4172
129.101652 1198 4172
129.111789 1198 4172
129.117774 1198 4172
129.117810 1198 4172
129.123779 462 4172
129.129769 1198 4172
129.129807 1198 4172
129.135777 334 4172
129.135821 1198 4172
129.141790 1198 4172
129.142684 1198 4172
129.153816 430 4172
129.153938 1198 4172
129.159808 1198 4172
129.166610 110 4172
129.166673 110 4172
129.166710 110 4172
129.166749 1102 4172
129.171772 1198 4172
129.177793 1198 4172
129.183702 1198 4172
129.183732 110 4172
129.183771 574 4172
129.189721 1198 4172
129.195797 1198 4172
129.195829 1198 4172
129.201758 1198 4172
129.207670 1198 4172
129.213776 1198 4172
129.219775 1198 4172
129.224696 1102 4172
129.231763 1198 4172
129.237813 1198 4172
129.243784 1198 4172
129.249760 1198 4172
129.256807 1198 4172
129.261787 1198 4172
129.265710 1198 4172
129.273793 1198 4172
129.279718 110 4172
129.285694 1198 4172
129.291787 1198 4172
129.297759 1198 4172
129.297795 1198 4172
129.303780 1198 4172
129.306711 1198 4172
129.315814 638 4172
129.315857 1198 4172
129.321841 1198 4172
129.327779 1198 4172
129.333781 1198 4172
129.339770 1198 4172
129.339810 430 4172
129.345705 1198 4172
129.347727 1198 4172
129.347762 1198 4172
129.357787 1198 4172
129.363813 1198 4172
129.369794 1198 4172
129.375703 1198 4172
129.381772 1198 4172
129.381805 1198 4172
129.387683 1198 4172
129.388579 110 4172
129.388620 286 4172
129.388653 1198 4172
129.405791 1198 4172
129.411657 1198 4172
129.417725 1198 4172
129.417765 1198 4172
129.423773 1198 4172
129.429775 110 4172
129.429816 110 4172
129.429850 110 4172
129.429887 1198 4172
129.435758 1198 4172
129.441783 1198 4172
129.447785 1198 4172
129.453754 830 4172
129.453796 1198 4172
129.459751 1198 4172
129.465788 1198 4172
129.470684 1198 4172
129.470722 1198 4172
129.477711 1198 4172
129.483676 1198 4172
129.489753 1198 4172
129.495682 1198 4172
129.501796 958 4172
129.501841 1198 4172
129.507769 1198 4172
129.511736 1198 4172
129.519846 1198 4172
129.525775 1198 4172
129.525807 1198 4172
129.531765 1198 4172
129.537757 1198 4172
129.543788 1198 4172
129.549758 318 4172
129.549794 1198 4172
129.552695 1198 4172
129.561786 1198 4172
129.561849 1198 4172
129.567772 1198 4172
129.573766 1198 4172
129.579802 1198 4172
129.585749 1198 4172
129.585788 782 4172
129.591779 1198 4172
129.593735 1198 4172
129.603719 1198 4172
129.609691 1198 4172
129.609736 1198 4172
129.616855 1198 4172
129.621671 1198 4172
129.627699 1198 4172
129.633663 1198 4172
129.633698 206 4172
129.634600 1198 4172
129.634629 1198 4172
129.645672 1198 4172
129.651855 1198 4172
129.657817 1198 4172
129.663796 1198 4172
129.669793 1198 4172
129.669832 1198 4172
129.675686 862 4172
129.681748 1198 4172
129.687778 1198 4172
129.687821 1198 4172
129.693773 110 4172
129.699776 1198 4172
129.699812 1198 4172
129.705813 1198 4172
129.711788 1198 4172
129.716948 254 4172
129.716993 1198 4172
129.723810 1198 4172
129.729760 1198 4172
129.729806 1198 4172
129.735696 1198 4172
129.741776 1198 4172
129.747794 1198 4172
129.753757 334 4172
129.753801 1198 4172
129.757721 1198 4172
129.765822 1198 4172
129.765865 1198 4172
129.771759 1198 4172
129.777757 1198 4172
129.783785 1198 4172
129.789709 110 4172
129.789748 1198 4172
129.795748 494 4172
129.795786 1198 4172
129.798685 1198 4172
129.807683 590 4172
129.807723 1198 4172
129.813826 1198 4172
129.819787 1198 4172
129.825761 1198 4172
129.825806 1198 4172
129.839697 990 4172
129.880726 110 4172
129.962746 110 4172
129.962782 110 4172
129.962820 110 4172
130.249659 110 4172
130.249710 110 4172
130.249740 110 4172
130.494834 110 4172
130.494875 110 4172
130.772981 110 4172
130.780719 110 4172
130.903812 110 4172
131.026731 110 4172
131.311832 110 4172
131.557730 110 4172
131.802868 110 4172
131.884818 110 4172
132.089780 110 4172
132.376704 110 4172
132.663758 110 4172
132.786747 110 4172
132.909658 110 4172
133.810813 110 4172
133.892742 110 4172
134.792683 110 4172
134.874784 110 4172
135.325728 110 4172
135.776602 110 4172
135.899681 110 4172
136.801739 110 4172
136.883567 110 4172
137.785654 110 4172
137.908744 110 4172
137.990740 110 4172
138.810676 110 4172
138.892625 110 4172
139.793639 110 4172
139.875531 110 4172
140.654689 110 4172
140.777603 110 4172
140.900593 110 4172
141.802589 110 4172
141.884574 110 4172
142.783676 110 4172
142.906595 110 4172
143.315553 110 4172
143.807656 110 4172
143.889663 110 4172
144.790656 110 4172
144.913638 110 4172
145.813597 110 4172
145.895592 110 4172
145.977599 110 4172
146.797556 110 4172
146.879477 110 4172
147.156065 1198 4172
147.156137 1198 4172
147.156177 1198 4172
147.156207 1198 4172
147.156238 1198 4172
147.156271 1198 4172
147.156300 846 4172
147.165908 1198 4172
147.165911 1198 4172
147.165935 1198 4172
147.165966 1198 4172
147.165993 1198 4172
147.166021 1006 4172
147.166515 1198 4172
147.167652 1198 4172
147.167684 1198 4172
147.177558 1198 4172
147.183499 590 4172
147.183543 1198 4172
147.189486 1198 4172
147.195588 1198 4172
147.201445 1198 4172
147.207586 1198 4172
147.208588 606 4172
147.208618 1198 4172
147.219458 1198 4172
147.225541 1198 4172
147.231509 1198 4172
147.237509 1198 4172
147.243509 1198 4172
147.243554 910 4172
147.249455 1198 4172
147.255622 1198 4172
147.261507 1198 4172
147.261541 1198 4172
147.267513 1198 4172
147.273513 942 4172
147.279488 1198 4172
147.287139 1198 4172
147.287183 1198 4172
147.292903 110 4172
147.292943 1198 4172
147.297569 1198 4172
147.303639 990 4172
147.305158 1198 4172
147.305197 1198 4172
147.315500 1198 4172
147.321595 1198 4172
147.327498 126 4172
147.327532 1198 4172
147.333505 1166 4172
147.333536 1198 4172
147.339644 1198 4172
147.346385 1198 4172
147.346468 1198 4172
147.357550 1198 4172
147.357631 1134 4172
147.363513 1198 4172
147.369512 1198 4172
147.375747 1198 4172
147.381587 1198 4172
147.381618 1198 4172
147.387540 942 4172
147.393555 1198 4172
147.400276 1198 4172
147.400316 1198 4172
147.405531 1198 4172
147.411707 1198 4172
147.417670 1054 4172
147.417698 1198 4172
147.423614 1198 4172
147.429091 1198 4172
147.435495 1198 4172
147.435528 1198 4172
147.441558 478 4172
147.449779 1198 4172
147.449870 1198 4172
147.453607 1198 4172
147.459594 1198 4172
147.465621 1198 4172
147.465657 510 4172
147.469459 1198 4172
147.469501 1198 4172
147.481250 1198 4172
147.489526 1198 4172
147.489558 318 4172
147.495541 1198 4172
147.495583 1198 4172
147.501473 1198 4172
147.507503 1198 4172
147.510545 1198 4172
147.519496 1198 4172
147.519534 382 4172
147.526078 1198 4172
147.526116 1198 4172
147.531578 1198 4172
147.537480 766 4172
147.537513 414 4172
147.539819 158 4172
147.539851 158 4172
147.539933 158 4172
147.539962 158 4172
147.545546 1198 4172
147.545579 878 4172
147.551485 110 4172
147.551522 1198 4172
147.557883 1102 4172
147.557918 1198 4172
147.563467 1198 4172
147.569479 478 4172
147.569516 1198 4172
147.575574 1198 4172
147.581472 590 4172
147.581500 1198 4172
147.587475 1198 4172
147.587504 814 4172
147.592460 1198 4172
147.599490 126 4172
147.605602 1198 4172
147.605616 1198 4172
147.611512 414 4172
147.611590 1198 4172
147.617557 1198 4172
147.618436 350 4172
147.618471 158 4172
147.618504 158 4172
147.624476 1198 4172
147.630432 1198 4172
147.633416 158 4172
147.633447 1198 4172
147.642567 558 4172
147.648029 430 4172
147.648059 142 4172
147.648134 158 4172
147.648164 174 4172
147.648486 990 4172
147.648511 414 4172
147.649485 158 4172
147.649513 158 4172
147.649539 174 4172
147.649560 158 4172
147.655457 526 4172
147.661445 1198 4172
147.661511 366 4172
147.674570 254 4172
147.674617 286 4172
147.709537 398 4172
147.709564 158 4172
147.744682 1198 4172
147.744701 1198 4172
147.744729 990 4172
147.744754 750 4172
147.744781 158 4172
147.744805 350 4172
147.744832 158 4172
147.744856 174 4172
147.744880 174 4172
147.756194 1198 4172
147.756197 1198 4172
147.756293 206 4172
147.756319 1198 4172
147.756357 1198 4172
147.756495 1198 4172
147.756531 1198 4172
147.756557 1198 4172
147.756583 1198 4172
147.756607 350 4172
147.762045 1198 4172
147.762081 1198 4172
147.762109 1198 4172
147.762135 1198 4172
147.762160 1054 4172
147.762184 1198 4172
147.762209 1198 4172
147.770520 1198 4172
147.770559 1198 4172
147.774501 1198 4172
147.774530 1198 4172
147.787812 110 4172
147.787855 1182 4172
147.792468 1198 4172
147.792498 1198 4172
147.804857 1198 4172
147.811148 1198 4172
147.811182 1198 4172
147.811214 1198 4172
147.811443 110 4172
147.811478 350 4172
147.811507 1198 4172
147.822472 1198 4172
147.836890 1198 4172
147.836936 1198 4172
147.840436 1198 4172
147.840472 1198 4172
147.846956 1198 4172
147.852451 1198 4172
147.858441 974 4172
147.858471 1198 4172
147.865304 1198 4172
147.870448 1198 4172
147.888480 110 4172
147.888503 1198 4172
147.888531 1198 4172
147.888559 1198 4172
147.897687 1198 4172
147.900435 350 4172
147.900461 1198 4172
147.906488 1198 4172
147.906521 1198 4172
147.913057 1198 4172
147.926476 1198 4172
147.926519 1198 4172
147.930438 158 4172
147.930489 1198 4172
147.936576 1198 4172
147.938381 1022 4172
147.938415 1198 4172
147.948463 1198 4172
147.954433 1198 4172
147.960472 414 4172
147.960499 1198 4172
147.972594 1198 4172
147.972639 974 4172
147.978499 1198 4172
147.979455 1198 4172
147.979489 1198 4172
147.990512 110 4172
147.990535 1198 4172
147.996497 1198 4172
148.002564 1198 4172
148.002600 958 4172
148.008564 1198 4172
148.014478 1198 4172
148.014528 1198 4172
148.020678 910 4172
148.026582 254 4172
148.026618 670 4172
148.026668 1198 4172
148.032552 1198 4172
148.038574 1198 4172
148.038617 1198 4172
148.044490 286 4172
148.044529 1198 4172
148.050585 590 4172
148.050624 830 4172
148.056550 910 4172
148.056584 1198 4172
148.061587 446 4172
148.061616 1070 4172
148.068592 1198 4172
148.074508 1198 4172
148.080482 622 4172
148.080513 1198 4172
148.086474 110 4172
148.086500 110 4172
148.086534 1198 4172
148.086581 1198 4172
148.092508 590 4172
148.097916 174 4172
148.097955 158 4172
148.097986 174 4172
148.098016 158 4172
148.100122 254 4172
148.100159 894 4172
148.100678 718 4172
148.100754 158 4172
148.100787 494 4172
148.102529 910 4172
148.141780 286 4172
148.141800 478 4172
148.141836 878 4172
148.143471 206 4172
148.176587 110 4172
148.184478 142 4172
148.184532 494 4172
148.184569 862 4172
148.225456 158 4172
148.307565 110 4172
148.348617 110 4172
148.372900 142 4172
148.375699 110 4172
148.389439 190 4172
148.389514 286 4172
148.430646 334 4172
148.575779 318 4172
148.594447 1070 4172
148.635422 894 4172
148.635469 110 4172
148.650222 270 4172
148.651128 974 4172
148.652063 270 4172
148.653100 318 4172
148.655011 222 4172
148.655605 222 4172
148.656735 222 4172
148.656769 222 4172
148.657818 222 4172
148.657851 238 4172
148.658678 270 4172
148.658724 334 4172
148.662154 238 4172
148.662206 270 4172
148.670846 1198 4172
148.670887 222 4172
148.670918 1198 4172
148.670950 1198 4172
148.670979 1198 4172
148.671008 1198 4172
148.671039 1198 4172
148.675365 1198 4172
148.675409 1198 4172
148.675436 1198 4172
148.675472 654 4172
148.676440 142 4172
148.717438 1038 4172
148.741355 1198 4172
148.741435 334 4172
148.758612 286 4172
148.758712 174 4172
148.774619 110 4172
148.799479 174 4172
148.799519 142 4172
148.840530 142 4172
148.852401 862 4172
148.852507 1198 4172
148.853643 878 4172
148.855210 1198 4172
148.855253 238 4172
148.856734 1198 4172
148.857985 766 4172
148.859131 670 4172
148.859839 222 4172
148.861849 222 4172
148.862615 222 4172
148.862657 222 4172
148.862695 238 4172
148.863573 270 4172
148.863612 334 4172
148.867664 238 4172
148.867699 894 4172
148.867740 1198 4172
148.867776 270 4172
148.873738 1198 4172
148.873782 1198 4172
148.873820 1198 4172
148.873855 1198 4172
148.873891 1198 4172
148.873929 1198 4172
148.877601 1038 4172
148.877643 110 4172
148.877677 110 4172
148.877712 110 4172
148.877746 110 4172
148.881476 1198 4172
148.881532 1198 4172
148.889638 1198 4172
148.901458 1198 4172
148.901562 654 4172
148.922494 126 4172
148.978145 110 4172
