0.042404 110 4172
0.086059 110 4172
0.130130 1198 4172
0.130263 1198 4172
0.130265 910 4172
0.217997 1198 4172
0.350116 110 4172
0.602143 382 4172
0.609992 110 4172
0.630153 1198 4172
0.630211 1198 4172
0.630249 1198 4172
0.630284 766 4172
0.630318 1086 4172
0.630353 702 4172
0.630385 814 4172
0.630418 686 4172
0.630451 622 4172
0.630483 1198 4172
0.630514 1198 4172
0.630546 1198 4172
0.654275 1054 4172
0.654327 158 4172
0.670659 798 4172
0.670690 1198 4172
0.670721 1198 4172
0.670751 1198 4172
0.670783 1198 4172
0.670820 158 4172
0.670857 1198 4172
0.670888 1198 4172
0.670919 1198 4172
0.670949 1198 4172
0.670981 1198 4172
0.671013 1198 4172
0.678070 1198 4172
0.678117 1198 4172
0.678156 1198 4172
0.678195 1198 4172
0.686080 110 4172
0.686123 1198 4172
0.686161 1198 4172
0.694038 126 4172
0.694087 1198 4172
0.694134 1198 4172
0.698036 1198 4172
0.710031 1198 4172
0.718117 1198 4172
0.718204 446 4172
0.718221 1198 4172
0.725968 1198 4172
0.726008 1198 4172
0.734029 1198 4172
0.734066 1198 4172
0.742021 1198 4172
0.742065 1198 4172
0.750094 1198 4172
0.750134 1198 4172
0.758094 222 4172
0.758132 1198 4172
0.766059 1198 4172
0.766112 1198 4172
0.774077 1198 4172
0.774103 1198 4172
0.774143 1198 4172
0.782067 1198 4172
0.782105 1198 4172
0.785998 1198 4172
0.786046 1198 4172
0.798080 1198 4172
0.798169 238 4172
0.806096 1198 4172
0.806130 1198 4172
0.814637 1198 4172
0.814721 1198 4172
0.822123 1198 4172
0.822173 1198 4172
0.830053 1198 4172
0.830110 1198 4172
0.838103 1198 4172
0.838139 1198 4172
0.846073 1198 4172
0.846120 1198 4172
0.846162 1198 4172
0.854057 1198 4172
0.854110 1198 4172
0.862117 1198 4172
0.862174 1198 4172
0.870072 398 4172
0.870213 1198 4172
0.874061 110 4172
0.874102 1198 4172
0.874143 1198 4172
0.886217 1198 4172
0.886269 1198 4172
0.894124 542 4172
0.894178 1198 4172
0.894215 1198 4172
0.902077 1198 4172
0.902121 1198 4172
0.910161 942 4172
0.910211 542 4172
0.910252 1006 4172
0.918063 158 4172
0.918142 158 4172
0.918184 158 4172
0.918227 158 4172
0.918272 238 4172
0.918318 158 4172
0.918355 158 4172
0.918393 158 4172
0.918431 142 4172
0.918469 702 4172
0.962110 142 4172
0.962118 110 4172
0.962162 142 4172
1.006065 126 4172
1.050471 110 4172
1.085484 238 4172
1.093921 142 4172
1.130177 110 4172
1.138060 110 4172
1.226031 110 4172
1.310158 622 4172
1.438099 110 4172
1.687796 110 4172
1.697999 142 4172
1.917197 142 4172
1.917945 110 4172
1.962116 110 4172
2.050212 110 4172
2.226038 110 4172
2.490125 110 4172
2.534085 142 4172
2.534189 142 4172
2.738140 142 4172
2.738190 142 4172
2.753939 110 4172
3.014042 110 4172
3.058023 110 4172
3.146121 142 4172
3.319905 110 4172
3.542077 142 4172
3.629990 142 4172
3.762067 142 4172
3.938070 110 4172
4.025992 110 4172
4.373948 142 4172
4.373996 142 4172
4.594052 142 4172
4.594124 142 4172
4.946081 110 4172
4.990071 142 4172
4.990130 142 4172
5.033955 110 4172
5.166057 142 4172
5.385943 142 4172
5.474023 142 4172
5.562068 142 4172
5.954042 110 4172
5.970157 142 4172
5.997973 110 4172
6.035374 110 4172
6.041871 142 4172
6.218031 142 4172
6.218049 142 4172
6.394091 142 4172
6.785882 142 4172
6.785968 142 4172
6.917961 110 4172
7.005975 142 4172
7.006032 142 4172
7.049995 110 4172
7.617956 142 4172
7.706128 142 4172
7.706295 142 4172
7.794031 142 4172
7.794046 142 4172
7.926037 110 4172
8.058005 110 4172
8.410148 142 4172
8.410189 142 4172
8.629952 142 4172
8.630018 142 4172
8.673968 110 4172
8.938072 110 4172
9.025949 110 4172
9.462012 142 4172
9.462076 142 4172
9.637980 142 4172
9.638045 142 4172
9.945868 110 4172
10.034038 110 4172
10.429942 142 4172
10.429997 142 4172
10.650042 142 4172
10.650126 142 4172
10.958037 110 4172
11.045956 110 4172
11.353931 110 4172
11.661934 142 4172
11.661972 142 4172
11.878041 142 4172
11.878216 142 4172
11.921896 110 4172
12.053858 110 4172
12.485869 142 4172
12.706001 142 4172
12.706074 142 4172
12.794045 142 4172
12.917308 142 4172
12.925904 110 4172
13.057965 110 4172
13.489984 142 4172
13.490022 142 4172
13.709914 142 4172
13.710032 142 4172
13.929899 110 4172
14.017840 110 4172
14.061922 110 4172
14.502017 142 4172
14.502067 142 4172
14.717865 142 4172
14.717922 142 4172
14.933992 110 4172
15.021898 110 4172
15.329978 142 4172
15.329981 142 4172
15.549871 142 4172
15.549945 142 4172
15.919843 110 4172
15.945922 142 4172
15.946119 142 4172
16.033902 110 4172
16.121919 142 4172
16.121967 142 4172
16.561927 142 4172
16.561967 142 4172
16.738031 110 4172
16.738142 142 4172
16.738159 142 4172
16.957928 110 4172
17.045913 110 4172
17.397935 142 4172
17.398100 142 4172
17.573902 142 4172
17.574046 142 4172
17.925876 110 4172
17.969842 142 4172
17.969881 142 4172
18.057913 110 4172
18.189908 142 4172
18.189995 142 4172
18.577949 142 4172
18.578045 142 4172
18.797908 142 4172
18.797946 142 4172
18.929859 110 4172
19.193920 142 4172
19.365784 142 4172
19.409901 110 4172
19.805874 142 4172
19.893892 142 4172
19.937892 110 4172
19.981872 142 4172
19.981974 142 4172
20.025828 110 4172
20.201915 142 4172
20.566020 60 60000
20.629836 142 4172
20.629919 142 4172
20.719607 126 4172
20.724782 174 4172
20.724826 158 4172
20.724861 206 4172
20.724889 158 4172
20.724918 158 4172
20.724947 158 4172
20.724973 158 4172
20.725000 158 4172
20.768645 1198 4172
20.768669 1198 4172
20.768705 1198 4172
20.768735 1198 4172
20.768764 1198 4172
20.768793 1198 4172
20.768823 1102 4172
20.773797 1198 4172
20.773830 1198 4172
20.773862 1198 4172
20.773895 1198 4172
20.773924 1198 4172
20.789031 1198 4172
20.789056 1198 4172
20.789084 1198 4172
20.789767 1198 4172
20.789795 1198 4172
20.789827 1198 4172
20.797862 1198 4172
20.797910 1198 4172
20.805861 110 4172
20.805895 1198 4172
20.805924 1198 4172
20.811191 1198 4172
20.811239 1198 4172
20.821861 1198 4172
20.829997 1198 4172
20.830036 1198 4172
20.837912 1198 4172
20.837961 1198 4172
20.845912 270 4172
20.845954 1198 4172
20.845982 1198 4172
20.854207 1198 4172
20.854369 1198 4172
20.862361 1198 4172
20.869790 1198 4172
20.869836 1198 4172
20.877844 1198 4172
20.877889 1198 4172
20.888348 1198 4172
20.888425 750 4172
20.888537 1198 4172
20.894277 1198 4172
20.895048 1198 4172
20.902009 1198 4172
20.902065 1198 4172
20.920286 1198 4172
20.920338 1198 4172
20.925881 1198 4172
20.925910 1198 4172
20.925939 1198 4172
20.934170 110 4172
20.934201 1198 4172
20.934232 654 4172
20.942139 1198 4172
20.942179 1198 4172
20.949819 1198 4172
20.949870 1198 4172
20.961394 1198 4172
20.961439 1198 4172
20.965801 1198 4172
20.974517 1198 4172
20.974566 1198 4172
20.981842 110 4172
20.981873 494 4172
20.990202 1198 4172
20.998142 1198 4172
20.998193 1198 4172
21.007114 1198 4172
21.007601 1198 4172
21.013887 1198 4172
21.021885 1198 4172
21.021920 1198 4172
21.030622 1198 4172
21.030767 1198 4172
21.037853 110 4172
21.046747 1198 4172
21.046778 1198 4172
21.054547 1198 4172
21.054581 1198 4172
21.061904 1198 4172
21.061938 846 4172
21.061974 1198 4172
21.069938 638 4172
21.069975 1198 4172
21.075840 1198 4172
21.075889 1198 4172
21.075922 1198 4172
21.087085 1198 4172
21.087103 1198 4172
21.094381 1198 4172
21.101848 1198 4172
21.101887 1198 4172
21.110011 1198 4172
21.110045 1198 4172
21.117923 222 4172
21.117956 1198 4172
21.117985 1198 4172
21.125803 1198 4172
21.125833 1198 4172
21.133878 1198 4172
21.133920 1198 4172
21.143537 1198 4172
21.143563 1198 4172
21.152768 1198 4172
21.152859 1198 4172
21.157826 1198 4172
21.157870 1198 4172
21.165856 462 4172
21.165905 1198 4172
21.165941 1198 4172
21.170846 1198 4172
21.170881 1198 4172
21.185497 1198 4172
21.185598 1198 4172
21.189785 1198 4172
21.189816 1198 4172
21.197858 1198 4172
21.197878 1198 4172
21.197910 1198 4172
21.205800 606 4172
21.205846 1198 4172
21.213980 1198 4172
21.214010 1198 4172
21.221758 1198 4172
21.221799 1198 4172
21.221834 1198 4172
21.230065 1198 4172
21.230107 1198 4172
21.237810 1198 4172
21.237836 110 4172
21.237883 558 4172
21.246620 1198 4172
21.246720 1198 4172
21.246740 1198 4172
21.257392 1198 4172
21.261844 1198 4172
21.261863 1198 4172
21.269803 1198 4172
21.269831 670 4172
21.269881 1198 4172
21.277762 1198 4172
21.285250 1198 4172
21.285282 1198 4172
21.287891 60 60000
21.293840 1198 4172
21.293861 1198 4172
21.293894 1198 4172
21.302080 1198 4172
21.302116 958 4172
21.312793 1198 4172
21.312846 1198 4172
21.328509 1198 4172
21.329239 1198 4172
21.333874 1198 4172
21.333910 174 4172
21.333958 110 4172
21.333994 1198 4172
21.334025 1198 4172
21.334055 1198 4172
21.340632 878 4172
21.340665 174 4172
21.340694 174 4172
21.340722 174 4172
21.340747 174 4172
21.344675 1198 4172
21.344811 174 4172
21.345709 174 4172
21.345788 174 4172
21.354777 1166 4172
21.355933 1198 4172
21.357761 110 4172
21.357799 174 4172
21.357841 174 4172
21.357877 174 4172
21.357913 174 4172
21.357935 174 4172
21.357963 1198 4172
21.357991 1198 4172
21.378350 270 4172
21.378386 446 4172
21.378427 702 4172
21.419868 1198 4172
21.419914 1198 4172
21.419945 1198 4172
21.419976 590 4172
21.422039 1198 4172
21.422133 1198 4172
21.422278 1198 4172
21.422335 1198 4172
21.422365 510 4172
21.422400 110 4172
21.454133 1198 4172
21.465904 1198 4172
21.465931 1198 4172
21.465980 446 4172
21.503456 654 4172
21.509768 110 4172
21.554189 110 4172
21.554211 862 4172
21.586210 1198 4172
21.586229 318 4172
21.598044 1198 4172
21.598079 1198 4172
21.598111 398 4172
21.617456 1198 4172
21.619597 110 4172
21.642962 1198 4172
21.643048 1198 4172
21.643090 366 4172
21.643129 302 4172
21.643155 1198 4172
21.643182 222 4172
21.643209 238 4172
21.684457 1118 4172
21.685672 414 4172
21.729845 254 4172
21.729899 110 4172
21.770307 990 4172
21.773723 110 4172
21.817559 1198 4172
21.817614 142 4172
21.819036 110 4172
21.861824 1198 4172
21.861897 510 4172
21.949819 110 4172
22.033981 110 4172
22.037739 110 4172
22.037783 110 4172
22.037823 110 4172
22.346002 110 4172
22.609911 110 4172
22.874029 110 4172
22.917656 110 4172
23.050020 110 4172
23.137939 110 4172
23.402197 110 4172
23.665843 110 4172
23.929955 110 4172
23.930057 110 4172
24.017928 110 4172
24.938213 110 4172
25.025855 110 4172
25.950006 110 4172
26.037689 110 4172
26.609875 110 4172
27.049854 110 4172
27.929775 110 4172
28.061763 110 4172
28.941790 110 4172
29.029700 110 4172
29.293796 110 4172
29.953765 110 4172
30.921744 110 4172
31.053714 110 4172
31.930131 110 4172
31.973791 110 4172
32.061746 110 4172
32.941694 110 4172
33.029721 110 4172
33.949895 110 4172
34.037611 110 4172
34.605683 110 4172
34.957694 110 4172
35.045804 110 4172
35.925641 110 4172
36.057578 110 4172
36.541692 286 4172
36.629606 398 4172
36.717674 174 4172
36.937652 110 4172
37.025632 110 4172
37.289700 110 4172
37.949760 110 4172
38.037552 110 4172
38.961682 110 4172
39.049832 110 4172
39.929644 110 4172
39.973673 110 4172
40.061627 110 4172
40.941690 110 4172
41.029602 110 4172
41.381613 926 4172
41.513677 222 4172
41.526078 126 4172
41.537637 60 60000
41.538218 126 4172
41.550210 126 4172
41.557530 1198 4172
41.557591 398 4172
41.572672 1198 4172
41.572687 1198 4172
41.572765 1198 4172
41.572796 1198 4172
41.572827 1198 4172
41.572860 1198 4172
41.572889 1134 4172
41.585476 1198 4172
41.585567 1198 4172
41.585619 1198 4172
41.585670 1198 4172
41.585706 1198 4172
41.585740 1198 4172
41.585773 1198 4172
41.585806 318 4172
41.597964 1198 4172
41.597976 1198 4172
41.598057 1198 4172
41.598060 1198 4172
41.598100 1198 4172
41.598146 1198 4172
41.598192 1198 4172
41.598234 494 4172
41.601547 1198 4172
41.601590 1198 4172
41.601631 1198 4172
41.601676 1198 4172
41.601718 1198 4172
41.601760 1198 4172
41.601798 1198 4172
41.601835 862 4172
41.617661 1198 4172
41.617759 1198 4172
41.617761 1198 4172
41.617795 1198 4172
41.625626 1198 4172
41.625734 1198 4172
41.633595 1198 4172
41.633654 1150 4172
41.641666 1198 4172
41.641739 1198 4172
41.645548 1198 4172
41.645595 1198 4172
41.658141 1198 4172
41.658228 686 4172
41.658235 1198 4172
41.665536 1198 4172
41.665571 1198 4172
41.673572 1198 4172
41.673607 1198 4172
41.673638 1198 4172
41.681596 1198 4172
41.681633 702 4172
41.681663 1198 4172
41.689761 1198 4172
41.689807 1198 4172
41.697675 1198 4172
41.697729 1198 4172
41.697762 1198 4172
41.706518 494 4172
41.706598 1198 4172
41.713621 1198 4172
41.713696 1198 4172
41.721643 1198 4172
41.721684 1198 4172
41.729608 1198 4172
41.729647 1198 4172
41.729681 814 4172
41.733528 1198 4172
41.733579 1198 4172
41.733617 1198 4172
41.745600 1198 4172
41.745639 1198 4172
41.754922 1198 4172
41.755026 1198 4172
41.755054 1198 4172
41.761588 462 4172
41.761619 1198 4172
41.761651 1198 4172
41.769589 1198 4172
41.769636 1198 4172
41.777509 1198 4172
41.777548 1198 4172
41.786025 798 4172
41.786058 1198 4172
41.793578 1198 4172
41.793626 1198 4172
41.793651 1198 4172
41.802760 1198 4172
41.803091 1198 4172
41.809525 1198 4172
41.809555 190 4172
41.809587 1198 4172
41.809618 1198 4172
41.817641 1198 4172
41.817677 1198 4172
41.821488 110 4172
41.821527 1198 4172
41.821553 1198 4172
41.821577 1198 4172
41.833615 846 4172
41.833632 1198 4172
41.841588 1198 4172
41.841627 1198 4172
41.841667 1198 4172
41.851960 1198 4172
41.852069 1198 4172
41.858813 862 4172
41.859012 1198 4172
41.859048 1198 4172
41.865616 1198 4172
41.865637 1198 4172
41.865666 1198 4172
41.873313 1198 4172
41.873353 1198 4172
41.881781 478 4172
41.881822 1198 4172
41.891986 1198 4172
41.892011 1198 4172
41.902492 1198 4172
41.904608 1102 4172
41.906959 574 4172
41.916911 1198 4172
41.916941 1198 4172
41.916969 1198 4172
41.916996 302 4172
41.917024 1086 4172
41.917051 1198 4172
41.920978 126 4172
41.923833 1198 4172
41.923859 894 4172
41.929671 110 4172
41.929683 910 4172
41.929714 814 4172
41.929751 1198 4172
41.942929 1198 4172
41.943183 1198 4172
41.943220 1198 4172
41.958150 462 4172
41.958178 1198 4172
41.958207 878 4172
41.958254 670 4172
41.966033 1198 4172
41.966993 1198 4172
41.967026 1198 4172
41.967057 1198 4172
41.969573 942 4172
41.969605 1198 4172
41.969638 1198 4172
41.981133 1198 4172
41.981153 1198 4172
41.986164 1198 4172
41.986180 1198 4172
41.986207 1198 4172
41.994694 222 4172
41.994804 1198 4172
41.996952 1198 4172
42.001539 1198 4172
42.001566 1198 4172
42.001597 1198 4172
42.011045 1198 4172
42.011086 1198 4172
42.026472 1198 4172
42.026517 126 4172
42.026549 510 4172
42.026578 1198 4172
42.033605 1198 4172
42.033638 110 4172
42.033669 1198 4172
42.033700 1198 4172
42.033740 1198 4172
42.042171 1198 4172
42.042192 606 4172
42.042227 1198 4172
42.051031 1198 4172
42.051130 1198 4172
42.051159 1198 4172
42.058031 1198 4172
42.058055 1198 4172
42.058085 1198 4172
42.070044 1198 4172
42.070073 638 4172
42.070109 1198 4172
42.074584 1198 4172
42.079894 1198 4172
42.081076 1198 4172
42.082499 1198 4172
42.090165 1198 4172
42.090227 814 4172
42.090264 1198 4172
42.090294 1198 4172
42.097550 1198 4172
42.097584 1198 4172
42.117037 1198 4172
42.117948 1198 4172
42.118276 782 4172
42.119037 1198 4172
42.121857 1198 4172
42.121888 1198 4172
42.121924 1198 4172
42.121953 1198 4172
42.129713 1198 4172
42.129830 110 4172
42.129867 1198 4172
42.139443 1198 4172
42.139620 1198 4172
42.145571 1198 4172
42.145601 1198 4172
42.145633 1198 4172
42.157623 1198 4172
42.157670 574 4172
42.157706 1198 4172
42.161548 1198 4172
42.161591 1198 4172
42.169194 1198 4172
42.169243 638 4172
42.169289 1198 4172
42.177627 1198 4172
42.177657 1198 4172
42.190727 158 4172
42.190751 1198 4172
42.190781 1198 4172
42.190807 1198 4172
42.193626 1198 4172
42.193656 1198 4172
42.206062 1198 4172
42.206107 1198 4172
42.210048 926 4172
42.210089 1198 4172
42.210117 1198 4172
42.220554 1198 4172
42.220717 1198 4172
42.220750 1198 4172
42.225921 1198 4172
42.226092 1198 4172
42.234636 894 4172
42.234680 1198 4172
42.242673 110 4172
42.243828 1198 4172
42.243891 1198 4172
42.258178 1198 4172
42.258197 1198 4172
42.258226 1198 4172
42.274574 1198 4172
42.274740 1198 4172
42.274773 1198 4172
42.274804 1198 4172
42.277737 1198 4172
42.277781 1198 4172
42.277811 1198 4172
42.277844 1198 4172
42.290364 1198 4172
42.290393 750 4172
42.290425 1198 4172
42.299738 1198 4172
42.301274 1198 4172
42.302285 110 4172
42.302716 1198 4172
42.302867 830 4172
42.305680 1198 4172
42.305708 1198 4172
42.310191 1198 4172
42.310225 590 4172
42.310255 270 4172
42.310282 190 4172
42.310309 190 4172
42.310336 190 4172
42.322087 190 4172
42.322121 190 4172
42.322153 190 4172
42.322183 1150 4172
42.327939 1198 4172
42.327980 318 4172
42.328009 798 4172
42.328037 190 4172
42.328064 110 4172
42.328091 190 4172
42.328118 190 4172
42.328148 190 4172
42.328176 190 4172
42.328203 1198 4172
42.328229 1198 4172
42.333583 654 4172
42.333613 510 4172
42.338104 222 4172
42.338134 190 4172
42.338162 190 4172
42.338188 190 4172
42.338214 190 4172
42.338242 190 4172
42.341786 1198 4172
42.341817 158 4172
42.341846 1198 4172
42.341874 526 4172
42.341901 830 4172
42.341927 190 4172
42.341954 190 4172
42.361099 190 4172
42.361156 190 4172
42.361189 190 4172
42.361221 1198 4172
42.361270 190 4172
42.365593 1198 4172
42.365624 110 4172
42.365659 814 4172
42.365719 222 4172
42.365777 174 4172
42.365807 174 4172
42.365839 174 4172
42.365902 174 4172
42.365931 174 4172
42.365958 174 4172
42.365988 1198 4172
42.366017 174 4172
42.366045 1198 4172
42.373300 558 4172
42.373717 846 4172
42.374989 174 4172
42.375739 174 4172
42.376283 174 4172
42.376701 174 4172
42.376816 174 4172
42.379969 1198 4172
42.385199 1198 4172
42.386367 60 60000
42.417636 798 4172
42.417676 126 4172
42.439024 110 4172
42.526781 110 4172
42.558037 126 4172
42.570100 414 4172
42.583561 126 4172
42.613745 1198 4172
42.613771 510 4172
42.617766 1134 4172
42.617884 110 4172
42.617923 110 4172
42.617952 110 4172
42.637895 110 4172
42.655946 126 4172
42.657458 1198 4172
42.657503 366 4172
42.657541 302 4172
42.657577 238 4172
42.657611 766 4172
42.687589 1198 4172
42.701477 1198 4172
42.701621 1198 4172
42.701664 318 4172
42.745814 110 4172
42.745856 1198 4172
42.745885 1198 4172
42.745914 1198 4172
42.785756 1006 4172
42.789469 1198 4172
42.789514 158 4172
42.817809 1198 4172
42.817826 526 4172
42.833524 110 4172
42.833581 1198 4172
42.833624 1070 4172
42.858743 1198 4172
42.858772 1198 4172
42.858803 142 4172
42.861851 318 4172
42.861883 174 4172
42.861914 174 4172
42.861940 174 4172
42.861968 174 4172
42.861995 174 4172
42.865422 1198 4172
42.865452 174 4172
42.865480 1198 4172
42.865508 558 4172
42.865537 846 4172
42.865564 174 4172
42.865593 174 4172
42.871319 174 4172
42.871357 174 4172
42.871391 174 4172
42.871421 1198 4172
42.871451 1198 4172
42.871483 974 4172
42.877575 1198 4172
42.877624 1198 4172
42.877663 1198 4172
42.877700 1198 4172
42.877739 1198 4172
42.877774 542 4172
42.915711 110 4172
42.915727 110 4172
42.915807 1198 4172
42.915809 1198 4172
42.915843 558 4172
42.917637 430 4172
42.921752 110 4172
43.053618 110 4172
43.082535 1198 4172
43.082625 1198 4172
43.082627 318 4172
43.094063 1198 4172
43.094109 1198 4172
43.094147 1198 4172
43.094184 1198 4172
43.094220 1070 4172
43.097720 1198 4172
43.097772 510 4172
43.111845 1118 4172
43.117631 1198 4172
43.117676 302 4172
43.122268 110 4172
43.131995 990 4172
43.141564 1198 4172
43.141602 558 4172
43.152023 1198 4172
43.152081 142 4172
43.162565 1198 4172
43.162613 334 4172
43.162649 110 4172
43.162686 110 4172
43.162724 110 4172
43.185583 510 4172
43.229430 1198 4172
43.274087 1198 4172
43.361700 110 4172
43.450020 110 4172
43.450166 110 4172
43.450194 110 4172
43.450233 110 4172
43.709740 110 4172
43.709744 110 4172
43.709786 110 4172
43.929739 110 4172
43.973692 110 4172
44.061635 110 4172
44.237578 110 4172
44.545618 110 4172
44.809872 110 4172
44.941609 110 4172
45.029518 110 4172
45.073671 110 4172
45.337891 110 4172
45.601556 110 4172
45.949642 110 4172
46.037494 110 4172
46.953825 110 4172
47.041479 110 4172
47.921503 110 4172
48.053592 110 4172
48.933559 110 4172
49.021404 110 4172
49.941415 110 4172
50.029416 110 4172
50.909509 110 4172
50.953622 110 4172
51.041383 110 4172
51.957536 110 4172
52.045543 110 4172
52.925405 110 4172
53.057465 110 4172
53.581476 110 4172
53.933533 110 4172
54.021430 110 4172
54.937492 110 4172
55.025663 110 4172
56.025385 110 4172
56.937453 110 4172
57.025450 110 4172
57.945347 110 4172
58.033434 110 4172
58.909333 110 4172
58.953581 110 4172
59.041367 110 4172
59.957402 110 4172
60.045417 110 4172
60.921274 110 4172
61.053429 110 4172
61.625308 110 4172
61.929339 110 4172
62.061470 110 4172
62.536366 1198 4172
62.536456 1198 4172
62.536491 1198 4172
62.536524 1198 4172
62.536563 1198 4172
62.536594 1198 4172
62.536624 1198 4172
62.536654 1198 4172
62.536684 590 4172
62.548500 1198 4172
62.548581 1198 4172
62.548613 1198 4172
62.548643 1198 4172
62.548678 1198 4172
62.548707 1198 4172
62.548736 1198 4172
62.548764 766 4172
62.561095 1198 4172
62.561153 1198 4172
62.561206 1198 4172
62.561234 1198 4172
62.561268 1198 4172
62.561299 1198 4172
62.561329 1198 4172
62.561357 190 4172
62.561405 1198 4172
62.573395 1198 4172
62.573436 1198 4172
62.573468 1198 4172
62.573500 1198 4172
62.573532 1198 4172
62.573569 1198 4172
62.573601 302 4172
62.581435 1198 4172
62.581472 1198 4172
62.581506 1198 4172
62.581541 1198 4172
62.581575 1198 4172
62.581608 1198 4172
62.581641 1198 4172
62.585268 462 4172
62.596005 1198 4172
62.596073 1198 4172
62.596148 1198 4172
62.601343 1198 4172
62.601380 1198 4172
62.601414 654 4172
62.605262 1198 4172
62.608403 1198 4172
62.608439 1198 4172
62.617391 1198 4172
62.617479 1198 4172
62.617519 1198 4172
62.625449 1198 4172
62.625467 126 4172
62.625500 1198 4172
62.633406 1198 4172
62.633444 1198 4172
62.641312 1198 4172
62.641368 1198 4172
62.641412 1022 4172
62.645329 60 60000
62.649444 1198 4172
62.649485 1198 4172
62.649521 1198 4172
62.657275 1198 4172
62.657321 1198 4172
62.657358 1198 4172
62.666899 1198 4172
62.666973 1198 4172
62.667000 974 4172
62.673324 1198 4172
62.673357 1198 4172
62.673396 1198 4172
62.681430 1198 4172
62.689302 1198 4172
62.693327 1198 4172
62.693366 1198 4172
62.705414 670 4172
62.705495 1198 4172
62.713334 1198 4172
62.721246 1198 4172
62.721319 1198 4172
62.729442 1198 4172
62.737393 1198 4172
62.737475 1198 4172
62.747611 766 4172
62.747702 1198 4172
62.753294 1198 4172
62.761349 1198 4172
62.761413 1198 4172
62.777430 1198 4172
62.777458 830 4172
62.781265 1198 4172
62.793397 1198 4172
62.793416 1198 4172
62.801325 1198 4172
62.801365 1198 4172
62.809476 1198 4172
62.817270 1198 4172
62.817334 654 4172
62.825465 1198 4172
62.825493 1198 4172
62.833237 1198 4172
62.841254 1198 4172
62.841329 1198 4172
62.849401 1198 4172
62.857415 366 4172
62.857476 1198 4172
62.865325 1198 4172
62.865381 1198 4172
62.869224 1198 4172
62.881362 1198 4172
62.881442 1198 4172
62.889433 846 4172
62.889530 1198 4172
62.897329 1198 4172
62.906428 1198 4172
62.906480 1198 4172
62.913285 1198 4172
62.921377 110 4172
62.921383 1198 4172
62.921414 1198 4172
62.929322 1198 4172
62.938058 158 4172
62.938117 1198 4172
62.938141 1198 4172
62.945507 1198 4172
62.956943 1198 4172
62.957316 1198 4172
62.957396 526 4172
62.961321 1198 4172
62.972153 1198 4172
62.977314 1198 4172
62.990595 1198 4172
62.990781 1198 4172
62.993336 750 4172
63.002223 1198 4172
63.002255 1198 4172
63.009336 1198 4172
63.024527 1198 4172
63.027315 1198 4172
63.027377 1198 4172
63.042478 1198 4172
63.042518 110 4172
63.042550 974 4172
63.045270 1198 4172
63.045307 1198 4172
63.045336 1198 4172
63.067869 1198 4172
63.067975 1198 4172
63.068029 1198 4172
63.074596 1102 4172
63.074629 1198 4172
63.082328 1198 4172
63.093673 1198 4172
63.095104 1198 4172
63.097789 1198 4172
63.105343 1198 4172
63.105349 1198 4172
63.117198 350 4172
63.117338 1198 4172
63.117393 1198 4172
63.131439 1198 4172
63.137366 1198 4172
63.137407 110 4172
63.137442 1198 4172
63.145601 1198 4172
63.145635 1198 4172
63.153404 606 4172
63.153433 1198 4172
63.167425 1198 4172
63.168911 1198 4172
63.169826 1198 4172
63.178383 1198 4172
63.200341 142 4172
63.200414 1198 4172
63.204076 110 4172
63.204101 1198 4172
63.204134 1198 4172
63.204164 1198 4172
63.210986 1198 4172
63.211015 1198 4172
63.218649 414 4172
63.218669 1198 4172
63.225543 1198 4172
63.233376 1198 4172
63.233414 1198 4172
63.241381 1198 4172
63.249371 1198 4172
63.249397 1086 4172
63.261629 1198 4172
63.261795 1198 4172
63.265388 1198 4172
63.273374 1198 4172
63.273401 1198 4172
63.281751 1198 4172
63.289404 1198 4172
63.289427 766 4172
63.297551 1198 4172
63.297581 1198 4172
63.315520 1198 4172
63.317155 1198 4172
63.317219 1198 4172
63.333072 1198 4172
63.333097 798 4172
63.333151 1198 4172
63.345971 1198 4172
63.346012 1198 4172
63.346062 1198 4172
63.362221 1198 4172
63.363329 1198 4172
63.377970 622 4172
63.378035 1198 4172
63.378068 1198 4172
63.378100 1198 4172
63.378148 1198 4172
63.388366 1198 4172
63.388918 1198 4172
63.394300 1134 4172
63.394329 1198 4172
63.399160 1198 4172
63.409340 1198 4172
63.409387 1198 4172
63.421778 1198 4172
63.421838 590 4172
63.425268 1198 4172
63.433650 1198 4172
63.441529 1198 4172
63.441559 1198 4172
63.443914 60 60000
63.449558 1198 4172
63.457297 1198 4172
63.457325 638 4172
63.457357 110 4172
63.468940 1198 4172
63.468971 1198 4172
63.473286 1198 4172
63.473320 1198 4172
63.482685 1198 4172
63.492823 1198 4172
63.493061 1198 4172
63.495250 1182 4172
63.500024 1198 4172
63.505288 1198 4172
63.514786 1198 4172
63.514886 1006 4172
63.526293 302 4172
63.526355 270 4172
63.526388 174 4172
63.526420 190 4172
63.529352 1198 4172
63.529396 990 4172
63.537380 1198 4172
63.537420 1182 4172
63.545348 1198 4172
63.550058 174 4172
63.550113 174 4172
63.550158 382 4172
63.561303 1198 4172
63.561339 1198 4172
63.569533 414 4172
63.569572 1198 4172
63.577815 1198 4172
63.577860 302 4172
63.577900 1198 4172
63.588483 1198 4172
63.589426 1198 4172
63.593493 1070 4172
63.601298 174 4172
63.601335 174 4172
63.601360 174 4172
63.601389 1198 4172
63.609482 1198 4172
63.609529 238 4172
63.609556 446 4172
63.637379 718 4172
63.637465 126 4172
63.681475 398 4172
63.717366 702 4172
63.725457 110 4172
63.772513 1198 4172
63.772898 1198 4172
63.772935 366 4172
63.772964 302 4172
63.772995 798 4172
63.773029 238 4172
63.813216 606 4172
63.854595 430 4172
63.857177 126 4172
63.901387 670 4172
63.917913 1198 4172
63.917962 1198 4172
63.918000 366 4172
63.945582 110 4172
63.983831 638 4172
63.989180 382 4172
63.989236 110 4172
64.018005 862 4172
64.033322 110 4172
64.121541 110 4172
64.190225 1022 4172
64.202148 718 4172
64.209297 302 4172
64.222110 110 4172
64.241989 1198 4172
64.242046 206 4172
64.250576 750 4172
64.250678 110 4172
64.253266 574 4172
64.270388 1198 4172
64.270477 222 4172
64.282338 1198 4172
64.282393 366 4172
64.282437 334 4172
64.294086 1086 4172
64.297667 430 4172
64.314320 462 4172
64.317869 1006 4172
64.323597 110 4172
64.333989 1198 4172
64.334037 510 4172
64.341181 1022 4172
64.350368 910 4172
64.362480 1198 4172
64.362513 814 4172
64.374300 1198 4172
64.374346 1054 4172
64.382135 1198 4172
64.382192 622 4172
64.385153 798 4172
64.402173 558 4172
64.411886 1198 4172
64.411978 158 4172
64.417923 1198 4172
64.417974 1198 4172
64.418016 238 4172
64.422055 110 4172
64.429181 1198 4172
64.429223 462 4172
64.438367 1134 4172
64.438414 1198 4172
64.438451 478 4172
64.450473 1198 4172
64.450528 1198 4172
64.450570 574 4172
64.462390 1198 4172
64.462447 1198 4172
64.462484 766 4172
64.470280 1198 4172
64.470326 1198 4172
64.470363 270 4172
64.473393 1198 4172
64.473437 350 4172
64.498070 1198 4172
64.509768 590 4172
64.517301 190 4172
64.517391 110 4172
64.529762 414 4172
64.541769 414 4172
64.553906 478 4172
64.553988 638 4172
64.561205 526 4172
64.577892 318 4172
64.605378 798 4172
64.649592 542 4172
64.825629 110 4172
64.825717 110 4172
64.825797 110 4172
64.957252 110 4172
65.034311 110 4172
65.045259 110 4172
65.045311 110 4172
65.045336 110 4172
65.345329 110 4172
65.345425 110 4172
65.345507 110 4172
65.605214 110 4172
65.865671 110 4172
66.173419 110 4172
66.437170 110 4172
66.701233 110 4172
66.921517 110 4172
67.049406 110 4172
67.925280 110 4172
68.053239 110 4172
68.933298 110 4172
69.021181 110 4172
69.369306 110 4172
69.929188 110 4172
70.061297 110 4172
70.933375 110 4172
71.021143 110 4172
71.933335 110 4172
72.021152 110 4172
72.065237 110 4172
72.933313 110 4172
73.021175 110 4172
73.937290 110 4172
74.021141 110 4172
74.761338 110 4172
74.933204 110 4172
75.021220 110 4172
75.937215 110 4172
76.025175 110 4172
76.949339 110 4172
77.037108 110 4172
77.433144 110 4172
77.957177 110 4172
79.049252 110 4172
80.053055 110 4172
80.141271 110 4172
80.929129 110 4172
81.061258 110 4172
81.929165 110 4172
82.061179 110 4172
82.805056 110 4172
82.937096 110 4172
83.025188 110 4172
83.665002 1198 4172
83.665074 1198 4172
83.665076 1198 4172
83.665108 1198 4172
83.665145 1198 4172
83.665184 510 4172
83.673153 1198 4172
83.673190 1198 4172
83.673227 1198 4172
83.673261 1198 4172
83.673294 1198 4172
83.676951 526 4172
83.685018 1198 4172
83.685055 1198 4172
83.685087 1198 4172
83.685117 1198 4172
83.685148 1198 4172
83.689444 1198 4172
83.697113 60 60000
83.701020 1198 4172
83.701060 1198 4172
83.709032 702 4172
83.709077 1198 4172
83.717060 1198 4172
83.717102 1198 4172
83.725044 1198 4172
83.733102 1198 4172
83.733151 1198 4172
83.741123 942 4172
83.741173 1198 4172
83.749133 1198 4172
83.757201 1198 4172
83.757223 1198 4172
83.765126 1198 4172
83.765177 1198 4172
83.773156 590 4172
83.773188 1198 4172
83.777059 1198 4172
83.777117 1198 4172
83.789070 1198 4172
83.797162 1198 4172
83.797297 1198 4172
83.805070 590 4172
83.805112 1198 4172
83.813069 1198 4172
83.813111 1198 4172
83.821057 1198 4172
83.829215 1198 4172
83.829263 1198 4172
83.837111 910 4172
83.837157 1198 4172
83.845117 1198 4172
83.845162 1198 4172
83.853026 1198 4172
83.861179 1198 4172
83.861261 1198 4172
83.865057 750 4172
83.865095 110 4172
83.865128 1198 4172
83.877048 1198 4172
83.877086 1198 4172
83.885079 1198 4172
83.893197 1198 4172
83.893234 1198 4172
83.901124 750 4172
83.901172 1198 4172
83.909063 1198 4172
83.917175 1198 4172
83.925203 1198 4172
83.925302 1198 4172
83.941087 110 4172
83.941156 1198 4172
83.941195 1198 4172
83.954167 1198 4172
83.954217 1198 4172
83.957033 1198 4172
83.965069 1198 4172
83.965130 1198 4172
83.973178 1198 4172
83.973204 1198 4172
83.981091 1198 4172
83.989050 1198 4172
83.989132 1198 4172
83.997036 1198 4172
84.005064 1198 4172
84.005094 1198 4172
84.013069 350 4172
84.013104 1198 4172
84.021085 1198 4172
84.021123 430 4172
84.021151 1198 4172
84.029066 1198 4172
84.043838 1198 4172
84.044257 1198 4172
84.049195 110 4172
84.049197 494 4172
84.049226 1198 4172
84.049258 1198 4172
84.062712 1198 4172
84.065891 1198 4172
84.065946 1198 4172
84.076132 1198 4172
84.076137 334 4172
84.076167 1198 4172
84.081140 1198 4172
84.081185 1198 4172
84.087620 1198 4172
84.097109 1198 4172
84.097145 1198 4172
84.119986 718 4172
84.120023 1198 4172
84.128586 1198 4172
84.128630 1198 4172
84.128660 446 4172
84.128688 382 4172
84.128714 174 4172
84.128740 158 4172
84.133506 158 4172
84.133520 158 4172
84.133548 158 4172
84.133575 174 4172
84.141375 158 4172
84.141406 110 4172
84.141438 270 4172
84.141466 158 4172
84.141494 158 4172
84.141519 158 4172
84.141547 158 4172
84.141574 158 4172
84.141601 158 4172
84.141627 158 4172
84.141655 1198 4172
84.141682 1198 4172
84.141709 1198 4172
84.141736 526 4172
84.147518 318 4172
84.157443 1198 4172
84.157481 1198 4172
84.157514 1198 4172
84.161084 1198 4172
84.169387 1198 4172
84.169428 1198 4172
84.177967 814 4172
84.178606 1198 4172
84.194017 1198 4172
84.202864 1198 4172
84.209065 1198 4172
84.209093 846 4172
84.209127 1198 4172
84.209156 1198 4172
84.220395 1198 4172
84.220434 1198 4172
84.222349 1198 4172
84.222388 1198 4172
84.234491 1198 4172
84.243731 126 4172
84.245656 878 4172
84.245716 1198 4172
84.259791 1198 4172
84.260386 1198 4172
84.260427 1198 4172
84.265527 1198 4172
84.265570 430 4172
84.265605 1198 4172
84.276574 1198 4172
84.276617 1198 4172
84.282838 1198 4172
84.282885 1198 4172
84.289340 1198 4172
84.289373 270 4172
84.289403 1198 4172
84.299086 1198 4172
84.299424 1198 4172
84.305222 1198 4172
84.305256 1198 4172
84.312250 1198 4172
84.312294 1022 4172
84.325437 1198 4172
84.325462 1198 4172
84.329157 1198 4172
84.329189 1198 4172
84.337065 1198 4172
84.337106 1006 4172
84.357491 1198 4172
84.357527 1198 4172
84.361117 1198 4172
84.361146 1198 4172
84.361175 1198 4172
84.361206 606 4172
84.369803 1198 4172
84.382032 1198 4172
84.382052 1198 4172
84.382082 1198 4172
84.385130 1198 4172
84.385159 1198 4172
84.393094 1198 4172
84.393115 766 4172
84.393146 1198 4172
84.401161 1198 4172
84.401191 1198 4172
84.412239 1198 4172
84.412341 110 4172
84.412376 1198 4172
84.417196 1198 4172
84.417228 302 4172
84.430622 1198 4172
84.430644 1198 4172
84.433038 1198 4172
84.433069 1198 4172
84.441167 1198 4172
84.441193 1198 4172
84.449229 718 4172
84.449290 1198 4172
84.449338 1198 4172
84.457643 1198 4172
84.457680 1198 4172
84.465132 1198 4172
84.465162 1198 4172
84.473100 606 4172
84.473142 1198 4172
84.481991 1198 4172
84.482023 1198 4172
84.491251 1198 4172
84.491282 1198 4172
84.497049 1198 4172
84.497082 302 4172
84.497116 1198 4172
84.502517 60 60000
84.506384 1198 4172
84.506472 1198 4172
84.512418 1198 4172
84.513030 1198 4172
84.521912 1198 4172
84.521977 318 4172
84.522009 1198 4172
84.533175 1198 4172
84.539062 1198 4172
84.539174 1198 4172
84.545219 1198 4172
84.545255 718 4172
84.553393 1198 4172
84.553434 1198 4172
84.565225 1198 4172
84.565255 1198 4172
84.579347 1198 4172
84.579457 1070 4172
84.581145 302 4172
84.581197 174 4172
84.581223 174 4172
84.581249 174 4172
84.581276 174 4172
84.581302 174 4172
84.581327 174 4172
84.581353 174 4172
84.581378 174 4172
84.581403 174 4172
84.581428 174 4172
84.585769 174 4172
84.585866 174 4172
84.585903 174 4172
84.589131 174 4172
84.589169 174 4172
84.589290 1198 4172
84.589329 1198 4172
84.627259 494 4172
84.668978 110 4172
84.713179 798 4172
84.757351 702 4172
84.847646 1070 4172
84.882454 206 4172
84.882515 174 4172
84.882560 238 4172
84.896954 1006 4172
84.932949 110 4172
84.932989 510 4172
84.940848 110 4172
85.028950 110 4172
85.204967 110 4172
85.289742 1198 4172
85.289836 126 4172
85.292939 1198 4172
85.292990 1198 4172
85.293029 1198 4172
85.293066 1198 4172
85.293110 334 4172
85.309632 1198 4172
85.309678 1198 4172
85.309717 1198 4172
85.309756 1198 4172
85.309792 366 4172
85.321594 1198 4172
85.321679 1198 4172
85.321713 1198 4172
85.321754 1198 4172
85.321792 622 4172
85.329548 1198 4172
85.329595 1198 4172
85.329636 1198 4172
85.329674 110 4172
85.337104 1198 4172
85.337149 1198 4172
85.337190 1198 4172
85.349845 1198 4172
85.349889 1198 4172
85.349971 1198 4172
85.349994 286 4172
85.358050 1198 4172
85.358084 494 4172
85.358134 1198 4172
85.370107 1198 4172
85.370151 1198 4172
85.370197 1198 4172
85.370242 1198 4172
85.370296 894 4172
85.376973 1198 4172
85.377013 1198 4172
85.377057 1198 4172
85.377098 1198 4172
85.380906 1198 4172
85.392960 862 4172
85.393068 750 4172
85.393142 1198 4172
85.401231 1198 4172
85.401311 1198 4172
85.408955 1198 4172
85.409031 1198 4172
85.417121 1198 4172
85.417212 238 4172
85.417297 1198 4172
85.424949 1198 4172
85.425034 1198 4172
85.433075 1198 4172
85.433140 1198 4172
85.440972 1198 4172
85.441030 574 4172
85.441082 1198 4172
85.449477 1198 4172
85.449524 1198 4172
85.457093 1198 4172
85.461674 110 4172
85.461743 1198 4172
85.461803 398 4172
85.461856 238 4172
85.468922 1198 4172
85.468973 398 4172
85.473788 1038 4172
85.485913 1198 4172
85.497937 1198 4172
85.498054 1198 4172
85.498109 1198 4172
85.505662 1198 4172
85.505711 1198 4172
85.505754 558 4172
85.513070 1198 4172
85.513123 494 4172
85.513176 798 4172
85.529443 670 4172
85.556951 318 4172
85.732990 110 4172
85.733089 110 4172
85.733198 110 4172
85.948972 110 4172
86.018277 110 4172
86.037700 110 4172
86.301088 110 4172
86.564925 110 4172
86.829140 110 4172
86.961110 110 4172
87.049100 110 4172
87.092975 110 4172
87.356977 110 4172
87.620924 110 4172
87.884899 110 4172
87.929193 110 4172
88.061040 110 4172
88.937194 110 4172
89.024883 110 4172
89.949012 110 4172
90.036793 110 4172
90.564829 110 4172
91.044854 110 4172
91.924841 110 4172
92.052895 110 4172
92.932921 110 4172
93.060837 110 4172
93.280863 110 4172
93.936878 110 4172
94.024782 110 4172
94.948940 110 4172
95.036744 110 4172
95.916894 110 4172
95.960851 110 4172
96.049187 110 4172
96.565362 174 4172
96.565397 174 4172
96.565489 174 4172
96.568805 174 4172
96.568837 174 4172
96.568867 174 4172
96.568896 174 4172
96.573213 174 4172
96.573246 174 4172
96.573276 174 4172
96.573304 174 4172
96.573332 174 4172
96.576621 174 4172
96.576648 174 4172
96.576677 174 4172
96.620774 302 4172
96.620814 1198 4172
96.620852 1198 4172
96.620891 1198 4172
96.620928 1198 4172
96.620967 1006 4172
96.708853 430 4172
96.752753 110 4172
96.855111 1198 4172
96.855149 1198 4172
96.855194 1198 4172
96.855229 190 4172
96.867182 1198 4172
96.867232 302 4172
96.879231 1198 4172
96.879332 558 4172
96.884733 1198 4172
96.884790 1198 4172
96.884826 350 4172
97.016867 110 4172
97.060742 110 4172
97.280812 110 4172
97.540866 110 4172
97.936866 110 4172
98.024728 110 4172
98.944845 110 4172
99.032945 110 4172
99.948864 110 4172
100.036932 110 4172
100.212778 110 4172
100.956671 110 4172
101.044754 110 4172
101.924631 110 4172
102.056713 110 4172
102.884820 110 4172
102.928761 110 4172
103.060774 110 4172
103.932723 110 4172
104.020622 110 4172
104.592635 1198 4172
104.592709 1198 4172
104.592737 1198 4172
104.592764 1198 4172
104.592810 1198 4172
104.592849 1198 4172
104.592875 1198 4172
104.592901 1150 4172
104.607047 1198 4172
104.607111 1198 4172
104.607148 1198 4172
104.607196 1198 4172
104.607229 718 4172
104.615363 1198 4172
104.615408 1198 4172
104.615439 1198 4172
104.615465 1198 4172
104.615492 1198 4172
104.615520 718 4172
104.621013 1198 4172
104.621044 1198 4172
104.621072 1198 4172
104.621099 1198 4172
104.621123 1198 4172
104.636121 734 4172
104.636188 1198 4172
104.636214 1198 4172
104.636557 1198 4172
104.636587 1198 4172
104.648860 1198 4172
104.648890 1198 4172
104.656753 1198 4172
104.656822 718 4172
104.656860 1198 4172
104.664675 1198 4172
104.664719 1198 4172
104.672659 1198 4172
104.680785 1198 4172
104.680811 1198 4172
104.688764 334 4172
104.688828 1198 4172
104.688867 1198 4172
104.696759 1198 4172
104.696798 1198 4172
104.704761 1198 4172
104.704887 1198 4172
104.712769 1198 4172
104.712806 1198 4172
104.720750 974 4172
104.720794 1198 4172
104.720837 1198 4172
104.724627 1198 4172
104.724669 1198 4172
104.744873 1198 4172
104.744942 1198 4172
104.752910 654 4172
104.752941 60 60000
104.752943 1198 4172
104.752982 1198 4172
104.760664 1198 4172
104.760715 1198 4172
104.768610 1198 4172
104.768668 1198 4172
104.776682 1198 4172
104.776704 1198 4172
104.784845 1198 4172
104.784875 1198 4172
104.792749 286 4172
104.792792 1198 4172
104.800740 1198 4172
104.800886 1198 4172
104.808669 1198 4172
104.812719 1198 4172
104.824722 1198 4172
104.824772 1198 4172
104.832728 1022 4172
104.840700 1198 4172
104.850684 1198 4172
104.850714 1198 4172
104.856619 1198 4172
104.864734 1198 4172
104.864822 1198 4172
104.872680 1198 4172
104.880811 734 4172
104.880817 1198 4172
104.888779 1198 4172
104.896709 1198 4172
104.900658 1198 4172
104.900689 1198 4172
104.912892 1198 4172
104.920675 1198 4172
104.928774 702 4172
104.928819 1198 4172
104.936729 110 4172
104.936780 1198 4172
104.944768 1198 4172
104.945799 1198 4172
104.952714 1198 4172
104.962007 1198 4172
104.962048 862 4172
104.968717 1198 4172
104.976790 1198 4172
104.976821 1198 4172
104.984682 1198 4172
104.988583 1198 4172
105.000708 526 4172
105.000733 110 4172
105.000767 1198 4172
105.008841 1198 4172
105.008868 1198 4172
105.024706 798 4172
105.024731 1198 4172
105.033466 1198 4172
105.042054 1198 4172
105.042112 110 4172
105.048698 1198 4172
105.056695 1198 4172
105.064742 1198 4172
105.064852 798 4172
105.072798 254 4172
105.072811 222 4172
105.072846 238 4172
105.072878 302 4172
105.072907 222 4172
105.076587 222 4172
105.076617 222 4172
105.076651 302 4172
105.076690 222 4172
105.076719 222 4172
105.088728 1198 4172
105.088803 238 4172
105.088940 270 4172
105.088979 222 4172
105.089009 254 4172
105.123973 254 4172
105.124073 414 4172
105.155088 318 4172
105.165667 126 4172
105.165710 174 4172
105.165761 158 4172
105.165805 158 4172
105.165845 158 4172
105.165882 158 4172
105.165922 158 4172
105.165957 158 4172
105.165997 158 4172
105.208757 142 4172
105.239699 1198 4172
105.239732 1198 4172
105.239764 1198 4172
105.239787 1198 4172
105.239814 1198 4172
105.239841 1198 4172
105.239868 734 4172
105.248819 1198 4172
105.248847 1198 4172
105.248881 1198 4172
105.248910 1198 4172
105.253656 1198 4172
105.253711 1198 4172
105.253741 638 4172
105.253771 1198 4172
105.265969 110 4172
105.265987 1198 4172
105.273170 1198 4172
105.273214 1198 4172
105.280822 1198 4172
105.289093 1198 4172
105.289116 702 4172
105.299413 1198 4172
105.304672 1198 4172
105.304695 126 4172
105.305195 1198 4172
105.313753 1198 4172
105.321440 1198 4172
105.331467 990 4172
105.336711 1198 4172
105.336900 1198 4172
105.343716 1198 4172
105.352694 1198 4172
105.361429 1198 4172
105.361453 1198 4172
105.372535 1198 4172
105.372608 1038 4172
105.377316 1198 4172
105.385556 1198 4172
105.389597 1198 4172
105.389654 1198 4172
105.400722 1198 4172
105.412668 574 4172
105.412690 1198 4172
105.416669 1198 4172
105.425526 1198 4172
105.425550 1198 4172
105.432806 1198 4172
105.444190 702 4172
105.444303 1198 4172
105.448804 1198 4172
105.457552 1198 4172
105.457655 1198 4172
105.465839 1198 4172
105.476703 318 4172
105.476728 1198 4172
105.481560 1198 4172
105.481607 1198 4172
105.501409 1198 4172
105.515333 1198 4172
105.515375 1198 4172
105.515404 926 4172
105.515451 1198 4172
105.530603 1198 4172
105.530632 1198 4172
105.536729 1198 4172
105.536746 1198 4172
105.536779 1118 4172
105.545410 110 4172
105.545523 1198 4172
105.553580 1198 4172
105.553608 1198 4172
105.560731 1198 4172
105.565215 1198 4172
105.576762 622 4172
105.576787 1198 4172
105.585333 1198 4172
105.585364 1198 4172
105.587001 60 60000
105.592676 1198 4172
105.619467 1198 4172
105.622236 1198 4172
105.622293 510 4172
105.624586 1198 4172
105.624627 1198 4172
105.624650 1198 4172
105.632578 1198 4172
105.632609 1198 4172
105.640603 1150 4172
105.648674 1198 4172
105.648708 1198 4172
105.656624 1198 4172
105.664626 1198 4172
105.672656 1198 4172
105.672693 1198 4172
105.680709 302 4172
105.680737 1198 4172
105.686575 1198 4172
105.696908 1198 4172
105.696944 1198 4172
105.704693 1198 4172
105.712742 1198 4172
105.712820 558 4172
105.724642 1198 4172
105.724669 1198 4172
105.728947 1198 4172
105.753620 510 4172
105.753785 382 4172
105.753827 174 4172
105.753858 174 4172
105.760670 1198 4172
105.760709 1198 4172
105.760741 206 4172
105.760795 1198 4172
105.760988 1198 4172
105.768685 1198 4172
105.768716 574 4172
105.774757 1198 4172
105.774787 1198 4172
105.784894 1198 4172
105.792774 590 4172
105.792820 1198 4172
105.800795 1198 4172
105.809584 622 4172
105.816718 1198 4172
105.816752 110 4172
105.816783 1198 4172
105.832630 1198 4172
105.842642 638 4172
105.851081 1198 4172
105.851141 1198 4172
105.851244 1198 4172
105.857594 1198 4172
105.857672 622 4172
105.857740 1198 4172
105.860627 1198 4172
105.872853 1198 4172
105.872923 606 4172
105.880699 1198 4172
105.891227 1198 4172
105.891687 1198 4172
105.896651 718 4172
105.896678 1198 4172
105.906119 1198 4172
105.912630 1198 4172
105.921514 1022 4172
105.921825 1198 4172
105.928674 1198 4172
105.940987 1198 4172
105.941029 910 4172
105.944668 110 4172
105.944695 1198 4172
105.950565 1198 4172
105.950613 1198 4172
105.960765 894 4172
105.968929 1198 4172
105.984989 1134 4172
105.985040 174 4172
105.985402 270 4172
105.992783 398 4172
105.992804 382 4172
105.992837 174 4172
105.992867 414 4172
105.992899 158 4172
106.018427 1198 4172
106.023463 1198 4172
106.023510 110 4172
106.038243 478 4172
106.059037 1198 4172
106.059082 1198 4172
106.059119 862 4172
106.059157 1198 4172
106.059191 1198 4172
106.059243 542 4172
106.064949 1198 4172
106.065000 1198 4172
106.065036 1198 4172
106.065071 574 4172
106.072684 110 4172
106.072733 526 4172
106.072835 1198 4172
106.072837 1198 4172
106.081276 1198 4172
106.088707 1198 4172
106.088757 590 4172
106.096878 1198 4172
106.096912 1198 4172
106.104696 1198 4172
106.112883 606 4172
106.112976 1198 4172
106.120702 1198 4172
106.120754 1198 4172
106.124592 654 4172
106.136716 1198 4172
106.136808 1198 4172
106.144948 1198 4172
106.152627 574 4172
106.152664 1198 4172
106.161198 1198 4172
106.161224 1198 4172
106.168671 686 4172
106.168740 1198 4172
106.176829 1198 4172
106.184742 1198 4172
106.184787 974 4172
106.193098 1198 4172
106.193131 1198 4172
106.200707 1198 4172
106.208902 926 4172
106.208971 1198 4172
106.212642 1198 4172
106.224958 1198 4172
106.225032 846 4172
106.232672 1198 4172
106.232720 1198 4172
106.240831 1198 4172
106.256801 126 4172
106.336936 1070 4172
106.344631 110 4172
106.389021 142 4172
106.397072 126 4172
106.404950 126 4172
106.417175 382 4172
106.432967 286 4172
106.449209 126 4172
106.457209 126 4172
106.465139 126 4172
106.476793 126 4172
106.485116 126 4172
106.485184 430 4172
106.497124 126 4172
106.509868 126 4172
106.520536 958 4172
106.545929 942 4172
106.552986 894 4172
106.561340 206 4172
106.564611 622 4172
106.581735 670 4172
106.589700 430 4172
106.589753 894 4172
106.601675 494 4172
106.609131 558 4172
106.609182 110 4172
106.609222 110 4172
106.621625 574 4172
106.633965 558 4172
106.645777 622 4172
106.665646 1198 4172
106.665728 414 4172
106.674040 1198 4172
106.674078 126 4172
106.681858 1198 4172
106.681906 382 4172
106.689345 1198 4172
106.689390 606 4172
106.689429 766 4172
106.696647 350 4172
106.709753 830 4172
106.721807 526 4172
106.729765 638 4172
106.740751 766 4172
106.749734 750 4172
106.761905 750 4172
106.774031 878 4172
106.785010 1166 4172
106.793953 1198 4172
106.794008 1198 4172
106.794055 238 4172
106.806147 1198 4172
106.806201 942 4172
106.814092 1198 4172
106.814147 1198 4172
106.814190 414 4172
106.825483 1198 4172
106.825575 1198 4172
106.825620 446 4172
106.841943 830 4172
106.853907 894 4172
106.865975 1118 4172
106.872652 1118 4172
106.872700 110 4172
106.872741 110 4172
106.872823 110 4172
106.885908 1134 4172
106.898078 1198 4172
106.898137 302 4172
106.898181 1006 4172
106.906163 1198 4172
106.906216 766 4172
106.916740 1198 4172
106.916794 1198 4172
106.916838 1198 4172
106.916882 750 4172
106.930441 1198 4172
106.930538 1198 4172
106.930586 894 4172
106.930627 110 4172
106.938438 1198 4172
106.938472 1198 4172
106.938510 1198 4172
106.938547 942 4172
106.945629 1198 4172
106.945664 1198 4172
106.945709 1198 4172
106.945755 1198 4172
106.945795 206 4172
106.957793 1198 4172
106.957879 254 4172
106.960815 1198 4172
106.960869 334 4172
106.978001 1198 4172
106.986051 1198 4172
106.986139 862 4172
106.998064 1198 4172
106.998116 942 4172
107.004635 1198 4172
107.004681 990 4172
107.010172 622 4172
107.018264 1198 4172
107.018318 1198 4172
107.018361 254 4172
107.022100 110 4172
107.030664 1198 4172
107.030752 1198 4172
107.030794 942 4172
107.042760 1198 4172
107.042807 1198 4172
107.042848 1198 4172
107.042892 1198 4172
107.042940 1198 4172
107.042976 1118 4172
107.048803 1198 4172
107.048851 1198 4172
107.056876 1198 4172
107.056938 1198 4172
107.064717 606 4172
107.064822 1198 4172
107.072838 1198 4172
107.080656 1198 4172
107.080727 1198 4172
107.088821 1198 4172
107.092625 974 4172
107.092672 1198 4172
107.104826 1198 4172
107.112675 1198 4172
107.112755 1198 4172
107.120849 1198 4172
107.128697 110 4172
107.128880 1198 4172
107.128926 382 4172
107.136993 1102 4172
107.137049 110 4172
107.137086 110 4172
107.137126 110 4172
107.137171 1198 4172
107.144680 1198 4172
107.152867 494 4172
107.152921 1198 4172
107.160683 1198 4172
107.160737 1086 4172
107.168846 1198 4172
107.168898 1198 4172
107.176689 1198 4172
107.180662 670 4172
107.180732 1198 4172
107.192702 1198 4172
107.192797 1198 4172
107.200887 814 4172
107.208686 1198 4172
107.208731 1198 4172
107.217061 1198 4172
107.224676 1134 4172
107.232880 1198 4172
107.232929 1198 4172
107.240657 1198 4172
107.248969 110 4172
107.249023 414 4172
107.256741 1198 4172
107.256783 1198 4172
107.264917 1198 4172
107.268672 1198 4172
107.268748 1166 4172
107.312864 1198 4172
107.356589 110 4172
107.418361 110 4172
107.418448 110 4172
107.418515 110 4172
107.444949 110 4172
107.708702 110 4172
107.708791 110 4172
107.708896 110 4172
107.928645 110 4172
107.972592 110 4172
107.972631 110 4172
108.060749 110 4172
108.236639 110 4172
108.500667 110 4172
108.764773 110 4172
108.940656 110 4172
109.028700 110 4172
109.072853 110 4172
109.336719 110 4172
109.600760 110 4172
109.948789 110 4172
110.037358 110 4172
110.956621 110 4172
111.044708 110 4172
112.052730 110 4172
112.272845 110 4172
112.932636 110 4172
113.020527 110 4172
113.940624 110 4172
114.028576 110 4172
114.918536 110 4172
114.940439 110 4172
115.028547 110 4172
115.940602 110 4172
116.028668 110 4172
116.948718 110 4172
117.652559 110 4172
117.960628 110 4172
118.048745 110 4172
119.960416 110 4172
120.048643 110 4172
120.308520 110 4172
121.052531 110 4172
121.928392 110 4172
122.060507 110 4172
122.928537 110 4172
122.972559 110 4172
123.924419 110 4172
124.052512 110 4172
124.928384 110 4172
125.060470 110 4172
125.744182 1198 4172
125.744228 1198 4172
125.744269 1198 4172
125.744297 1198 4172
125.744323 1198 4172
125.744350 1198 4172
125.744380 1134 4172
125.744426 1198 4172
125.748538 1198 4172
125.748559 1198 4172
125.748585 1198 4172
125.748613 1198 4172
125.756451 1198 4172
125.756489 766 4172
125.756518 1198 4172
125.764356 1198 4172
125.764390 1198 4172
125.773464 1198 4172
125.773501 1198 4172
125.780405 1198 4172
125.788392 622 4172
125.788435 1198 4172
125.796439 1198 4172
125.796485 1198 4172
125.801699 1198 4172
125.812510 1198 4172
125.812603 990 4172
125.820464 1198 4172
125.820505 1198 4172
125.828378 1198 4172
125.836383 1198 4172
125.836438 1198 4172
125.845081 60 60000
125.852438 1198 4172
125.852478 1198 4172
125.860453 1198 4172
125.868409 1198 4172
125.868440 1198 4172
125.876505 1102 4172
125.876564 1198 4172
125.884384 1102 4172
125.888358 1198 4172
125.888398 1198 4172
125.900435 1198 4172
125.908384 1198 4172
125.908425 110 4172
125.908474 1198 4172
125.916504 126 4172
125.916558 1198 4172
125.924441 1198 4172
125.924483 1198 4172
125.932345 1198 4172
125.940412 110 4172
125.940499 1198 4172
125.940532 1198 4172
125.948460 398 4172
125.948492 1198 4172
125.956458 1198 4172
125.956497 1198 4172
125.964450 1198 4172
125.972439 1198 4172
125.972522 1198 4172
125.976415 190 4172
125.976461 1198 4172
125.976493 1198 4172
125.988418 1198 4172
125.996448 1198 4172
125.996554 1198 4172
126.004498 1198 4172
126.012517 1198 4172
126.012589 1198 4172
126.020348 1198 4172
126.020396 1198 4172
126.028481 1198 4172
126.036446 1198 4172
126.036512 110 4172
126.036555 318 4172
126.036602 1198 4172
126.045682 1198 4172
126.052454 1198 4172
126.052494 1198 4172
126.060445 1198 4172
126.060520 1070 4172
126.064401 1198 4172
126.064475 1198 4172
126.076471 1198 4172
126.084446 1198 4172
126.084487 1198 4172
126.092716 910 4172
126.092783 1198 4172
126.100449 1198 4172
126.100513 1198 4172
126.108427 1198 4172
126.116457 1198 4172
126.116515 1198 4172
126.124459 1198 4172
126.124512 1198 4172
126.132412 1198 4172
126.132433 1198 4172
126.140475 1198 4172
126.153365 1198 4172
126.153400 574 4172
126.153536 1198 4172
126.156937 1198 4172
126.165464 1198 4172
126.165585 1198 4172
126.177463 1198 4172
126.180461 1198 4172
126.180490 830 4172
126.188427 1198 4172
126.188456 1198 4172
126.199035 1198 4172
126.199059 1198 4172
126.201899 622 4172
126.212419 1198 4172
126.212439 606 4172
126.220467 1198 4172
126.220488 1198 4172
126.228740 1198 4172
126.236979 1198 4172
126.244423 1070 4172
126.244454 1198 4172
126.255435 1198 4172
126.260427 1198 4172
126.260472 1198 4172
126.268622 126 4172
126.268641 1198 4172
126.268671 1198 4172
126.276465 1198 4172
126.276493 1198 4172
126.286458 1198 4172
126.289791 1134 4172
126.292462 1198 4172
126.300724 1198 4172
126.303133 1198 4172
126.309069 1198 4172
126.309095 1198 4172
126.316445 1198 4172
126.316493 1198 4172
126.326535 526 4172
126.326617 1198 4172
126.345999 1198 4172
126.348598 1198 4172
126.348694 1198 4172
126.348740 1198 4172
126.348784 1198 4172
126.356461 798 4172
126.356488 1198 4172
126.385392 1198 4172
126.389646 1198 4172
126.398999 1198 4172
126.403998 1198 4172
126.404584 1198 4172
126.412497 1198 4172
126.412526 238 4172
126.412555 1198 4172
126.412581 1198 4172
126.412608 1198 4172
126.412636 1198 4172
126.412661 1198 4172
126.412692 462 4172
126.421333 1198 4172
126.421362 1198 4172
126.430888 1198 4172
126.436767 1198 4172
126.436803 1070 4172
126.444401 110 4172
126.444439 1198 4172
126.444472 1198 4172
126.450224 1198 4172
126.450320 1198 4172
126.465211 1198 4172
126.468383 1198 4172
126.468410 1198 4172
126.476392 1198 4172
126.476428 1198 4172
126.486039 1086 4172
126.486128 1198 4172
126.495711 1198 4172
126.495853 1198 4172
126.499820 1198 4172
126.499985 1198 4172
126.508465 1198 4172
126.508549 814 4172
126.516485 1198 4172
126.516526 1198 4172
126.526140 1198 4172
126.526176 1198 4172
126.532410 1198 4172
126.532445 1198 4172
126.544939 1022 4172
126.544983 1198 4172
126.553484 1198 4172
126.566386 1198 4172
126.566430 1198 4172
126.580836 1198 4172
126.580953 1198 4172
126.580959 1134 4172
126.580992 1198 4172
126.581022 1198 4172
126.589623 1198 4172
126.589662 1198 4172
126.589691 1198 4172
126.596797 1198 4172
126.596838 606 4172
126.596868 1198 4172
126.609157 1198 4172
126.609198 1198 4172
126.612750 1198 4172
126.612833 1198 4172
126.620504 1198 4172
126.620543 654 4172
126.628641 1198 4172
126.628676 1198 4172
126.644843 1198 4172
126.644883 1198 4172
126.662392 1198 4172
126.672165 1198 4172
126.672208 1198 4172
126.672236 1198 4172
126.672314 1198 4172
126.676397 1198 4172
126.676437 894 4172
126.676468 270 4172
126.676499 1198 4172
126.676528 1198 4172
126.684406 1198 4172
126.684446 1038 4172
126.692374 1198 4172
126.692409 1198 4172
126.700334 430 4172
126.700375 1198 4172
126.700408 110 4172
126.700438 1198 4172
126.708388 1198 4172
126.708425 462 4172
126.720923 1198 4172
126.720997 1198 4172
126.724359 1198 4172
126.724399 1198 4172
126.732396 1198 4172
126.732441 750 4172
126.732473 1198 4172
126.734492 60 60000
126.742316 1198 4172
126.749028 1198 4172
126.749063 1198 4172
126.757143 1198 4172
126.757189 1054 4172
126.764396 1198 4172
126.764435 1198 4172
126.776028 1198 4172
126.776066 1198 4172
126.780448 1198 4172
126.780664 1198 4172
126.788400 158 4172
126.788436 1198 4172
126.788468 1198 4172
126.797180 1198 4172
126.797258 1198 4172
126.804408 1198 4172
126.804432 1006 4172
126.816105 1198 4172
126.816187 1198 4172
126.820432 1198 4172
126.820467 1198 4172
126.827019 1198 4172
126.827070 846 4172
126.836424 1198 4172
126.844407 1198 4172
126.844445 1198 4172
126.852461 1198 4172
126.852909 334 4172
126.852949 1198 4172
126.861209 1198 4172
126.861273 1198 4172
126.868474 1198 4172
126.880423 1198 4172
126.880522 174 4172
126.880561 1198 4172
126.884389 1198 4172
126.884445 1198 4172
126.894650 1198 4172
126.895609 1198 4172
126.900414 1198 4172
126.909326 1198 4172
126.912383 1198 4172
126.912398 1134 4172
126.925370 1198 4172
126.925646 1198 4172
126.932421 110 4172
126.932449 1198 4172
126.940448 1198 4172
126.940475 1198 4172
126.953362 1198 4172
126.954205 910 4172
126.954233 1198 4172
126.956427 1198 4172
126.964428 1198 4172
126.964462 926 4172
126.972408 110 4172
126.972443 1198 4172
126.972478 1198 4172
126.983129 1198 4172
126.983182 1198 4172
126.988406 1198 4172
126.988458 190 4172
126.998644 1198 4172
126.998692 1198 4172
127.010394 1198 4172
127.010424 1198 4172
127.012594 1198 4172
127.012669 414 4172
127.012707 510 4172
127.012738 222 4172
127.012795 1198 4172
127.042366 1198 4172
127.044747 1198 4172
127.044783 110 4172
127.044811 206 4172
127.044840 1198 4172
127.044904 1198 4172
127.052798 1198 4172
127.053842 1198 4172
127.054250 862 4172
127.061459 1198 4172
127.061477 1198 4172
127.068381 1198 4172
127.068414 1198 4172
127.076989 1198 4172
127.077026 1198 4172
127.092441 1198 4172
127.097623 126 4172
127.097678 1198 4172
127.097726 1198 4172
127.107783 1198 4172
127.107855 1198 4172
127.107886 1198 4172
127.110271 1198 4172
127.110321 1198 4172
127.127541 478 4172
127.127623 1198 4172
127.127742 1198 4172
127.142499 1198 4172
127.142706 1198 4172
127.142843 1198 4172
127.143399 1198 4172
127.161196 638 4172
127.161229 110 4172
127.161254 1198 4172
127.161278 1198 4172
127.161310 1198 4172
127.161337 1198 4172
127.174000 1198 4172
127.174057 1198 4172
127.174090 350 4172
127.174213 1198 4172
127.174302 1198 4172
127.174364 1198 4172
127.189167 1198 4172
127.189253 1198 4172
127.189360 1198 4172
127.190862 158 4172
127.192916 1198 4172
127.192956 1198 4172
127.203760 1198 4172
127.203850 1198 4172
127.206199 1198 4172
127.206234 622 4172
127.219619 1198 4172
127.219739 1198 4172
127.222266 1198 4172
127.222305 1198 4172
127.222339 1198 4172
127.234993 430 4172
127.235038 110 4172
127.235071 110 4172
127.235101 1198 4172
127.238271 1198 4172
127.238300 1198 4172
127.246301 1198 4172
127.246322 1198 4172
127.253514 398 4172
127.253556 1198 4172
127.253590 1198 4172
127.269693 1198 4172
127.269727 1198 4172
127.270605 286 4172
127.270644 1198 4172
127.278323 1198 4172
127.278365 1198 4172
127.286236 1198 4172
127.286282 1102 4172
127.294338 1198 4172
127.294372 1198 4172
127.302222 1198 4172
127.302267 1198 4172
127.302303 1070 4172
127.310246 1198 4172
127.310285 1198 4172
127.318279 1198 4172
127.318318 1198 4172
127.326289 1198 4172
127.326337 1198 4172
127.334280 414 4172
127.334316 1198 4172
127.334346 1198 4172
127.339063 1198 4172
127.339142 1198 4172
127.350359 1198 4172
127.350447 1198 4172
127.358258 1198 4172
127.358308 1198 4172
127.366211 1198 4172
127.374274 574 4172
127.374314 1198 4172
127.382281 606 4172
127.382329 1198 4172
127.382367 1198 4172
127.390235 1198 4172
127.390277 1198 4172
127.398199 190 4172
127.398251 1166 4172
127.398294 1198 4172
127.406224 1198 4172
127.406276 1198 4172
127.414260 1198 4172
127.414313 1198 4172
127.422209 1198 4172
127.422261 1198 4172
127.426198 542 4172
127.426237 1198 4172
127.426273 1198 4172
127.438257 1198 4172
127.438330 1198 4172
127.446196 1198 4172
127.446254 1198 4172
127.454215 1198 4172
127.454261 1198 4172
127.462212 1198 4172
127.462257 1198 4172
127.470189 1198 4172
127.470232 1198 4172
127.478216 1134 4172
127.478261 1198 4172
127.486247 990 4172
127.486290 1198 4172
127.486343 1198 4172
127.494251 1198 4172
127.494286 110 4172
127.494323 1198 4172
127.502255 1198 4172
127.502309 702 4172
127.502356 1198 4172
127.510327 1198 4172
127.510372 1198 4172
127.515048 1198 4172
127.515096 1198 4172
127.526287 1198 4172
127.526347 462 4172
127.526393 1198 4172
127.534216 1198 4172
127.534260 1198 4172
127.542190 1198 4172
127.542292 1198 4172
127.550315 814 4172
127.550421 1198 4172
127.558220 1198 4172
127.558256 1198 4172
127.558296 1198 4172
127.566254 1198 4172
127.566388 558 4172
127.574200 1198 4172
127.574250 1198 4172
127.574287 1198 4172
127.582226 1198 4172
127.590200 558 4172
127.590334 1198 4172
127.598226 1198 4172
127.598359 1198 4172
127.598403 1198 4172
127.602149 1198 4172
127.602197 430 4172
127.614266 1198 4172
127.614351 1198 4172
127.614353 1198 4172
127.622248 1198 4172
127.622302 1198 4172
127.630241 1150 4172
127.630284 1198 4172
127.638218 1198 4172
127.638267 1198 4172
127.646164 1198 4172
127.646228 1102 4172
127.654241 1198 4172
127.654286 1198 4172
127.654339 1198 4172
127.662259 1198 4172
127.662303 1198 4172
127.670210 510 4172
127.670260 1198 4172
127.670302 1182 4172
127.690375 126 4172
127.778256 110 4172
127.822230 1198 4172
127.822260 1198 4172
127.822299 1198 4172
127.822336 1198 4172
127.822372 1198 4172
127.822409 1198 4172
127.822441 1198 4172
127.822475 382 4172
127.834653 1198 4172
127.834703 1198 4172
127.834758 1198 4172
127.834799 1198 4172
127.834838 350 4172
127.842634 494 4172
127.850703 126 4172
127.858603 126 4172
127.866339 126 4172
127.882771 126 4172
127.894676 126 4172
127.902634 126 4172
127.910170 126 4172
127.918503 126 4172
127.922596 110 4172
127.934664 126 4172
127.946691 126 4172
127.954170 126 4172
127.966636 126 4172
127.975708 126 4172
127.983492 1198 4172
127.983540 782 4172
127.996521 1198 4172
127.996613 1198 4172
127.996656 1198 4172
127.996703 190 4172
127.998141 1070 4172
128.015899 1198 4172
128.016035 446 4172
128.018560 1198 4172
128.018606 1198 4172
128.018644 142 4172
128.027843 110 4172
128.027893 110 4172
128.027935 110 4172
128.039928 1198 4172
128.039965 1198 4172
128.039997 414 4172
128.042564 1198 4172
128.055814 1198 4172
128.055865 1198 4172
128.055899 798 4172
128.063841 1198 4172
128.063890 1198 4172
128.063931 558 4172
128.075823 1198 4172
128.075869 1198 4172
128.075908 542 4172
128.075946 1198 4172
128.075984 782 4172
128.083668 1198 4172
128.083711 1150 4172
128.086138 1198 4172
128.086176 926 4172
128.103958 1198 4172
128.104030 1006 4172
128.111621 1198 4172
128.111690 894 4172
128.118515 1198 4172
128.118557 318 4172
128.130167 110 4172
128.130207 1198 4172
128.130242 334 4172
128.143475 1198 4172
128.143574 1198 4172
128.143576 1198 4172
128.143610 382 4172
128.156518 1198 4172
128.156604 1198 4172
128.156606 158 4172
128.163547 1198 4172
128.163596 318 4172
128.172049 1198 4172
128.172096 110 4172
128.174158 1198 4172
128.174211 1198 4172
128.174252 1198 4172
128.196184 1198 4172
128.196222 1198 4172
128.196276 1198 4172
128.196320 1086 4172
128.208173 1198 4172
128.208254 1198 4172
128.208256 1198 4172
128.208292 1198 4172
128.208329 734 4172
128.208366 1198 4172
128.218633 1198 4172
128.218677 1198 4172
128.218713 1198 4172
128.218747 590 4172
128.218784 590 4172
128.232082 110 4172
128.232170 1198 4172
128.232172 1198 4172
128.232208 1198 4172
128.232247 126 4172
128.232283 1198 4172
128.240056 1198 4172
128.240096 1198 4172
128.240133 1102 4172
128.252161 1198 4172
128.252207 1198 4172
128.252250 1198 4172
128.252288 558 4172
128.252329 1198 4172
128.254653 1198 4172
128.254694 1198 4172
128.254729 1198 4172
128.254760 190 4172
128.259972 1198 4172
128.262157 1198 4172
128.262210 1198 4172
128.262251 366 4172
128.284035 1198 4172
128.284051 1198 4172
128.284093 1198 4172
128.284132 206 4172
128.291802 1198 4172
128.291857 1198 4172
128.291900 622 4172
128.291939 1198 4172
128.304311 1198 4172
128.304363 1198 4172
128.304404 606 4172
128.304462 110 4172
128.304502 110 4172
128.304547 110 4172
128.306247 1198 4172
128.306289 1198 4172
128.306326 1198 4172
128.306364 1198 4172
128.306401 1198 4172
128.318228 430 4172
128.318276 1198 4172
128.318311 1198 4172
128.331873 1102 4172
128.331974 110 4172
128.332020 1198 4172
128.332059 606 4172
128.338186 1198 4172
128.338228 1198 4172
128.338268 1198 4172
128.344367 574 4172
128.350251 1198 4172
128.350297 1198 4172
128.350343 1198 4172
128.358208 1198 4172
128.366218 814 4172
128.366268 1198 4172
128.374235 1198 4172
128.374269 1198 4172
128.382270 1198 4172
128.382326 1198 4172
128.390192 1198 4172
128.390239 350 4172
128.390288 1198 4172
128.394322 1198 4172
128.394368 1198 4172
128.394405 1198 4172
128.406252 1198 4172
128.406254 1198 4172
128.414369 1198 4172
128.414420 1198 4172
128.422204 110 4172
128.422245 1198 4172
128.422285 1198 4172
128.430205 1198 4172
128.430258 110 4172
128.430301 1198 4172
128.430340 1198 4172
128.438219 1198 4172
128.438261 974 4172
128.446242 1198 4172
128.446280 1198 4172
128.454243 1198 4172
128.454285 1198 4172
128.454325 1198 4172
128.462198 1198 4172
128.462234 494 4172
128.462276 1198 4172
128.470358 1198 4172
128.470392 1198 4172
128.478245 1198 4172
128.478297 1198 4172
128.482193 1198 4172
128.482266 318 4172
128.482312 1198 4172
128.494243 1198 4172
128.494342 1198 4172
128.494393 1198 4172
128.502325 1198 4172
128.502369 702 4172
128.510234 1198 4172
128.510281 1198 4172
128.510319 1198 4172
128.518216 1198 4172
128.526208 206 4172
128.526252 1198 4172
128.526292 1198 4172
128.534184 1198 4172
128.534228 1198 4172
128.542231 110 4172
128.542273 1198 4172
128.542310 558 4172
128.542347 1198 4172
128.550251 1198 4172
128.550302 1198 4172
128.558268 1198 4172
128.558351 1198 4172
128.558414 1198 4172
128.566208 110 4172
128.566250 110 4172
128.566287 110 4172
128.566329 286 4172
128.566368 1198 4172
128.566405 1198 4172
128.570494 1198 4172
128.570539 1198 4172
128.582241 334 4172
128.582385 1198 4172
128.582432 1198 4172
128.590248 1198 4172
128.590288 1198 4172
128.598196 462 4172
128.598239 1198 4172
128.598277 1198 4172
128.606227 1198 4172
128.606276 1198 4172
128.614249 1198 4172
128.614301 1198 4172
128.614341 1198 4172
128.622231 1198 4172
128.622273 494 4172
128.630225 1198 4172
128.630274 110 4172
128.630307 590 4172
128.638198 1198 4172
128.638240 1198 4172
128.638286 334 4172
128.646193 1198 4172
128.646238 1198 4172
128.646278 1198 4172
128.654250 1198 4172
128.654299 1198 4172
128.658155 1198 4172
128.658205 990 4172
128.658247 1198 4172
128.670196 1198 4172
128.670243 1198 4172
128.679563 1198 4172
128.679607 1198 4172
128.686270 1198 4172
128.686330 1198 4172
128.686375 1198 4172
128.694196 1102 4172
128.694241 1198 4172
128.702213 1198 4172
128.702260 1198 4172
128.702299 1198 4172
128.710179 1198 4172
128.710224 1198 4172
128.718235 1198 4172
128.726223 1198 4172
128.726269 638 4172
128.726308 1198 4172
128.734185 1198 4172
128.734230 110 4172
128.734269 1198 4172
128.742175 1198 4172
128.742221 1198 4172
128.742258 1198 4172
128.746290 1198 4172
128.746333 1198 4172
128.758318 1198 4172
128.758361 1198 4172
128.758403 1198 4172
128.766197 430 4172
128.766242 1198 4172
128.766288 1198 4172
128.774240 1198 4172
128.774277 1198 4172
128.783162 1198 4172
128.783199 1198 4172
128.790220 1198 4172
128.790326 1198 4172
128.790371 1198 4172
128.798196 1198 4172
128.798242 286 4172
128.798283 1198 4172
128.806209 1198 4172
128.806245 1198 4172
128.814340 1198 4172
128.814379 1198 4172
128.814416 1198 4172
128.822262 1198 4172
128.822307 1198 4172
128.830238 110 4172
128.830336 110 4172
128.830445 110 4172
128.830491 110 4172
128.830529 1198 4172
128.830566 830 4172
128.834170 1198 4172
128.834219 1198 4172
128.846239 1198 4172
128.854193 1198 4172
128.854237 1198 4172
128.854279 1198 4172
128.862223 1198 4172
128.862274 958 4172
128.870208 1198 4172
128.870249 1198 4172
128.870302 1198 4172
128.878201 1198 4172
128.878250 1198 4172
128.886192 1198 4172
128.886241 1198 4172
128.894213 1198 4172
128.894257 1198 4172
128.902190 1198 4172
128.902234 318 4172
128.902275 1198 4172
128.910211 1198 4172
128.910250 1198 4172
128.918164 1198 4172
128.918202 1198 4172
128.918241 1198 4172
128.922461 1198 4172
128.922505 1198 4172
128.934228 110 4172
128.934339 1198 4172
128.934353 782 4172
128.934392 1198 4172
128.942190 1198 4172
128.942240 1198 4172
128.950205 1198 4172
128.950265 1198 4172
128.950311 1198 4172
128.958227 1198 4172
128.958267 1198 4172
128.966211 1198 4172
128.966246 206 4172
128.966295 1198 4172
128.966336 1198 4172
128.974292 1198 4172
128.974335 1198 4172
128.982249 1198 4172
128.982304 1198 4172
128.982344 1198 4172
128.990181 1198 4172
128.990225 862 4172
128.998186 1198 4172
128.998229 1198 4172
128.998269 1198 4172
129.006269 1198 4172
129.006303 1198 4172
129.010209 1198 4172
129.010846 254 4172
129.022206 1198 4172
129.022261 1198 4172
129.022303 1198 4172
129.030194 1198 4172
129.030238 1198 4172
129.038509 1198 4172
129.038548 1198 4172
129.038590 334 4172
129.054238 1198 4172
129.098355 110 4172
129.098413 110 4172
129.098456 110 4172
129.142232 110 4172
129.362405 110 4172
129.362448 110 4172
129.362482 110 4172
129.626432 110 4172
129.626554 110 4172
129.626615 110 4172
129.918565 110 4172
129.918628 110 4172
129.918669 110 4172
129.930303 110 4172
130.062227 110 4172
130.150235 110 4172
130.454224 110 4172
130.718364 110 4172
130.938564 110 4172
130.982335 110 4172
131.026188 110 4172
131.246188 110 4172
131.550275 110 4172
131.815674 110 4172
131.946584 110 4172
132.034364 110 4172
132.078246 110 4172
132.946251 110 4172
133.035128 110 4172
133.950313 110 4172
134.034315 110 4172
134.762381 110 4172
134.938273 110 4172
135.026197 110 4172
135.942210 110 4172
136.030153 110 4172
136.946160 110 4172
137.034703 110 4172
137.426198 110 4172
137.954244 110 4172
138.042082 110 4172
138.962220 110 4172
139.050318 110 4172
139.926141 110 4172
140.058246 110 4172
140.102184 110 4172
140.934194 110 4172
141.022169 110 4172
141.938228 110 4172
142.806055 110 4172
142.938126 110 4172
143.026111 110 4172
143.942227 110 4172
144.030149 110 4172
144.954164 110 4172
145.042284 110 4172
145.482230 110 4172
145.922090 110 4172
146.054183 110 4172
146.837630 1198 4172
146.837669 1198 4172
146.837699 1198 4172
146.837730 1198 4172
146.837756 1198 4172
146.837807 1198 4172
146.837847 542 4172
146.837927 1198 4172
146.854208 1198 4172
146.854210 1198 4172
146.854225 1198 4172
146.854253 1198 4172
146.854279 1198 4172
146.862941 1198 4172
146.863004 1198 4172
146.863031 1198 4172
146.863058 1198 4172
146.863090 1198 4172
146.863112 798 4172
146.863147 1198 4172
146.863176 1198 4172
146.863200 1198 4172
146.863226 1198 4172
146.863251 1198 4172
146.866056 1198 4172
146.866085 1198 4172
146.866116 1198 4172
146.871080 1198 4172
146.871103 1198 4172
146.871130 1198 4172
146.882153 414 4172
146.882181 1198 4172
146.882213 382 4172
146.882243 1198 4172
146.890082 1198 4172
146.890123 1198 4172
146.898149 1198 4172
146.898172 1198 4172
146.911296 1198 4172
146.911377 590 4172
146.911401 1198 4172
146.914146 1198 4172
146.914173 1198 4172
146.914204 1198 4172
146.922212 1198 4172
146.922258 1198 4172
146.930053 318 4172
146.930089 1198 4172
146.930119 110 4172
146.930168 1198 4172
146.942856 1198 4172
146.942878 1198 4172
146.942953 1198 4172
146.946090 1198 4172
146.946127 190 4172
146.946166 1198 4172
146.954099 1198 4172
146.954178 1198 4172
146.954220 1198 4172
146.958097 1198 4172
146.970037 1198 4172
146.970070 1198 4172
146.978138 1198 4172
146.978172 1198 4172
146.986137 654 4172
146.986173 1198 4172
146.994062 1198 4172
146.994101 1198 4172
146.994143 1198 4172
147.002136 734 4172
147.002163 1198 4172
147.002198 478 4172
147.010045 1198 4172
147.010072 1198 4172
147.010100 1198 4172
147.021040 1198 4172
147.021198 1198 4172
147.023714 1198 4172
147.026153 270 4172
147.026194 1198 4172
147.036634 110 4172
147.036754 1198 4172
147.036775 1198 4172
147.036807 1198 4172
147.042066 1134 4172
147.042113 1198 4172
147.042175 1198 4172
147.045951 1198 4172
147.045990 1198 4172
147.059212 110 4172
147.059247 1198 4172
147.059280 1198 4172
147.067774 1198 4172
147.067806 1198 4172
147.074068 1198 4172
147.074095 1198 4172
147.074132 494 4172
147.086104 1198 4172
147.086141 126 4172
147.086175 1198 4172
147.086208 1198 4172
147.090023 1198 4172
147.090067 1198 4172
147.098094 1198 4172
147.098130 1198 4172
147.098161 734 4172
147.106912 1198 4172
147.106945 1198 4172
147.114159 1198 4172
147.114193 1198 4172
147.114225 1198 4172
147.122064 238 4172
147.122103 1198 4172
147.122133 1198 4172
147.131126 1198 4172
147.131170 110 4172
147.131200 1198 4172
147.131227 1198 4172
147.138044 1198 4172
147.138078 1022 4172
147.146058 1198 4172
147.146103 1198 4172
147.146137 1198 4172
147.154053 1198 4172
147.154087 1198 4172
147.166887 1198 4172
147.166930 1198 4172
147.166960 350 4172
147.170033 1198 4172
147.170064 1198 4172
147.178133 1198 4172
147.178158 1198 4172
147.184129 1198 4172
147.184223 1198 4172
147.184254 542 4172
147.194109 126 4172
147.194205 1198 4172
147.194235 1198 4172
147.202043 1198 4172
147.202082 1198 4172
147.202118 1198 4172
147.210228 1198 4172
147.210269 1198 4172
147.218167 1198 4172
147.218200 846 4172
147.218235 1198 4172
147.230584 1198 4172
147.230621 1198 4172
147.230663 1198 4172
147.234107 1198 4172
147.234148 1198 4172
147.242142 1198 4172
147.242193 110 4172
147.242235 1198 4172
147.242275 254 4172
147.250275 1198 4172
147.250523 1198 4172
147.250598 1198 4172
147.259686 1198 4172
147.259721 1198 4172
147.266076 1198 4172
147.266115 1054 4172
147.266147 1198 4172
147.274116 1198 4172
147.274216 1198 4172
147.274271 1198 4172
147.282153 1198 4172
147.282579 1198 4172
147.290575 670 4172
147.290626 1198 4172
147.290679 1198 4172
147.298066 1198 4172
147.298121 1198 4172
147.298177 1198 4172
147.306119 1198 4172
147.306243 862 4172
147.314158 1198 4172
147.314185 1198 4172
147.317990 1198 4172
147.318028 110 4172
147.318062 1198 4172
147.330014 1198 4172
147.330050 1198 4172
147.330082 1198 4172
147.338082 110 4172
147.338142 942 4172
147.338189 1198 4172
147.338223 1198 4172
147.346027 1198 4172
147.346057 1198 4172
147.354033 1198 4172
147.354071 1198 4172
147.354109 1198 4172
147.362089 1198 4172
147.362116 926 4172
147.362148 1198 4172
147.370058 1198 4172
147.370077 1198 4172
147.370106 1198 4172
147.377990 1198 4172
147.378023 1198 4172
147.386032 1198 4172
147.386073 1166 4172
147.386113 1198 4172
147.394001 1198 4172
147.394038 1198 4172
147.402005 1198 4172
147.402040 1198 4172
147.402081 1198 4172
147.405915 1198 4172
147.405953 238 4172
147.405984 1198 4172
147.418132 1198 4172
147.418152 1198 4172
147.418183 1198 4172
147.425972 1198 4172
147.426010 1198 4172
147.426041 798 4172
147.434025 1198 4172
147.434059 1198 4172
147.434091 1198 4172
147.441969 126 4172
147.442012 110 4172
147.442048 1198 4172
147.442080 1198 4172
147.450231 1198 4172
147.450290 878 4172
147.450320 1198 4172
147.459047 1198 4172
147.459081 1198 4172
147.472961 1198 4172
147.472982 1198 4172
147.474034 1198 4172
147.474068 494 4172
147.474099 1198 4172
147.492573 1198 4172
147.492605 1198 4172
147.492634 1198 4172
147.506837 1198 4172
147.506868 1198 4172
147.506900 366 4172
147.506933 462 4172
147.506962 126 4172
147.507006 1198 4172
147.507060 1198 4172
147.507089 1198 4172
147.510471 1198 4172
147.510511 910 4172
147.510546 1198 4172
147.510581 1198 4172
147.510609 1198 4172
147.523438 1198 4172
147.523474 1198 4172
147.523507 878 4172
147.536236 1198 4172
147.536265 1198 4172
147.536292 1198 4172
147.538039 1198 4172
147.538079 1198 4172
147.554647 1198 4172
147.554680 1166 4172
147.554710 1198 4172
147.557926 1198 4172
147.557966 1198 4172
147.558003 1198 4172
147.558034 1198 4172
147.558064 1198 4172
147.570010 1198 4172
147.570048 846 4172
147.570082 1198 4172
147.578822 1198 4172
147.578865 1198 4172
147.578919 1198 4172
147.586591 1198 4172
147.586617 302 4172
147.586645 1198 4172
147.594969 1198 4172
147.595044 1198 4172
147.595142 1198 4172
147.601990 110 4172
147.602021 222 4172
147.602049 1198 4172
147.602077 1198 4172
147.616535 1198 4172
147.616570 1198 4172
147.617981 430 4172
147.618005 1198 4172
147.618038 1198 4172
147.630914 1198 4172
147.630950 1198 4172
147.633989 1198 4172
147.634026 1198 4172
147.634054 286 4172
147.634083 1086 4172
147.641178 1166 4172
147.641221 1198 4172
147.641256 1198 4172
147.650064 1198 4172
147.650106 1198 4172
147.650129 1198 4172
147.662522 1198 4172
147.665998 126 4172
147.666030 1198 4172
147.666075 1198 4172
147.675665 1198 4172
147.675690 1198 4172
147.675738 862 4172
147.683368 1198 4172
147.683406 1198 4172
147.683438 1198 4172
147.694032 1198 4172
147.694072 974 4172
147.694105 1198 4172
147.697969 1198 4172
147.697998 1198 4172
147.710798 1198 4172
147.710898 1086 4172
147.710921 1198 4172
147.714024 1198 4172
147.714058 1198 4172
147.714092 1198 4172
147.722493 1198 4172
147.722565 1198 4172
147.725968 1198 4172
147.726004 1198 4172
147.726036 1198 4172
147.738204 1054 4172
147.738253 1198 4172
147.738300 1198 4172
147.746146 1198 4172
147.746189 1198 4172
147.755254 1198 4172
147.755295 1198 4172
147.755335 1198 4172
147.762115 1198 4172
147.762252 238 4172
147.762297 1198 4172
147.770148 1198 4172
147.770212 1198 4172
147.778070 1198 4172
147.778124 1198 4172
147.786162 1198 4172
147.786204 1118 4172
147.794151 1198 4172
147.794199 1198 4172
147.794246 1198 4172
147.802148 1198 4172
147.802194 1198 4172
147.802232 1198 4172
147.810102 1198 4172
147.810143 1198 4172
147.814138 1198 4172
147.814182 174 4172
147.814218 1198 4172
147.814255 1198 4172
147.826095 1198 4172
147.826194 1198 4172
147.834115 1198 4172
147.834168 1198 4172
147.834212 222 4172
147.834265 1198 4172
147.842065 1198 4172
147.842112 1198 4172
147.842152 1198 4172
147.850250 1198 4172
147.850283 526 4172
147.850318 1198 4172
147.858063 1198 4172
147.858151 110 4172
147.858202 1198 4172
147.866185 1198 4172
147.866368 1198 4172
147.868460 782 4172
147.868515 1198 4172
147.874160 1198 4172
147.874213 1198 4172
147.882792 1198 4172
147.882880 750 4172
147.882925 1198 4172
147.890069 1198 4172
147.890114 1198 4172
147.890155 190 4172
147.899803 1198 4172
147.899865 1198 4172
147.899903 1198 4172
147.901955 1198 4172
147.902010 1198 4172
147.902057 1198 4172
147.914776 430 4172
147.914811 1198 4172
147.914845 846 4172
147.914972 1198 4172
147.922041 270 4172
147.922094 942 4172
147.922179 1038 4172
147.930062 1198 4172
147.930127 1198 4172
147.930192 654 4172
147.930263 110 4172
147.930294 1198 4172
147.938056 1054 4172
147.938109 1198 4172
147.946022 1198 4172
147.946144 1198 4172
147.946251 1198 4172
147.954001 286 4172
147.954073 1198 4172
147.954118 1198 4172
147.954174 1198 4172
147.962142 1198 4172
147.962185 1198 4172
147.962230 238 4172
147.970051 1198 4172
147.970091 1198 4172
147.970140 1198 4172
147.978152 846 4172
147.978204 1198 4172
147.978245 1198 4172
147.986075 1198 4172
147.986136 686 4172
147.986214 1198 4172
147.990066 1198 4172
147.990106 1198 4172
147.990140 1198 4172
148.002061 1198 4172
148.002084 1198 4172
148.002116 1022 4172
148.010078 990 4172
148.010127 1198 4172
148.010167 270 4172
148.018092 1198 4172
148.018131 1198 4172
148.018167 1198 4172
148.026122 1198 4172
148.026170 590 4172
148.026207 1198 4172
148.026243 1198 4172
148.034133 110 4172
148.034187 1198 4172
148.034225 1198 4172
148.042029 1198 4172
148.042072 1198 4172
148.042112 878 4172
148.050087 1198 4172
148.058068 286 4172
148.058127 1198 4172
148.058174 718 4172
148.058215 1198 4172
148.066062 1198 4172
148.066103 1198 4172
148.066140 1198 4172
148.074117 590 4172
148.074254 1198 4172
148.074296 1198 4172
148.078070 1198 4172
148.078115 1198 4172
148.090083 1198 4172
148.090128 1086 4172
148.090172 1198 4172
148.098090 1198 4172
148.098143 1198 4172
148.098185 910 4172
148.106003 1198 4172
148.106053 1198 4172
148.106100 1198 4172
148.114124 1198 4172
148.114168 1198 4172
148.122136 590 4172
148.122178 1198 4172
148.122214 1198 4172
148.130086 110 4172
148.130127 110 4172
148.130164 1198 4172
148.130207 1198 4172
148.130245 1198 4172
148.138070 1198 4172
148.138185 1182 4172
148.138227 1198 4172
148.146055 1198 4172
148.146097 1198 4172
148.153996 1198 4172
148.154039 1198 4172
148.154078 1198 4172
148.162024 1198 4172
148.162075 1198 4172
148.162122 1198 4172
148.166053 1198 4172
148.166092 1198 4172
148.166128 1198 4172
148.178153 1198 4172
148.178240 1198 4172
148.178271 1198 4172
148.186078 1198 4172
148.186128 1198 4172
148.186170 1102 4172
148.194062 1198 4172
148.194114 1198 4172
148.194166 1198 4172
148.202017 1198 4172
148.202063 1198 4172
148.202099 1198 4172
148.210052 1198 4172
148.210154 1198 4172
148.210263 350 4172
148.218109 1198 4172
148.218150 1198 4172
148.218186 1198 4172
148.226075 1198 4172
148.226112 1198 4172
148.226159 1198 4172
148.233971 1198 4172
148.234020 350 4172
148.234065 110 4172
148.234104 1198 4172
148.234141 1198 4172
148.242067 1198 4172
148.242120 1198 4172
148.242160 1198 4172
148.250186 1198 4172
148.250231 894 4172
148.250268 1198 4172
148.253942 1198 4172
148.253982 1198 4172
148.254018 1198 4172
148.266173 1198 4172
148.266261 1198 4172
148.266288 1006 4172
148.274051 1198 4172
148.282165 1198 4172
148.282229 1198 4172
148.290032 1198 4172
148.290115 1198 4172
148.290145 862 4172
148.290178 1198 4172
148.298021 1198 4172
148.298059 1198 4172
148.298097 1198 4172
148.305956 1198 4172
148.305997 1198 4172
148.314076 1198 4172
148.314113 1198 4172
148.314143 1198 4172
148.322594 142 4172
148.322629 1198 4172
148.322662 1198 4172
148.322697 1198 4172
148.329289 1198 4172
148.329316 110 4172
148.329349 1198 4172
148.329379 542 4172
148.341926 462 4172
148.386008 222 4172
148.386011 350 4172
148.386042 270 4172
148.418178 542 4172
148.418230 110 4172
148.429927 174 4172
148.429964 1198 4172
148.429995 878 4172
148.430034 110 4172
148.430065 1198 4172
148.430092 510 4172
148.474008 1198 4172
148.474060 270 4172
148.554389 254 4172
148.554433 110 4172
148.554470 1198 4172
148.554504 974 4172
148.561987 1198 4172
148.562036 126 4172
148.606043 1198 4172
148.606105 1198 4172
148.606146 606 4172
148.618818 190 4172
148.649937 110 4172
148.649996 782 4172
148.650050 1198 4172
148.650109 670 4172
148.687088 110 4172
148.687145 110 4172
148.687187 1198 4172
148.687227 1198 4172
148.687267 558 4172
148.687305 1198 4172
148.687341 1198 4172
148.687377 1198 4172
148.687418 942 4172
148.687455 1198 4172
148.687491 1198 4172
148.687527 926 4172
148.687563 1198 4172
148.687599 1198 4172
148.687635 1198 4172
148.687670 1070 4172
148.687707 910 4172
148.694015 126 4172
148.738086 110 4172
148.782067 190 4172
148.782247 126 4172
148.818949 126 4172
148.826047 110 4172
148.950988 110 4172
148.951022 110 4172
148.951047 110 4172
148.951074 110 4172
148.956015 702 4172
148.957908 190 4172
148.957940 1198 4172
148.957995 1198 4172
148.958025 302 4172
