0.037370 142 4172
0.037440 110 4172
0.037477 110 4172
0.037516 110 4172
0.081318 1198 4172
0.081412 1198 4172
0.081468 1198 4172
0.081513 814 4172
0.081549 238 4172
0.301354 110 4172
0.477300 110 4172
0.565430 110 4172
0.565451 110 4172
0.609191 1198 4172
0.609268 1198 4172
0.609302 1198 4172
0.609363 1198 4172
0.609405 1198 4172
0.609433 1198 4172
0.609460 1198 4172
0.609486 1198 4172
0.609512 1198 4172
0.609548 1198 4172
0.609573 830 4172
0.617498 1198 4172
0.617525 1198 4172
0.617555 1198 4172
0.617583 1198 4172
0.617610 1198 4172
0.617656 1198 4172
0.617682 1198 4172
0.617715 1198 4172
0.617742 1198 4172
0.617769 1198 4172
0.617795 1198 4172
0.617822 1198 4172
0.617849 1198 4172
0.617876 1198 4172
0.617902 1198 4172
0.617929 1198 4172
0.625350 174 4172
0.625386 1198 4172
0.625419 1198 4172
0.625449 1198 4172
0.625478 1198 4172
0.625508 1198 4172
0.625536 1198 4172
0.625568 1198 4172
0.625596 1198 4172
0.625624 1198 4172
0.625651 1198 4172
0.625681 1198 4172
0.633508 1198 4172
0.633546 1198 4172
0.633574 1198 4172
0.633598 1198 4172
0.633621 1198 4172
0.633645 830 4172
0.633674 1198 4172
0.633696 1198 4172
0.633720 1198 4172
0.633744 1198 4172
0.633766 1198 4172
0.633789 1198 4172
0.641219 1198 4172
0.641272 1198 4172
0.641314 1198 4172
0.649363 1198 4172
0.649408 1198 4172
0.649450 1198 4172
0.649490 1198 4172
0.649527 110 4172
0.649562 1198 4172
0.653240 1198 4172
0.653278 1198 4172
0.653324 1198 4172
0.653368 1198 4172
0.665348 1198 4172
0.665456 1198 4172
0.665486 1198 4172
0.665533 1198 4172
0.665568 1198 4172
0.673360 1198 4172
0.673397 1198 4172
0.673430 1198 4172
0.673483 1198 4172
0.673514 1198 4172
0.681293 1198 4172
0.681331 1198 4172
0.681361 1198 4172
0.681395 1198 4172
0.681427 1198 4172
0.689319 1198 4172
0.689374 1198 4172
0.689415 1198 4172
0.697298 1198 4172
0.697345 1198 4172
0.705301 1198 4172
0.705349 1198 4172
0.705382 926 4172
0.713330 1198 4172
0.713375 1198 4172
0.713412 1198 4172
0.721313 1198 4172
0.721352 1198 4172
0.729393 1198 4172
0.729426 1198 4172
0.729461 1198 4172
0.737315 1198 4172
0.737357 1198 4172
0.741375 1198 4172
0.741411 1198 4172
0.753330 1198 4172
0.753371 1198 4172
0.761340 1198 4172
0.761393 1198 4172
0.761437 1198 4172
0.769329 1198 4172
0.769365 1198 4172
0.777408 1198 4172
0.777440 1198 4172
0.777482 622 4172
0.785250 1198 4172
0.785294 1198 4172
0.793318 1198 4172
0.793358 1198 4172
0.801366 1198 4172
0.801419 1198 4172
0.809276 1198 4172
0.809320 1198 4172
0.809356 110 4172
0.809391 494 4172
0.817390 1198 4172
0.817416 1198 4172
0.825359 1198 4172
0.825414 1038 4172
0.825461 158 4172
0.825501 158 4172
0.825545 158 4172
0.825586 158 4172
0.829246 414 4172
0.829285 1150 4172
0.829357 158 4172
0.829408 158 4172
0.829440 158 4172
0.829470 158 4172
0.829500 158 4172
0.829531 158 4172
0.829560 238 4172
0.873302 222 4172
0.873345 142 4172
0.873403 782 4172
0.873446 334 4172
1.093212 110 4172
1.225382 142 4172
1.357280 110 4172
1.445246 110 4172
1.573316 110 4172
1.617301 110 4172
1.881302 110 4172
2.141305 110 4172
2.438224 110 4172
2.449226 110 4172
2.449316 142 4172
2.449355 142 4172
2.581375 110 4172
2.665334 142 4172
2.665416 142 4172
2.709296 110 4172
2.965310 110 4172
3.229254 110 4172
3.273325 142 4172
3.273380 142 4172
3.449315 110 4172
3.449406 142 4172
3.449444 142 4172
3.493283 110 4172
3.581270 110 4172
3.845265 142 4172
3.933278 142 4172
4.109329 142 4172
4.109416 142 4172
4.285260 142 4172
4.461330 110 4172
4.549261 110 4172
4.897359 142 4172
4.897459 142 4172
5.073272 142 4172
5.073300 142 4172
5.469186 110 4172
5.513312 142 4172
5.513354 142 4172
5.905365 142 4172
5.989311 142 4172
5.989437 142 4172
6.121290 142 4172
6.121426 142 4172
6.165306 110 4172
6.473299 110 4172
6.517262 142 4172
6.517294 142 4172
6.561247 110 4172
6.737152 142 4172
6.737187 142 4172
7.129243 142 4172
7.129289 142 4172
7.345201 142 4172
7.345254 142 4172
7.477399 110 4172
7.565251 110 4172
7.917220 142 4172
8.005222 142 4172
8.181247 142 4172
8.181259 142 4172
8.357260 142 4172
8.445164 110 4172
8.705194 142 4172
8.705252 142 4172
8.837225 110 4172
8.969151 142 4172
8.969158 142 4172
9.361237 142 4172
9.361372 142 4172
9.449185 110 4172
9.581181 110 4172
9.581234 142 4172
9.581271 142 4172
9.977278 142 4172
9.977353 142 4172
10.197265 142 4172
10.197354 142 4172
10.461248 110 4172
10.549250 110 4172
11.029291 142 4172
11.029432 142 4172
11.205296 142 4172
11.205298 142 4172
11.465244 110 4172
11.538503 110 4172
11.553199 110 4172
11.857236 142 4172
11.857349 142 4172
12.077173 142 4172
12.077246 142 4172
12.473243 110 4172
12.473315 142 4172
12.473386 142 4172
12.561222 110 4172
12.649201 142 4172
12.649225 142 4172
13.041164 142 4172
13.041220 142 4172
13.261069 142 4172
13.261113 142 4172
13.477168 110 4172
13.565195 110 4172
13.873297 142 4172
14.049160 142 4172
14.049241 142 4172
14.225236 110 4172
14.309259 142 4172
14.441144 110 4172
14.485237 142 4172
14.573079 110 4172
14.877089 142 4172
14.877142 142 4172
15.093195 142 4172
15.093327 142 4172
15.445182 110 4172
15.489162 142 4172
15.489237 142 4172
15.577230 110 4172
15.709168 142 4172
15.885190 142 4172
15.973120 142 4172
16.105187 142 4172
16.453170 110 4172
16.538590 142 4172
16.538652 142 4172
16.541034 110 4172
16.717223 142 4172
16.717250 142 4172
16.893129 110 4172
17.329189 142 4172
17.329349 142 4172
17.457148 110 4172
17.538571 142 4172
17.538592 142 4172
17.545115 110 4172
17.941000 142 4172
17.941060 142 4172
18.161187 142 4172
18.337040 142 4172
18.381108 142 4172
18.469133 110 4172
18.557119 110 4172
18.557228 142 4172
18.953177 142 4172
18.953279 142 4172
19.173114 142 4172
19.173178 142 4172
19.477156 110 4172
19.538538 110 4172
19.565154 110 4172
19.961171 142 4172
19.961244 142 4172
20.177247 142 4172
20.177249 142 4172
20.481117 110 4172
20.557196 60 60000
20.569073 110 4172
20.706835 158 4172
20.706857 158 4172
20.706899 606 4172
20.706949 158 4172
20.706985 158 4172
20.707022 158 4172
20.707057 158 4172
20.707095 158 4172
20.749293 126 4172
20.783993 1198 4172
20.784090 1198 4172
20.784118 1198 4172
20.784151 1198 4172
20.784219 1198 4172
20.784263 1198 4172
20.784299 1198 4172
20.784350 1198 4172
20.784383 574 4172
20.793251 1198 4172
20.793257 1198 4172
20.793289 1198 4172
20.793317 1198 4172
20.793364 1198 4172
20.793392 1198 4172
20.793419 1198 4172
20.793448 1198 4172
20.801056 318 4172
20.801089 1198 4172
20.801121 1198 4172
20.801152 1198 4172
20.809155 1198 4172
20.809191 1198 4172
20.809355 862 4172
20.817397 1198 4172
20.817441 1198 4172
20.825110 1198 4172
20.825146 1198 4172
20.833185 126 4172
20.833224 1198 4172
20.833258 1198 4172
20.840622 1198 4172
20.840659 1198 4172
20.840711 1198 4172
20.849058 1198 4172
20.849138 862 4172
20.866007 1198 4172
20.868384 1198 4172
20.874562 1198 4172
20.874688 1198 4172
20.874729 1198 4172
20.874764 1198 4172
20.874798 1198 4172
20.881074 1198 4172
20.881117 1198 4172
20.891049 350 4172
20.891086 1198 4172
20.891121 1198 4172
20.898464 1198 4172
20.898506 1198 4172
20.906255 1198 4172
20.906285 1198 4172
20.913506 1054 4172
20.913562 1198 4172
20.923211 1198 4172
20.923305 1198 4172
20.928159 1198 4172
20.928203 1198 4172
20.928232 1198 4172
20.940266 1198 4172
20.940312 1198 4172
20.946641 1198 4172
20.947099 1070 4172
20.947499 1198 4172
20.955374 1198 4172
20.955414 1198 4172
20.961042 1198 4172
20.961080 1198 4172
20.961116 1198 4172
20.969185 1198 4172
20.969232 1198 4172
20.978137 1198 4172
20.978172 494 4172
20.985201 1198 4172
20.985394 1198 4172
20.995321 1198 4172
20.995386 1198 4172
21.000751 1198 4172
21.004010 1198 4172
21.005454 1198 4172
21.009047 1198 4172
21.009081 1198 4172
21.017132 526 4172
21.017177 1198 4172
21.017207 1198 4172
21.022954 1198 4172
21.035281 1198 4172
21.042112 1198 4172
21.042206 1198 4172
21.049135 1198 4172
21.049171 1198 4172
21.057061 1198 4172
21.057098 638 4172
21.057131 1198 4172
21.066316 1198 4172
21.073027 1198 4172
21.073059 1198 4172
21.073095 1198 4172
21.083238 1198 4172
21.089064 1198 4172
21.098051 1198 4172
21.098059 1198 4172
21.098088 1198 4172
21.106108 1070 4172
21.106146 1198 4172
21.106177 1198 4172
21.115508 1198 4172
21.115549 1198 4172
21.121031 1198 4172
21.121071 1198 4172
21.129070 1198 4172
21.129113 1198 4172
21.137053 1198 4172
21.137091 110 4172
21.137128 1198 4172
21.137158 750 4172
21.145054 1198 4172
21.145093 1198 4172
21.154987 1198 4172
21.155077 1198 4172
21.161054 1198 4172
21.161102 1198 4172
21.161134 1198 4172
21.168997 1198 4172
21.169034 334 4172
21.169068 1198 4172
21.174937 1198 4172
21.174977 1198 4172
21.185073 1198 4172
21.185123 1198 4172
21.185162 1198 4172
21.185784 60 60000
21.193041 1198 4172
21.193096 1198 4172
21.193130 1198 4172
21.201069 1198 4172
21.201106 814 4172
21.209207 1198 4172
21.209397 1198 4172
21.209592 1198 4172
21.217040 1198 4172
21.217080 1198 4172
21.217119 1198 4172
21.226115 1198 4172
21.226239 1198 4172
21.233136 1198 4172
21.233174 1198 4172
21.233208 1198 4172
21.243406 734 4172
21.244715 1198 4172
21.244905 1198 4172
21.244968 1198 4172
21.249054 1198 4172
21.257701 174 4172
21.257765 174 4172
21.257802 174 4172
21.257832 174 4172
21.265101 174 4172
21.265134 174 4172
21.265167 174 4172
21.265198 1198 4172
21.265227 1198 4172
21.265256 1198 4172
21.273100 542 4172
21.273149 1198 4172
21.299814 1198 4172
21.301931 878 4172
21.302082 1198 4172
21.305710 1198 4172
21.305739 894 4172
21.305776 174 4172
21.305808 174 4172
21.305837 174 4172
21.305869 174 4172
21.305896 174 4172
21.305925 1198 4172
21.305958 1198 4172
21.305986 1198 4172
21.306016 1198 4172
21.313368 254 4172
21.313457 862 4172
21.313492 1198 4172
21.313521 1198 4172
21.321148 1198 4172
21.321189 686 4172
21.321229 1198 4172
21.329069 1198 4172
21.329115 126 4172
21.329208 1198 4172
21.329245 1198 4172
21.337200 1198 4172
21.337236 1150 4172
21.373591 1198 4172
21.373614 1198 4172
21.373645 158 4172
21.417127 1054 4172
21.417172 110 4172
21.461052 238 4172
21.461124 110 4172
21.501290 1198 4172
21.501315 286 4172
21.504957 494 4172
21.548997 110 4172
21.593090 1198 4172
21.593167 1198 4172
21.593218 366 4172
21.593262 302 4172
21.593293 238 4172
21.673263 110 4172
21.681069 110 4172
21.770235 110 4172
21.857152 382 4172
21.857307 334 4172
21.989318 110 4172
22.253172 110 4172
22.473180 110 4172
22.517388 110 4172
22.561127 110 4172
22.781139 110 4172
23.041109 110 4172
23.301451 110 4172
23.477397 110 4172
23.565274 110 4172
23.829349 110 4172
24.445054 110 4172
24.577172 110 4172
25.453138 110 4172
25.541255 110 4172
26.465167 110 4172
26.509136 110 4172
26.553154 110 4172
27.477061 110 4172
27.565142 110 4172
28.441029 110 4172
28.573059 110 4172
29.229156 110 4172
29.445032 110 4172
29.577137 110 4172
30.448983 110 4172
30.581095 110 4172
31.457100 110 4172
31.545010 110 4172
31.897138 110 4172
32.461114 110 4172
33.465171 110 4172
33.553003 110 4172
34.473062 110 4172
34.557011 110 4172
34.560956 110 4172
35.565094 110 4172
36.444931 110 4172
36.577005 110 4172
37.237042 110 4172
37.456986 110 4172
37.544918 110 4172
38.460944 110 4172
38.548860 110 4172
39.464994 110 4172
39.552987 110 4172
39.900909 110 4172
40.472842 110 4172
40.560999 110 4172
41.442784 110 4172
41.445708 270 4172
41.445741 270 4172
41.445774 318 4172
41.445866 238 4172
41.446775 60 60000
41.448759 318 4172
41.448798 238 4172
41.448889 494 4172
41.448934 238 4172
41.448965 302 4172
41.448995 254 4172
41.492892 270 4172
41.493004 334 4172
41.493040 286 4172
41.493077 334 4172
41.493111 254 4172
41.493149 558 4172
41.493184 686 4172
41.580772 110 4172
41.605430 142 4172
41.617270 174 4172
41.624823 158 4172
41.638101 174 4172
41.668948 174 4172
41.669055 238 4172
41.669106 110 4172
41.756809 110 4172
41.801230 174 4172
41.817266 158 4172
41.825580 158 4172
41.846261 1198 4172
41.848598 1198 4172
41.848908 1198 4172
41.857461 558 4172
41.858119 1198 4172
41.858157 174 4172
41.858188 1198 4172
41.858215 254 4172
41.858245 974 4172
41.858296 1118 4172
41.858341 1022 4172
41.858612 1198 4172
41.858644 1198 4172
41.858671 1198 4172
41.858701 1198 4172
41.858728 158 4172
41.859734 110 4172
41.859850 1198 4172
41.859880 1198 4172
41.859929 446 4172
41.874312 142 4172
41.874348 158 4172
41.892057 1198 4172
41.892107 1198 4172
41.892137 1198 4172
41.892167 1198 4172
41.892196 1198 4172
41.892230 1198 4172
41.892266 1198 4172
41.892292 1198 4172
41.892318 1198 4172
41.892345 1198 4172
41.892371 110 4172
41.901063 1198 4172
41.901113 1198 4172
41.901139 1198 4172
41.901166 1198 4172
41.901192 1198 4172
41.901219 1198 4172
41.901250 1198 4172
41.901279 1198 4172
41.901311 1198 4172
41.901339 110 4172
41.901363 126 4172
41.901390 1198 4172
41.901416 1198 4172
41.901445 1198 4172
41.907309 1198 4172
41.913248 1198 4172
41.913294 1198 4172
41.913328 1198 4172
41.920887 1198 4172
41.920993 1198 4172
41.928919 1198 4172
41.928950 1198 4172
41.928985 350 4172
41.929017 1198 4172
41.936927 1198 4172
41.936975 1198 4172
41.945001 1198 4172
41.945163 1198 4172
41.953696 1198 4172
41.953777 1198 4172
41.953820 110 4172
41.953853 1198 4172
41.956898 1198 4172
41.956942 750 4172
41.956978 1198 4172
41.970447 1198 4172
41.970487 1198 4172
41.978963 1198 4172
41.978993 1198 4172
41.979020 1198 4172
41.984949 1198 4172
41.984978 1198 4172
41.985006 1198 4172
41.996889 1198 4172
42.003177 1198 4172
42.004081 1198 4172
42.014352 654 4172
42.017220 1198 4172
42.019065 1198 4172
42.019342 1198 4172
42.019453 1198 4172
42.019507 1198 4172
42.025092 1198 4172
42.038512 1198 4172
42.038557 1198 4172
42.038687 110 4172
42.039240 1198 4172
42.039302 622 4172
42.042639 1198 4172
42.043054 1198 4172
42.043487 1198 4172
42.043525 1198 4172
42.043947 1198 4172
42.049633 1198 4172
42.049677 110 4172
42.049708 1198 4172
42.056997 1198 4172
42.057055 878 4172
42.057089 1198 4172
42.066550 1198 4172
42.066802 1198 4172
42.066815 1198 4172
42.073511 1198 4172
42.073552 1198 4172
42.073579 1198 4172
42.080886 1198 4172
42.088936 1198 4172
42.088977 1198 4172
42.095401 1198 4172
42.095446 1198 4172
42.095482 1198 4172
42.105593 1198 4172
42.105716 1198 4172
42.105751 1198 4172
42.112833 1198 4172
42.112871 622 4172
42.112905 1198 4172
42.121022 1198 4172
42.121064 1198 4172
42.128844 302 4172
42.128875 1198 4172
42.128907 1198 4172
42.140206 1198 4172
42.140293 1198 4172
42.140320 1198 4172
42.144826 1198 4172
42.144865 1198 4172
42.158302 1198 4172
42.158641 1198 4172
42.160855 110 4172
42.161105 1198 4172
42.161136 1198 4172
42.174024 494 4172
42.174081 1198 4172
42.174116 1198 4172
42.177932 1198 4172
42.189458 1198 4172
42.189976 1198 4172
42.190011 1198 4172
42.192850 1198 4172
42.192899 1198 4172
42.200991 1198 4172
42.201031 1054 4172
42.209588 1198 4172
42.209630 1198 4172
42.223225 1198 4172
42.223254 1198 4172
42.223289 1198 4172
42.224834 1198 4172
42.224872 1198 4172
42.238556 1198 4172
42.241645 1198 4172
42.241714 1198 4172
42.248896 590 4172
42.248931 1198 4172
42.248962 1198 4172
42.248996 1198 4172
42.257102 110 4172
42.257147 1198 4172
42.257181 1198 4172
42.267091 1198 4172
42.268232 1198 4172
42.268271 1198 4172
42.272977 670 4172
42.280821 1198 4172
42.280872 1198 4172
42.280902 1198 4172
42.288895 1198 4172
42.288930 1198 4172
42.296819 110 4172
42.296871 1198 4172
42.296904 1198 4172
42.304796 1038 4172
42.304834 1198 4172
42.313557 1198 4172
42.313610 1198 4172
42.313642 1198 4172
42.317287 1198 4172
42.317327 1198 4172
42.329131 1198 4172
42.329153 1198 4172
42.332233 60 60000
42.336895 1198 4172
42.336914 1198 4172
42.345913 1198 4172
42.345987 1198 4172
42.357030 110 4172
42.357574 1198 4172
42.357614 1198 4172
42.360853 1198 4172
42.360889 1198 4172
42.360916 1198 4172
42.368893 1198 4172
42.368929 382 4172
42.376506 430 4172
42.376548 174 4172
42.376578 174 4172
42.376607 174 4172
42.376638 174 4172
42.376668 174 4172
42.376768 174 4172
42.380801 1198 4172
42.380838 830 4172
42.380869 1198 4172
42.388858 1198 4172
42.388892 1102 4172
42.396903 270 4172
42.396944 1198 4172
42.405367 174 4172
42.405415 174 4172
42.405483 174 4172
42.405520 174 4172
42.405555 174 4172
42.405585 174 4172
42.409356 1198 4172
42.409395 1198 4172
42.416849 1198 4172
42.416883 494 4172
42.416935 862 4172
42.420745 174 4172
42.420879 1118 4172
42.443259 1198 4172
42.464961 110 4172
42.508878 126 4172
42.548011 110 4172
42.548050 1198 4172
42.548086 1198 4172
42.548125 366 4172
42.548158 302 4172
42.548206 1198 4172
42.548239 750 4172
42.548270 238 4172
42.552771 590 4172
42.570332 110 4172
42.597233 1198 4172
42.597258 1198 4172
42.597287 1198 4172
42.597319 398 4172
42.635032 1182 4172
42.640909 1198 4172
42.640960 478 4172
42.684797 606 4172
42.728765 270 4172
42.771595 270 4172
42.773638 1198 4172
42.773683 318 4172
42.773715 174 4172
42.777137 174 4172
42.777172 174 4172
42.777202 174 4172
42.777234 1198 4172
42.777260 830 4172
42.777290 1198 4172
42.777320 1102 4172
42.781363 1198 4172
42.781398 174 4172
42.781431 174 4172
42.781462 174 4172
42.781492 1198 4172
42.781522 334 4172
42.781553 174 4172
42.781582 174 4172
42.781610 174 4172
42.792929 1198 4172
42.792984 1198 4172
42.793021 1198 4172
42.793059 1198 4172
42.793102 734 4172
42.793142 1198 4172
42.793178 174 4172
42.793215 1198 4172
42.793252 1198 4172
42.793291 1198 4172
42.800883 1198 4172
42.800931 1198 4172
42.800967 1198 4172
42.801000 1198 4172
42.808808 1198 4172
42.808853 1198 4172
42.816816 366 4172
42.834959 110 4172
42.834995 110 4172
42.835030 110 4172
42.860967 126 4172
42.904771 526 4172
43.005282 1198 4172
43.005356 1198 4172
43.005359 1198 4172
43.005401 526 4172
43.017763 126 4172
43.031239 1166 4172
43.036709 1198 4172
43.036754 1166 4172
43.053411 1198 4172
43.053552 766 4172
43.065726 1182 4172
43.080821 1198 4172
43.080872 414 4172
43.125242 110 4172
43.125368 110 4172
43.125416 110 4172
43.388977 110 4172
43.388981 110 4172
43.389060 110 4172
43.477276 110 4172
43.564884 110 4172
43.653125 110 4172
43.916926 110 4172
44.180994 110 4172
44.480777 110 4172
44.568839 110 4172
44.745021 110 4172
45.009054 110 4172
45.272921 110 4172
45.448879 110 4172
45.580938 110 4172
46.544717 110 4172
47.464858 110 4172
47.553156 110 4172
47.905687 174 4172
47.912863 174 4172
47.912892 174 4172
47.912917 174 4172
47.916716 174 4172
47.916747 174 4172
47.916777 174 4172
47.916807 110 4172
47.916835 174 4172
47.916864 174 4172
47.916892 174 4172
47.921692 174 4172
47.921721 174 4172
47.921750 174 4172
47.921780 174 4172
47.925343 174 4172
47.925396 446 4172
47.944873 1198 4172
47.944921 1198 4172
47.944964 1198 4172
47.945003 1198 4172
47.945044 1198 4172
47.945084 1198 4172
47.945122 1198 4172
47.945159 1198 4172
47.945196 526 4172
48.069248 1198 4172
48.069300 366 4172
48.076826 286 4172
48.120713 1198 4172
48.120802 1166 4172
48.472775 110 4172
48.472848 110 4172
48.560729 110 4172
48.732863 110 4172
49.476858 110 4172
49.564788 110 4172
50.468878 110 4172
50.556929 110 4172
51.384844 110 4172
51.472734 110 4172
51.560705 110 4172
52.480838 110 4172
52.568803 110 4172
53.444642 110 4172
53.576904 110 4172
54.056809 110 4172
54.448765 110 4172
54.580851 110 4172
55.452809 110 4172
55.540759 110 4172
56.460785 110 4172
56.548773 110 4172
56.768842 110 4172
57.468782 110 4172
57.556911 110 4172
58.476755 110 4172
58.565054 110 4172
59.480734 110 4172
59.480916 110 4172
59.568697 110 4172
60.444615 110 4172
60.576763 110 4172
61.452740 110 4172
61.540680 110 4172
62.112735 110 4172
62.552922 110 4172
62.581237 270 4172
62.581265 254 4172
62.581295 270 4172
62.581326 318 4172
62.581356 238 4172
62.584715 318 4172
62.584766 238 4172
62.584794 238 4172
62.584828 302 4172
62.584863 254 4172
62.584899 270 4172
62.588667 60 60000
62.596716 334 4172
62.596769 286 4172
62.596793 334 4172
62.596831 318 4172
62.596863 686 4172
62.640695 238 4172
62.741300 142 4172
62.753064 174 4172
62.765114 158 4172
62.769745 174 4172
62.772568 174 4172
62.774068 254 4172
62.937100 174 4172
62.949163 158 4172
62.961001 158 4172
62.970697 158 4172
62.976735 1198 4172
62.976760 1198 4172
62.976791 1198 4172
62.976822 558 4172
62.976848 1198 4172
62.976876 174 4172
62.976907 1198 4172
62.976936 254 4172
62.976966 974 4172
62.977002 1118 4172
62.977032 1022 4172
62.977060 1198 4172
62.977089 1198 4172
62.977118 1198 4172
62.977147 1198 4172
62.977175 158 4172
62.996117 1198 4172
62.996142 446 4172
62.996171 142 4172
63.023003 1198 4172
63.023192 1198 4172
63.023227 1198 4172
63.023257 1198 4172
63.023285 1198 4172
63.023324 1198 4172
63.023358 1198 4172
63.023390 1198 4172
63.023421 542 4172
63.029182 1198 4172
63.029375 1198 4172
63.029723 1198 4172
63.029795 1198 4172
63.029864 1198 4172
63.029951 1198 4172
63.029985 1198 4172
63.030015 1198 4172
63.030044 1198 4172
63.037800 318 4172
63.037838 1198 4172
63.037871 1198 4172
63.047798 1198 4172
63.047868 1198 4172
63.047898 1198 4172
63.052655 1198 4172
63.052684 1198 4172
63.061490 1198 4172
63.063398 1198 4172
63.068716 1198 4172
63.068737 1198 4172
63.068765 1198 4172
63.076703 1198 4172
63.080578 1198 4172
63.080624 1198 4172
63.093645 1198 4172
63.093693 1198 4172
63.100688 1198 4172
63.100720 1198 4172
63.100747 1198 4172
63.108782 1198 4172
63.108814 750 4172
63.119546 862 4172
63.120294 1198 4172
63.120327 1198 4172
63.126147 1198 4172
63.126193 1198 4172
63.126260 1198 4172
63.139867 1198 4172
63.139998 1198 4172
63.141739 126 4172
63.141859 1198 4172
63.141901 1198 4172
63.153614 1198 4172
63.153728 1198 4172
63.154062 1198 4172
63.156724 1070 4172
63.156760 1198 4172
63.167874 1198 4172
63.167912 1198 4172
63.175018 1198 4172
63.175101 1198 4172
63.175140 1198 4172
63.180680 1198 4172
63.180722 1198 4172
63.189757 1198 4172
63.189885 606 4172
63.189920 1198 4172
63.196856 1198 4172
63.196903 1198 4172
63.196939 1198 4172
63.204825 110 4172
63.204857 1198 4172
63.204894 1198 4172
63.212935 1198 4172
63.212969 1198 4172
63.223232 1118 4172
63.223456 1198 4172
63.228798 1198 4172
63.228873 1198 4172
63.235046 1198 4172
63.235369 1198 4172
63.245369 1198 4172
63.245413 1198 4172
63.245453 1198 4172
63.253302 526 4172
63.253358 1198 4172
63.253389 1198 4172
63.261383 1198 4172
63.261423 1198 4172
63.272517 1198 4172
63.272558 1198 4172
63.272605 1198 4172
63.276713 1198 4172
63.288640 1198 4172
63.288731 1198 4172
63.288760 1198 4172
63.288809 526 4172
63.292651 1198 4172
63.292680 1198 4172
63.301825 1198 4172
63.301916 1198 4172
63.310714 1198 4172
63.317654 1198 4172
63.317709 1198 4172
63.317745 1198 4172
63.317781 1198 4172
63.326131 1198 4172
63.329178 1198 4172
63.329211 1198 4172
63.329255 638 4172
63.329302 1198 4172
63.350947 1198 4172
63.354161 1198 4172
63.354362 1198 4172
63.354393 1198 4172
63.354420 1198 4172
63.354465 1198 4172
63.356661 1198 4172
63.356692 1198 4172
63.376185 1198 4172
63.376997 1198 4172
63.389456 1198 4172
63.389906 1198 4172
63.389938 1198 4172
63.389971 1198 4172
63.390016 1198 4172
63.395945 1198 4172
63.396000 1198 4172
63.396026 1198 4172
63.396055 926 4172
63.404710 1198 4172
63.404776 1198 4172
63.404804 1198 4172
63.414963 1198 4172
63.415050 1198 4172
63.420578 1198 4172
63.420625 1198 4172
63.420658 1198 4172
63.424007 60 60000
63.430223 1198 4172
63.430266 1198 4172
63.436618 302 4172
63.436685 1198 4172
63.436718 1198 4172
63.436748 1198 4172
63.445543 1198 4172
63.445604 1198 4172
63.452555 1198 4172
63.452595 1198 4172
63.452626 110 4172
63.452657 1198 4172
63.460628 1198 4172
63.460695 910 4172
63.469339 1198 4172
63.469384 110 4172
63.469419 1198 4172
63.478326 1198 4172
63.478370 1198 4172
63.484752 1198 4172
63.484790 1198 4172
63.484821 1198 4172
63.492105 1198 4172
63.492338 1198 4172
63.501502 1198 4172
63.502018 926 4172
63.513241 1198 4172
63.513285 1198 4172
63.513311 1198 4172
63.519581 1198 4172
63.519627 1198 4172
63.527271 1166 4172
63.527361 222 4172
63.527397 174 4172
63.527424 174 4172
63.527456 174 4172
63.527482 174 4172
63.529461 174 4172
63.529510 1198 4172
63.529579 1198 4172
63.529637 958 4172
63.533159 1198 4172
63.533201 1198 4172
63.544676 1198 4172
63.544748 286 4172
63.544778 1198 4172
63.552633 878 4172
63.552671 1198 4172
63.560637 110 4172
63.560683 1198 4172
63.560711 1006 4172
63.560740 1198 4172
63.568697 1198 4172
63.568760 766 4172
63.568797 1198 4172
63.576680 1198 4172
63.576704 1198 4172
63.582727 270 4172
63.582758 1198 4172
63.582792 558 4172
63.582824 174 4172
63.582854 174 4172
63.582883 174 4172
63.620830 1198 4172
63.620878 1198 4172
63.620927 238 4172
63.620970 446 4172
63.639142 654 4172
63.708620 254 4172
63.739228 110 4172
63.752639 1198 4172
63.752744 366 4172
63.752784 302 4172
63.752814 238 4172
63.777200 1198 4172
63.777240 1198 4172
63.777296 1198 4172
63.777333 1198 4172
63.777368 1198 4172
63.777400 1198 4172
63.777429 1198 4172
63.777478 142 4172
63.784788 1198 4172
63.784855 1198 4172
63.784890 1198 4172
63.784919 1198 4172
63.784953 1198 4172
63.784983 430 4172
63.792672 1198 4172
63.792718 1150 4172
63.792759 1198 4172
63.792795 1198 4172
63.792834 1198 4172
63.792872 1198 4172
63.792908 1198 4172
63.792944 1198 4172
63.792981 1198 4172
63.793017 1198 4172
63.796910 1198 4172
63.796960 766 4172
63.797004 1198 4172
63.797041 1198 4172
63.797079 1198 4172
63.808693 1198 4172
63.808736 1198 4172
63.808773 1198 4172
63.816699 1198 4172
63.816752 1198 4172
63.824669 1198 4172
63.824710 1198 4172
63.824751 542 4172
63.824791 1198 4172
63.832809 1198 4172
63.832855 1198 4172
63.840665 1198 4172
63.840714 1198 4172
63.840754 1198 4172
63.848605 1198 4172
63.848649 1198 4172
63.848688 814 4172
63.856775 110 4172
63.856810 1198 4172
63.856848 1198 4172
63.856884 1198 4172
63.864777 1198 4172
63.864819 1198 4172
63.872671 1198 4172
63.872726 1198 4172
63.884601 1198 4172
63.884648 798 4172
63.884688 126 4172
63.884728 126 4172
63.898819 878 4172
63.928675 126 4172
63.966859 110 4172
63.972774 126 4172
64.004501 110 4172
64.005211 1198 4172
64.009594 1198 4172
64.009632 126 4172
64.009672 318 4172
64.009709 174 4172
64.009746 174 4172
64.009781 174 4172
64.014513 1198 4172
64.014552 1198 4172
64.014592 590 4172
64.014628 1198 4172
64.014667 1198 4172
64.014703 302 4172
64.016526 1198 4172
64.016561 1198 4172
64.016597 622 4172
64.022082 1198 4172
64.022114 1198 4172
64.022148 718 4172
64.022180 1198 4172
64.022210 1198 4172
64.022240 510 4172
64.024576 1198 4172
64.024610 1198 4172
64.024641 206 4172
64.024671 174 4172
64.029879 174 4172
64.029918 174 4172
64.029950 1198 4172
64.029985 1198 4172
64.030019 414 4172
64.039131 1198 4172
64.039176 1198 4172
64.039214 1198 4172
64.039253 1198 4172
64.039290 1150 4172
64.039333 1198 4172
64.039369 606 4172
64.060657 110 4172
64.148772 110 4172
64.174751 654 4172
64.181045 1198 4172
64.181094 1166 4172
64.192590 430 4172
64.201086 606 4172
64.213185 254 4172
64.225088 286 4172
64.233114 286 4172
64.236626 270 4172
64.245233 110 4172
64.257242 270 4172
64.269504 270 4172
64.269547 110 4172
64.269602 110 4172
64.269649 110 4172
64.280647 1102 4172
64.293649 910 4172
64.305462 1198 4172
64.305504 350 4172
64.313602 974 4172
64.324926 1198 4172
64.324978 1038 4172
64.333557 1198 4172
64.333603 206 4172
64.338959 1198 4172
64.341547 110 4172
64.349277 910 4172
64.361484 846 4172
64.368631 958 4172
64.374834 1198 4172
64.377229 1166 4172
64.393608 1198 4172
64.393662 1022 4172
64.405876 1198 4172
64.405929 926 4172
64.412595 1198 4172
64.412636 1198 4172
64.412679 1198 4172
64.425839 1198 4172
64.425883 1198 4172
64.425921 1198 4172
64.425959 1198 4172
64.425996 670 4172
64.437705 1198 4172
64.437761 1198 4172
64.437803 1198 4172
64.437839 846 4172
64.437888 1166 4172
64.445207 1198 4172
64.445253 910 4172
64.445292 110 4172
64.456670 1198 4172
64.456749 510 4172
64.471064 1198 4172
64.471109 110 4172
64.481617 1198 4172
64.481717 382 4172
64.489760 1198 4172
64.489810 718 4172
64.500981 1198 4172
64.501027 1150 4172
64.510007 1198 4172
64.510062 1198 4172
64.510103 1198 4172
64.510140 462 4172
64.521985 1198 4172
64.522091 1198 4172
64.522129 1198 4172
64.522172 750 4172
64.533898 1198 4172
64.534033 270 4172
64.534071 110 4172
64.534106 110 4172
64.534142 110 4172
64.539031 1198 4172
64.539080 1198 4172
64.539118 110 4172
64.539155 798 4172
64.541367 110 4172
64.544568 1198 4172
64.544610 1198 4172
64.544653 1198 4172
64.544691 334 4172
64.563016 1198 4172
64.563063 462 4172
64.569289 1198 4172
64.569340 1118 4172
64.588734 414 4172
64.677124 110 4172
64.764741 110 4172
64.808740 110 4172
64.808815 110 4172
64.808840 110 4172
65.072753 110 4172
65.072892 110 4172
65.072926 110 4172
65.336786 110 4172
65.336790 110 4172
65.336865 110 4172
65.468799 110 4172
65.552794 110 4172
65.596678 110 4172
65.856687 110 4172
66.428700 110 4172
66.472686 110 4172
66.560698 110 4172
66.692935 110 4172
66.956784 110 4172
67.221062 110 4172
67.440503 110 4172
67.572819 110 4172
68.444612 110 4172
68.576705 110 4172
69.452572 110 4172
69.540644 110 4172
69.892653 110 4172
70.464721 110 4172
70.552700 110 4172
71.472574 110 4172
72.480657 110 4172
72.568688 110 4172
73.444559 110 4172
73.576653 110 4172
74.444573 110 4172
74.576648 110 4172
75.272553 110 4172
75.444544 110 4172
75.576643 110 4172
76.456600 110 4172
76.544605 110 4172
77.464648 110 4172
77.552623 110 4172
77.948530 110 4172
78.476561 110 4172
78.564602 110 4172
79.444474 110 4172
79.576549 110 4172
80.452508 110 4172
80.540501 110 4172
80.628752 110 4172
81.460535 110 4172
81.548534 110 4172
81.949701 174 4172
81.949734 174 4172
81.952328 174 4172
81.957272 174 4172
81.957308 174 4172
81.957336 174 4172
81.957365 174 4172
81.960671 174 4172
81.960701 174 4172
81.960733 174 4172
81.965174 174 4172
81.965208 174 4172
81.965238 174 4172
81.965266 174 4172
81.988596 270 4172
81.988681 1198 4172
81.988747 174 4172
81.988801 1198 4172
81.988845 1198 4172
81.988883 1198 4172
81.988921 1150 4172
82.107078 382 4172
82.120485 1198 4172
82.120613 1198 4172
82.120654 142 4172
82.252498 110 4172
82.282636 206 4172
82.290603 942 4172
82.296417 1198 4172
82.296465 142 4172
82.310712 1198 4172
82.310752 398 4172
82.340474 1198 4172
82.472630 110 4172
82.516507 110 4172
82.560564 110 4172
82.780421 110 4172
83.044456 110 4172
83.447229 110 4172
83.576476 110 4172
83.616725 1198 4172
83.616748 1198 4172
83.616788 1198 4172
83.616823 1198 4172
83.616857 1198 4172
83.616891 1198 4172
83.623927 974 4172
83.623979 1198 4172
83.624009 1198 4172
83.624037 1198 4172
83.636478 1198 4172
83.636569 1198 4172
83.644536 1198 4172
83.644575 1198 4172
83.652531 334 4172
83.652576 1198 4172
83.660407 1198 4172
83.664427 1198 4172
83.676430 1198 4172
83.684502 1198 4172
83.684981 60 60000
83.692407 1198 4172
83.702336 366 4172
83.702367 1198 4172
83.708453 1198 4172
83.716596 1198 4172
83.716689 1198 4172
83.724515 1198 4172
83.732626 1198 4172
83.740490 670 4172
83.740521 1198 4172
83.749253 1198 4172
83.752533 1198 4172
83.764668 1198 4172
83.772495 1198 4172
83.780516 1198 4172
83.788458 158 4172
83.788484 1198 4172
83.796604 1198 4172
83.796650 1198 4172
83.804474 110 4172
83.804526 1198 4172
83.812470 1198 4172
83.820554 1198 4172
83.828476 1182 4172
83.836473 1198 4172
83.840335 1198 4172
83.840369 1198 4172
83.852440 1198 4172
83.860540 1198 4172
83.877745 366 4172
83.877779 1198 4172
83.884414 1198 4172
83.892476 1198 4172
83.900543 1198 4172
83.900578 1198 4172
83.909923 1198 4172
83.916425 414 4172
83.916442 1198 4172
83.924460 1198 4172
83.928362 1198 4172
83.948430 1198 4172
83.959293 1198 4172
83.965395 1198 4172
83.965426 366 4172
83.977352 1198 4172
83.980428 1198 4172
83.980461 1198 4172
83.988980 1198 4172
83.996432 1198 4172
84.011380 1198 4172
84.013290 1198 4172
84.021562 478 4172
84.021602 1198 4172
84.027262 1198 4172
84.046488 126 4172
84.046534 1198 4172
84.046566 1198 4172
84.046611 1198 4172
84.053277 1198 4172
84.064127 510 4172
84.064161 1198 4172
84.068475 1198 4172
84.076667 1198 4172
84.085708 110 4172
84.086936 1198 4172
84.092422 1198 4172
84.092454 1150 4172
84.117886 1198 4172
84.126542 1198 4172
84.126712 1198 4172
84.126742 1198 4172
84.133474 1198 4172
84.133517 1198 4172
84.154087 254 4172
84.154655 1198 4172
84.157756 1198 4172
84.157859 1198 4172
84.167041 1198 4172
84.172882 1198 4172
84.181095 318 4172
84.181123 1198 4172
84.188408 1198 4172
84.197475 1198 4172
84.207593 1198 4172
84.207938 1198 4172
84.213936 1198 4172
84.220939 1198 4172
84.224389 590 4172
84.224536 1198 4172
84.236943 1198 4172
84.237345 1198 4172
84.247568 1198 4172
84.252463 1198 4172
84.269588 1198 4172
84.269795 926 4172
84.278107 398 4172
84.278130 1198 4172
84.278159 1198 4172
84.284410 638 4172
84.284445 1198 4172
84.295522 670 4172
84.295620 1198 4172
84.300596 1198 4172
84.312084 222 4172
84.312144 1198 4172
84.316409 670 4172
84.320750 1198 4172
84.341551 1198 4172
84.341594 1198 4172
84.349535 702 4172
84.349615 110 4172
84.365333 1198 4172
84.365781 1198 4172
84.365834 1198 4172
84.377364 174 4172
84.377394 1198 4172
84.381640 1198 4172
84.381838 894 4172
84.397248 1198 4172
84.398780 1198 4172
84.413295 1198 4172
84.413327 1070 4172
84.422133 1198 4172
84.423914 1198 4172
84.429457 1198 4172
84.435380 510 4172
84.435415 1198 4172
84.444712 1198 4172
84.454513 1198 4172
84.454546 110 4172
84.454577 1198 4172
84.463939 222 4172
84.464399 1198 4172
84.469469 1198 4172
84.477650 1198 4172
84.482610 254 4172
84.482665 1198 4172
84.494433 1198 4172
84.494464 1198 4172
84.494949 60 60000
84.500524 574 4172
84.500562 1198 4172
84.510978 1198 4172
84.516386 318 4172
84.516427 1198 4172
84.524531 1086 4172
84.532683 1198 4172
84.532721 510 4172
84.540403 1198 4172
84.540449 1198 4172
84.548518 622 4172
84.548554 110 4172
84.556429 510 4172
84.556465 270 4172
84.556498 174 4172
84.556527 174 4172
84.556557 1198 4172
84.564507 638 4172
84.564536 1198 4172
84.572431 1198 4172
84.581280 1198 4172
84.588478 174 4172
84.588508 1198 4172
84.596426 1198 4172
84.596453 1198 4172
84.604401 302 4172
84.604447 110 4172
84.604479 1198 4172
84.612544 1198 4172
84.620508 1198 4172
84.628628 350 4172
84.628675 1198 4172
84.636428 1198 4172
84.636463 1198 4172
84.644414 366 4172
84.644449 1198 4172
84.652798 1198 4172
84.660548 1198 4172
84.667944 1198 4172
84.676477 1198 4172
84.676579 1198 4172
84.684441 1118 4172
84.692668 1198 4172
84.701091 1198 4172
84.701121 1198 4172
84.710050 1198 4172
84.716375 478 4172
84.716412 606 4172
84.716441 1198 4172
84.724649 1198 4172
84.732480 1198 4172
84.740686 1086 4172
84.743698 1198 4172
84.748422 1198 4172
84.752361 1198 4172
84.764502 254 4172
84.764539 174 4172
84.764585 174 4172
84.764619 1198 4172
84.773746 1198 4172
84.780418 798 4172
84.788626 1198 4172
84.796420 366 4172
84.796470 302 4172
84.796505 782 4172
84.796539 238 4172
84.801940 542 4172
84.801979 1198 4172
84.834429 638 4172
84.840448 702 4172
84.884722 622 4172
84.884815 110 4172
84.928497 846 4172
84.967778 1198 4172
84.967872 302 4172
84.972410 1198 4172
84.972454 718 4172
85.016386 1198 4172
85.016439 558 4172
85.060704 1198 4172
85.060743 286 4172
85.148540 110 4172
85.206701 1118 4172
85.213056 1198 4172
85.213110 1054 4172
85.225499 782 4172
85.236913 830 4172
85.249471 1038 4172
85.257605 1198 4172
85.257701 126 4172
85.269578 1198 4172
85.269622 126 4172
85.280462 462 4172
85.293829 1198 4172
85.293960 1198 4172
85.293993 286 4172
85.305692 1198 4172
85.305788 878 4172
85.317613 1198 4172
85.317663 1198 4172
85.317712 590 4172
85.317751 1198 4172
85.324407 1198 4172
85.324452 1198 4172
85.324497 382 4172
85.337059 974 4172
85.349115 878 4172
85.357552 1102 4172
85.368476 1198 4172
85.368563 478 4172
85.381769 1198 4172
85.381860 974 4172
85.389674 1198 4172
85.389727 1198 4172
85.389769 254 4172
85.401844 1198 4172
85.401927 1198 4172
85.401968 318 4172
85.412715 1198 4172
85.412812 1198 4172
85.412849 654 4172
85.412884 110 4172
85.422027 1198 4172
85.422079 1198 4172
85.422119 1198 4172
85.422158 974 4172
85.433888 1198 4172
85.433984 1198 4172
85.434014 1198 4172
85.434052 302 4172
85.440446 1198 4172
85.440496 1198 4172
85.440537 1198 4172
85.448464 750 4172
85.448520 110 4172
85.448554 1198 4172
85.456470 1198 4172
85.464651 1198 4172
85.464745 1198 4172
85.480409 1198 4172
85.480514 126 4172
85.480548 1198 4172
85.488437 158 4172
85.488486 1198 4172
85.496458 1198 4172
85.500521 894 4172
85.500573 1198 4172
85.512390 718 4172
85.512434 1198 4172
85.520366 1198 4172
85.528394 1198 4172
85.528429 334 4172
85.536488 1198 4172
85.536570 1198 4172
85.544495 1198 4172
85.552442 910 4172
85.552584 1198 4172
85.560442 1198 4172
85.560492 110 4172
85.560537 1198 4172
85.568467 1134 4172
85.576476 1198 4172
85.584460 1198 4172
85.584567 1198 4172
85.588655 1198 4172
85.600648 590 4172
85.600651 1198 4172
85.608482 1198 4172
85.608550 1198 4172
85.624462 1198 4172
85.624524 1166 4172
85.632841 1198 4172
85.640452 1198 4172
85.640514 1198 4172
85.648424 1198 4172
85.656446 1198 4172
85.656499 1198 4172
85.664506 1198 4172
85.672490 110 4172
85.672549 110 4172
85.672589 110 4172
85.672630 350 4172
85.672670 1198 4172
85.676317 1198 4172
85.676370 1198 4172
85.688414 1198 4172
85.696437 1198 4172
85.696493 606 4172
85.704455 1198 4172
85.704500 1198 4172
85.712418 1198 4172
85.720414 1198 4172
85.720464 1198 4172
85.728474 766 4172
85.728522 1198 4172
85.736936 478 4172
85.736998 174 4172
85.737042 318 4172
85.744885 478 4172
85.744938 110 4172
85.753034 446 4172
85.764715 1006 4172
85.773058 1006 4172
85.780980 1198 4172
85.781029 110 4172
85.788881 702 4172
85.808449 158 4172
85.852474 110 4172
85.939312 110 4172
85.939380 110 4172
85.939427 110 4172
85.940562 110 4172
86.200469 110 4172
86.200545 110 4172
86.200610 110 4172
86.456612 110 4172
86.464536 110 4172
86.464578 110 4172
86.464614 110 4172
86.552510 110 4172
86.728527 110 4172
87.036524 110 4172
87.300668 110 4172
87.539451 110 4172
87.828839 110 4172
88.444409 110 4172
88.576540 110 4172
89.452365 110 4172
89.540548 110 4172
90.464462 110 4172
90.552432 110 4172
90.768482 110 4172
91.468458 110 4172
91.556800 110 4172
92.480412 110 4172
92.568332 110 4172
93.439456 110 4172
93.448317 110 4172
93.580344 110 4172
94.460350 110 4172
94.548384 110 4172
95.472384 110 4172
95.560425 110 4172
96.132545 110 4172
96.440293 110 4172
97.452287 110 4172
97.540384 110 4172
98.464472 110 4172
98.552418 110 4172
98.812822 110 4172
99.468377 110 4172
99.556404 110 4172
100.440315 110 4172
100.568394 110 4172
101.492284 110 4172
101.580335 110 4172
102.460333 110 4172
102.548306 110 4172
103.464415 110 4172
103.552241 110 4172
104.164681 110 4172
104.468331 110 4172
104.565547 110 4172
104.622354 1198 4172
104.622372 1198 4172
104.622447 1198 4172
104.622479 1198 4172
104.622504 1198 4172
104.622532 1198 4172
104.622559 1198 4172
104.622589 222 4172
104.630963 1198 4172
104.631007 1198 4172
104.631042 1198 4172
104.631082 878 4172
104.636337 1198 4172
104.636385 1198 4172
104.636426 1198 4172
104.652179 1086 4172
104.652227 1198 4172
104.652262 1198 4172
104.656175 1198 4172
104.656222 1198 4172
104.664290 1198 4172
104.672179 574 4172
104.672224 1198 4172
104.680239 1198 4172
104.680294 1198 4172
104.696264 1198 4172
104.696309 1198 4172
104.700245 142 4172
104.700300 1198 4172
104.712598 1198 4172
104.712643 1198 4172
104.720229 1198 4172
104.728262 1198 4172
104.728312 1198 4172
104.736291 910 4172
104.736356 1198 4172
104.744253 1198 4172
104.744346 60 60000
104.752253 1198 4172
104.752296 1198 4172
104.760214 1198 4172
104.768174 222 4172
104.780845 1198 4172
104.784250 1198 4172
104.784255 1198 4172
104.800420 1198 4172
104.800463 958 4172
104.808254 1198 4172
104.808296 1198 4172
104.816248 1198 4172
104.824277 1198 4172
104.824334 1198 4172
104.832224 1198 4172
104.840297 1198 4172
104.840352 1198 4172
104.848273 1198 4172
104.848318 654 4172
104.856272 1198 4172
104.856311 1198 4172
104.864258 1198 4172
104.872217 1198 4172
104.872242 1198 4172
104.876146 1198 4172
104.888224 1134 4172
104.888254 1198 4172
104.896292 1198 4172
104.896337 1198 4172
104.904189 1198 4172
104.912174 1198 4172
104.912215 1198 4172
104.920234 1182 4172
104.920280 1198 4172
104.928252 1198 4172
104.936292 1198 4172
104.936329 1198 4172
104.944204 1198 4172
104.952336 1198 4172
104.952354 174 4172
104.952381 110 4172
104.952415 1198 4172
104.960243 1198 4172
104.965618 1198 4172
104.966405 1198 4172
104.976207 1198 4172
104.976252 926 4172
104.984236 1198 4172
104.992204 1198 4172
104.992243 1198 4172
105.000333 1198 4172
105.000361 430 4172
105.008157 1198 4172
105.008183 1198 4172
105.016229 1198 4172
105.024200 270 4172
105.024235 1198 4172
105.024263 1198 4172
105.040200 1198 4172
105.040228 1198 4172
105.057558 1198 4172
105.057926 142 4172
105.064971 1198 4172
105.065009 1198 4172
105.065041 1198 4172
105.065071 222 4172
105.074563 1198 4172
105.080251 1198 4172
105.080285 1198 4172
105.088555 1198 4172
105.096396 1198 4172
105.098097 1198 4172
105.104866 926 4172
105.104899 1198 4172
105.118607 1198 4172
105.122250 1198 4172
105.128961 1198 4172
105.129006 1198 4172
105.136217 1198 4172
105.136255 1198 4172
105.153157 1134 4172
105.153205 1198 4172
105.164495 1198 4172
105.164581 1198 4172
105.164583 1198 4172
105.168212 1198 4172
105.174094 1198 4172
105.174150 1198 4172
105.184201 206 4172
105.184239 1198 4172
105.184284 1198 4172
105.192479 1198 4172
105.200350 1198 4172
105.200390 1198 4172
105.219383 1198 4172
105.224393 1198 4172
105.224431 574 4172
105.224461 110 4172
105.224489 1198 4172
105.224516 1198 4172
105.237400 1198 4172
105.237440 1198 4172
105.240543 1198 4172
105.248502 1198 4172
105.261746 814 4172
105.262328 1198 4172
105.264546 1198 4172
105.273237 1198 4172
105.273277 1198 4172
105.280711 1198 4172
105.280750 1198 4172
105.296313 286 4172
105.298444 1198 4172
105.308885 1198 4172
105.308932 1198 4172
105.309039 1198 4172
105.312197 1198 4172
105.312233 1198 4172
105.320281 1198 4172
105.330810 542 4172
105.330952 1198 4172
105.338261 1198 4172
105.347380 1198 4172
105.347470 1198 4172
105.348909 1198 4172
105.348955 1198 4172
105.360195 158 4172
105.360228 1198 4172
105.360256 1198 4172
105.372817 1198 4172
105.376194 1198 4172
105.376237 1198 4172
105.384232 1198 4172
105.384267 1198 4172
105.392201 958 4172
105.400343 1198 4172
105.400385 1198 4172
105.408251 1198 4172
105.408291 1198 4172
105.418397 1198 4172
105.424206 1198 4172
105.424245 990 4172
105.433465 1198 4172
105.433540 1198 4172
105.440353 1198 4172
105.448219 1198 4172
105.448262 110 4172
105.448293 1198 4172
105.456242 1198 4172
105.471330 814 4172
105.471696 1198 4172
105.472162 1198 4172
105.472218 1198 4172
105.487580 1198 4172
105.489080 110 4172
105.489117 1198 4172
105.489149 1198 4172
105.501644 1198 4172
105.505301 238 4172
105.505348 1198 4172
105.505378 1198 4172
105.517067 1198 4172
105.520275 1198 4172
105.520328 1198 4172
105.521813 60 60000
105.532984 1198 4172
105.533211 782 4172
105.536216 1198 4172
105.536257 1198 4172
105.552916 1198 4172
105.559292 1198 4172
105.559373 110 4172
105.559405 1198 4172
105.559436 1198 4172
105.574819 750 4172
105.575120 1198 4172
105.576188 1198 4172
105.576227 1198 4172
105.584884 1198 4172
105.585221 1198 4172
105.592228 1198 4172
105.602913 1198 4172
105.603126 270 4172
105.603160 1198 4172
105.623482 1198 4172
105.627288 1198 4172
105.627324 1198 4172
105.627359 1198 4172
105.635001 334 4172
105.635044 174 4172
105.635078 174 4172
105.635109 126 4172
105.635139 670 4172
105.635169 1198 4172
105.640289 1198 4172
105.645889 1198 4172
105.645931 158 4172
105.645962 1198 4172
105.656320 1198 4172
105.667470 1198 4172
105.672304 1198 4172
105.672335 1198 4172
105.681134 542 4172
105.681179 1198 4172
105.688313 1198 4172
105.706335 1198 4172
105.706648 1134 4172
105.712728 1086 4172
105.712761 1198 4172
105.712799 1198 4172
105.723399 1198 4172
105.723530 1054 4172
105.728809 1198 4172
105.728849 1198 4172
105.736442 1198 4172
105.744207 110 4172
105.744283 1038 4172
105.744316 1198 4172
105.752596 1198 4172
105.752640 1198 4172
105.760241 1166 4172
105.768241 1198 4172
105.768280 1198 4172
105.776444 1198 4172
105.781958 830 4172
105.781989 1198 4172
105.792228 1198 4172
105.792305 1198 4172
105.802671 654 4172
105.802747 1198 4172
105.808630 1198 4172
105.816749 1198 4172
105.824232 1198 4172
105.824319 318 4172
105.824415 174 4172
105.835971 1198 4172
105.836059 1198 4172
105.848241 446 4172
105.848280 1198 4172
105.848310 1198 4172
105.856204 190 4172
105.856258 366 4172
105.856292 302 4172
105.856326 1198 4172
105.867021 1198 4172
105.868146 238 4172
105.868185 206 4172
105.868218 238 4172
105.868251 654 4172
105.868280 1198 4172
105.884244 1198 4172
105.884267 1198 4172
105.901390 1198 4172
105.901426 750 4172
105.912854 1198 4172
105.912893 558 4172
105.936275 1198 4172
105.936287 606 4172
105.945921 1198 4172
105.945967 1198 4172
105.946000 1198 4172
105.946032 1198 4172
105.946064 1198 4172
105.946097 606 4172
105.952183 1198 4172
105.952224 1198 4172
105.952249 1198 4172
105.952280 1198 4172
105.956905 1198 4172
105.968160 526 4172
105.968243 1198 4172
105.968257 1198 4172
105.976327 1198 4172
105.984879 1198 4172
105.984926 1198 4172
105.992317 1198 4172
105.992365 174 4172
105.992396 1198 4172
106.000323 1198 4172
106.008264 1198 4172
106.008336 1198 4172
106.016248 110 4172
106.016286 1198 4172
106.016328 1198 4172
106.024262 1022 4172
106.032238 1198 4172
106.032322 1198 4172
106.040190 1198 4172
106.040245 1198 4172
106.044170 1198 4172
106.056226 446 4172
106.056313 1198 4172
106.056351 1198 4172
106.064142 1198 4172
106.072302 1198 4172
106.072349 638 4172
106.080331 1198 4172
106.088233 1198 4172
106.088284 1198 4172
106.096227 1198 4172
106.096269 414 4172
106.104238 1198 4172
106.104279 1198 4172
106.112221 1198 4172
106.112269 1198 4172
106.128324 1198 4172
106.128355 1198 4172
106.132337 318 4172
106.144294 1198 4172
106.144384 1198 4172
106.152243 1198 4172
106.152279 1198 4172
106.160233 1006 4172
106.160288 1198 4172
106.168167 1198 4172
106.176208 1198 4172
106.176252 1198 4172
106.184253 1198 4172
106.184294 1198 4172
106.192222 462 4172
106.192265 1198 4172
106.200356 1198 4172
106.200413 1198 4172
106.208225 1198 4172
106.208275 206 4172
106.220176 142 4172
106.264218 1198 4172
106.308445 110 4172
106.340800 158 4172
106.352193 142 4172
106.364808 142 4172
106.376678 142 4172
106.388734 142 4172
106.396217 142 4172
106.404746 142 4172
106.412640 142 4172
106.425082 142 4172
106.438458 1118 4172
106.440197 1150 4172
106.440219 110 4172
106.456724 430 4172
106.469285 158 4172
106.481171 910 4172
106.484362 1054 4172
106.501524 1102 4172
106.509213 1198 4172
106.509262 126 4172
106.521222 1102 4172
106.528200 1166 4172
106.539643 1022 4172
106.539707 110 4172
106.539747 110 4172
106.539784 110 4172
106.545208 110 4172
106.553107 990 4172
106.565058 830 4172
106.572174 494 4172
106.586452 974 4172
106.596666 1198 4172
106.596715 318 4172
106.609118 542 4172
106.616195 830 4172
106.629369 1198 4172
106.637312 1198 4172
106.637352 350 4172
106.649374 1198 4172
106.649421 542 4172
106.649462 110 4172
106.657264 1198 4172
106.657310 750 4172
106.660319 1198 4172
106.660365 606 4172
106.681414 1198 4172
106.681424 670 4172
106.689262 1198 4172
106.689312 462 4172
106.701226 1198 4172
106.701322 238 4172
106.704095 1038 4172
106.725150 718 4172
106.734531 1198 4172
106.734579 126 4172
106.739538 1198 4172
106.740566 110 4172
106.748178 238 4172
106.761324 1182 4172
106.773478 1198 4172
106.773540 910 4172
106.785461 1198 4172
106.785551 1198 4172
106.785553 222 4172
106.792218 1198 4172
106.792264 1198 4172
106.792299 382 4172
106.792335 1102 4172
106.805473 1198 4172
106.805531 1198 4172
106.805582 558 4172
106.817434 1198 4172
106.817480 1198 4172
106.817520 414 4172
106.817558 110 4172
106.817594 110 4172
106.817633 110 4172
106.825384 1198 4172
106.825430 1198 4172
106.825467 510 4172
106.836695 1198 4172
106.836748 1198 4172
106.836783 174 4172
106.849242 1198 4172
106.849289 1006 4172
106.849328 110 4172
106.856983 1198 4172
106.857028 670 4172
106.869113 1038 4172
106.880244 1198 4172
106.880247 478 4172
106.889271 590 4172
106.901488 1198 4172
106.901535 782 4172
106.909623 1198 4172
106.909670 1198 4172
106.909708 686 4172
106.917660 1198 4172
106.917723 1198 4172
106.917763 1198 4172
106.917801 222 4172
106.924165 1198 4172
106.924204 1198 4172
106.924250 1198 4172
106.937629 1198 4172
106.937754 1198 4172
106.937756 1198 4172
106.937792 558 4172
106.949699 1198 4172
106.949751 1198 4172
106.949792 1198 4172
106.949830 318 4172
106.949872 110 4172
106.957564 1198 4172
106.957607 1198 4172
106.957645 1198 4172
106.957682 718 4172
106.957721 398 4172
106.968198 1198 4172
106.968241 1198 4172
106.968278 1198 4172
106.968313 174 4172
106.977326 1198 4172
106.977365 1198 4172
106.977398 974 4172
106.989058 1198 4172
106.989186 1198 4172
106.989188 430 4172
107.001437 1198 4172
107.001446 430 4172
107.012564 1198 4172
107.012588 1198 4172
107.012636 510 4172
107.025751 1198 4172
107.025832 1198 4172
107.025834 1198 4172
107.032319 1198 4172
107.032364 1198 4172
107.032400 1198 4172
107.032436 1198 4172
107.040196 190 4172
107.040237 1198 4172
107.040268 1198 4172
107.048234 1198 4172
107.056219 590 4172
107.056269 110 4172
107.056311 1198 4172
107.064206 638 4172
107.064244 1198 4172
107.072228 1198 4172
107.072267 110 4172
107.072377 110 4172
107.072419 110 4172
107.072457 1198 4172
107.080246 1198 4172
107.080293 958 4172
107.088225 1198 4172
107.088266 1198 4172
107.096227 1198 4172
107.100183 1198 4172
107.100233 606 4172
107.100278 1198 4172
107.112191 1198 4172
107.120217 1198 4172
107.120264 1198 4172
107.128252 1006 4172
107.128305 1198 4172
107.136205 1198 4172
107.136246 1198 4172
107.144192 1198 4172
107.152204 382 4172
107.152243 110 4172
107.152289 1198 4172
107.152326 1198 4172
107.160246 1198 4172
107.160286 1054 4172
107.168208 1198 4172
107.176259 1198 4172
107.176301 1198 4172
107.184259 142 4172
107.184319 1198 4172
107.184364 798 4172
107.188459 1198 4172
107.188512 1198 4172
107.232345 1198 4172
107.232462 350 4172
107.276161 110 4172
107.339720 110 4172
107.339777 110 4172
107.339817 110 4172
107.364372 110 4172
107.452197 110 4172
107.628287 110 4172
107.628384 110 4172
107.628389 110 4172
107.892361 110 4172
107.892411 110 4172
107.892451 110 4172
108.156159 110 4172
108.156226 110 4172
108.156319 110 4172
108.420448 110 4172
108.464269 110 4172
108.552308 110 4172
108.684252 110 4172
108.948378 110 4172
109.208281 110 4172
109.456402 110 4172
109.472146 110 4172
109.560280 110 4172
109.736231 110 4172
110.476193 110 4172
110.564614 110 4172
111.444034 110 4172
111.576131 110 4172
112.439687 110 4172
112.456201 110 4172
112.544161 110 4172
113.460191 110 4172
113.548113 110 4172
114.468272 110 4172
114.556196 110 4172
115.124051 110 4172
115.476083 110 4172
115.564255 110 4172
116.472206 110 4172
116.556287 110 4172
117.475996 110 4172
117.564030 110 4172
117.820211 110 4172
118.472042 110 4172
118.560150 110 4172
119.476030 110 4172
119.563996 110 4172
120.443979 110 4172
120.444031 110 4172
120.576029 110 4172
121.444027 110 4172
121.572066 110 4172
122.444035 110 4172
122.575965 110 4172
123.143984 110 4172
123.451957 110 4172
123.579987 110 4172
124.456043 110 4172
124.543985 110 4172
125.464217 110 4172
125.552010 110 4172
125.721994 1198 4172
125.722084 1198 4172
125.722108 1198 4172
125.722142 1198 4172
125.722196 1198 4172
125.722242 1198 4172
125.722274 702 4172
125.723995 1198 4172
125.724039 1198 4172
125.724083 1198 4172
125.724123 1198 4172
125.736131 1198 4172
125.736223 1198 4172
125.736243 606 4172
125.743970 1198 4172
125.744005 1198 4172
125.744043 1198 4172
125.744076 1198 4172
125.752069 1198 4172
125.752117 1198 4172
125.760067 654 4172
125.760104 1198 4172
125.760137 1198 4172
125.767929 1198 4172
125.767977 1198 4172
125.775951 1198 4172
125.775962 60 60000
125.783992 1198 4172
125.784043 510 4172
125.791917 1198 4172
125.791954 1198 4172
125.800027 1198 4172
125.800067 1198 4172
125.808100 1198 4172
125.808319 110 4172
125.809241 1198 4172
125.815210 382 4172
125.815263 1198 4172
125.824034 1198 4172
125.824117 1198 4172
125.832179 1198 4172
125.832249 1198 4172
125.839941 1198 4172
125.839997 1038 4172
125.847960 1198 4172
125.848021 1198 4172
125.855960 1198 4172
125.864077 1198 4172
125.864102 1198 4172
125.872065 1198 4172
125.872084 1134 4172
125.880072 1198 4172
125.880096 1198 4172
125.888049 1198 4172
125.888086 1198 4172
125.896080 1198 4172
125.896084 1198 4172
125.899969 1166 4172
125.900044 1198 4172
125.912040 1198 4172
125.920003 1198 4172
125.920039 1198 4172
125.927998 1198 4172
125.928042 1198 4172
125.936115 1198 4172
125.945645 1198 4172
125.951985 1198 4172
125.960072 1198 4172
125.960102 1198 4172
125.968008 110 4172
125.968028 1198 4172
125.968068 1198 4172
125.976104 574 4172
125.976107 1198 4172
125.984038 1198 4172
125.984058 1198 4172
125.987976 1198 4172
125.988013 1198 4172
126.000052 1198 4172
126.008052 1198 4172
126.016010 1198 4172
126.016047 1198 4172
126.024004 1198 4172
126.024043 1198 4172
126.032111 1198 4172
126.032133 190 4172
126.032165 1198 4172
126.040065 1198 4172
126.040089 1198 4172
126.047990 1198 4172
126.048022 494 4172
126.056087 1198 4172
126.056131 1198 4172
126.065235 1198 4172
126.065254 334 4172
126.065285 1198 4172
126.072035 110 4172
126.072056 1198 4172
126.072089 1198 4172
126.075953 1198 4172
126.088040 1198 4172
126.088064 286 4172
126.088097 1198 4172
126.095999 1198 4172
126.096027 1198 4172
126.103981 1198 4172
126.112112 1198 4172
126.120060 1198 4172
126.120082 766 4172
126.120114 1198 4172
126.132093 1198 4172
126.132276 1198 4172
126.136738 1022 4172
126.136777 1198 4172
126.144002 1198 4172
126.144022 1198 4172
126.152454 1198 4172
126.152491 830 4172
126.160083 1198 4172
126.164863 1198 4172
126.164987 1198 4172
126.176036 910 4172
126.176087 1198 4172
126.184088 1198 4172
126.184130 1198 4172
126.192018 1198 4172
126.192054 1198 4172
126.212922 1198 4172
126.213265 510 4172
126.213435 1198 4172
126.215997 1198 4172
126.216439 1198 4172
126.216474 1198 4172
126.224148 1198 4172
126.224169 1198 4172
126.232474 606 4172
126.232499 1198 4172
126.232530 1198 4172
126.245254 1198 4172
126.247082 1198 4172
126.248475 1198 4172
126.256026 1198 4172
126.256052 1198 4172
126.256089 926 4172
126.275680 1198 4172
126.275726 1198 4172
126.277441 1198 4172
126.280382 1198 4172
126.280448 1198 4172
126.280479 1198 4172
126.284547 926 4172
126.284593 1198 4172
126.296771 1198 4172
126.296838 1198 4172
126.308788 1198 4172
126.308832 1198 4172
126.312447 622 4172
126.312480 1198 4172
126.312523 1198 4172
126.320063 1198 4172
126.320118 1198 4172
126.340327 1198 4172
126.340355 558 4172
126.344000 110 4172
126.344028 1198 4172
126.344062 1198 4172
126.344096 1198 4172
126.344143 1198 4172
126.352070 1198 4172
126.352118 366 4172
126.352138 1198 4172
126.370050 1198 4172
126.370165 1198 4172
126.376077 1198 4172
126.376098 1198 4172
126.376125 1198 4172
126.376152 1198 4172
126.383998 446 4172
126.384036 1198 4172
126.384065 1198 4172
126.402233 1198 4172
126.402617 1198 4172
126.417633 1198 4172
126.417657 1198 4172
126.417688 1198 4172
126.417717 1198 4172
126.432152 1198 4172
126.432181 1198 4172
126.432211 1198 4172
126.441540 158 4172
126.441602 1198 4172
126.441638 1198 4172
126.441665 1198 4172
126.441699 1198 4172
126.448286 1198 4172
126.448374 110 4172
126.448498 1198 4172
126.459437 286 4172
126.459478 1198 4172
126.465728 1198 4172
126.465759 1198 4172
126.465788 1198 4172
126.480019 1198 4172
126.480531 1198 4172
126.496179 1198 4172
126.497411 270 4172
126.497449 1198 4172
126.497478 1198 4172
126.505579 1198 4172
126.505604 1198 4172
126.505642 1198 4172
126.505673 1198 4172
126.515715 286 4172
126.515821 1198 4172
126.519260 1198 4172
126.519316 1198 4172
126.519396 60 60000
126.519946 1198 4172
126.528156 1198 4172
126.528180 1198 4172
126.538143 702 4172
126.538171 1198 4172
126.538204 1198 4172
126.543963 1198 4172
126.543996 446 4172
126.555667 302 4172
126.555701 270 4172
126.555734 110 4172
126.555765 1198 4172
126.555796 1198 4172
126.559928 542 4172
126.568375 1198 4172
126.568411 1198 4172
126.575955 1198 4172
126.575987 1198 4172
126.580508 798 4172
126.580547 1198 4172
126.592000 1198 4172
126.592037 1198 4172
126.600044 1198 4172
126.600080 1022 4172
126.608041 110 4172
126.608063 1198 4172
126.615985 1198 4172
126.616006 1198 4172
126.624010 1198 4172
126.624048 1086 4172
126.636473 1198 4172
126.636498 1198 4172
126.645959 1198 4172
126.648012 1198 4172
126.648315 1198 4172
126.656011 110 4172
126.656052 206 4172
126.656079 1198 4172
126.668506 1198 4172
126.668533 1198 4172
126.674993 1150 4172
126.675151 1198 4172
126.680000 1198 4172
126.680036 1198 4172
126.688090 1198 4172
126.688124 1198 4172
126.696265 1198 4172
126.696294 1198 4172
126.704028 1198 4172
126.704046 1198 4172
126.712759 1198 4172
126.717527 750 4172
126.720698 1198 4172
126.728051 1198 4172
126.728081 1086 4172
126.728114 1198 4172
126.728139 1198 4172
126.735997 638 4172
126.736044 1198 4172
126.744029 1198 4172
126.752126 1198 4172
126.752160 110 4172
126.752194 574 4172
126.752231 1198 4172
126.760014 1198 4172
126.767313 1198 4172
126.767365 494 4172
126.767402 1198 4172
126.776000 1198 4172
126.776058 1198 4172
126.784048 1198 4172
126.784085 1198 4172
126.797624 382 4172
126.798722 1198 4172
126.798810 1198 4172
126.800007 1198 4172
126.800042 1198 4172
126.808901 1198 4172
126.808946 366 4172
126.808983 1198 4172
126.816023 1198 4172
126.816065 1198 4172
126.827765 1198 4172
126.827885 590 4172
126.828071 1198 4172
126.828140 1198 4172
126.832047 1198 4172
126.839975 894 4172
126.840012 446 4172
126.840042 1198 4172
126.851599 1198 4172
126.851660 174 4172
126.851700 110 4172
126.851722 1198 4172
126.854810 1198 4172
126.856251 1198 4172
126.864874 670 4172
126.864957 1198 4172
126.883258 1198 4172
126.883277 1198 4172
126.883303 1198 4172
126.893604 110 4172
126.893642 782 4172
126.893671 1198 4172
126.893697 1198 4172
126.893724 1198 4172
126.896008 1198 4172
126.896039 1006 4172
126.914386 1198 4172
126.914440 1198 4172
126.914562 1198 4172
126.938542 1198 4172
126.938665 1086 4172
126.938713 1198 4172
126.938744 1198 4172
126.943989 1198 4172
126.944023 1198 4172
126.944056 1198 4172
126.944101 206 4172
126.944133 1198 4172
126.944162 1198 4172
126.944191 1198 4172
126.955616 1198 4172
126.955619 1150 4172
126.960059 1198 4172
126.960092 110 4172
126.960124 1198 4172
126.968052 1198 4172
126.968113 1198 4172
126.968179 1086 4172
126.976330 1198 4172
126.976385 1198 4172
126.987772 1198 4172
126.991970 734 4172
126.997254 1198 4172
127.000006 1198 4172
127.000068 1198 4172
127.000107 1198 4172
127.008025 622 4172
127.008044 1198 4172
127.021326 1198 4172
127.021425 1198 4172
127.023986 1198 4172
127.024020 1198 4172
127.024052 558 4172
127.036750 1198 4172
127.036771 1198 4172
127.039927 1198 4172
127.039961 1198 4172
127.048011 110 4172
127.048039 478 4172
127.055362 1198 4172
127.055410 1198 4172
127.055923 1198 4172
127.070618 366 4172
127.070667 1198 4172
127.072008 1198 4172
127.086207 350 4172
127.086220 1198 4172
127.086252 1198 4172
127.087937 1198 4172
127.087975 1198 4172
127.096058 574 4172
127.096084 1198 4172
127.096113 1198 4172
127.103975 1198 4172
127.104029 1198 4172
127.136103 1198 4172
127.136106 462 4172
127.136215 126 4172
127.136232 126 4172
127.136256 126 4172
127.140746 110 4172
127.140784 1198 4172
127.140814 1198 4172
127.140843 1198 4172
127.140871 1198 4172
127.140902 414 4172
127.140928 110 4172
127.159747 1198 4172
127.159771 1198 4172
127.159826 1198 4172
127.159889 1198 4172
127.159923 1166 4172
127.159977 1198 4172
127.168022 1198 4172
127.168065 1198 4172
127.168093 1198 4172
127.168120 1198 4172
127.172709 1198 4172
127.172733 542 4172
127.179985 1198 4172
127.180020 1198 4172
127.183843 1198 4172
127.195928 1198 4172
127.195968 1198 4172
127.196005 1198 4172
127.204138 990 4172
127.204175 1198 4172
127.211947 1198 4172
127.211987 1198 4172
127.220046 1198 4172
127.220081 1198 4172
127.227911 1198 4172
127.227974 1198 4172
127.228011 1134 4172
127.236317 1198 4172
127.236357 1198 4172
127.243929 1198 4172
127.243968 1198 4172
127.252076 1198 4172
127.252111 1198 4172
127.252147 702 4172
127.260035 110 4172
127.260085 1198 4172
127.260124 1198 4172
127.268277 1198 4172
127.268315 1198 4172
127.271874 1198 4172
127.271911 1198 4172
127.271964 462 4172
127.284207 1198 4172
127.284242 1198 4172
127.291899 1198 4172
127.291949 1198 4172
127.300189 814 4172
127.300231 1198 4172
127.308002 1198 4172
127.308039 1198 4172
127.308076 1198 4172
127.316486 1198 4172
127.316521 558 4172
127.316559 1198 4172
127.324031 1198 4172
127.324070 1198 4172
127.332212 1198 4172
127.332260 1198 4172
127.339896 1198 4172
127.339948 558 4172
127.339992 1198 4172
127.348263 110 4172
127.348302 1198 4172
127.348345 1198 4172
127.356027 1198 4172
127.356072 1198 4172
127.359852 430 4172
127.359892 1198 4172
127.359934 1198 4172
127.371967 1198 4172
127.372010 1198 4172
127.372051 1150 4172
127.380295 1198 4172
127.380346 1198 4172
127.387961 1198 4172
127.388003 1198 4172
127.396259 1102 4172
127.396303 1198 4172
127.404020 1198 4172
127.404077 1198 4172
127.404127 110 4172
127.404174 1198 4172
127.412150 1198 4172
127.412188 510 4172
127.412226 1198 4172
127.419985 1198 4172
127.420028 1102 4172
127.439864 126 4172
127.572615 126 4172
127.579998 126 4172
127.592510 126 4172
127.604960 126 4172
127.614256 1198 4172
127.614310 1198 4172
127.614355 1198 4172
127.614393 1198 4172
127.614432 1198 4172
127.614468 1198 4172
127.614505 1198 4172
127.614540 462 4172
127.624000 1198 4172
127.624040 1198 4172
127.624077 1198 4172
127.624113 462 4172
127.636500 446 4172
127.648336 126 4172
127.656373 126 4172
127.664491 126 4172
127.664543 110 4172
127.664584 110 4172
127.668055 126 4172
127.684497 126 4172
127.696492 126 4172
127.708370 126 4172
127.711870 126 4172
127.733692 126 4172
127.741509 1198 4172
127.741556 1006 4172
127.753468 1198 4172
127.753568 894 4172
127.755952 1198 4172
127.755996 318 4172
127.773519 1198 4172
127.773554 334 4172
127.785126 1198 4172
127.785218 782 4172
127.798233 1198 4172
127.798339 814 4172
127.800027 926 4172
127.817145 206 4172
127.829582 1198 4172
127.829727 446 4172
127.837507 1198 4172
127.837552 1198 4172
127.837590 142 4172
127.844067 1198 4172
127.844113 1198 4172
127.844151 414 4172
127.857659 1198 4172
127.857705 1198 4172
127.857745 782 4172
127.869650 1198 4172
127.869697 1198 4172
127.869736 798 4172
127.881547 1198 4172
127.881590 1198 4172
127.881628 558 4172
127.887885 1198 4172
127.887926 542 4172
127.897574 1150 4172
127.910321 1198 4172
127.910343 926 4172
127.917825 1198 4172
127.917878 1198 4172
127.917921 1198 4172
127.917958 366 4172
127.919936 1198 4172
127.919981 1198 4172
127.920020 1198 4172
127.920067 206 4172
127.929721 1198 4172
127.929817 1198 4172
127.931953 1198 4172
127.932057 1198 4172
127.932127 622 4172
127.932178 110 4172
127.932218 110 4172
127.932256 110 4172
127.953772 1198 4172
127.953944 1198 4172
127.953977 606 4172
127.965216 1198 4172
127.965265 1198 4172
127.965301 382 4172
127.975926 1198 4172
127.975964 974 4172
127.989313 1182 4172
128.001760 1198 4172
128.001807 1198 4172
128.004189 1198 4172
128.004234 1198 4172
128.004275 590 4172
128.009859 1198 4172
128.011971 1198 4172
128.012024 1198 4172
128.012065 1198 4172
128.012104 1086 4172
128.020208 110 4172
128.020250 1198 4172
128.029821 1198 4172
128.029860 1198 4172
128.029902 1198 4172
128.029940 1198 4172
128.029977 734 4172
128.037826 1198 4172
128.037876 1198 4172
128.037919 1198 4172
128.037960 1198 4172
128.037997 590 4172
128.045890 1198 4172
128.045940 1198 4172
128.045982 1198 4172
128.046020 1198 4172
128.046060 126 4172
128.057701 1198 4172
128.057779 1198 4172
128.057860 1198 4172
128.057879 1102 4172
128.063990 1198 4172
128.064034 1198 4172
128.064065 1198 4172
128.073993 1198 4172
128.074025 1198 4172
128.074067 1198 4172
128.074105 190 4172
128.082027 1198 4172
128.082066 1198 4172
128.082104 1198 4172
128.082140 1198 4172
128.082177 1198 4172
128.082215 558 4172
128.087921 1198 4172
128.087976 1198 4172
128.088014 1198 4172
128.096088 558 4172
128.096142 1198 4172
128.103919 1198 4172
128.107875 1198 4172
128.120111 334 4172
128.120206 1198 4172
128.120241 1198 4172
128.127959 1198 4172
128.128002 1198 4172
128.136021 1198 4172
128.136073 286 4172
128.136116 462 4172
128.136160 1198 4172
128.144059 1198 4172
128.144105 1198 4172
128.151922 1198 4172
128.151993 1198 4172
128.160002 1198 4172
128.160052 430 4172
128.160094 1198 4172
128.167937 1198 4172
128.167985 718 4172
128.175932 1198 4172
128.175969 1198 4172
128.176009 382 4172
128.183936 1198 4172
128.183983 1198 4172
128.184023 1198 4172
128.192026 574 4172
128.192068 1198 4172
128.192105 1198 4172
128.196094 1198 4172
128.196152 1198 4172
128.208008 1198 4172
128.208101 110 4172
128.208144 110 4172
128.208186 110 4172
128.208224 814 4172
128.216057 1198 4172
128.216095 1198 4172
128.216132 1198 4172
128.223995 1198 4172
128.224040 1198 4172
128.232042 1198 4172
128.232090 350 4172
128.232136 1198 4172
128.239895 1198 4172
128.239934 1198 4172
128.247912 1198 4172
128.247964 1198 4172
128.248007 1198 4172
128.255924 110 4172
128.255960 1198 4172
128.264046 1198 4172
128.264143 1198 4172
128.271899 1198 4172
128.271946 1198 4172
128.271986 1198 4172
128.280019 974 4172
128.280064 1198 4172
128.283852 1198 4172
128.283892 1198 4172
128.295956 1198 4172
128.296005 1198 4172
128.304016 1198 4172
128.304061 494 4172
128.304104 1198 4172
128.311890 1198 4172
128.311929 1198 4172
128.319911 1198 4172
128.319963 1198 4172
128.320023 1198 4172
128.327935 1198 4172
128.328015 318 4172
128.328085 1198 4172
128.336037 1198 4172
128.336076 1198 4172
128.343917 1198 4172
128.343975 1198 4172
128.351909 702 4172
128.351951 1198 4172
128.352001 1198 4172
128.359917 1198 4172
128.359967 1198 4172
128.367889 206 4172
128.367935 1198 4172
128.367975 1198 4172
128.372062 1198 4172
128.372113 1198 4172
128.384033 1198 4172
128.384096 1198 4172
128.384134 1198 4172
128.391900 1198 4172
128.391943 1198 4172
128.400096 1198 4172
128.400193 206 4172
128.400219 1198 4172
128.407969 1198 4172
128.408015 1198 4172
128.408051 1198 4172
128.416052 1198 4172
128.423913 1198 4172
128.423961 1198 4172
128.424004 862 4172
128.432018 1198 4172
128.432060 1198 4172
128.439908 1198 4172
128.439960 1198 4172
128.440000 1198 4172
128.447913 1198 4172
128.455990 1198 4172
128.456038 110 4172
128.456082 254 4172
128.456123 1198 4172
128.459837 1198 4172
128.459876 110 4172
128.471923 110 4172
128.471966 110 4172
128.472017 1198 4172
128.472066 1198 4172
128.472125 1198 4172
128.479917 1198 4172
128.479954 334 4172
128.479995 1198 4172
128.487931 1198 4172
128.487979 1198 4172
128.495895 1198 4172
128.495937 1198 4172
128.496000 1198 4172
128.503918 1198 4172
128.503966 1198 4172
128.511929 1198 4172
128.511971 1198 4172
128.512005 494 4172
128.519959 1198 4172
128.520001 1198 4172
128.520034 1198 4172
128.527908 942 4172
128.527957 1198 4172
128.536022 1134 4172
128.536070 1198 4172
128.536111 1198 4172
128.543934 1198 4172
128.543978 1198 4172
128.548078 110 4172
128.548123 1198 4172
128.548184 990 4172
128.548231 1198 4172
128.560003 1198 4172
128.560190 1198 4172
128.567916 1198 4172
128.567965 1198 4172
128.568007 1198 4172
128.575918 1198 4172
128.575959 1198 4172
128.583930 1198 4172
128.583977 1198 4172
128.591861 1198 4172
128.591918 1198 4172
128.600025 1198 4172
128.600065 1198 4172
128.600112 1198 4172
128.607942 1198 4172
128.607985 1198 4172
128.615934 1102 4172
128.615990 638 4172
128.616052 1198 4172
128.623904 1198 4172
128.623965 1198 4172
128.624004 1198 4172
128.631924 1198 4172
128.635913 1198 4172
128.635951 1198 4172
128.648018 110 4172
128.648068 1198 4172
128.648112 430 4172
128.648149 1198 4172
128.656008 1198 4172
128.656047 1198 4172
128.663918 1198 4172
128.663963 1198 4172
128.664009 1198 4172
128.671894 1198 4172
128.671940 1198 4172
128.679937 1198 4172
128.679969 1198 4172
128.680001 1198 4172
128.687901 1198 4172
128.687945 286 4172
128.687990 1198 4172
128.688028 1198 4172
128.695902 1198 4172
128.695946 1198 4172
128.703959 1198 4172
128.703997 1198 4172
128.704035 1198 4172
128.712038 1198 4172
128.712084 1198 4172
128.719890 830 4172
128.719935 1198 4172
128.719975 1198 4172
128.724037 110 4172
128.724084 110 4172
128.724133 110 4172
128.724176 1198 4172
128.724226 1198 4172
128.736005 1198 4172
128.736060 1198 4172
128.736103 1198 4172
128.743962 1198 4172
128.744000 1198 4172
128.751958 958 4172
128.752023 110 4172
128.752105 1198 4172
128.752164 1198 4172
128.759947 1198 4172
128.759990 1198 4172
128.760023 1198 4172
128.767854 1198 4172
128.767914 1198 4172
128.775929 1198 4172
128.775966 1198 4172
128.776002 1198 4172
128.783889 1198 4172
128.783945 1198 4172
128.792023 1198 4172
128.792065 1198 4172
128.792106 1198 4172
128.799942 1198 4172
128.799995 1198 4172
128.812035 318 4172
128.812071 782 4172
128.812123 382 4172
128.944027 110 4172
129.032097 110 4172
129.032195 110 4172
129.032227 110 4172
129.296022 110 4172
129.296127 110 4172
129.296169 110 4172
129.472113 110 4172
129.540291 110 4172
129.540342 110 4172
129.540384 110 4172
129.560022 110 4172
129.819924 110 4172
130.084046 110 4172
130.344041 110 4172
130.475920 110 4172
130.564149 110 4172
130.651942 110 4172
130.916229 110 4172
131.176033 110 4172
131.439924 110 4172
131.483917 110 4172
131.572216 110 4172
131.704101 110 4172
132.451893 110 4172
132.580034 110 4172
133.455970 110 4172
133.544007 110 4172
134.371937 110 4172
134.460047 110 4172
134.548029 110 4172
135.456226 110 4172
135.544020 110 4172
136.451847 110 4172
136.583962 110 4172
137.024013 110 4172
137.459943 110 4172
138.555991 110 4172
139.476004 110 4172
139.563936 110 4172
139.695916 110 4172
140.483893 110 4172
140.567961 110 4172
141.575938 110 4172
141.848187 174 4172
141.848226 174 4172
141.852441 174 4172
141.852480 174 4172
141.852508 174 4172
141.852538 174 4172
141.852567 174 4172
141.855871 174 4172
141.855904 174 4172
141.855934 174 4172
141.855963 174 4172
141.855998 174 4172
141.860736 174 4172
141.860776 174 4172
141.883828 1198 4172
141.883924 174 4172
141.883982 1198 4172
141.884027 1198 4172
141.884072 1198 4172
141.884115 622 4172
141.927857 958 4172
141.971893 1198 4172
142.100044 110 4172
142.262180 1006 4172
142.276069 1198 4172
142.276071 1198 4172
142.276072 334 4172
142.359920 110 4172
142.416542 1198 4172
142.416613 142 4172
142.428560 1198 4172
142.428618 990 4172
142.439944 1198 4172
142.439997 1022 4172
142.447817 110 4172
142.447886 1198 4172
142.447936 894 4172
142.464505 1198 4172
142.464561 926 4172
142.472507 1198 4172
142.472559 958 4172
142.484530 1198 4172
142.484635 1198 4172
142.491817 1198 4172
142.491876 1102 4172
142.508569 1198 4172
142.508672 1102 4172
142.516505 1198 4172
142.516566 1198 4172
142.516607 142 4172
142.528684 1198 4172
142.528691 1198 4172
142.528774 190 4172
142.535711 1198 4172
142.535766 1198 4172
142.535817 350 4172
142.548581 110 4172
142.548647 1198 4172
142.548689 1198 4172
142.548736 990 4172
142.562049 1198 4172
142.562107 1198 4172
142.562149 1198 4172
142.562201 814 4172
142.568812 1198 4172
142.568869 398 4172
142.580699 1198 4172
142.580768 1198 4172
142.580811 1198 4172
142.580870 1198 4172
142.580940 1198 4172
142.580991 126 4172
142.588819 1198 4172
142.588869 1198 4172
142.588915 1198 4172
142.588976 1198 4172
142.589010 1198 4172
142.589053 830 4172
142.600834 1198 4172
142.600936 1198 4172
142.600938 1198 4172
142.600979 1198 4172
142.601025 1198 4172
142.608871 1198 4172
142.608943 1198 4172
142.608990 1198 4172
142.609034 1198 4172
142.609076 1198 4172
142.609120 1198 4172
142.609168 542 4172
142.620877 1198 4172
142.621003 1198 4172
142.621005 1198 4172
142.621030 1198 4172
142.621070 1198 4172
142.621108 1198 4172
142.621147 894 4172
142.621187 1198 4172
142.621225 222 4172
142.623823 1198 4172
142.623874 1198 4172
142.623919 1198 4172
142.623963 110 4172
142.624019 1198 4172
142.624091 1198 4172
142.635859 846 4172
142.635960 1198 4172
142.635961 1198 4172
142.643876 1198 4172
142.643929 1198 4172
142.651888 110 4172
142.652060 1198 4172
142.652114 1198 4172
142.659879 1198 4172
142.659929 414 4172
142.659970 1198 4172
142.660012 1198 4172
142.667866 1198 4172
142.667912 1198 4172
142.675886 1198 4172
142.675935 1198 4172
142.675980 110 4172
142.676024 1198 4172
142.683862 1198 4172
142.683915 1198 4172
142.683964 1198 4172
142.691860 1198 4172
142.691909 1198 4172
142.699931 606 4172
142.699985 1198 4172
142.700034 1198 4172
142.707904 1198 4172
142.707941 1198 4172
142.707975 1198 4172
142.711810 1198 4172
142.711858 238 4172
142.711900 1198 4172
142.711937 1198 4172
142.723861 1198 4172
142.723951 1198 4172
142.731888 1198 4172
142.731935 414 4172
142.731988 1198 4172
142.732028 1198 4172
142.739929 1198 4172
142.739966 1198 4172
142.747906 1198 4172
142.747949 494 4172
142.747989 1198 4172
142.748026 1198 4172
142.755929 1198 4172
142.755975 110 4172
142.763869 1198 4172
142.763922 1166 4172
142.763970 1198 4172
142.771842 1198 4172
142.771896 110 4172
142.771926 1198 4172
142.771954 1198 4172
142.779827 1198 4172
142.779858 1198 4172
142.788845 1198 4172
142.788867 1198 4172
142.788897 1198 4172
142.795901 1198 4172
142.795949 1198 4172
142.795993 1198 4172
142.799833 1198 4172
142.799909 558 4172
142.811860 1198 4172
142.811949 1198 4172
142.811983 1198 4172
142.820129 1198 4172
142.820168 1198 4172
142.820205 1198 4172
142.827859 1198 4172
142.827916 1198 4172
142.827955 1198 4172
142.835978 1198 4172
142.836024 1198 4172
142.836063 1198 4172
142.843826 750 4172
142.843873 1198 4172
142.843918 1198 4172
142.851882 1198 4172
142.851924 1198 4172
142.851975 110 4172
142.852018 1198 4172
142.859845 1198 4172
142.859890 1198 4172
142.859931 1198 4172
142.867888 1198 4172
142.867932 1198 4172
142.867969 1198 4172
142.875852 1198 4172
142.875893 1198 4172
142.875933 1198 4172
142.883858 286 4172
142.883905 110 4172
142.883943 110 4172
142.883980 1198 4172
142.884018 1198 4172
142.887784 1198 4172
142.887820 1198 4172
142.900117 1198 4172
142.900196 1198 4172
142.900226 1198 4172
142.908018 1198 4172
142.908053 1198 4172
142.908093 1198 4172
142.915857 1198 4172
142.915920 1198 4172
142.915960 830 4172
142.916000 1198 4172
142.923851 1198 4172
142.923890 1198 4172
142.923928 1198 4172
142.931876 1198 4172
142.931926 1198 4172
142.931964 1198 4172
142.939893 1198 4172
142.939940 1198 4172
142.939978 1198 4172
142.947857 1198 4172
142.947891 1198 4172
142.947938 1198 4172
142.955882 1198 4172
142.955940 110 4172
142.955981 1198 4172
142.956020 1198 4172
142.963891 1198 4172
142.963935 1198 4172
142.963975 1198 4172
142.971854 1198 4172
142.971910 1198 4172
142.971946 1198 4172
142.975856 1198 4172
142.975898 1198 4172
142.975941 254 4172
142.988744 1198 4172
142.988785 1198 4172
142.988823 1198 4172
142.995921 1198 4172
142.995983 1198 4172
142.996031 1198 4172
143.003856 1198 4172
143.003902 1198 4172
143.003941 1198 4172
143.011890 302 4172
143.011931 1198 4172
143.011968 1198 4172
143.019918 1198 4172
143.019958 1198 4172
143.019992 1198 4172
143.028029 1198 4172
143.028078 1198 4172
143.028113 126 4172
143.028150 1198 4172
143.028185 1198 4172
143.035927 1198 4172
143.035980 1198 4172
143.043836 1198 4172
143.043886 1198 4172
143.043925 1198 4172
143.051857 1198 4172
143.051902 110 4172
143.051944 1198 4172
143.051981 318 4172
143.059923 1198 4172
143.059962 1198 4172
143.060000 1198 4172
143.063814 1198 4172
143.063863 1198 4172
143.063915 1198 4172
143.075856 1198 4172
143.075894 814 4172
143.075934 1198 4172
143.075976 1198 4172
143.083859 1198 4172
143.083911 1198 4172
143.083952 1198 4172
143.091866 526 4172
143.091911 1198 4172
143.091956 1198 4172
143.099927 1198 4172
143.099966 1198 4172
143.100003 1038 4172
143.107887 1198 4172
143.107932 1198 4172
143.107972 1198 4172
143.115859 1198 4172
143.115897 1198 4172
143.115933 1198 4172
143.123859 126 4172
143.123911 1198 4172
143.123951 1198 4172
143.123988 1198 4172
143.131925 1198 4172
143.131967 1198 4172
143.139878 974 4172
143.139937 1198 4172
143.139978 1198 4172
143.147850 1198 4172
143.147898 1198 4172
143.147941 1198 4172
143.151815 110 4172
143.151852 110 4172
143.151890 110 4172
143.151926 110 4172
143.151964 1198 4172
143.152000 990 4172
143.152037 1198 4172
143.163918 1198 4172
143.163967 1198 4172
143.164007 1198 4172
143.171841 1198 4172
143.171894 1198 4172
143.179845 1198 4172
143.179888 910 4172
143.179929 1198 4172
143.187898 1198 4172
143.187934 1198 4172
143.187971 1198 4172
143.195858 1198 4172
143.195916 1198 4172
143.195956 1198 4172
143.203950 1198 4172
143.204003 718 4172
143.204042 1198 4172
143.204080 1198 4172
143.211891 1198 4172
143.211930 1198 4172
143.211978 1198 4172
143.220153 1198 4172
143.220190 1086 4172
143.220226 1198 4172
143.227861 1198 4172
143.227922 1198 4172
143.227971 1198 4172
143.236027 1198 4172
143.236067 1198 4172
143.236103 1198 4172
143.239809 1198 4172
143.239872 1198 4172
143.239913 1198 4172
143.251864 1198 4172
143.251909 1198 4172
143.251952 110 4172
143.251993 1198 4172
143.259889 622 4172
143.259942 1198 4172
143.259981 1198 4172
143.260020 1198 4172
143.267884 1198 4172
143.267930 1086 4172
143.275878 1198 4172
143.275921 1198 4172
143.283870 1198 4172
143.283920 1198 4172
143.283960 1198 4172
143.291799 270 4172
143.291849 1198 4172
143.291889 1198 4172
143.291925 1198 4172
143.299906 1198 4172
143.299946 1198 4172
143.299984 1198 4172
143.307893 1198 4172
143.307936 1198 4172
143.307971 222 4172
143.308010 1198 4172
143.315868 1198 4172
143.315910 1198 4172
143.315958 1198 4172
143.323851 1198 4172
143.323900 142 4172
143.323937 1198 4172
143.323972 1198 4172
143.327810 1198 4172
143.327856 1198 4172
143.327894 1198 4172
143.339947 142 4172
143.339995 1198 4172
143.340038 1198 4172
143.340075 1198 4172
143.347899 1198 4172
143.347944 1198 4172
143.347983 1198 4172
143.355865 1198 4172
143.355906 958 4172
143.355955 1198 4172
143.360721 222 4172
143.360765 1198 4172
143.360808 574 4172
143.368732 1198 4172
143.368780 574 4172
143.371811 1198 4172
143.371867 670 4172
143.388736 1198 4172
143.388779 894 4172
143.400789 1198 4172
143.400830 1054 4172
143.412817 1198 4172
143.412907 1006 4172
143.415797 1198 4172
143.415840 1054 4172
143.415885 110 4172
143.415921 110 4172
143.415957 110 4172
143.428844 1198 4172
143.428890 894 4172
143.439936 1198 4172
143.439977 1054 4172
143.452875 110 4172
143.452918 1198 4172
143.452956 1070 4172
143.459876 1198 4172
143.459921 1198 4172
143.459957 206 4172
143.468386 414 4172
143.476350 254 4172
143.488321 286 4172
143.500296 286 4172
143.503799 286 4172
143.520333 270 4172
143.528298 254 4172
143.536434 238 4172
143.539915 206 4172
143.544308 110 4172
143.547812 158 4172
143.568380 190 4172
143.580291 190 4172
143.591817 190 4172
143.675928 110 4172
143.679862 110 4172
143.679902 110 4172
143.679938 110 4172
143.767863 110 4172
143.988099 110 4172
143.988159 110 4172
143.988201 110 4172
144.251819 110 4172
144.251873 110 4172
144.471815 110 4172
144.515867 110 4172
144.559944 110 4172
144.779758 110 4172
145.044099 110 4172
145.307868 110 4172
145.483904 110 4172
145.540111 110 4172
145.571888 110 4172
145.835823 110 4172
146.099817 110 4172
146.363938 110 4172
146.452028 110 4172
146.561085 110 4172
146.709359 910 4172
146.712019 1198 4172
146.712051 1198 4172
146.712080 1198 4172
146.712108 1198 4172
146.712138 446 4172
146.719084 1198 4172
146.719117 1198 4172
146.719154 1198 4172
146.719184 1198 4172
146.719212 718 4172
146.719264 1198 4172
146.719307 1198 4172
146.719339 1198 4172
146.719368 1198 4172
146.719398 814 4172
146.722706 1198 4172
146.722742 1198 4172
146.722773 1198 4172
146.722804 1198 4172
146.722833 1198 4172
146.722866 430 4172
146.729010 1198 4172
146.729035 1198 4172
146.729062 1198 4172
146.729091 1198 4172
146.729119 622 4172
146.731920 1198 4172
146.731971 1198 4172
146.735821 1198 4172
146.735860 1198 4172
146.735897 1198 4172
146.747927 1198 4172
146.747969 1198 4172
146.748000 1198 4172
146.748028 1102 4172
146.755895 1198 4172
146.755924 1198 4172
146.755955 1198 4172
146.763833 1198 4172
146.763914 1198 4172
146.763959 558 4172
146.771933 1198 4172
146.771990 1198 4172
146.772033 1198 4172
146.779758 1198 4172
146.779801 302 4172
146.779855 1198 4172
146.779887 1198 4172
146.789807 1198 4172
146.789845 1198 4172
146.789881 1198 4172
146.795807 1198 4172
146.795858 1198 4172
146.795901 1198 4172
146.804266 1198 4172
146.804310 1198 4172
146.804347 1198 4172
146.811819 414 4172
146.811855 1198 4172
146.811886 1198 4172
146.811916 1198 4172
146.823526 1198 4172
146.823680 126 4172
146.823744 702 4172
146.823792 846 4172
146.823843 1198 4172
146.827806 1198 4172
146.827850 1198 4172
146.835901 1198 4172
146.835935 830 4172
146.835968 1198 4172
146.835995 1198 4172
146.844446 1198 4172
146.844490 1198 4172
146.844512 622 4172
146.855019 1198 4172
146.855102 1198 4172
146.855134 1198 4172
146.872449 1198 4172
146.872554 622 4172
146.872586 846 4172
146.872622 478 4172
146.876034 158 4172
146.876069 158 4172
146.876096 158 4172
146.876122 158 4172
146.876148 158 4172
146.876182 158 4172
146.876202 158 4172
146.876227 238 4172
146.912209 158 4172
146.912273 110 4172
146.912301 158 4172
146.912331 158 4172
146.912362 158 4172
146.912391 158 4172
146.912419 158 4172
146.912448 158 4172
146.912477 174 4172
146.912506 382 4172
146.921306 126 4172
147.036362 414 4172
147.044811 1198 4172
147.044846 1198 4172
147.044878 1198 4172
147.044912 1198 4172
147.044945 1198 4172
147.044975 590 4172
147.045005 1198 4172
147.045035 1198 4172
147.045064 1198 4172
147.045093 1198 4172
147.045125 1198 4172
147.045157 1198 4172
147.045185 1198 4172
147.045215 1198 4172
147.045243 1198 4172
147.051906 606 4172
147.051953 1198 4172
147.051989 1198 4172
147.052019 1198 4172
147.052049 1198 4172
147.052078 1198 4172
147.052106 1198 4172
147.061184 1198 4172
147.061229 1198 4172
147.061264 1198 4172
147.061301 1198 4172
147.061337 1198 4172
147.067796 1198 4172
147.067840 1198 4172
147.067872 1198 4172
147.067903 1198 4172
147.067942 1198 4172
147.075905 1198 4172
147.083831 478 4172
147.083913 1198 4172
147.092077 1198 4172
147.092131 1198 4172
147.096045 1198 4172
147.108646 1198 4172
147.115779 1198 4172
147.115814 1198 4172
147.123919 1198 4172
147.131816 1198 4172
147.140528 1198 4172
147.140938 1198 4172
147.147798 1198 4172
147.155823 1198 4172
147.163769 1198 4172
147.163804 110 4172
147.163835 1198 4172
147.172300 1198 4172
147.179742 1198 4172
147.183652 1198 4172
147.183683 318 4172
147.183715 1198 4172
147.195741 1198 4172
147.203715 1198 4172
147.203794 1198 4172
147.211738 1198 4172
147.220314 1198 4172
147.227770 1198 4172
147.227853 1198 4172
147.235760 1198 4172
147.243833 1198 4172
147.243920 1198 4172
147.258255 958 4172
147.259762 1198 4172
147.270702 1198 4172
147.275955 1198 4172
147.275994 1198 4172
147.293838 1198 4172
147.307661 1198 4172
147.307761 1198 4172
147.307803 1198 4172
147.307851 1198 4172
147.322082 1198 4172
147.323914 254 4172
147.323962 1198 4172
147.324011 1198 4172
147.338620 1198 4172
147.338704 1198 4172
147.340304 1198 4172
147.340343 1198 4172
147.355104 1198 4172
147.355751 1198 4172
147.355776 1198 4172
147.368985 862 4172
147.369075 1198 4172
147.371749 1198 4172
147.379826 1198 4172
147.379865 1198 4172
147.387774 1198 4172
147.401432 1198 4172
147.401563 734 4172
147.404479 494 4172
147.404513 1134 4172
147.418684 1198 4172
147.418777 1198 4172
147.419711 1198 4172
147.432355 558 4172
147.432436 1198 4172
147.432462 1198 4172
147.438054 1198 4172
147.449425 1198 4172
147.449461 110 4172
147.449495 1198 4172
147.451696 270 4172
147.451736 1198 4172
147.460206 1198 4172
147.464086 110 4172
147.470679 1198 4172
147.470714 942 4172
147.476196 1198 4172
147.479015 1198 4172
147.483702 1198 4172
147.491779 1198 4172
147.491864 1198 4172
147.495861 430 4172
147.495902 1198 4172
147.508228 1198 4172
147.515750 1198 4172
147.523750 1198 4172
147.531872 1198 4172
147.531930 1070 4172
147.540039 1198 4172
147.540918 1198 4172
147.547859 1198 4172
147.555910 1198 4172
147.555974 1198 4172
147.563965 110 4172
147.564015 1198 4172
147.574700 1118 4172
147.574778 1198 4172
147.579827 1198 4172
147.583776 1198 4172
147.583817 1198 4172
147.595840 1198 4172
147.603842 1198 4172
147.603872 942 4172
147.611818 1198 4172
147.611861 1198 4172
147.619894 1198 4172
147.627854 1198 4172
147.627994 1198 4172
147.636295 1198 4172
147.643900 1198 4172
147.644007 446 4172
147.651819 1198 4172
147.651876 1198 4172
147.659817 1198 4172
147.667952 1198 4172
147.668003 990 4172
147.671827 1198 4172
147.671874 1198 4172
147.691842 1198 4172
147.691890 782 4172
147.699786 1198 4172
147.699852 110 4172
147.699900 1198 4172
147.707793 1198 4172
147.715776 686 4172
147.723846 1198 4172
147.723911 1198 4172
147.731850 286 4172
147.731899 286 4172
147.731937 750 4172
147.739800 1198 4172
147.739842 1198 4172
147.747821 1198 4172
147.755694 1198 4172
147.755785 574 4172
147.759854 1198 4172
147.759938 926 4172
147.771908 686 4172
147.771988 702 4172
147.779821 1198 4172
147.779867 1134 4172
147.787816 1198 4172
147.795815 974 4172
147.795917 1198 4172
147.803816 174 4172
147.803855 1198 4172
147.803902 1198 4172
147.811863 1182 4172
147.819831 158 4172
147.819871 174 4172
147.819908 158 4172
147.819945 158 4172
147.847761 1086 4172
147.891841 158 4172
147.935776 702 4172
147.968617 894 4172
147.979835 334 4172
147.979931 110 4172
148.136805 318 4172
148.155776 190 4172
148.155898 222 4172
148.199708 366 4172
148.199817 270 4172
148.219756 382 4172
148.219790 270 4172
148.235715 110 4172
148.243650 1198 4172
148.243693 702 4172
148.243725 142 4172
148.287765 158 4172
148.367953 334 4172
148.368000 286 4172
148.368037 158 4172
148.375707 558 4172
148.439867 334 4172
148.439918 1198 4172
148.439984 1054 4172
148.440024 1198 4172
148.440063 1198 4172
148.440099 958 4172
148.447848 1198 4172
148.447894 1198 4172
148.455755 1198 4172
148.455804 1198 4172
148.455849 302 4172
148.455892 1198 4172
148.463872 1198 4172
148.463926 1198 4172
148.463968 462 4172
148.468789 1198 4172
148.468831 510 4172
148.468888 382 4172
148.475757 1198 4172
148.475788 798 4172
148.504569 126 4172
148.504662 110 4172
148.507757 958 4172
148.551813 110 4172
148.551955 1134 4172
148.552047 142 4172
148.595747 1198 4172
148.683773 110 4172
148.740141 750 4172
148.759749 110 4172
148.767824 110 4172
148.771646 718 4172
148.859671 350 4172
148.859715 798 4172
148.867774 334 4172
148.903669 782 4172
148.935851 158 4172
148.947694 142 4172
148.972578 1022 4172
148.991831 478 4172
148.991912 158 4172
148.991950 398 4172
