0.069483 1198 4172
0.069546 1198 4172
0.069602 126 4172
0.069645 1198 4172
0.069687 1198 4172
0.069730 334 4172
0.273606 110 4172
0.519500 110 4172
0.582578 1198 4172
0.582663 1198 4172
0.582712 526 4172
0.583558 1166 4172
0.583607 1198 4172
0.583653 1102 4172
0.583698 974 4172
0.584522 1198 4172
0.584571 142 4172
0.584617 1198 4172
0.584662 286 4172
0.584707 1198 4172
0.584752 1198 4172
0.584829 1102 4172
0.586565 158 4172
0.586606 158 4172
0.601543 558 4172
0.642606 414 4172
0.642650 958 4172
0.653095 1198 4172
0.653145 1198 4172
0.653184 1198 4172
0.653217 734 4172
0.653418 1198 4172
0.653456 1198 4172
0.653486 1198 4172
0.653518 1198 4172
0.653557 1198 4172
0.653590 1198 4172
0.653620 1198 4172
0.653649 1198 4172
0.653678 1198 4172
0.653706 1198 4172
0.653740 1198 4172
0.653767 1182 4172
0.653795 1198 4172
0.653823 1198 4172
0.653851 1198 4172
0.653880 1198 4172
0.653907 1198 4172
0.653937 1198 4172
0.653965 1198 4172
0.653993 1198 4172
0.654021 1198 4172
0.654049 1198 4172
0.654077 1198 4172
0.654108 1198 4172
0.654136 1198 4172
0.658699 1198 4172
0.658744 782 4172
0.659927 1198 4172
0.665536 1198 4172
0.665570 1198 4172
0.665607 1198 4172
0.665640 1198 4172
0.665676 1198 4172
0.665710 1198 4172
0.665744 1198 4172
0.665775 1198 4172
0.665809 1198 4172
0.666662 1198 4172
0.666696 1198 4172
0.666730 1198 4172
0.666763 1198 4172
0.666795 766 4172
0.672681 1198 4172
0.672734 1198 4172
0.672770 1198 4172
0.672815 1198 4172
0.672855 1198 4172
0.678641 1198 4172
0.678682 1198 4172
0.678719 1198 4172
0.678753 1198 4172
0.678788 1198 4172
0.678822 574 4172
0.678857 1198 4172
0.683488 1198 4172
0.683529 1198 4172
0.683570 1198 4172
0.683609 1198 4172
0.690701 1198 4172
0.690740 1198 4172
0.690784 1198 4172
0.696652 1198 4172
0.696690 1198 4172
0.696734 1198 4172
0.696772 1198 4172
0.696807 1198 4172
0.702654 1198 4172
0.702691 1198 4172
0.702730 1198 4172
0.702766 1198 4172
0.708669 1038 4172
0.708722 1198 4172
0.708760 1198 4172
0.714643 1198 4172
0.714680 1198 4172
0.714711 1198 4172
0.714743 1198 4172
0.714772 1198 4172
0.720602 366 4172
0.720650 1198 4172
0.720694 1198 4172
0.720730 1198 4172
0.724603 1198 4172
0.724638 1198 4172
0.724681 686 4172
0.724719 718 4172
0.733125 1182 4172
0.733171 1198 4172
0.733206 1198 4172
0.733241 862 4172
0.733279 1198 4172
0.738599 1198 4172
0.738650 1198 4172
0.738686 1198 4172
0.738728 1198 4172
0.744690 1198 4172
0.744723 1198 4172
0.744760 1198 4172
0.744789 1198 4172
0.750690 654 4172
0.750737 1198 4172
0.750774 1198 4172
0.750810 1198 4172
0.750850 1198 4172
0.756756 1198 4172
0.756818 1198 4172
0.756874 1198 4172
0.762670 1198 4172
0.762742 1198 4172
0.762802 1198 4172
0.762857 766 4172
0.762914 1198 4172
0.765504 1198 4172
0.765556 1198 4172
0.765591 1198 4172
0.774708 110 4172
0.774776 1198 4172
0.774818 1198 4172
0.780685 1198 4172
0.780723 1198 4172
0.780762 1198 4172
0.780797 142 4172
0.780832 1198 4172
0.780864 1198 4172
0.786664 1198 4172
0.786709 1198 4172
0.786745 1198 4172
0.792693 1198 4172
0.792734 1198 4172
0.792770 1198 4172
0.792805 1198 4172
0.792841 254 4172
0.798666 1198 4172
0.798689 1198 4172
0.798722 1198 4172
0.798755 1198 4172
0.798789 1198 4172
0.804634 1198 4172
0.804680 1198 4172
0.804719 1198 4172
0.806518 1198 4172
0.806554 1198 4172
0.806593 1198 4172
0.806626 654 4172
0.806663 1198 4172
0.816655 1198 4172
0.816703 1198 4172
0.816740 1198 4172
0.816775 1198 4172
0.816810 1054 4172
0.822706 1198 4172
0.822744 110 4172
0.822781 1198 4172
0.822820 1198 4172
0.822854 766 4172
0.828639 718 4172
0.828684 558 4172
0.828720 174 4172
0.828755 1198 4172
0.828790 1198 4172
0.828826 1198 4172
0.834666 1198 4172
0.834706 1198 4172
0.834740 526 4172
0.834776 1198 4172
0.834810 1198 4172
0.840547 1198 4172
0.840584 1198 4172
0.840614 1198 4172
0.840650 1198 4172
0.846617 430 4172
0.846662 1198 4172
0.846697 1198 4172
0.847547 1198 4172
0.847584 958 4172
0.847619 158 4172
0.847656 1198 4172
0.847689 1198 4172
0.847724 1198 4172
0.858698 1198 4172
0.858751 174 4172
0.858788 1198 4172
0.858825 1198 4172
0.858859 1198 4172
0.888546 1198 4172
0.888603 718 4172
0.888640 158 4172
0.888669 142 4172
0.888695 702 4172
0.929602 110 4172
1.049585 110 4172
1.052520 110 4172
1.215549 190 4172
1.337667 110 4172
1.615620 110 4172
1.624560 142 4172
1.624622 190 4172
1.816691 190 4172
1.829684 110 4172
1.911654 142 4172
1.911698 110 4172
1.952607 110 4172
2.016644 190 4172
2.034634 110 4172
2.157680 110 4172
2.238755 190 4172
2.443711 110 4172
2.688670 110 4172
2.852742 110 4172
2.934677 110 4172
2.975616 110 4172
3.221726 110 4172
3.262542 142 4172
3.262590 142 4172
3.467647 142 4172
3.467694 142 4172
3.508659 110 4172
3.754689 110 4172
3.836680 110 4172
3.918675 110 4172
4.287772 142 4172
4.287857 142 4172
4.451699 142 4172
4.451771 142 4172
4.820726 110 4172
4.902748 142 4172
4.902786 142 4172
4.943860 110 4172
5.025756 110 4172
5.107715 142 4172
5.107761 142 4172
5.517762 142 4172
5.517823 142 4172
5.885719 142 4172
5.885765 142 4172
5.926745 110 4172
5.967830 142 4172
5.967887 142 4172
6.090786 142 4172
6.295674 142 4172
6.418942 110 4172
6.705765 142 4172
6.705819 142 4172
6.827818 110 4172
6.909781 142 4172
6.909835 142 4172
6.950812 110 4172
7.031941 110 4172
7.318835 142 4172
7.318890 142 4172
7.522787 142 4172
7.522791 142 4172
7.916940 142 4172
7.916993 142 4172
7.931890 110 4172
8.135871 142 4172
8.135960 142 4172
8.545868 142 4172
8.545878 142 4172
8.750897 142 4172
8.750906 142 4172
8.832835 110 4172
8.955919 110 4172
9.119932 110 4172
9.568953 142 4172
9.569047 142 4172
9.772953 142 4172
9.773019 142 4172
9.854963 110 4172
9.936903 110 4172
10.386864 142 4172
10.386918 142 4172
10.550987 142 4172
10.551039 142 4172
10.837010 110 4172
10.918906 110 4172
11.204969 142 4172
11.287033 398 4172
11.287080 318 4172
11.368983 142 4172
11.777095 110 4172
11.817144 142 4172
11.817210 142 4172
11.817912 110 4172
11.941023 110 4172
12.017224 142 4172
12.017248 142 4172
12.022924 110 4172
12.390920 142 4172
12.390946 142 4172
12.596000 142 4172
12.596025 142 4172
12.841932 110 4172
12.924042 110 4172
13.250997 142 4172
13.251029 142 4172
13.415174 142 4172
13.415258 142 4172
13.783012 142 4172
13.783017 142 4172
13.823949 110 4172
13.946222 110 4172
14.028017 142 4172
14.028021 142 4172
14.437109 110 4172
14.437119 142 4172
14.437196 142 4172
14.641174 142 4172
14.641253 142 4172
14.846148 110 4172
14.928097 110 4172
15.256118 142 4172
15.256127 142 4172
15.420028 142 4172
15.420050 142 4172
15.829120 110 4172
15.870089 142 4172
15.870186 142 4172
15.952056 110 4172
16.034055 110 4172
16.075087 142 4172
16.157204 142 4172
16.280049 142 4172
16.485150 142 4172
16.849719 110 4172
16.851963 142 4172
16.852003 142 4172
16.934065 110 4172
17.049877 110 4172
17.056092 142 4172
17.056172 142 4172
17.097209 110 4172
17.464115 142 4172
17.464212 142 4172
17.709163 142 4172
17.709232 142 4172
17.832160 110 4172
17.954083 110 4172
18.322122 142 4172
18.486115 142 4172
18.486127 142 4172
18.568190 142 4172
18.691256 142 4172
18.854140 110 4172
18.936063 110 4172
19.304216 142 4172
19.304288 142 4172
19.550219 142 4172
19.550266 142 4172
19.755090 110 4172
19.837162 110 4172
19.919200 110 4172
20.329220 142 4172
20.329305 142 4172
20.493266 142 4172
20.493274 142 4172
20.562221 60 60000
20.742585 158 4172
20.742668 542 4172
20.742681 206 4172
20.742710 158 4172
20.742749 158 4172
20.742769 158 4172
20.742795 158 4172
20.742829 158 4172
20.822148 110 4172
20.824484 1198 4172
20.824523 1198 4172
20.824553 1198 4172
20.824584 1198 4172
20.824611 1198 4172
20.824647 1198 4172
20.824673 1198 4172
20.824701 1198 4172
20.824731 1198 4172
20.824874 1198 4172
20.824912 366 4172
20.840942 1198 4172
20.840981 1198 4172
20.841016 1198 4172
20.841048 1198 4172
20.841129 1198 4172
20.841155 1198 4172
20.841187 1198 4172
20.841215 1198 4172
20.841243 1198 4172
20.841270 1118 4172
20.841300 1198 4172
20.841327 1198 4172
20.841353 1198 4172
20.841382 1198 4172
20.841409 1198 4172
20.841435 1198 4172
20.841480 1198 4172
20.841519 606 4172
20.858531 1198 4172
20.858602 1198 4172
20.858637 1198 4172
20.858669 1198 4172
20.858699 1198 4172
20.858728 1198 4172
20.858757 1198 4172
20.858786 1198 4172
20.858817 1198 4172
20.858848 494 4172
20.864477 1198 4172
20.864510 1198 4172
20.864545 1198 4172
20.864578 1198 4172
20.864611 1198 4172
20.864646 1198 4172
20.864680 1198 4172
20.864711 1198 4172
20.864744 1198 4172
20.864775 1198 4172
20.864812 1198 4172
20.866163 1198 4172
20.867548 1198 4172
20.868667 1198 4172
20.868806 174 4172
20.868849 1198 4172
20.868883 1198 4172
20.868913 1198 4172
20.868951 1198 4172
20.868983 1198 4172
20.869018 1198 4172
20.869048 1198 4172
20.869086 1198 4172
20.869119 1198 4172
20.869152 814 4172
20.869186 1198 4172
20.869218 1198 4172
20.869271 1198 4172
20.870230 1198 4172
20.870269 1198 4172
20.870304 1198 4172
20.876709 1198 4172
20.876760 1198 4172
20.876794 702 4172
20.876838 1198 4172
20.883623 1198 4172
20.883646 1198 4172
20.883682 1198 4172
20.890666 1198 4172
20.890698 1198 4172
20.890733 1198 4172
20.898260 1198 4172
20.898296 622 4172
20.898329 1198 4172
20.898360 1198 4172
20.898390 1198 4172
20.900287 1198 4172
20.900321 1198 4172
20.900356 1198 4172
20.900385 1198 4172
20.906293 1198 4172
20.906330 1198 4172
20.906363 1198 4172
20.906395 1198 4172
20.912296 1198 4172
20.912336 1198 4172
20.912368 1198 4172
20.912395 318 4172
20.912428 1198 4172
20.918210 1198 4172
20.918254 126 4172
20.918286 1198 4172
20.918317 1198 4172
20.918349 1198 4172
20.923443 1198 4172
20.923483 110 4172
20.923525 1198 4172
20.923557 1198 4172
20.923598 1198 4172
20.931706 1198 4172
20.931760 1198 4172
20.931797 414 4172
20.931842 1198 4172
20.931880 1198 4172
20.936205 1198 4172
20.936247 1198 4172
20.936276 1198 4172
20.936308 1198 4172
20.942355 1198 4172
20.942392 1198 4172
20.942424 1198 4172
20.942454 958 4172
20.948254 1198 4172
20.948280 1198 4172
20.948313 1198 4172
20.954287 1198 4172
20.954313 1198 4172
20.954349 1198 4172
20.954380 1198 4172
20.960847 1198 4172
20.960879 1198 4172
20.960913 1198 4172
20.960945 1198 4172
20.964137 1198 4172
20.964169 1198 4172
20.964199 1198 4172
20.964229 1198 4172
20.972672 1198 4172
20.972712 1198 4172
20.972744 1198 4172
20.972772 270 4172
20.972800 1198 4172
20.978352 414 4172
20.978392 1198 4172
20.978430 1198 4172
20.978462 1198 4172
20.978492 1198 4172
20.984252 1198 4172
20.984373 1198 4172
20.984454 1198 4172
20.984764 174 4172
20.984822 1198 4172
20.993527 1198 4172
20.993616 1198 4172
20.993646 1198 4172
20.993678 1198 4172
20.996458 1198 4172
20.996488 1198 4172
20.996523 1198 4172
20.996554 1198 4172
20.996585 638 4172
21.003075 1198 4172
21.003112 1198 4172
21.003140 1198 4172
21.009740 1198 4172
21.009793 1198 4172
21.011690 1198 4172
21.013234 1198 4172
21.014994 142 4172
21.020469 1198 4172
21.021480 1198 4172
21.021524 254 4172
21.022068 1198 4172
21.022152 190 4172
21.022646 1166 4172
21.023160 1198 4172
21.023213 750 4172
21.027415 1198 4172
21.027454 1198 4172
21.027486 1070 4172
21.027518 1198 4172
21.027548 1198 4172
21.027579 1198 4172
21.027608 526 4172
21.027637 110 4172
21.027667 1198 4172
21.032248 382 4172
21.032280 1198 4172
21.032309 798 4172
21.032344 1198 4172
21.032373 1198 4172
21.032405 670 4172
21.038471 1198 4172
21.038508 1198 4172
21.038539 1198 4172
21.045205 1022 4172
21.045243 1198 4172
21.045277 1198 4172
21.045309 1198 4172
21.045338 814 4172
21.045875 1198 4172
21.050617 1198 4172
21.050657 1198 4172
21.050689 878 4172
21.051349 1198 4172
21.056289 1198 4172
21.056315 1198 4172
21.056343 142 4172
21.056371 1166 4172
21.064163 974 4172
21.064197 750 4172
21.064232 1198 4172
21.064262 1198 4172
21.064345 1198 4172
21.065591 414 4172
21.065626 942 4172
21.065684 254 4172
21.065717 190 4172
21.065752 190 4172
21.065776 190 4172
21.065806 190 4172
21.065840 190 4172
21.071350 190 4172
21.071600 190 4172
21.081487 190 4172
21.081489 190 4172
21.081554 190 4172
21.081602 190 4172
21.081635 190 4172
21.081666 190 4172
21.081694 190 4172
21.081727 1198 4172
21.081752 1198 4172
21.081784 862 4172
21.082776 366 4172
21.082818 110 4172
21.130906 110 4172
21.130937 222 4172
21.130970 190 4172
21.131000 190 4172
21.131029 190 4172
21.131062 190 4172
21.131098 190 4172
21.131128 190 4172
21.131156 190 4172
21.131185 190 4172
21.131214 190 4172
21.131388 190 4172
21.135803 190 4172
21.136174 190 4172
21.137840 190 4172
21.137877 1198 4172
21.137904 1198 4172
21.137930 798 4172
21.157876 190 4172
21.171218 222 4172
21.171268 190 4172
21.171295 190 4172
21.171321 190 4172
21.171347 190 4172
21.171373 190 4172
21.171397 190 4172
21.171448 190 4172
21.171474 190 4172
21.171499 190 4172
21.171528 190 4172
21.178578 190 4172
21.178622 190 4172
21.178656 190 4172
21.178685 190 4172
21.178717 1198 4172
21.178748 1198 4172
21.178782 1198 4172
21.178810 302 4172
21.178840 318 4172
21.221705 222 4172
21.221736 190 4172
21.221763 190 4172
21.221789 190 4172
21.221814 190 4172
21.221849 190 4172
21.221871 190 4172
21.221894 190 4172
21.221919 190 4172
21.221943 190 4172
21.221967 190 4172
21.221992 190 4172
21.222016 190 4172
21.222043 190 4172
21.222066 190 4172
21.222090 1198 4172
21.222119 1198 4172
21.222148 878 4172
21.222191 110 4172
21.223317 222 4172
21.223343 190 4172
21.223439 190 4172
21.223471 190 4172
21.223493 190 4172
21.223518 190 4172
21.223543 190 4172
21.223568 190 4172
21.223593 190 4172
21.224648 190 4172
21.224673 190 4172
21.225266 190 4172
21.226484 190 4172
21.226525 1198 4172
21.226591 190 4172
21.227541 190 4172
21.250955 1198 4172
21.250993 1198 4172
21.251021 1198 4172
21.251047 414 4172
21.251520 222 4172
21.252138 190 4172
21.253742 190 4172
21.253782 190 4172
21.255266 190 4172
21.255295 1198 4172
21.255331 190 4172
21.256628 190 4172
21.256678 190 4172
21.257658 190 4172
21.257692 190 4172
21.257720 190 4172
21.258280 190 4172
21.259432 190 4172
21.259463 190 4172
21.260837 190 4172
21.269047 1198 4172
21.269168 1198 4172
21.269207 1198 4172
21.269237 1198 4172
21.269269 574 4172
21.281268 222 4172
21.281345 174 4172
21.282376 174 4172
21.282409 174 4172
21.283449 174 4172
21.283480 174 4172
21.284137 174 4172
21.285388 1198 4172
21.285421 1198 4172
21.285452 1198 4172
21.285487 238 4172
21.285517 1198 4172
21.285547 1198 4172
21.285577 366 4172
21.286463 1198 4172
21.286492 814 4172
21.286523 174 4172
21.287546 174 4172
21.287574 174 4172
21.288146 174 4172
21.289256 174 4172
21.323302 1198 4172
21.323471 1198 4172
21.323563 1198 4172
21.326267 1198 4172
21.326309 1198 4172
21.326355 574 4172
21.326455 1198 4172
21.335601 1198 4172
21.335660 574 4172
21.335708 110 4172
21.362179 110 4172
21.362271 110 4172
21.362299 110 4172
21.362332 270 4172
21.362362 174 4172
21.362392 174 4172
21.362421 174 4172
21.362450 174 4172
21.362479 174 4172
21.362511 1198 4172
21.362538 1198 4172
21.362593 1198 4172
21.362623 1166 4172
21.362653 1198 4172
21.362683 1198 4172
21.362712 1198 4172
21.365354 1198 4172
21.365399 238 4172
21.365430 1198 4172
21.365455 1198 4172
21.365482 174 4172
21.365508 174 4172
21.365566 174 4172
21.365595 174 4172
21.365621 174 4172
21.365646 1198 4172
21.365672 1198 4172
21.365697 1198 4172
21.365722 60 60000
21.365731 622 4172
21.365757 1198 4172
21.365784 1198 4172
21.365810 1198 4172
21.365839 1198 4172
21.365866 1198 4172
21.365924 1198 4172
21.365953 1198 4172
21.365980 1198 4172
21.366033 1182 4172
21.367705 174 4172
21.385268 174 4172
21.385281 1198 4172
21.399358 126 4172
21.444339 110 4172
21.531078 110 4172
21.546467 126 4172
21.554013 1198 4172
21.554048 1198 4172
21.554094 1198 4172
21.554127 686 4172
21.562634 126 4172
21.570805 126 4172
21.572155 1198 4172
21.572195 1038 4172
21.587960 1198 4172
21.587985 1198 4172
21.588013 542 4172
21.597125 1198 4172
21.597212 1198 4172
21.597246 1198 4172
21.597284 750 4172
21.597338 1198 4172
21.617055 1198 4172
21.619301 1198 4172
21.619343 766 4172
21.619393 110 4172
21.661690 110 4172
21.661731 110 4172
21.746465 1198 4172
21.746498 1198 4172
21.746553 366 4172
21.746588 302 4172
21.746615 238 4172
21.828245 110 4172
21.910204 110 4172
21.910289 110 4172
21.951288 110 4172
22.155325 110 4172
22.155373 110 4172
22.155409 110 4172
22.441325 110 4172
22.687306 110 4172
22.851361 110 4172
22.933328 110 4172
22.974275 110 4172
23.220211 110 4172
23.507288 110 4172
23.753416 110 4172
23.835519 110 4172
23.957507 110 4172
24.039328 110 4172
24.285352 110 4172
24.857361 110 4172
24.939484 110 4172
25.840424 110 4172
25.922395 110 4172
26.826321 110 4172
26.934462 110 4172
26.949510 110 4172
27.848505 110 4172
27.930428 110 4172
28.831500 110 4172
28.954472 110 4172
29.609599 110 4172
29.854610 110 4172
29.936554 110 4172
30.836550 110 4172
30.918478 110 4172
31.820475 110 4172
31.943635 110 4172
32.271563 110 4172
32.845663 110 4172
32.927605 110 4172
33.828595 110 4172
33.951698 110 4172
34.851680 110 4172
34.918513 110 4172
34.933710 110 4172
35.833705 110 4172
35.956695 110 4172
36.857824 110 4172
36.939832 110 4172
37.594828 110 4172
37.840859 110 4172
37.922808 110 4172
38.824850 110 4172
38.947817 110 4172
39.848836 110 4172
39.930861 110 4172
40.217950 110 4172
40.832939 110 4172
40.955924 110 4172
41.497210 1198 4172
41.497292 1198 4172
41.497323 1198 4172
41.497355 1198 4172
41.497388 1198 4172
41.497418 1198 4172
41.497448 1198 4172
41.497483 1198 4172
41.497513 1198 4172
41.497544 1198 4172
41.497575 1198 4172
41.497604 1198 4172
41.497634 1198 4172
41.497664 222 4172
41.497779 1198 4172
41.497814 1198 4172
41.497845 1198 4172
41.497876 1198 4172
41.499918 1198 4172
41.499953 1198 4172
41.499982 1198 4172
41.500013 1198 4172
41.500043 1198 4172
41.500073 1198 4172
41.500104 1198 4172
41.500134 478 4172
41.513927 1198 4172
41.513976 1198 4172
41.514027 1198 4172
41.514059 1198 4172
41.514091 1198 4172
41.514118 1198 4172
41.514149 1198 4172
41.514178 1198 4172
41.514206 1198 4172
41.514237 1198 4172
41.514265 958 4172
41.522146 1198 4172
41.522175 1198 4172
41.522201 1198 4172
41.522233 1198 4172
41.522265 1198 4172
41.522295 1198 4172
41.522326 1198 4172
41.522355 1198 4172
41.522385 1198 4172
41.522414 1022 4172
41.529684 1198 4172
41.529717 1198 4172
41.529771 1198 4172
41.529798 1198 4172
41.529827 1198 4172
41.529857 1198 4172
41.529884 1198 4172
41.529913 1198 4172
41.529950 1198 4172
41.533930 1198 4172
41.533962 1198 4172
41.533995 1150 4172
41.539983 1198 4172
41.540011 1198 4172
41.540036 1198 4172
41.540744 1198 4172
41.540769 1198 4172
41.540804 1198 4172
41.540833 1198 4172
41.552007 1198 4172
41.552048 1198 4172
41.552084 1198 4172
41.558217 1198 4172
41.558242 222 4172
41.558274 1198 4172
41.558300 1198 4172
41.564034 1198 4172
41.564076 1198 4172
41.564111 1198 4172
41.564141 1198 4172
41.570029 1198 4172
41.570058 1198 4172
41.570103 958 4172
41.570138 1198 4172
41.576022 1198 4172
41.576057 1198 4172
41.576100 1198 4172
41.581917 1198 4172
41.581970 1198 4172
41.582001 1198 4172
41.582043 1198 4172
41.587958 1198 4172
41.587994 1198 4172
41.588025 1198 4172
41.593967 1182 4172
41.594009 1198 4172
41.594047 1198 4172
41.600022 1198 4172
41.600074 1198 4172
41.600115 1198 4172
41.605970 1198 4172
41.606001 1198 4172
41.606052 1198 4172
41.606097 1198 4172
41.612030 1198 4172
41.612075 1198 4172
41.612105 1038 4172
41.617957 1198 4172
41.618000 1198 4172
41.618033 1198 4172
41.618074 1198 4172
41.622891 1198 4172
41.622927 1198 4172
41.622961 1198 4172
41.625825 60 60000
41.630022 1198 4172
41.630062 1198 4172
41.630094 1198 4172
41.630124 1198 4172
41.635902 1198 4172
41.641869 1198 4172
41.641910 1198 4172
41.641941 1198 4172
41.641970 1198 4172
41.647901 1198 4172
41.647936 1198 4172
41.647969 1198 4172
41.653885 1198 4172
41.653912 1198 4172
41.653945 1198 4172
41.653976 1198 4172
41.659943 942 4172
41.659995 878 4172
41.660031 1198 4172
41.660067 1198 4172
41.663818 1198 4172
41.663854 1198 4172
41.672044 1198 4172
41.672082 1198 4172
41.672112 1198 4172
41.672149 1198 4172
41.677990 990 4172
41.678026 1198 4172
41.678081 1198 4172
41.683966 1198 4172
41.683999 1198 4172
41.684047 1198 4172
41.684096 1198 4172
41.689915 1198 4172
41.689961 1198 4172
41.690002 1198 4172
41.690038 654 4172
41.695964 1198 4172
41.696005 1198 4172
41.696042 1198 4172
41.696079 1198 4172
41.701994 1198 4172
41.702037 1198 4172
41.702075 1198 4172
41.704759 1198 4172
41.704797 1198 4172
41.704828 1198 4172
41.704859 1198 4172
41.714019 1198 4172
41.714063 1198 4172
41.714097 1198 4172
41.719979 1198 4172
41.720015 1198 4172
41.720059 1198 4172
41.720104 1198 4172
41.725993 446 4172
41.726034 1198 4172
41.726075 1198 4172
41.726107 1198 4172
41.732028 1198 4172
41.732076 1198 4172
41.732112 1198 4172
41.732154 1198 4172
41.737956 1198 4172
41.737991 1198 4172
41.742598 1054 4172
41.742642 750 4172
41.742675 174 4172
41.742708 158 4172
41.742754 158 4172
41.742784 158 4172
41.742833 158 4172
41.742859 174 4172
41.742884 158 4172
41.742911 270 4172
41.743232 158 4172
41.744112 382 4172
41.744143 158 4172
41.744884 158 4172
41.744913 158 4172
41.745821 158 4172
41.745853 1198 4172
41.745884 158 4172
41.752916 1198 4172
41.752942 1198 4172
41.752978 1198 4172
41.753011 1198 4172
41.753043 1198 4172
41.786925 1198 4172
41.786965 702 4172
41.818854 110 4172
41.827857 110 4172
41.880687 238 4172
41.909808 286 4172
41.919853 110 4172
41.919887 270 4172
41.919912 254 4172
41.920905 318 4172
41.921939 238 4172
41.921970 302 4172
41.923067 238 4172
41.923094 238 4172
41.924038 734 4172
41.924067 238 4172
41.924090 302 4172
41.924902 254 4172
41.924930 270 4172
41.928586 334 4172
41.928588 270 4172
41.928689 286 4172
41.928735 334 4172
41.928831 1198 4172
41.931425 1198 4172
41.931465 1198 4172
41.931506 1198 4172
41.931537 1198 4172
41.931572 1198 4172
41.931601 1198 4172
41.931627 1198 4172
41.931654 1198 4172
41.931680 1198 4172
41.931706 158 4172
41.931755 1198 4172
41.936940 1198 4172
41.936966 1198 4172
41.936993 1198 4172
41.937043 1198 4172
41.937081 1198 4172
41.937111 1198 4172
41.937143 1198 4172
41.950918 798 4172
42.033810 126 4172
42.075436 158 4172
42.075468 158 4172
42.075684 158 4172
42.075717 158 4172
42.075816 158 4172
42.075851 158 4172
42.075878 158 4172
42.075905 126 4172
42.090298 110 4172
42.091463 158 4172
42.091553 1198 4172
42.091588 1198 4172
42.091742 1198 4172
42.091793 1198 4172
42.091825 1198 4172
42.091865 1198 4172
42.091902 1198 4172
42.091938 1198 4172
42.091977 318 4172
42.092106 1198 4172
42.092143 1198 4172
42.092179 1198 4172
42.092214 1198 4172
42.092243 1198 4172
42.092276 1198 4172
42.092305 1198 4172
42.092334 1198 4172
42.092363 1198 4172
42.103930 334 4172
42.103954 1198 4172
42.103978 1198 4172
42.104011 1198 4172
42.104040 1198 4172
42.104070 1198 4172
42.110076 1198 4172
42.110157 1198 4172
42.110190 1198 4172
42.115911 1198 4172
42.115930 1198 4172
42.115958 1198 4172
42.115988 622 4172
42.121912 1198 4172
42.121938 1198 4172
42.132301 1198 4172
42.132354 1198 4172
42.134944 1198 4172
42.135950 126 4172
42.135982 1198 4172
42.136017 1198 4172
42.136046 1198 4172
42.147126 1198 4172
42.151982 1198 4172
42.171380 1198 4172
42.174059 1198 4172
42.183544 1198 4172
42.184135 1198 4172
42.188431 1198 4172
42.188473 1198 4172
42.188501 1198 4172
42.188532 1198 4172
42.188562 1198 4172
42.188591 1198 4172
42.188621 1198 4172
42.192009 1102 4172
42.192058 1198 4172
42.199981 1198 4172
42.200010 1198 4172
42.206223 686 4172
42.206244 1198 4172
42.212175 1198 4172
42.219184 1198 4172
42.226944 1198 4172
42.226968 1198 4172
42.230132 414 4172
42.230167 1198 4172
42.230196 1198 4172
42.236164 1198 4172
42.249294 1198 4172
42.252257 1198 4172
42.252358 1198 4172
42.263346 1198 4172
42.266676 1198 4172
42.266701 1198 4172
42.266756 974 4172
42.266828 1198 4172
42.272062 1198 4172
42.272084 1198 4172
42.272114 1198 4172
42.278806 1198 4172
42.279011 1198 4172
42.279110 1198 4172
42.282220 1198 4172
42.289942 1198 4172
42.296086 558 4172
42.296174 1198 4172
42.296245 1198 4172
42.302370 1198 4172
42.302401 1198 4172
42.309128 1198 4172
42.313918 1198 4172
42.313940 1198 4172
42.319941 1198 4172
42.319978 1198 4172
42.322873 1198 4172
42.322905 1198 4172
42.332054 558 4172
42.332076 1198 4172
42.337921 1198 4172
42.337955 1198 4172
42.344002 110 4172
42.344052 1198 4172
42.351901 1198 4172
42.351954 1198 4172
42.355978 1198 4172
42.356005 1198 4172
42.361927 1198 4172
42.361995 1198 4172
42.363850 1198 4172
42.373945 686 4172
42.373993 1198 4172
42.374024 1198 4172
42.379934 1198 4172
42.385995 1198 4172
42.391923 1198 4172
42.391953 1198 4172
42.399298 1198 4172
42.399340 1198 4172
42.404005 1198 4172
42.410346 1150 4172
42.410396 1198 4172
42.419123 1198 4172
42.419145 1198 4172
42.421777 1198 4172
42.421918 1198 4172
42.427911 1198 4172
42.427930 1198 4172
42.441173 1198 4172
42.453701 1198 4172
42.453722 750 4172
42.453765 1198 4172
42.453797 1198 4172
42.453841 1198 4172
42.457936 1198 4172
42.458029 1198 4172
42.458067 1198 4172
42.469696 1198 4172
42.469724 1198 4172
42.469887 1198 4172
42.475915 1198 4172
42.483710 1198 4172
42.483927 1198 4172
42.486719 60 60000
42.487932 1198 4172
42.501636 1198 4172
42.503849 238 4172
42.504950 1198 4172
42.505944 1198 4172
42.505978 1198 4172
42.506010 1198 4172
42.511962 1198 4172
42.511983 1198 4172
42.517989 1198 4172
42.523909 1198 4172
42.523938 1198 4172
42.530809 1198 4172
42.530894 1198 4172
42.530943 302 4172
42.535905 1198 4172
42.535926 1198 4172
42.541908 1198 4172
42.550286 1198 4172
42.550378 1198 4172
42.554907 894 4172
42.556300 1198 4172
42.570052 430 4172
42.572245 270 4172
42.572933 174 4172
42.572966 174 4172
42.573008 174 4172
42.573035 174 4172
42.573066 174 4172
42.573096 174 4172
42.573129 174 4172
42.573159 174 4172
42.573192 174 4172
42.573224 174 4172
42.573255 174 4172
42.573286 174 4172
42.573316 1198 4172
42.573346 1198 4172
42.573380 1198 4172
42.573412 1198 4172
42.582378 574 4172
42.582450 894 4172
42.587906 174 4172
42.587937 174 4172
42.587975 1198 4172
42.588008 158 4172
42.588039 1198 4172
42.588072 1198 4172
42.592420 142 4172
42.633054 110 4172
42.741874 1198 4172
42.751958 510 4172
42.755884 574 4172
42.837940 110 4172
42.865987 206 4172
42.866023 174 4172
42.866059 238 4172
42.879706 110 4172
42.919906 110 4172
43.043075 110 4172
43.165983 110 4172
43.412313 110 4172
43.699055 110 4172
43.821254 110 4172
43.935076 110 4172
43.943981 110 4172
44.231100 110 4172
44.476095 110 4172
44.763138 110 4172
44.845419 110 4172
44.927045 110 4172
45.009067 110 4172
45.296126 110 4172
45.542025 110 4172
45.828086 110 4172
45.951135 110 4172
46.853110 110 4172
46.935094 110 4172
47.835152 110 4172
47.958100 110 4172
48.204217 110 4172
48.858195 110 4172
48.940188 110 4172
49.841280 110 4172
49.923205 110 4172
50.824183 110 4172
50.865271 110 4172
50.947266 110 4172
51.847283 110 4172
51.929161 110 4172
52.830282 110 4172
52.953271 110 4172
53.525333 110 4172
53.852390 110 4172
53.934366 110 4172
54.833332 110 4172
54.956417 110 4172
55.857301 110 4172
55.939341 110 4172
56.185698 110 4172
56.840477 110 4172
56.922433 110 4172
57.821384 110 4172
57.944515 110 4172
58.819691 110 4172
58.846533 110 4172
58.928438 110 4172
59.827458 110 4172
60.851485 110 4172
60.933441 110 4172
61.504625 110 4172
61.832542 110 4172
61.955595 110 4172
62.593837 1198 4172
62.593841 1198 4172
62.593925 1198 4172
62.593935 1198 4172
62.593963 1198 4172
62.593992 1198 4172
62.594019 1198 4172
62.594045 1198 4172
62.594072 1198 4172
62.594098 1198 4172
62.594126 1198 4172
62.594151 382 4172
62.601785 1198 4172
62.601826 1198 4172
62.601861 1198 4172
62.601896 1198 4172
62.601927 1198 4172
62.601962 1198 4172
62.601994 526 4172
62.610292 1198 4172
62.610439 1198 4172
62.610455 1198 4172
62.610478 1198 4172
62.610506 1198 4172
62.610553 1198 4172
62.618325 686 4172
62.618353 1198 4172
62.618413 1198 4172
62.618436 1198 4172
62.619434 1198 4172
62.627585 1198 4172
62.627621 1198 4172
62.633652 1198 4172
62.633688 1150 4172
62.639582 1198 4172
62.645574 1198 4172
62.645602 1198 4172
62.651572 1198 4172
62.651618 1198 4172
62.657552 1198 4172
62.657588 1198 4172
62.660469 1198 4172
62.660498 1198 4172
62.669631 1198 4172
62.669662 510 4172
62.675517 1198 4172
62.675552 1198 4172
62.681521 1198 4172
62.681550 1198 4172
62.687498 1198 4172
62.687524 1198 4172
62.693575 1198 4172
62.693617 1198 4172
62.699584 382 4172
62.699620 1198 4172
62.699672 1198 4172
62.701528 1198 4172
62.701658 1198 4172
62.711672 1198 4172
62.717676 1198 4172
62.717718 1198 4172
62.723620 558 4172
62.723678 1198 4172
62.723720 1198 4172
62.729574 1198 4172
62.729615 1198 4172
62.735633 1198 4172
62.735681 1198 4172
62.741607 1198 4172
62.741646 1198 4172
62.742396 1198 4172
62.742434 1198 4172
62.745501 60 60000
62.753540 750 4172
62.753577 1198 4172
62.759509 1198 4172
62.759548 1198 4172
62.765611 1198 4172
62.765642 1198 4172
62.771580 1198 4172
62.771617 1198 4172
62.777600 1198 4172
62.777836 1198 4172
62.783930 1198 4172
62.789555 1198 4172
62.789599 894 4172
62.789628 1198 4172
62.795534 1198 4172
62.795566 1198 4172
62.801610 1198 4172
62.807509 110 4172
62.807551 1198 4172
62.807601 1198 4172
62.813711 1198 4172
62.813745 1198 4172
62.819626 1198 4172
62.819660 1070 4172
62.824519 1198 4172
62.824565 1198 4172
62.831534 110 4172
62.831568 1198 4172
62.831606 1198 4172
62.837603 1198 4172
62.837636 1198 4172
62.843575 1198 4172
62.843629 1198 4172
62.849584 1198 4172
62.849636 1198 4172
62.855531 1198 4172
62.855568 1198 4172
62.861656 1198 4172
62.861688 1198 4172
62.865490 1198 4172
62.865531 1198 4172
62.873529 1198 4172
62.879683 1198 4172
62.879717 190 4172
62.879745 1198 4172
62.885600 1198 4172
62.885631 1198 4172
62.891530 1198 4172
62.891573 1198 4172
62.897534 1198 4172
62.897562 1198 4172
62.903558 878 4172
62.903608 1198 4172
62.906398 1198 4172
62.906429 1198 4172
62.915601 1198 4172
62.915638 1198 4172
62.921552 1198 4172
62.921599 1198 4172
62.927801 110 4172
62.927847 270 4172
62.927883 1198 4172
62.927918 1198 4172
62.933579 1198 4172
62.933618 1198 4172
62.939590 718 4172
62.939625 1198 4172
62.945611 1198 4172
62.945649 1198 4172
62.947497 1198 4172
62.947545 1198 4172
62.957704 1198 4172
62.957799 1198 4172
62.963517 1198 4172
62.963566 542 4172
62.969511 1198 4172
62.969540 1198 4172
62.975530 1198 4172
62.975563 1198 4172
62.981541 1198 4172
62.981631 1198 4172
62.987600 1198 4172
62.988423 1198 4172
62.988456 558 4172
62.995179 222 4172
62.995222 238 4172
62.995250 270 4172
62.995275 238 4172
62.995300 254 4172
62.995325 238 4172
62.995757 318 4172
62.996736 238 4172
62.996768 238 4172
63.002506 238 4172
63.002549 1198 4172
63.008533 222 4172
63.008561 302 4172
63.008585 222 4172
63.008619 254 4172
63.008651 1198 4172
63.014512 1198 4172
63.014542 1198 4172
63.020530 1198 4172
63.020566 1198 4172
63.026540 1198 4172
63.026587 718 4172
63.029490 734 4172
63.029524 126 4172
63.029558 126 4172
63.070656 126 4172
63.112390 110 4172
63.130736 158 4172
63.130849 158 4172
63.130887 158 4172
63.130916 158 4172
63.130945 158 4172
63.130974 158 4172
63.131003 158 4172
63.146072 126 4172
63.160389 1198 4172
63.160475 1198 4172
63.160506 1198 4172
63.160530 1198 4172
63.160563 1198 4172
63.160603 1198 4172
63.160632 1198 4172
63.160655 1198 4172
63.160685 638 4172
63.169156 1198 4172
63.169198 1198 4172
63.169226 1198 4172
63.169252 1198 4172
63.169278 1198 4172
63.169312 1198 4172
63.169336 1198 4172
63.169361 1198 4172
63.169432 1198 4172
63.169474 158 4172
63.176802 494 4172
63.176842 1198 4172
63.176874 1198 4172
63.176906 1198 4172
63.176935 1198 4172
63.176966 1198 4172
63.180648 1198 4172
63.180710 1198 4172
63.180774 1198 4172
63.187015 1198 4172
63.187117 1198 4172
63.192557 1198 4172
63.192592 990 4172
63.198629 1198 4172
63.198677 1198 4172
63.211536 1198 4172
63.211622 1198 4172
63.211638 1198 4172
63.217321 1198 4172
63.217395 1198 4172
63.217448 1198 4172
63.222803 1198 4172
63.231308 1198 4172
63.231352 1134 4172
63.231527 1198 4172
63.234670 1198 4172
63.237088 1198 4172
63.237134 1198 4172
63.248857 1198 4172
63.249590 1198 4172
63.249650 1198 4172
63.253123 1198 4172
63.258575 1198 4172
63.258600 1198 4172
63.272264 1198 4172
63.288008 1198 4172
63.290334 110 4172
63.290560 1198 4172
63.294778 1198 4172
63.294871 1198 4172
63.294908 1198 4172
63.294940 1198 4172
63.294970 1198 4172
63.295001 1198 4172
63.295031 1198 4172
63.295066 1198 4172
63.295095 654 4172
63.295126 1198 4172
63.301173 1198 4172
63.301216 1198 4172
63.306564 1198 4172
63.306600 1198 4172
63.312880 1198 4172
63.312917 1198 4172
63.318625 1198 4172
63.324555 1070 4172
63.324600 1198 4172
63.324636 1198 4172
63.332193 1198 4172
63.332234 1198 4172
63.338059 1198 4172
63.338094 1198 4172
63.340522 110 4172
63.340617 1198 4172
63.348797 1198 4172
63.348859 1198 4172
63.354577 878 4172
63.354631 1198 4172
63.354711 1198 4172
63.360646 1198 4172
63.360686 1198 4172
63.368900 1198 4172
63.368941 1198 4172
63.372553 1198 4172
63.372593 1198 4172
63.378534 1198 4172
63.378575 1198 4172
63.381596 1198 4172
63.381640 894 4172
63.390761 1198 4172
63.390843 1198 4172
63.396780 1198 4172
63.396813 1198 4172
63.402573 1198 4172
63.402612 1198 4172
63.408795 1198 4172
63.408834 1198 4172
63.410026 1198 4172
63.417024 1198 4172
63.420562 1198 4172
63.420600 1054 4172
63.428880 1198 4172
63.434920 1198 4172
63.434958 1198 4172
63.447060 1198 4172
63.447079 1198 4172
63.450636 1198 4172
63.450675 1198 4172
63.450716 1198 4172
63.450748 1198 4172
63.456713 1022 4172
63.456744 1198 4172
63.462619 1198 4172
63.462648 1198 4172
63.468581 1198 4172
63.468613 1198 4172
63.472167 1198 4172
63.472212 1198 4172
63.480562 1198 4172
63.480654 1198 4172
63.480722 1166 4172
63.486926 1198 4172
63.494213 1198 4172
63.494250 1198 4172
63.498482 1198 4172
63.498512 1198 4172
63.504582 1198 4172
63.504617 1198 4172
63.510595 1198 4172
63.510627 718 4172
63.510659 1198 4172
63.512533 1198 4172
63.512600 1198 4172
63.523591 1198 4172
63.523611 1198 4172
63.528693 1198 4172
63.528735 1198 4172
63.534711 1198 4172
63.534756 862 4172
63.540691 1198 4172
63.540731 1198 4172
63.541549 60 60000
63.546742 1198 4172
63.546783 1198 4172
63.552539 1198 4172
63.552580 1198 4172
63.553452 1198 4172
63.553489 1198 4172
63.566264 1198 4172
63.566286 846 4172
63.575306 1198 4172
63.575351 1198 4172
63.575646 1198 4172
63.576925 1198 4172
63.577481 1198 4172
63.577527 446 4172
63.605325 478 4172
63.605520 270 4172
63.605561 174 4172
63.605593 174 4172
63.605638 174 4172
63.609159 174 4172
63.609194 1198 4172
63.609227 1198 4172
63.609254 1198 4172
63.609283 1198 4172
63.609313 590 4172
63.609340 1198 4172
63.609367 1198 4172
63.609395 1198 4172
63.609421 110 4172
63.609447 1198 4172
63.609487 142 4172
63.614566 1198 4172
63.614610 1198 4172
63.620674 1198 4172
63.620708 1198 4172
63.628060 1198 4172
63.628096 1198 4172
63.633502 1198 4172
63.633533 238 4172
63.638541 1198 4172
63.638588 1198 4172
63.663187 1198 4172
63.663768 1198 4172
63.663996 1198 4172
63.670000 1198 4172
63.670037 990 4172
63.670068 1198 4172
63.670096 1198 4172
63.670127 1198 4172
63.670156 1198 4172
63.670183 1198 4172
63.674562 1198 4172
63.674659 1198 4172
63.680569 910 4172
63.680602 1198 4172
63.680632 1198 4172
63.687770 1198 4172
63.687807 1102 4172
63.693088 1198 4172
63.693127 1198 4172
63.699440 942 4172
63.699557 174 4172
63.699592 174 4172
63.699622 174 4172
63.699672 1198 4172
63.704626 1198 4172
63.710592 1198 4172
63.710625 1198 4172
63.716559 574 4172
63.716598 894 4172
63.716633 1198 4172
63.722539 1198 4172
63.722574 1198 4172
63.728738 1198 4172
63.728785 1198 4172
63.734737 1198 4172
63.734776 286 4172
63.734807 1198 4172
63.740642 1198 4172
63.740685 1198 4172
63.747490 590 4172
63.781696 206 4172
63.788514 1166 4172
63.819966 126 4172
63.829484 110 4172
63.871916 110 4172
63.882627 1198 4172
63.882714 1198 4172
63.882754 366 4172
63.882795 174 4172
63.912832 1198 4172
63.912862 1198 4172
63.912896 750 4172
63.912929 238 4172
63.916590 158 4172
63.916653 158 4172
63.916804 158 4172
63.920505 158 4172
63.920554 158 4172
63.920603 158 4172
63.920637 158 4172
63.948180 110 4172
63.953483 494 4172
63.994729 606 4172
64.019961 238 4172
64.022193 110 4172
64.035598 1198 4172
64.158703 110 4172
64.445928 110 4172
64.691644 110 4172
64.855652 110 4172
64.935726 110 4172
64.938656 110 4172
65.225640 110 4172
65.471539 110 4172
65.758665 110 4172
65.840696 110 4172
65.922724 110 4172
66.004726 110 4172
66.291691 110 4172
66.537774 110 4172
66.824643 110 4172
67.849759 110 4172
67.931703 110 4172
68.833817 110 4172
68.956736 110 4172
69.202811 110 4172
69.858775 110 4172
69.940759 110 4172
70.842747 110 4172
70.883816 414 4172
70.883839 318 4172
70.924779 110 4172
70.962087 174 4172
70.963552 174 4172
70.965047 174 4172
70.965735 174 4172
70.967523 174 4172
70.968486 174 4172
70.969445 174 4172
70.970403 174 4172
70.971360 174 4172
70.972297 174 4172
70.973453 174 4172
70.974723 174 4172
70.975916 174 4172
70.977124 174 4172
70.978400 174 4172
70.980974 1198 4172
70.981023 1198 4172
70.981052 1198 4172
70.981090 1198 4172
70.981123 830 4172
71.006786 1198 4172
71.006823 1198 4172
71.006871 1198 4172
71.006912 1198 4172
71.006960 1198 4172
71.006987 1198 4172
71.007027 1198 4172
71.007065 1198 4172
71.007099 862 4172
71.047745 110 4172
71.119781 1198 4172
71.119862 654 4172
71.129745 1182 4172
71.129789 110 4172
71.137706 1198 4172
71.137741 1198 4172
71.137790 446 4172
71.170837 1198 4172
71.170889 430 4172
71.334878 110 4172
71.621866 110 4172
71.826787 110 4172
71.867884 110 4172
71.949937 110 4172
72.153859 110 4172
72.849909 110 4172
72.931914 110 4172
73.832909 110 4172
73.955950 110 4172
74.816932 110 4172
74.939952 110 4172
75.840971 110 4172
75.922910 110 4172
76.824951 110 4172
76.947915 110 4172
77.439991 110 4172
77.850028 110 4172
77.931976 110 4172
78.834009 110 4172
78.956964 110 4172
79.858013 110 4172
79.939230 110 4172
80.103028 110 4172
80.840085 110 4172
80.922073 110 4172
81.822505 110 4172
81.945018 110 4172
82.805187 110 4172
82.846331 110 4172
82.928168 110 4172
83.698426 1198 4172
83.698444 1198 4172
83.698536 1198 4172
83.698565 1198 4172
83.698586 1198 4172
83.698616 1198 4172
83.698645 1198 4172
83.698674 1198 4172
83.698705 1198 4172
83.698734 1198 4172
83.698762 1198 4172
83.698791 1198 4172
83.698820 654 4172
83.704232 1198 4172
83.704269 1198 4172
83.704315 1198 4172
83.707124 1198 4172
83.707157 1198 4172
83.707192 1198 4172
83.707224 1198 4172
83.716168 1198 4172
83.716195 1198 4172
83.716228 1198 4172
83.716251 1198 4172
83.722260 1118 4172
83.722313 1198 4172
83.722357 1198 4172
83.722393 1198 4172
83.728158 1198 4172
83.728180 1198 4172
83.734085 1198 4172
83.734129 1198 4172
83.740201 1198 4172
83.740237 1198 4172
83.746186 1198 4172
83.746216 1054 4172
83.748022 1198 4172
83.748050 1198 4172
83.758178 1198 4172
83.758204 1198 4172
83.764209 1198 4172
83.770134 1198 4172
83.770162 1198 4172
83.776135 1198 4172
83.782186 1198 4172
83.782244 142 4172
83.782303 1198 4172
83.788174 1198 4172
83.788211 1198 4172
83.789182 1198 4172
83.789222 1198 4172
83.794256 60 60000
83.800162 1198 4172
83.800203 1198 4172
83.806159 1198 4172
83.806218 1198 4172
83.812113 1198 4172
83.812150 1198 4172
83.818140 1198 4172
83.824259 1070 4172
83.824287 1198 4172
83.824313 1198 4172
83.830186 110 4172
83.830218 1198 4172
83.836181 1198 4172
83.836216 1198 4172
83.842078 1198 4172
83.842120 1198 4172
83.848186 1198 4172
83.848234 1198 4172
83.854211 1198 4172
83.854251 1198 4172
83.854286 1198 4172
83.860214 478 4172
83.860255 1198 4172
83.866171 1198 4172
83.866211 1198 4172
83.871199 1198 4172
83.871237 1198 4172
83.878111 110 4172
83.878150 1198 4172
83.878183 1198 4172
83.884140 1198 4172
83.884174 1198 4172
83.890263 1198 4172
83.890305 1198 4172
83.896160 1198 4172
83.896204 158 4172
83.896242 1198 4172
83.902247 1198 4172
83.902293 1198 4172
83.908143 1198 4172
83.908169 1198 4172
83.912130 1198 4172
83.920147 1198 4172
83.920182 1198 4172
83.926151 1198 4172
83.926186 1198 4172
83.932132 1198 4172
83.932159 110 4172
83.932186 1006 4172
83.938138 1198 4172
83.938163 1198 4172
83.944206 1198 4172
83.944257 1198 4172
83.950228 1198 4172
83.950264 1198 4172
83.953037 1198 4172
83.953083 1198 4172
83.962309 1198 4172
83.962311 1198 4172
83.968195 1198 4172
83.968228 1198 4172
83.974243 1198 4172
83.974273 1198 4172
83.980284 974 4172
83.980307 1198 4172
83.980354 1198 4172
83.986176 1198 4172
83.986231 1198 4172
83.992229 1198 4172
83.992260 1198 4172
83.994177 1198 4172
83.994219 1198 4172
84.004229 1198 4172
84.004232 1198 4172
84.009264 1198 4172
84.009308 1198 4172
84.015112 1198 4172
84.015141 686 4172
84.021101 1198 4172
84.021143 1198 4172
84.027143 110 4172
84.027171 1198 4172
84.027211 1198 4172
84.033152 1198 4172
84.033181 1198 4172
84.035038 1198 4172
84.035070 1198 4172
84.045131 1198 4172
84.045180 1198 4172
84.045211 1198 4172
84.051168 1198 4172
84.051194 1086 4172
84.057175 1198 4172
84.057188 1198 4172
84.063192 1198 4172
84.063197 1198 4172
84.069154 1198 4172
84.069184 1198 4172
84.075210 1198 4172
84.075245 1198 4172
84.076106 1198 4172
84.076141 414 4172
84.076172 1198 4172
84.087171 1198 4172
84.087198 1198 4172
84.093128 1198 4172
84.093156 1198 4172
84.093182 1198 4172
84.099183 1198 4172
84.099205 1198 4172
84.105170 622 4172
84.105191 1198 4172
84.105222 1198 4172
84.111155 1198 4172
84.111191 1198 4172
84.117123 1198 4172
84.117160 1198 4172
84.123168 1198 4172
84.123196 1198 4172
84.130342 798 4172
84.131310 1198 4172
84.131348 110 4172
84.131379 1198 4172
84.131422 1198 4172
84.135226 1198 4172
84.141146 1198 4172
84.141179 110 4172
84.141214 1198 4172
84.147283 1198 4172
84.147329 1198 4172
84.153157 1198 4172
84.153190 894 4172
84.167156 1198 4172
84.167184 1198 4172
84.167216 1198 4172
84.171159 1198 4172
84.171189 1198 4172
84.171223 670 4172
84.178224 1198 4172
84.178260 1198 4172
84.178290 894 4172
84.183168 1198 4172
84.183208 1198 4172
84.189293 1198 4172
84.189328 1198 4172
84.205778 1198 4172
84.205809 1198 4172
84.207720 734 4172
84.207760 1198 4172
84.207791 1198 4172
84.207820 1198 4172
84.207849 1198 4172
84.213648 1198 4172
84.213676 1198 4172
84.219797 1198 4172
84.219818 366 4172
84.219853 1198 4172
84.225256 1198 4172
84.225292 1198 4172
84.225323 1198 4172
84.227592 1198 4172
84.227625 1198 4172
84.237174 1198 4172
84.237217 414 4172
84.237263 1198 4172
84.244897 1198 4172
84.244921 1198 4172
84.249163 1198 4172
84.249190 1198 4172
84.268428 1198 4172
84.270058 542 4172
84.275515 1198 4172
84.275545 1198 4172
84.275576 1198 4172
84.275606 1198 4172
84.275633 1198 4172
84.275662 1198 4172
84.280652 1198 4172
84.280802 222 4172
84.280841 1198 4172
84.285390 1198 4172
84.285409 1198 4172
84.285440 1198 4172
84.291185 1198 4172
84.291205 1198 4172
84.298871 1198 4172
84.298915 1182 4172
84.303168 1198 4172
84.303202 1198 4172
84.309240 1198 4172
84.316534 1198 4172
84.316782 1198 4172
84.316816 638 4172
84.321301 1198 4172
84.321332 1198 4172
84.332413 1198 4172
84.332491 1198 4172
84.332519 1198 4172
84.333203 1198 4172
84.333234 718 4172
84.339159 126 4172
84.339188 1198 4172
84.339223 1198 4172
84.344093 1198 4172
84.344130 1198 4172
84.358444 1198 4172
84.358765 1198 4172
84.358800 1198 4172
84.363181 1198 4172
84.363210 1198 4172
84.363244 558 4172
84.363277 1198 4172
84.363308 1198 4172
84.369832 1198 4172
84.369864 1198 4172
84.375486 1198 4172
84.375523 1198 4172
84.389613 1198 4172
84.389649 1198 4172
84.389682 110 4172
84.389713 1198 4172
84.397451 1198 4172
84.397484 1198 4172
84.407848 1198 4172
84.407876 1198 4172
84.407922 1198 4172
84.411221 1198 4172
84.418513 110 4172
84.423922 686 4172
84.424222 1198 4172
84.429474 1198 4172
84.429521 1198 4172
84.429556 1198 4172
84.429586 1198 4172
84.429615 366 4172
84.429646 1198 4172
84.429678 1198 4172
84.429706 1198 4172
84.429736 1198 4172
84.429766 1198 4172
84.438316 1198 4172
84.438345 702 4172
84.441413 1198 4172
84.441458 1198 4172
84.441489 1198 4172
84.447244 1198 4172
84.447285 1198 4172
84.453214 1198 4172
84.453243 1198 4172
84.453275 894 4172
84.459948 1198 4172
84.459975 1198 4172
84.460090 1198 4172
84.470426 1198 4172
84.471179 1198 4172
84.471310 1198 4172
84.480111 1198 4172
84.480210 542 4172
84.480252 1198 4172
84.483233 1198 4172
84.483315 1198 4172
84.488570 1166 4172
84.488619 430 4172
84.488649 1198 4172
84.488680 1198 4172
84.495248 334 4172
84.495267 1150 4172
84.495298 1198 4172
84.501181 110 4172
84.501220 1198 4172
84.501259 606 4172
84.507252 1198 4172
84.507280 1198 4172
84.507320 974 4172
84.513188 1198 4172
84.513221 1198 4172
84.519692 1198 4172
84.519718 526 4172
84.519765 1198 4172
84.525214 1198 4172
84.525236 942 4172
84.525282 1198 4172
84.529432 1198 4172
84.529472 494 4172
84.533042 1198 4172
84.537179 1198 4172
84.537215 1198 4172
84.553636 1198 4172
84.554602 1198 4172
84.554679 174 4172
84.555145 1198 4172
84.555184 1198 4172
84.555214 1198 4172
84.555243 814 4172
84.555273 1198 4172
84.572181 1198 4172
84.598954 1198 4172
84.599266 846 4172
84.604911 1198 4172
84.604936 1198 4172
84.604969 238 4172
84.605007 1166 4172
84.605058 750 4172
84.605087 1198 4172
84.605123 1198 4172
84.605148 254 4172
84.605180 1198 4172
84.605208 1198 4172
84.605237 1198 4172
84.605267 558 4172
84.605296 270 4172
84.605325 190 4172
84.605353 190 4172
84.605386 1038 4172
84.605415 1198 4172
84.605445 1198 4172
84.605513 1134 4172
84.606229 1198 4172
84.606267 1198 4172
84.612861 782 4172
84.612894 1198 4172
84.619531 974 4172
84.621268 1198 4172
84.621428 686 4172
84.621476 1198 4172
84.624352 1198 4172
84.626615 686 4172
84.626640 1198 4172
84.626676 1198 4172
84.647834 654 4172
84.648020 1198 4172
84.648133 1198 4172
84.648184 670 4172
84.665660 1198 4172
84.666535 1198 4172
84.666804 798 4172
84.666826 1198 4172
84.666859 1198 4172
84.666966 830 4172
84.667008 1198 4172
84.667114 1198 4172
84.683049 190 4172
84.683460 190 4172
84.683494 1198 4172
84.683537 830 4172
84.683577 222 4172
84.683625 190 4172
84.683655 190 4172
84.683688 1198 4172
84.683716 110 4172
84.683746 574 4172
84.683777 1198 4172
84.683824 1198 4172
84.684109 1198 4172
84.684154 1198 4172
84.684184 1198 4172
84.684216 1198 4172
84.690153 174 4172
84.690189 1198 4172
84.690220 1198 4172
84.691991 60 60000
84.700066 1198 4172
84.700213 238 4172
84.700246 1198 4172
84.700292 1198 4172
84.703529 1198 4172
84.708111 254 4172
84.708149 1198 4172
84.708180 1198 4172
84.708209 1198 4172
84.726678 286 4172
84.726767 1198 4172
84.726804 1198 4172
84.726852 1198 4172
84.732109 750 4172
84.732147 1198 4172
84.732185 1198 4172
84.732217 1198 4172
84.732248 1198 4172
84.732279 1198 4172
84.738132 1198 4172
84.738164 1198 4172
84.752671 718 4172
84.752724 1198 4172
84.752757 1198 4172
84.756154 1102 4172
84.756184 190 4172
84.756217 190 4172
84.756253 1198 4172
84.756284 1198 4172
84.756320 686 4172
84.762125 222 4172
84.762160 174 4172
84.762195 174 4172
84.762230 1198 4172
84.762259 638 4172
84.762289 1198 4172
84.768194 1198 4172
84.768216 1198 4172
84.774226 174 4172
84.774255 1198 4172
84.774288 1198 4172
84.778542 1198 4172
84.778576 302 4172
84.778603 1198 4172
84.786175 1198 4172
84.786205 1198 4172
84.792180 350 4172
84.792200 1198 4172
84.792229 1198 4172
84.798193 1198 4172
84.798222 414 4172
84.798256 1198 4172
84.804183 1198 4172
84.804214 1198 4172
84.804246 478 4172
84.810177 1198 4172
84.810232 1198 4172
84.816183 1198 4172
84.816208 1118 4172
84.816241 1198 4172
84.819195 1198 4172
84.819243 1198 4172
84.828200 1198 4172
84.828221 110 4172
84.828254 606 4172
84.828287 1198 4172
84.834199 1198 4172
84.834219 1198 4172
84.840742 1134 4172
84.840775 1198 4172
84.846447 1198 4172
84.846477 1198 4172
84.846507 254 4172
84.852188 174 4172
84.852227 174 4172
84.852260 1198 4172
84.852294 1198 4172
84.860088 814 4172
84.860122 126 4172
84.937333 110 4172
84.943536 110 4172
84.982604 126 4172
84.984072 126 4172
84.998537 126 4172
85.008186 126 4172
85.016035 126 4172
85.021042 126 4172
85.026857 110 4172
85.067272 126 4172
85.108154 1198 4172
85.108247 1198 4172
85.108318 366 4172
85.108378 238 4172
85.121065 1198 4172
85.121164 270 4172
85.148919 110 4172
85.149096 126 4172
85.181734 302 4172
85.190119 126 4172
85.215503 110 4172
85.221008 1198 4172
85.221127 526 4172
85.231129 110 4172
85.272255 1198 4172
85.272266 782 4172
85.313247 1198 4172
85.313310 846 4172
85.320986 1198 4172
85.321095 1198 4172
85.321148 302 4172
85.350413 110 4172
85.354169 1198 4172
85.354221 1198 4172
85.354279 1198 4172
85.354311 862 4172
85.436333 110 4172
85.477308 110 4172
85.477414 110 4172
85.477443 110 4172
85.518655 1198 4172
85.518705 1198 4172
85.518746 1198 4172
85.518784 1198 4172
85.518823 622 4172
85.520974 1198 4172
85.521017 1198 4172
85.521059 1198 4172
85.521095 942 4172
85.527403 110 4172
85.536159 1198 4172
85.536208 1198 4172
85.536246 1198 4172
85.536285 526 4172
85.546750 1150 4172
85.553844 1198 4172
85.553883 590 4172
85.559069 1198 4172
85.559111 382 4172
85.572669 1198 4172
85.572708 190 4172
85.580715 1198 4172
85.580770 1198 4172
85.580816 1198 4172
85.580850 1198 4172
85.580892 1198 4172
85.580929 318 4172
85.589784 1198 4172
85.589830 1198 4172
85.589874 1198 4172
85.589908 1198 4172
85.589949 110 4172
85.597854 1198 4172
85.597906 1198 4172
85.597953 1198 4172
85.597995 1198 4172
85.598032 1198 4172
85.598327 1198 4172
85.598363 750 4172
85.598426 1198 4172
85.600327 1198 4172
85.600360 1198 4172
85.600405 1198 4172
85.600443 1198 4172
85.600481 1198 4172
85.600516 622 4172
85.606201 1198 4172
85.606259 1198 4172
85.612249 1198 4172
85.612286 1198 4172
85.612351 1198 4172
85.612422 1198 4172
85.612481 1198 4172
85.612538 1198 4172
85.612595 1198 4172
85.612652 1198 4172
85.618299 1198 4172
85.618359 1198 4172
85.624283 398 4172
85.624321 1198 4172
85.624365 1198 4172
85.630419 1198 4172
85.630463 110 4172
85.630503 1198 4172
85.636225 1198 4172
85.636263 1198 4172
85.641089 1198 4172
85.641132 1198 4172
85.641169 1198 4172
85.648285 1198 4172
85.648327 1198 4172
85.654288 798 4172
85.654322 1198 4172
85.660260 1198 4172
85.660304 1198 4172
85.666284 1198 4172
85.666314 1198 4172
85.672273 1198 4172
85.672366 1198 4172
85.678516 1198 4172
85.678560 110 4172
85.678598 1198 4172
85.678639 1198 4172
85.682224 1198 4172
85.682261 1198 4172
85.690189 1198 4172
85.690222 1198 4172
85.696181 1198 4172
85.696231 1198 4172
85.696274 1198 4172
85.702313 1198 4172
85.702357 366 4172
85.702394 1006 4172
85.708362 1198 4172
85.708402 958 4172
85.711727 1198 4172
85.711755 1166 4172
85.717193 1198 4172
85.717237 1198 4172
85.723191 1198 4172
85.729935 110 4172
85.729988 1198 4172
85.730031 158 4172
85.730087 1198 4172
85.737071 1198 4172
85.737157 798 4172
85.737207 110 4172
85.737245 110 4172
85.737280 110 4172
85.737331 1198 4172
85.739130 510 4172
85.745015 1166 4172
85.764113 1022 4172
85.846260 110 4172
85.928118 110 4172
86.009322 110 4172
86.009438 110 4172
86.009468 110 4172
86.296302 110 4172
86.296424 110 4172
86.296464 110 4172
86.542481 110 4172
86.542570 110 4172
86.542601 110 4172
86.821220 110 4172
86.829225 110 4172
87.075311 110 4172
87.321287 110 4172
87.608238 110 4172
87.854481 110 4172
87.895259 110 4172
87.936333 110 4172
88.141374 110 4172
88.386332 110 4172
88.673245 110 4172
88.837303 110 4172
88.960416 110 4172
89.862391 110 4172
89.944365 110 4172
90.845395 110 4172
90.927264 110 4172
91.337380 110 4172
91.828410 110 4172
91.951420 110 4172
92.853415 110 4172
92.935506 110 4172
93.836448 110 4172
93.959519 110 4172
94.041456 110 4172
94.861420 110 4172
94.943509 110 4172
95.844570 110 4172
95.926476 110 4172
96.664584 110 4172
96.828564 110 4172
96.951495 110 4172
97.851629 110 4172
97.933438 110 4172
98.957515 110 4172
99.367531 110 4172
99.859648 110 4172
99.941561 110 4172
100.843557 110 4172
100.925693 110 4172
101.827590 110 4172
101.950649 110 4172
101.991576 110 4172
102.851758 110 4172
102.933672 110 4172
103.835712 110 4172
103.958798 110 4172
104.694715 110 4172
104.805256 1198 4172
104.805264 1198 4172
104.805297 1198 4172
104.805321 1198 4172
104.805349 1198 4172
104.805378 1198 4172
104.805423 1198 4172
104.805450 1198 4172
104.805477 1198 4172
104.805504 478 4172
104.807712 1198 4172
104.807727 1198 4172
104.807756 1198 4172
104.807781 1198 4172
104.807807 1198 4172
104.807837 974 4172
104.824640 1198 4172
104.824669 1198 4172
104.824700 1198 4172
104.824723 1198 4172
104.824751 1198 4172
104.824773 1198 4172
104.824800 574 4172
104.825783 1198 4172
104.825807 1198 4172
104.825838 1198 4172
104.825868 1198 4172
104.825889 1198 4172
104.825916 1198 4172
104.825944 1198 4172
104.825971 750 4172
104.826000 1198 4172
104.826025 1198 4172
104.826051 1198 4172
104.826082 1198 4172
104.832011 110 4172
104.832045 1198 4172
104.839778 1198 4172
104.839805 878 4172
104.839838 1198 4172
104.843720 1198 4172
104.843743 1198 4172
104.849787 1198 4172
104.849814 1198 4172
104.855897 1150 4172
104.855922 1198 4172
104.861721 1198 4172
104.861762 1198 4172
104.865706 1198 4172
104.865742 1198 4172
104.865772 1198 4172
104.873751 670 4172
104.873783 1198 4172
104.873812 1198 4172
104.879969 1198 4172
104.880001 1198 4172
104.885781 1198 4172
104.885810 1198 4172
104.891874 1198 4172
104.891907 1198 4172
104.891931 910 4172
104.898665 1198 4172
104.898695 1198 4172
104.903810 1198 4172
104.903860 1198 4172
104.906763 1198 4172
104.906805 1198 4172
104.906849 1102 4172
104.915753 1198 4172
104.915832 1198 4172
104.921655 1198 4172
104.921690 1198 4172
104.921721 1198 4172
104.927797 1198 4172
104.927833 1198 4172
104.933727 110 4172
104.933755 894 4172
104.933787 1198 4172
104.939780 1198 4172
104.939825 1198 4172
104.939863 1198 4172
104.945694 1198 4172
104.945741 1198 4172
104.947606 1198 4172
104.947647 734 4172
104.947711 1198 4172
104.951667 60 60000
104.957748 1198 4172
104.957792 1198 4172
104.963710 1198 4172
104.963743 1198 4172
104.969666 1198 4172
104.969709 366 4172
104.969743 1198 4172
104.975722 1198 4172
104.975753 1198 4172
104.981732 1198 4172
104.982060 1198 4172
104.987792 1198 4172
104.987831 1198 4172
104.987866 1102 4172
104.988629 1198 4172
104.988662 1198 4172
104.999733 1198 4172
104.999768 1198 4172
105.005759 1198 4172
105.005785 1198 4172
105.011890 1198 4172
105.011921 1198 4172
105.017683 1198 4172
105.017730 1198 4172
105.017766 1198 4172
105.023726 926 4172
105.029652 1198 4172
105.029688 110 4172
105.029723 1198 4172
105.035659 654 4172
105.035687 1198 4172
105.041774 1198 4172
105.041808 1198 4172
105.041837 846 4172
105.047723 1198 4172
105.047756 1198 4172
105.053687 1198 4172
105.053723 1198 4172
105.053753 1198 4172
105.059709 1198 4172
105.059750 1198 4172
105.065670 542 4172
105.065712 1198 4172
105.065745 1198 4172
105.070797 1198 4172
105.070841 1198 4172
105.077686 1198 4172
105.077723 1198 4172
105.077770 1198 4172
105.083751 750 4172
105.083802 1198 4172
105.089735 1198 4172
105.089766 1198 4172
105.089799 1198 4172
105.095767 1198 4172
105.101750 1198 4172
105.101779 1118 4172
105.107805 1198 4172
105.107836 1198 4172
105.111687 1198 4172
105.119705 1198 4172
105.119743 1198 4172
105.125819 1198 4172
105.125861 1118 4172
105.125899 1198 4172
105.131830 1198 4172
105.131895 1198 4172
105.137737 1198 4172
105.137773 110 4172
105.137817 1198 4172
105.143760 1198 4172
105.143799 1198 4172
105.143838 1198 4172
105.149721 1198 4172
105.152655 1198 4172
105.152698 398 4172
105.161752 1198 4172
105.161790 1198 4172
105.167815 1198 4172
105.173815 1198 4172
105.179740 1198 4172
105.179775 1198 4172
105.185857 1198 4172
105.191733 1198 4172
105.191769 414 4172
105.193771 110 4172
105.193819 1198 4172
105.193857 1198 4172
105.203737 1198 4172
105.209824 1198 4172
105.215728 1198 4172
105.215769 1198 4172
105.221813 1198 4172
105.227821 926 4172
105.227878 1198 4172
105.233831 1198 4172
105.234726 1198 4172
105.234764 1198 4172
105.245786 110 4172
105.245874 1198 4172
105.251760 1198 4172
105.257784 1198 4172
105.257822 462 4172
105.263789 1198 4172
105.263819 1198 4172
105.269772 1198 4172
105.275791 1198 4172
105.275829 1198 4172
105.281816 1198 4172
105.287796 1198 4172
105.293755 574 4172
105.293804 1198 4172
105.299801 1198 4172
105.299836 1198 4172
105.305752 1198 4172
105.311757 1198 4172
105.311796 1198 4172
105.316664 1198 4172
105.323789 1198 4172
105.329767 1198 4172
105.329797 366 4172
105.329827 1198 4172
105.336748 1198 4172
105.347029 1198 4172
105.348810 1198 4172
105.353747 1198 4172
105.353795 1198 4172
105.357734 1198 4172
105.357786 1198 4172
105.366986 1198 4172
105.371742 318 4172
105.371785 1198 4172
105.371818 1198 4172
105.378337 1198 4172
105.384624 1198 4172
105.384676 1198 4172
105.395827 1198 4172
105.399069 1198 4172
105.399106 286 4172
105.399136 1198 4172
105.423687 1198 4172
105.423949 1198 4172
105.428827 1198 4172
105.428903 1198 4172
105.428939 1198 4172
105.430727 1086 4172
105.430767 1198 4172
105.436742 1198 4172
105.439810 1198 4172
105.439942 1198 4172
105.448830 1198 4172
105.454897 1198 4172
105.454931 1198 4172
105.460883 1166 4172
105.466959 110 4172
105.466997 1198 4172
105.476240 1198 4172
105.476282 1198 4172
105.478851 1198 4172
105.480975 1198 4172
105.481010 1198 4172
105.492240 1198 4172
105.497040 238 4172
105.497072 1198 4172
105.497107 1198 4172
105.503944 1198 4172
105.515026 1198 4172
105.531714 1198 4172
105.531764 990 4172
105.532914 1198 4172
105.532945 1198 4172
105.538746 1198 4172
105.538785 1198 4172
105.544781 126 4172
105.544820 1198 4172
105.550815 1198 4172
105.551150 1198 4172
105.565169 1022 4172
105.570414 558 4172
105.580021 1198 4172
105.585501 1198 4172
105.585974 1198 4172
105.587157 1198 4172
105.587579 1198 4172
105.588024 1198 4172
105.588430 206 4172
105.588947 1198 4172
105.593009 1198 4172
105.594864 1198 4172
105.594907 1198 4172
105.604876 1198 4172
105.611595 126 4172
105.611638 1198 4172
105.611666 1198 4172
105.619396 1198 4172
105.623755 1198 4172
105.623796 1198 4172
105.628831 990 4172
105.634743 1198 4172
105.634786 1198 4172
105.635710 1198 4172
105.646864 1198 4172
105.646895 1198 4172
105.652977 1198 4172
105.659050 462 4172
105.659135 1198 4172
105.665721 1198 4172
105.665769 1198 4172
105.670844 1198 4172
105.677403 1198 4172
105.682850 1198 4172
105.682893 1198 4172
105.683920 206 4172
105.683959 1198 4172
105.695647 1198 4172
105.695727 1198 4172
105.700882 1198 4172
105.706741 1198 4172
105.706790 526 4172
105.713993 1198 4172
105.714031 1198 4172
105.718757 1198 4172
105.724755 1198 4172
105.724794 1198 4172
105.732123 430 4172
105.732169 1198 4172
105.737853 1198 4172
105.739018 1198 4172
105.773814 1198 4172
105.773850 1198 4172
105.773880 494 4172
105.773908 1198 4172
105.773933 1198 4172
105.773962 1198 4172
105.773991 1198 4172
105.774048 1198 4172
105.787726 1198 4172
105.787766 1198 4172
105.792055 558 4172
105.792104 1198 4172
105.792138 1198 4172
105.795385 1198 4172
105.795438 1198 4172
105.802753 1198 4172
105.812770 1182 4172
105.813363 1198 4172
105.814943 1198 4172
105.831899 1198 4172
105.832009 1198 4172
105.832739 1198 4172
105.832776 110 4172
105.832810 1198 4172
105.836597 654 4172
105.836691 1198 4172
105.848495 1198 4172
105.851127 1198 4172
105.851193 1198 4172
105.856766 1198 4172
105.856795 1198 4172
105.863380 606 4172
105.863418 1198 4172
105.866830 60 60000
105.870759 1198 4172
105.876735 1198 4172
105.883338 1198 4172
105.883380 1198 4172
105.886728 1038 4172
105.886761 1198 4172
105.893657 1198 4172
105.893706 1198 4172
105.898719 1198 4172
105.904740 1198 4172
105.910755 830 4172
105.910790 1198 4172
105.916769 1198 4172
105.918861 1198 4172
105.918898 1198 4172
105.928767 1198 4172
105.934841 766 4172
105.934876 1198 4172
105.940759 110 4172
105.940786 1198 4172
105.940811 1198 4172
105.946757 1198 4172
105.952844 1198 4172
105.958782 158 4172
105.958821 494 4172
105.958851 174 4172
105.958885 718 4172
105.958910 1198 4172
105.959681 1198 4172
105.970778 1198 4172
105.970807 942 4172
105.976810 1198 4172
105.983358 1198 4172
105.983384 174 4172
105.983412 1198 4172
105.988803 990 4172
105.995071 1198 4172
105.995287 1198 4172
106.003946 110 4172
106.003999 1198 4172
106.016868 1198 4172
106.016911 462 4172
106.018984 1198 4172
106.019044 1198 4172
106.019110 1198 4172
106.024992 1198 4172
106.025047 1198 4172
106.031454 174 4172
106.031502 1198 4172
106.036938 1198 4172
106.044034 1198 4172
106.044101 1198 4172
106.053112 1198 4172
106.053703 350 4172
106.053742 1198 4172
106.053774 1198 4172
106.060874 1198 4172
106.066858 1198 4172
106.066917 958 4172
106.072772 1198 4172
106.078995 1198 4172
106.079033 1198 4172
106.084935 1198 4172
106.092549 1182 4172
106.095631 1198 4172
106.105644 1198 4172
106.106160 1198 4172
106.108813 894 4172
106.118139 1198 4172
106.118185 1198 4172
106.120896 1198 4172
106.134747 1198 4172
106.139256 558 4172
106.139373 1198 4172
106.140191 1198 4172
106.141175 1198 4172
106.141215 1198 4172
106.141249 1022 4172
106.150776 1198 4172
106.156893 1198 4172
106.156923 734 4172
106.162795 1198 4172
106.162821 1198 4172
106.169653 814 4172
106.169707 286 4172
106.175214 1198 4172
106.180787 1198 4172
106.184050 174 4172
106.184111 894 4172
106.189768 1198 4172
106.189800 1198 4172
106.197979 1198 4172
106.201770 1198 4172
106.229397 526 4172
106.266827 1198 4172
106.266847 1198 4172
106.266883 1198 4172
106.266913 1198 4172
106.266963 1198 4172
106.266991 302 4172
106.269751 110 4172
106.283853 1198 4172
106.283953 1198 4172
106.283985 366 4172
106.284023 302 4172
106.310778 1198 4172
106.310874 1198 4172
106.310904 1198 4172
106.310940 910 4172
106.310974 238 4172
106.319196 1198 4172
106.319234 702 4172
106.326506 1198 4172
106.326530 1198 4172
106.326559 1198 4172
106.326608 1198 4172
106.326705 1198 4172
106.326740 1198 4172
106.326772 302 4172
106.326817 1198 4172
106.333689 1198 4172
106.333732 1198 4172
106.333768 1198 4172
106.333796 1198 4172
106.333827 1198 4172
106.333858 174 4172
106.339754 1198 4172
106.339797 1198 4172
106.339823 1198 4172
106.339856 1198 4172
106.339883 1198 4172
106.345793 1198 4172
106.345827 1086 4172
106.351778 1198 4172
106.351806 1198 4172
106.357735 1198 4172
106.363753 1198 4172
106.363778 1198 4172
106.369779 1198 4172
106.375796 990 4172
106.375829 1198 4172
106.381780 1198 4172
106.387755 1198 4172
106.392858 1198 4172
106.399721 1198 4172
106.399748 446 4172
106.405764 1198 4172
106.405797 1198 4172
106.411820 1198 4172
106.417733 1198 4172
106.417774 1198 4172
106.423738 1198 4172
106.429703 702 4172
106.429740 1198 4172
106.433687 1198 4172
106.433730 1198 4172
106.441792 1198 4172
106.447845 1198 4172
106.447918 1198 4172
106.453739 334 4172
106.453774 1198 4172
106.459838 1198 4172
106.465756 1198 4172
106.465805 1198 4172
106.471809 1198 4172
106.474701 1198 4172
106.474737 1198 4172
106.483759 1198 4172
106.489709 1198 4172
106.489747 1198 4172
106.495841 1198 4172
106.501761 1198 4172
106.501815 1198 4172
106.507751 766 4172
106.513770 1198 4172
106.513818 1198 4172
106.515661 1198 4172
106.525713 1198 4172
106.525752 1198 4172
106.531714 1198 4172
106.537718 110 4172
106.537762 142 4172
106.537793 1198 4172
106.537829 1198 4172
106.543721 1198 4172
106.549718 1198 4172
106.549754 686 4172
106.556822 142 4172
106.679857 142 4172
106.692468 142 4172
106.701272 142 4172
106.710247 142 4172
106.719730 158 4172
106.720828 1150 4172
106.737274 1198 4172
106.737313 1198 4172
106.737348 382 4172
106.745255 558 4172
106.754145 158 4172
106.762143 142 4172
106.771277 158 4172
106.780156 158 4172
106.789967 158 4172
106.797901 1198 4172
106.797937 606 4172
106.797989 110 4172
106.802833 1198 4172
106.802875 670 4172
106.816020 1198 4172
106.816106 462 4172
106.822097 1198 4172
106.822136 238 4172
106.823729 110 4172
106.832409 1038 4172
106.840653 702 4172
106.843670 1006 4172
106.858111 1198 4172
106.858150 398 4172
106.866645 462 4172
106.874769 1182 4172
106.882867 1198 4172
106.885399 1198 4172
106.885491 350 4172
106.899886 1198 4172
106.900016 542 4172
106.908041 1198 4172
106.908116 750 4172
106.917176 1198 4172
106.917317 414 4172
106.922097 1198 4172
106.922132 1198 4172
106.922172 510 4172
106.925082 110 4172
106.925688 1198 4172
106.925718 1198 4172
106.925762 174 4172
106.933991 1198 4172
106.942985 1198 4172
106.943030 1006 4172
106.951567 1198 4172
106.951617 670 4172
106.959728 1022 4172
106.966824 1198 4172
106.966867 158 4172
106.975932 1198 4172
106.975975 702 4172
106.983881 1198 4172
106.983913 782 4172
106.992918 1198 4172
106.992970 910 4172
107.001083 1198 4172
107.001117 1198 4172
107.001164 222 4172
107.007694 1198 4172
107.007730 1198 4172
107.007767 382 4172
107.019083 1198 4172
107.019165 1198 4172
107.019203 558 4172
107.022051 1198 4172
107.022094 1198 4172
107.022130 302 4172
107.027475 110 4172
107.035164 1198 4172
107.035202 1198 4172
107.035250 1198 4172
107.035291 718 4172
107.037372 1198 4172
107.037414 1198 4172
107.037453 1198 4172
107.037487 174 4172
107.044026 1198 4172
107.048835 1198 4172
107.048873 1198 4172
107.048927 974 4172
107.060585 1198 4172
107.060631 1198 4172
107.060709 430 4172
107.060766 1198 4172
107.069704 414 4172
107.069749 110 4172
107.069783 110 4172
107.069818 110 4172
107.080290 1198 4172
107.080409 510 4172
107.087033 1198 4172
107.087099 1198 4172
107.087139 462 4172
107.089676 1198 4172
107.089718 1198 4172
107.089754 494 4172
107.104248 1198 4172
107.104341 1198 4172
107.104343 686 4172
107.113220 1198 4172
107.113258 1198 4172
107.113304 1198 4172
107.113341 222 4172
107.122108 1198 4172
107.122154 1198 4172
107.122189 1198 4172
107.122224 398 4172
107.130770 110 4172
107.130820 1198 4172
107.130852 1198 4172
107.130884 1198 4172
107.130921 558 4172
107.139416 1198 4172
107.139469 1198 4172
107.139509 1198 4172
107.139545 606 4172
107.144873 1198 4172
107.144907 1198 4172
107.144936 1198 4172
107.151072 1198 4172
107.151120 1006 4172
107.156860 1198 4172
107.162869 1198 4172
107.162906 1198 4172
107.168894 1198 4172
107.171796 1198 4172
107.171836 382 4172
107.180765 1198 4172
107.180812 1198 4172
107.186779 1198 4172
107.192752 1054 4172
107.192787 1198 4172
107.199022 1198 4172
107.204935 1198 4172
107.204979 142 4172
107.205018 1198 4172
107.210762 782 4172
107.210798 206 4172
107.212836 1198 4172
107.222889 1198 4172
107.228779 350 4172
107.228822 110 4172
107.228859 1198 4172
107.228895 1198 4172
107.234809 1198 4172
107.240760 1198 4172
107.240799 590 4172
107.246975 1198 4172
107.247025 1198 4172
107.252761 1198 4172
107.253668 1198 4172
107.264914 190 4172
107.264993 1198 4172
107.264995 1198 4172
107.270757 1198 4172
107.276763 1198 4172
107.276804 638 4172
107.282763 1198 4172
107.282800 1198 4172
107.288784 1198 4172
107.293861 1198 4172
107.293958 958 4172
107.334806 110 4172
107.334854 110 4172
107.334894 110 4172
107.457747 110 4172
107.621746 110 4172
107.621796 110 4172
107.621834 110 4172
107.826867 110 4172
107.867787 110 4172
107.867795 110 4172
107.867874 110 4172
107.949830 110 4172
108.153924 110 4172
108.153975 110 4172
108.154018 110 4172
108.399892 110 4172
108.687084 110 4172
108.850932 110 4172
108.931824 110 4172
108.931872 110 4172
109.218969 110 4172
109.463829 110 4172
109.749827 110 4172
109.831824 110 4172
109.954989 110 4172
109.995928 110 4172
110.856853 110 4172
110.938963 110 4172
111.840993 110 4172
111.922931 110 4172
112.661018 110 4172
112.824955 110 4172
112.948020 110 4172
113.848145 110 4172
113.929993 110 4172
114.830031 110 4172
114.953058 110 4172
115.321974 110 4172
115.855077 110 4172
115.941425 110 4172
116.661604 174 4172
116.662678 174 4172
116.663487 174 4172
116.664293 174 4172
116.665116 174 4172
116.666013 174 4172
116.667498 174 4172
116.667532 174 4172
116.668299 174 4172
116.669101 174 4172
116.670615 174 4172
116.670646 174 4172
116.671513 174 4172
116.672850 174 4172
116.673885 174 4172
116.677187 190 4172
116.678126 1198 4172
116.678155 1198 4172
116.678190 1198 4172
116.678221 1198 4172
116.678251 734 4172
116.822625 190 4172
116.823039 110 4172
116.831576 1198 4172
116.831614 1198 4172
116.831662 1198 4172
116.831699 446 4172
116.839554 1198 4172
116.839591 414 4172
116.841935 1198 4172
116.841977 686 4172
116.883174 1198 4172
116.883178 1198 4172
116.883259 462 4172
116.922745 110 4172
116.924031 110 4172
117.047213 110 4172
117.170115 110 4172
117.824157 110 4172
117.947161 110 4172
118.846283 110 4172
118.928174 110 4172
119.829190 110 4172
119.952188 110 4172
120.116236 110 4172
120.854276 110 4172
120.936243 110 4172
121.838329 110 4172
121.961238 110 4172
122.863293 110 4172
122.945241 110 4172
123.846263 110 4172
124.951376 110 4172
125.442387 110 4172
125.852372 110 4172
125.949272 110 4172
126.092442 270 4172
126.092476 254 4172
126.093753 270 4172
126.093795 318 4172
126.094496 222 4172
126.095718 222 4172
126.097600 222 4172
126.097626 222 4172
126.098322 222 4172
126.099268 238 4172
126.099295 270 4172
126.100926 334 4172
126.100949 238 4172
126.100979 270 4172
126.113227 222 4172
126.113278 558 4172
126.118377 60 60000
126.196470 382 4172
126.254707 158 4172
126.262677 174 4172
126.270671 174 4172
126.278280 174 4172
126.285520 174 4172
126.319385 190 4172
126.459685 174 4172
126.468641 174 4172
126.477640 142 4172
126.486987 158 4172
126.487589 1198 4172
126.487668 1198 4172
126.487701 1198 4172
126.487733 174 4172
126.487765 1086 4172
126.488306 1150 4172
126.488339 926 4172
126.488370 1198 4172
126.488403 1198 4172
126.488433 1198 4172
126.488463 1006 4172
126.499392 158 4172
126.499425 846 4172
126.499461 1198 4172
126.499494 926 4172
126.501263 158 4172
126.528748 862 4172
126.530015 382 4172
126.530045 446 4172
126.557641 126 4172
126.566453 1198 4172
126.566488 1198 4172
126.566521 1198 4172
126.566554 1198 4172
126.566584 1198 4172
126.566615 414 4172
126.570296 1198 4172
126.570340 1198 4172
126.570376 1198 4172
126.570413 1198 4172
126.570446 1198 4172
126.570475 1198 4172
126.570506 910 4172
126.583878 1198 4172
126.583997 1198 4172
126.584019 1198 4172
126.584046 1198 4172
126.584077 1198 4172
126.584107 1198 4172
126.584139 990 4172
126.584189 1198 4172
126.589842 1198 4172
126.589859 1198 4172
126.595391 1198 4172
126.601384 1198 4172
126.601414 1198 4172
126.618500 1198 4172
126.622134 1198 4172
126.622169 1198 4172
126.622204 1198 4172
126.622249 1198 4172
126.625693 1198 4172
126.631333 1198 4172
126.637446 206 4172
126.637482 1198 4172
126.649622 558 4172
126.649657 1198 4172
126.655834 1198 4172
126.655871 1198 4172
126.655904 1198 4172
126.661669 1198 4172
126.661703 942 4172
126.665176 1198 4172
126.679714 1198 4172
126.680209 1198 4172
126.680595 1198 4172
126.681017 1198 4172
126.685796 1198 4172
126.692608 1198 4172
126.698601 1198 4172
126.698641 1198 4172
126.703456 1198 4172
126.709356 1198 4172
126.709396 734 4172
126.715661 1198 4172
126.715685 1198 4172
126.721453 1198 4172
126.727344 1198 4172
126.727364 1198 4172
126.739399 1198 4172
126.739423 942 4172
126.745419 1198 4172
126.753988 1198 4172
126.754017 1198 4172
126.757483 1198 4172
126.763640 110 4172
126.763779 1198 4172
126.763822 1198 4172
126.777550 1198 4172
126.782159 558 4172
126.782308 1198 4172
126.782338 1198 4172
126.782371 1198 4172
126.792345 1198 4172
126.793313 1198 4172
126.793362 1198 4172
126.799425 574 4172
126.799441 1198 4172
126.805361 1198 4172
126.811369 1198 4172
126.811427 1198 4172
126.819817 1198 4172
126.823300 1198 4172
126.823340 350 4172
126.829351 1198 4172
126.829366 1198 4172
126.837576 110 4172
126.837613 1198 4172
126.840913 1198 4172
126.840947 1198 4172
126.848508 1198 4172
126.860402 478 4172
126.860480 1198 4172
126.874624 1198 4172
126.874663 1198 4172
126.874695 1198 4172
126.877299 1198 4172
126.877336 1198 4172
126.877369 350 4172
126.877401 1198 4172
126.893201 1198 4172
126.894039 1198 4172
126.896682 1198 4172
126.896710 1198 4172
126.901417 1198 4172
126.901463 542 4172
126.907357 1198 4172
126.907392 1198 4172
126.913370 1198 4172
126.917016 638 4172
126.917057 638 4172
126.917086 254 4172
126.917118 1198 4172
126.917917 60 60000
126.925303 1198 4172
126.931359 1198 4172
126.937369 110 4172
126.937398 1198 4172
126.937429 1198 4172
126.943350 206 4172
126.943380 1198 4172
126.949336 1198 4172
126.949369 1198 4172
126.958786 1198 4172
126.960191 1198 4172
126.960221 1198 4172
126.967350 1198 4172
126.975112 286 4172
126.977108 1198 4172
126.977179 1198 4172
126.979383 1198 4172
126.986934 1198 4172
126.991327 1198 4172
126.991354 1198 4172
126.997339 1198 4172
127.004377 766 4172
127.004426 1198 4172
127.009351 1198 4172
127.009377 1198 4172
127.015582 1198 4172
127.022056 1198 4172
127.022091 1198 4172
127.027411 1198 4172
127.028256 110 4172
127.043029 286 4172
127.056641 1198 4172
127.056789 1198 4172
127.056878 1198 4172
127.057382 1198 4172
127.057416 1198 4172
127.057479 1198 4172
127.064263 1198 4172
127.064321 1198 4172
127.069372 462 4172
127.069406 1198 4172
127.090735 1198 4172
127.093398 1198 4172
127.093411 1198 4172
127.093443 1198 4172
127.093469 1198 4172
127.093501 1198 4172
127.099454 1198 4172
127.106658 1150 4172
127.107278 1198 4172
127.110794 1198 4172
127.117672 1198 4172
127.117711 1198 4172
127.123329 1198 4172
127.129367 1198 4172
127.135422 1198 4172
127.135472 926 4172
127.142347 1198 4172
127.142427 1198 4172
127.151049 1198 4172
127.153495 1198 4172
127.153543 1198 4172
127.163333 1198 4172
127.163532 1006 4172
127.165360 1198 4172
127.171337 1198 4172
127.178063 1198 4172
127.178127 1198 4172
127.189665 1198 4172
127.194316 1198 4172
127.194352 718 4172
127.194383 1198 4172
127.194411 1198 4172
127.203062 1198 4172
127.203605 1198 4172
127.207329 1198 4172
127.213337 1198 4172
127.219356 686 4172
127.219399 1198 4172
127.225345 1198 4172
127.233258 1198 4172
127.235280 1198 4172
127.244447 1198 4172
127.250978 494 4172
127.251035 1198 4172
127.255947 1198 4172
127.256437 1198 4172
127.256483 1198 4172
127.261668 1198 4172
127.272589 1198 4172
127.273292 942 4172
127.273348 1198 4172
127.287870 1198 4172
127.304612 1198 4172
127.305830 1198 4172
127.306400 1198 4172
127.307556 958 4172
127.307633 110 4172
127.307706 1198 4172
127.307741 1198 4172
127.307769 1198 4172
127.307820 1198 4172
127.317059 1198 4172
127.327629 1198 4172
127.328041 622 4172
127.338542 1198 4172
127.338591 1198 4172
127.338664 1198 4172
127.338700 1198 4172
127.339317 1198 4172
127.357644 926 4172
127.357701 606 4172
127.374904 1198 4172
127.375018 1070 4172
127.375091 1198 4172
127.375164 1198 4172
127.387238 1198 4172
127.387696 1198 4172
127.394546 1198 4172
127.394579 526 4172
127.394613 1198 4172
127.394644 1198 4172
127.394675 1198 4172
127.394706 1198 4172
127.394736 1198 4172
127.402818 1198 4172
127.405378 1198 4172
127.405449 590 4172
127.425938 1198 4172
127.425980 1198 4172
127.426652 1198 4172
127.429346 1198 4172
127.429374 1198 4172
127.429403 1198 4172
127.432547 1198 4172
127.432583 1070 4172
127.441650 1198 4172
127.447361 1198 4172
127.447386 1198 4172
127.453328 1198 4172
127.459357 1198 4172
127.459404 1198 4172
127.465356 1198 4172
127.471398 1198 4172
127.471436 606 4172
127.474332 1198 4172
127.474384 1198 4172
127.483365 1198 4172
127.489361 1198 4172
127.489379 1198 4172
127.495342 1198 4172
127.501582 1198 4172
127.508647 798 4172
127.514199 1198 4172
127.514298 1198 4172
127.515223 1198 4172
127.525345 1198 4172
127.525369 1198 4172
127.531322 1198 4172
127.537426 1198 4172
127.537450 1198 4172
127.543300 1198 4172
127.549345 382 4172
127.549373 1198 4172
127.555360 1198 4172
127.555384 1198 4172
127.556503 1198 4172
127.568330 1198 4172
127.568361 110 4172
127.568397 1198 4172
127.573358 1198 4172
127.579336 1198 4172
127.579369 142 4172
127.579403 1198 4172
127.585354 1198 4172
127.591390 1198 4172
127.591422 1198 4172
127.597331 1198 4172
127.603340 1198 4172
127.603371 1198 4172
127.609309 142 4172
127.609356 1198 4172
127.615555 1198 4172
127.621357 1198 4172
127.621388 1198 4172
127.627303 1198 4172
127.633356 1198 4172
127.633381 910 4172
127.638455 1198 4172
127.638487 1198 4172
127.645294 1198 4172
127.651473 1198 4172
127.657306 1198 4172
127.657343 1198 4172
127.663715 942 4172
127.663788 1198 4172
127.669402 1198 4172
127.675443 1198 4172
127.675480 1198 4172
127.679598 1198 4172
127.687309 1198 4172
127.687344 686 4172
127.693410 1198 4172
127.693445 1198 4172
127.699293 1198 4172
127.705285 1198 4172
127.711599 1198 4172
127.711647 1070 4172
127.717295 1198 4172
127.717334 1198 4172
127.720335 1198 4172
127.729403 1198 4172
127.729453 1198 4172
127.735380 1070 4172
127.741421 1198 4172
127.741456 1198 4172
127.747348 1198 4172
127.753386 1198 4172
127.753427 1198 4172
127.759525 1198 4172
127.761276 814 4172
127.761322 1198 4172
127.771496 1198 4172
127.777406 1198 4172
127.777445 1198 4172
127.783471 1198 4172
127.789436 1086 4172
127.789473 1198 4172
127.795503 1070 4172
127.795549 1198 4172
127.801433 1198 4172
127.802350 1198 4172
127.813440 1198 4172
127.813484 1198 4172
127.819416 894 4172
127.819457 1198 4172
127.825427 1198 4172
127.831377 1198 4172
127.831422 1198 4172
127.837434 110 4172
127.837475 110 4172
127.837514 1198 4172
127.843388 1198 4172
127.843432 1198 4172
127.849435 1182 4172
127.855566 1198 4172
127.855607 1198 4172
127.861349 1198 4172
127.867362 1198 4172
127.873368 1198 4172
127.873404 1198 4172
127.879455 1198 4172
127.884346 1198 4172
127.884388 750 4172
127.891429 1198 4172
127.891469 1198 4172
127.897353 1198 4172
127.904132 1198 4172
127.904168 1198 4172
127.909328 1198 4172
127.915522 1198 4172
127.915563 1198 4172
127.921431 1198 4172
127.925407 542 4172
127.925446 1198 4172
127.933305 110 4172
127.933356 1198 4172
127.933392 1198 4172
127.939423 1198 4172
127.945290 1198 4172
127.945333 1198 4172
127.950486 1198 4172
127.956452 1198 4172
127.956489 1198 4172
127.962444 702 4172
127.966401 1198 4172
127.966437 1198 4172
127.974465 1198 4172
127.974503 1198 4172
127.980366 1198 4172
127.986474 1198 4172
127.986511 1198 4172
127.992428 1198 4172
127.998430 1118 4172
127.998477 1198 4172
128.004441 1198 4172
128.007348 1198 4172
128.016450 1198 4172
128.022477 1198 4172
128.022517 1198 4172
128.028420 1198 4172
128.034442 862 4172
128.034491 1198 4172
128.040436 1198 4172
128.046452 1198 4172
128.046495 1198 4172
128.048479 1198 4172
128.064470 1198 4172
128.064514 750 4172
128.070451 1198 4172
128.076450 1198 4172
128.088467 1198 4172
128.088503 1198 4172
128.089343 1198 4172
128.089379 254 4172
128.100429 110 4172
128.100477 1198 4172
128.100517 1198 4172
128.106439 1198 4172
128.112441 1198 4172
128.112476 1198 4172
128.118462 1198 4172
128.124423 1198 4172
128.124461 1198 4172
128.130428 1198 4172
128.136522 1198 4172
128.136559 1198 4172
128.142336 334 4172
128.142381 1198 4172
128.148483 1198 4172
128.148527 1198 4172
128.153460 1198 4172
128.159614 1198 4172
128.165351 1198 4172
128.171421 1198 4172
128.177330 1198 4172
128.177370 1198 4172
128.183357 1198 4172
128.189400 1198 4172
128.189445 1198 4172
128.195401 270 4172
128.195452 1198 4172
128.201407 1198 4172
128.201452 1198 4172
128.207619 1198 4172
128.212399 1198 4172
128.219388 1198 4172
128.225414 222 4172
128.225449 1198 4172
128.225498 1198 4172
128.231296 1198 4172
128.237404 1198 4172
128.237433 1198 4172
128.243413 1198 4172
128.249395 1198 4172
128.249448 1182 4172
128.253257 1198 4172
128.253300 1198 4172
128.261412 1198 4172
128.267464 1198 4172
128.267500 1198 4172
128.273421 1134 4172
128.279383 1198 4172
128.279418 1198 4172
128.285342 1198 4172
128.291445 1198 4172
128.291479 1198 4172
128.294391 654 4172
128.294426 222 4172
128.294476 126 4172
128.304853 126 4172
128.313827 126 4172
128.321866 126 4172
128.330843 126 4172
128.335599 126 4172
128.347803 126 4172
128.356885 126 4172
128.364814 126 4172
128.364856 110 4172
128.373729 126 4172
128.376407 126 4172
128.392917 1198 4172
128.392962 1198 4172
128.393007 1198 4172
128.393042 1198 4172
128.393079 1198 4172
128.393113 1198 4172
128.398653 1198 4172
128.398694 1198 4172
128.398729 1198 4172
128.398766 590 4172
128.406835 606 4172
128.416432 126 4172
128.417246 126 4172
128.434410 1198 4172
128.434461 1198 4172
128.434513 1086 4172
128.443550 1198 4172
128.443597 1198 4172
128.443639 1198 4172
128.443675 1198 4172
128.445468 1198 4172
128.445511 1198 4172
128.445554 1198 4172
128.445593 1198 4172
128.445629 590 4172
128.447676 1198 4172
128.453405 734 4172
128.458361 1198 4172
128.458404 1198 4172
128.458447 1198 4172
128.458486 1198 4172
128.458522 126 4172
128.470218 1198 4172
128.470299 1198 4172
128.470305 1198 4172
128.470346 1102 4172
128.470397 1198 4172
128.479145 1198 4172
128.479196 1198 4172
128.479495 558 4172
128.479557 1198 4172
128.488172 1198 4172
128.488213 1198 4172
128.488250 190 4172
128.488299 1198 4172
128.497384 1198 4172
128.497422 1198 4172
128.497460 366 4172
128.499421 1198 4172
128.499465 1198 4172
128.499501 1198 4172
128.506036 206 4172
128.511621 1198 4172
128.511667 1198 4172
128.514064 622 4172
128.519445 1198 4172
128.519481 1198 4172
128.525454 606 4172
128.531474 1198 4172
128.531504 1198 4172
128.537507 1198 4172
128.537546 382 4172
128.540374 1198 4172
128.540418 1198 4172
128.549472 1198 4172
128.555503 1198 4172
128.555539 126 4172
128.555578 1198 4172
128.556800 702 4172
128.556853 302 4172
128.562420 1198 4172
128.568430 1198 4172
128.574350 110 4172
128.574390 1198 4172
128.580462 1198 4172
128.581403 590 4172
128.581440 1198 4172
128.581484 1198 4172
128.592451 1198 4172
128.598320 1198 4172
128.598368 1198 4172
128.604400 1198 4172
128.610419 1198 4172
128.610454 350 4172
128.610504 1198 4172
128.616412 1198 4172
128.622389 1198 4172
128.622427 1198 4172
128.628419 110 4172
128.628463 110 4172
128.628496 110 4172
128.628533 1198 4172
128.634428 1198 4172
128.634464 1198 4172
128.640428 110 4172
128.640476 1198 4172
128.646408 1198 4172
128.646441 1198 4172
128.652421 1198 4172
128.658437 1198 4172
128.658477 1198 4172
128.663401 974 4172
128.663440 1198 4172
128.670399 1198 4172
128.676337 1198 4172
128.676383 1198 4172
128.682482 1198 4172
128.688449 1198 4172
128.688499 494 4172
128.688536 1198 4172
128.694422 1198 4172
128.700353 1198 4172
128.700396 1198 4172
128.704377 1198 4172
128.712421 1198 4172
128.712459 318 4172
128.712506 1198 4172
128.719940 1198 4172
128.724426 1198 4172
128.724463 1198 4172
128.730416 1198 4172
128.730463 702 4172
128.736444 1198 4172
128.736485 1198 4172
128.742437 1198 4172
128.745431 1198 4172
128.745473 1198 4172
128.754486 206 4172
128.754536 1198 4172
128.760436 1198 4172
128.760471 1198 4172
128.766489 1198 4172
128.772433 1198 4172
128.772483 558 4172
128.772526 1198 4172
128.778435 1198 4172
128.784357 1198 4172
128.784405 1198 4172
128.786364 1198 4172
128.796414 286 4172
128.796454 1198 4172
128.796502 1198 4172
128.802377 1198 4172
128.808428 1198 4172
128.808476 334 4172
128.814402 1198 4172
128.814447 1198 4172
128.820480 1198 4172
128.820532 1198 4172
128.826440 462 4172
128.826486 1198 4172
128.827405 1198 4172
128.827444 1198 4172
128.838421 110 4172
128.838514 1198 4172
128.844353 1198 4172
128.844397 430 4172
128.850497 1198 4172
128.850542 1198 4172
128.856312 734 4172
128.856368 1198 4172
128.862434 1198 4172
128.868320 398 4172
128.868364 1198 4172
128.868402 1198 4172
128.874434 1198 4172
128.880321 574 4172
128.880414 1198 4172
128.886321 1198 4172
128.892359 1198 4172
128.898382 110 4172
128.898421 110 4172
128.898453 110 4172
128.898491 1198 4172
128.898545 814 4172
128.904327 1198 4172
128.909429 1198 4172
128.916470 1198 4172
128.916519 1198 4172
128.922326 1198 4172
128.922369 1198 4172
128.928443 1198 4172
128.934416 1198 4172
128.934469 1198 4172
128.940464 110 4172
128.940552 1198 4172
128.940589 638 4172
128.946458 1198 4172
128.946500 1198 4172
128.950367 1198 4172
128.958437 1198 4172
128.958476 1198 4172
128.964425 1198 4172
128.970452 1198 4172
128.970497 1198 4172
128.976455 1198 4172
128.976499 1198 4172
128.982429 430 4172
128.982483 1198 4172
128.991612 1198 4172
129.000425 1198 4172
129.000471 1198 4172
129.006489 1198 4172
129.012381 1198 4172
129.018439 1198 4172
129.018483 286 4172
129.024442 1198 4172
129.024482 1198 4172
129.030412 1198 4172
129.030457 1198 4172
129.032367 110 4172
129.032416 1198 4172
129.042437 1198 4172
129.042485 1198 4172
129.048367 1198 4172
129.054306 1198 4172
129.054351 1198 4172
129.060462 1198 4172
129.060503 1198 4172
129.066422 830 4172
129.066462 1198 4172
129.072333 1198 4172
129.073440 1198 4172
129.073484 1198 4172
129.090405 1198 4172
129.090449 1198 4172
129.096429 1198 4172
129.096468 1198 4172
129.108424 1198 4172
129.108471 1198 4172
129.114340 1198 4172
129.120509 1198 4172
129.126441 1198 4172
129.126474 1198 4172
129.132394 1198 4172
129.132437 1198 4172
129.138428 110 4172
129.138472 958 4172
129.144441 1198 4172
129.144484 1198 4172
129.150414 318 4172
129.150458 1198 4172
129.155425 1198 4172
129.155464 1198 4172
129.162418 1198 4172
129.162449 110 4172
129.168446 110 4172
129.168490 110 4172
129.168528 1198 4172
129.168565 1198 4172
129.174417 1198 4172
129.174460 1198 4172
129.180434 782 4172
129.180476 1198 4172
129.186470 1198 4172
129.192425 1198 4172
129.192462 1198 4172
129.196325 1198 4172
129.204429 1198 4172
129.204473 1198 4172
129.210349 1198 4172
129.210385 1198 4172
129.216335 206 4172
129.222452 1198 4172
129.222499 1198 4172
129.228435 1198 4172
129.234437 110 4172
129.234481 1198 4172
129.234519 1198 4172
129.237430 1198 4172
129.237470 1198 4172
129.252483 862 4172
129.252569 1198 4172
129.258435 1198 4172
129.258478 1198 4172
129.264436 1198 4172
129.270427 1198 4172
129.270470 1198 4172
129.276426 1198 4172
129.276464 254 4172
129.276509 1198 4172
129.278373 1198 4172
129.288435 1198 4172
129.288473 1198 4172
129.294437 1198 4172
129.300507 1198 4172
129.300556 1198 4172
129.306452 334 4172
129.306490 1198 4172
129.312432 1198 4172
129.312476 1198 4172
129.318334 1198 4172
129.318373 1198 4172
129.330500 110 4172
129.330586 1198 4172
129.330621 1198 4172
129.336325 494 4172
129.336377 1198 4172
129.342413 1198 4172
129.342456 1198 4172
129.348506 958 4172
129.348553 414 4172
129.354414 1198 4172
129.354456 1198 4172
129.360488 1198 4172
129.360533 1198 4172
129.366506 1198 4172
129.372492 1198 4172
129.372584 990 4172
129.378481 1198 4172
129.378520 1198 4172
129.384387 1198 4172
129.390429 1198 4172
129.390472 1198 4172
129.396437 1198 4172
129.396482 1198 4172
129.401310 1198 4172
129.423576 1198 4172
129.423669 1102 4172
129.442469 110 4172
129.442559 110 4172
129.442596 110 4172
129.442633 110 4172
129.524493 110 4172
129.647789 110 4172
129.729396 110 4172
129.729495 110 4172
129.729573 110 4172
129.851565 110 4172
129.974540 110 4172
129.974662 110 4172
129.974734 110 4172
130.261455 110 4172
130.261531 110 4172
130.261561 110 4172
130.507501 110 4172
130.794470 110 4172
130.835528 110 4172
130.917955 462 4172
130.918041 302 4172
130.953259 110 4172
130.958485 174 4172
131.023636 110 4172
131.039682 110 4172
131.326518 110 4172
131.571471 110 4172
131.823712 110 4172
131.858667 110 4172
131.940562 110 4172
132.104598 110 4172
132.350538 110 4172
132.841498 110 4172
132.964682 110 4172
133.824574 110 4172
133.947635 110 4172
134.848703 110 4172
134.930492 110 4172
135.053619 110 4172
135.831617 110 4172
135.954615 110 4172
136.855615 110 4172
136.937735 110 4172
137.838700 110 4172
137.961700 110 4172
138.859785 110 4172
138.941792 110 4172
139.841793 110 4172
139.964830 110 4172
140.333772 110 4172
140.825749 110 4172
140.948732 110 4172
141.848761 110 4172
141.930738 110 4172
142.832832 110 4172
142.955755 110 4172
142.996791 110 4172
143.857912 110 4172
143.939830 110 4172
144.963868 110 4172
145.659895 110 4172
145.864830 110 4172
145.946841 110 4172
146.847002 110 4172
146.941353 110 4172
147.022926 1198 4172
147.023009 1198 4172
147.023018 686 4172
147.145912 510 4172
147.192875 270 4172
147.193843 254 4172
147.193867 270 4172
147.195022 318 4172
147.195054 222 4172
147.196202 222 4172
147.196231 222 4172
147.197642 222 4172
147.197827 222 4172
147.197861 222 4172
147.199081 238 4172
147.199109 270 4172
147.199137 334 4172
147.200146 238 4172
147.200226 270 4172
147.220912 430 4172
147.221000 622 4172
147.227798 606 4172
147.257106 126 4172
147.269133 158 4172
147.292953 206 4172
147.293040 158 4172
147.293129 158 4172
147.293160 158 4172
147.293190 158 4172
147.293727 158 4172
147.293761 158 4172
147.293791 158 4172
147.293820 302 4172
147.309942 654 4172
147.321924 1198 4172
147.322012 1198 4172
147.322019 1198 4172
147.322048 206 4172
147.328511 1198 4172
147.328552 1198 4172
147.328587 1198 4172
147.328615 1198 4172
147.328645 1198 4172
147.328676 1198 4172
147.328710 1198 4172
147.328929 1198 4172
147.328970 1198 4172
147.329017 590 4172
147.333949 1198 4172
147.333982 1198 4172
147.334014 1198 4172
147.339918 1198 4172
147.339958 1198 4172
147.340041 1198 4172
147.345958 1198 4172
147.345984 910 4172
147.346016 1198 4172
147.346090 1198 4172
147.350934 1198 4172
147.350985 1198 4172
147.357876 1198 4172
147.357918 1198 4172
147.364000 1198 4172
147.369934 1198 4172
147.369972 1134 4172
147.375857 1198 4172
147.375884 1198 4172
147.381891 1198 4172
147.381936 1198 4172
147.387865 1198 4172
147.391951 1198 4172
147.391997 1198 4172
147.399966 1198 4172
147.400011 1198 4172
147.405871 830 4172
147.405916 1198 4172
147.411978 1198 4172
147.412010 1198 4172
147.417889 1198 4172
147.417930 1198 4172
147.423977 1198 4172
147.429967 1198 4172
147.430013 286 4172
147.430056 1198 4172
147.432863 1198 4172
147.432897 1198 4172
147.442022 1198 4172
147.447968 1198 4172
147.448005 1198 4172
147.453951 1198 4172
147.453999 638 4172
147.459995 1198 4172
147.460027 1198 4172
147.465868 1198 4172
147.465907 382 4172
147.465944 494 4172
147.471855 510 4172
147.471886 1198 4172
147.471917 1198 4172
147.474580 1198 4172
147.483857 1022 4172
147.483905 1198 4172
147.490055 1198 4172
147.490120 1198 4172
147.495843 1198 4172
147.495890 1198 4172
147.501876 1198 4172
147.507901 910 4172
147.507930 1198 4172
147.513858 1198 4172
147.513888 1198 4172
147.514788 110 4172
147.514845 1198 4172
147.514878 1198 4172
147.525872 1198 4172
147.531791 1198 4172
147.531822 1198 4172
147.537892 1198 4172
147.537916 862 4172
147.543885 1198 4172
147.543927 1198 4172
147.549807 1198 4172
147.549854 1198 4172
147.555781 1198 4172
147.555823 1198 4172
147.561798 1198 4172
147.561827 1198 4172
147.567792 1198 4172
147.573811 1198 4172
147.573852 1198 4172
147.579795 126 4172
147.579822 1198 4172
147.585833 1198 4172
147.585866 1198 4172
147.591786 1198 4172
147.591813 1198 4172
147.596779 1198 4172
147.596819 1198 4172
147.603799 302 4172
147.603832 1198 4172
147.609809 1198 4172
147.609845 1198 4172
147.615899 1198 4172
147.615929 1198 4172
147.621872 1198 4172
147.627794 558 4172
147.627826 1198 4172
147.627857 1198 4172
147.633840 1198 4172
147.633874 1198 4172
147.637834 1198 4172
147.637874 1198 4172
147.645902 1198 4172
147.655119 1198 4172
147.655583 238 4172
147.655657 1198 4172
147.656184 1198 4172
147.664436 1198 4172
147.667680 1198 4172
147.667717 1198 4172
147.667803 1198 4172
147.670862 462 4172
147.670908 158 4172
147.676871 1198 4172
147.676902 1198 4172
147.691348 1198 4172
147.691384 1198 4172
147.691950 1198 4172
147.691992 1198 4172
147.692025 1198 4172
147.692055 1198 4172
147.703879 1006 4172
147.703921 1198 4172
147.707104 1150 4172
147.707160 1198 4172
147.719496 1198 4172
147.719543 1198 4172
147.724796 1198 4172
147.724831 1150 4172
147.724859 1198 4172
147.724888 1198 4172
147.734110 1198 4172
147.734151 1198 4172
147.737405 1198 4172
147.737436 1198 4172
147.739799 1198 4172
147.739836 142 4172
147.739869 1198 4172
147.751373 1198 4172
147.751400 1198 4172
147.754865 1198 4172
147.754901 542 4172
147.765844 1198 4172
147.766811 1198 4172
147.766856 574 4172
147.766885 1198 4172
147.772793 1198 4172
147.772830 1198 4172
147.785313 1198 4172
147.785346 126 4172
147.785377 1198 4172
147.788807 1198 4172
147.788840 1198 4172
147.788871 110 4172
147.788899 1198 4172
147.798158 1198 4172
147.798199 1198 4172
147.800807 1198 4172
147.800861 1198 4172
147.807596 1198 4172
147.807623 1198 4172
147.817893 1198 4172
147.817931 1198 4172
147.818832 1198 4172
147.818864 1198 4172
147.829048 1198 4172
147.829088 1198 4172
147.830825 1198 4172
147.830862 990 4172
147.836809 110 4172
147.836845 1198 4172
147.836877 1198 4172
147.845745 1198 4172
147.845778 1198 4172
147.845820 1198 4172
147.848809 1198 4172
147.856318 1198 4172
147.856356 1198 4172
147.860922 1198 4172
147.860952 1198 4172
147.866808 1198 4172
147.866845 926 4172
147.866877 1198 4172
147.874881 1198 4172
147.874922 1198 4172
147.878816 1198 4172
147.884833 1198 4172
147.886795 1006 4172
147.886831 1198 4172
147.897415 1198 4172
147.903551 1198 4172
147.903697 1198 4172
147.912065 1198 4172
147.913157 1198 4172
147.915212 1198 4172
147.921717 1198 4172
147.922041 1198 4172
147.922951 622 4172
147.928355 1198 4172
147.928442 1198 4172
147.931157 1198 4172
147.935794 1198 4172
147.935826 1198 4172
147.945794 110 4172
147.946107 1198 4172
147.953270 1198 4172
147.953384 1198 4172
147.953421 1198 4172
147.953456 1198 4172
147.953645 1198 4172
147.953824 1198 4172
147.959809 734 4172
147.963639 1198 4172
147.963758 1198 4172
147.966962 1198 4172
147.967046 1198 4172
147.970667 1198 4172
147.988691 1198 4172
147.988823 1198 4172
147.990393 1198 4172
147.992593 1198 4172
147.992851 1198 4172
147.992884 1198 4172
147.992912 1198 4172
147.992939 366 4172
147.998877 1198 4172
147.998914 1198 4172
148.004955 1198 4172
148.004999 1198 4172
148.010991 1198 4172
148.011021 1198 4172
148.017028 1198 4172
148.017080 1198 4172
148.022920 1198 4172
148.022968 1198 4172
148.029014 1198 4172
148.029062 1022 4172
148.029100 1198 4172
148.032959 110 4172
148.033051 1198 4172
148.035796 1198 4172
148.040973 1198 4172
148.047265 1198 4172
148.047309 110 4172
148.047348 1198 4172
148.053055 606 4172
148.053096 1198 4172
148.059018 1198 4172
148.059051 1198 4172
148.059091 1198 4172
148.065571 1198 4172
148.065674 1198 4172
148.070993 1102 4172
148.071030 638 4172
148.073879 1198 4172
148.073921 174 4172
148.073957 1198 4172
148.083081 1198 4172
148.083128 1198 4172
148.083169 1198 4172
148.088969 1198 4172
148.089005 1198 4172
148.094977 606 4172
148.095021 1198 4172
148.101052 1198 4172
148.101097 542 4172
148.101142 1198 4172
148.106954 558 4172
148.106992 1198 4172
148.107041 1134 4172
148.113051 1198 4172
148.113109 1198 4172
148.114953 1198 4172
148.114995 430 4172
148.115033 1198 4172
148.124973 1198 4172
148.125008 1198 4172
148.130943 622 4172
148.130984 110 4172
148.131021 1198 4172
148.136889 1198 4172
148.136922 1198 4172
148.142983 1198 4172
148.143013 1198 4172
148.148958 1198 4172
148.148993 414 4172
148.149044 1198 4172
148.154984 1198 4172
148.155024 1198 4172
148.155864 1198 4172
148.155899 1198 4172
148.155936 1198 4172
148.167012 526 4172
148.167102 1198 4172
148.172951 1198 4172
148.172996 1198 4172
148.178988 1198 4172
148.179026 1198 4172
148.184624 302 4172
148.184710 158 4172
148.184830 1198 4172
148.184868 526 4172
148.184918 190 4172
148.196965 158 4172
148.197045 862 4172
148.237966 110 4172
148.314557 110 4172
148.319884 270 4172
148.324085 142 4172
148.332281 110 4172
148.340263 158 4172
148.348312 158 4172
148.357573 382 4172
148.360936 382 4172
148.374284 302 4172
148.383296 158 4172
148.392249 190 4172
148.400191 206 4172
148.401878 142 4172
148.417468 366 4172
148.424103 366 4172
148.425302 110 4172
148.434507 158 4172
148.442966 942 4172
148.451408 238 4172
148.460439 606 4172
148.468331 1150 4172
148.477306 510 4172
148.483881 174 4172
148.494308 622 4172
148.503398 334 4172
148.524126 974 4172
148.524928 110 4172
148.606864 110 4172
148.606885 110 4172
148.606918 110 4172
148.647923 110 4172
148.688977 494 4172
148.729849 190 4172
148.729885 1198 4172
148.729917 750 4172
148.811845 526 4172
148.840011 110 4172
148.852957 110 4172
148.853011 110 4172
148.890078 782 4172
148.891128 1198 4172
148.891131 1198 4172
148.891180 1198 4172
148.891226 974 4172
148.891270 1198 4172
148.891315 1198 4172
148.891358 558 4172
148.891402 1198 4172
148.891445 1198 4172
148.891489 894 4172
148.894994 1198 4172
148.895055 1198 4172
148.895106 1198 4172
148.895148 894 4172
148.924137 206 4172
148.935848 110 4172
149.058993 110 4172
149.141004 110 4172
149.141008 110 4172
149.141088 110 4172
149.304872 430 4172
149.345854 270 4172
149.369928 318 4172
149.386583 110 4172
149.386820 222 4172
149.427831 366 4172
149.469004 318 4172
149.510028 1198 4172
149.510124 670 4172
149.673957 110 4172
149.837936 110 4172
149.919994 110 4172
149.960877 110 4172
