0.114924 1198 4172
0.114995 1198 4172
0.114998 1198 4172
0.115044 910 4172
0.238011 110 4172
0.481903 110 4172
0.482845 110 4172
0.588626 110 4172
0.588770 1198 4172
0.588804 1198 4172
0.588835 1198 4172
0.588865 766 4172
0.589851 1086 4172
0.589886 814 4172
0.589918 814 4172
0.589947 974 4172
0.589976 1006 4172
0.605841 1038 4172
0.605929 1198 4172
0.605958 1198 4172
0.605989 1198 4172
0.606035 1070 4172
0.606067 158 4172
0.622504 1198 4172
0.622601 1198 4172
0.622647 1198 4172
0.622681 1198 4172
0.622753 1198 4172
0.622779 1198 4172
0.622812 1198 4172
0.622843 1198 4172
0.622874 286 4172
0.622917 1198 4172
0.629342 1198 4172
0.629373 1198 4172
0.629411 1198 4172
0.629447 1198 4172
0.629482 1198 4172
0.629523 1198 4172
0.629559 1198 4172
0.629590 1198 4172
0.629623 1198 4172
0.629657 1198 4172
0.629691 1198 4172
0.629753 1198 4172
0.629788 1198 4172
0.629823 958 4172
0.629874 1198 4172
0.634795 1198 4172
0.634856 1198 4172
0.634912 1198 4172
0.634951 1198 4172
0.634989 1198 4172
0.635023 1198 4172
0.635063 1198 4172
0.635101 1198 4172
0.635138 1198 4172
0.635175 1198 4172
0.635213 1198 4172
0.635248 1198 4172
0.635288 414 4172
0.640924 1198 4172
0.640969 1198 4172
0.641002 1198 4172
0.641034 1198 4172
0.641066 1198 4172
0.641096 1198 4172
0.641127 1198 4172
0.641157 1198 4172
0.646862 1198 4172
0.646922 1198 4172
0.646973 1198 4172
0.647014 1198 4172
0.647055 1198 4172
0.647093 1198 4172
0.647130 1198 4172
0.647167 1198 4172
0.652827 1198 4172
0.652857 1006 4172
0.652894 1198 4172
0.652924 1198 4172
0.652954 1198 4172
0.658848 1198 4172
0.658893 1198 4172
0.658934 1198 4172
0.664896 1198 4172
0.664944 1198 4172
0.664991 1198 4172
0.665031 1198 4172
0.665070 1198 4172
0.670989 1198 4172
0.671033 1198 4172
0.671070 1198 4172
0.671106 1198 4172
0.676932 1198 4172
0.676983 1198 4172
0.677027 1198 4172
0.677065 1198 4172
0.682832 1198 4172
0.682884 1198 4172
0.682923 1198 4172
0.682960 1198 4172
0.687784 1198 4172
0.687882 1198 4172
0.687920 1198 4172
0.687952 1198 4172
0.694941 654 4172
0.694981 1198 4172
0.695025 1198 4172
0.695063 1198 4172
0.695101 1198 4172
0.700891 1198 4172
0.700938 1198 4172
0.700978 1198 4172
0.701016 1198 4172
0.706866 1198 4172
0.706921 1198 4172
0.712921 1198 4172
0.713014 1198 4172
0.713056 1198 4172
0.713091 1198 4172
0.718944 1198 4172
0.719014 1198 4172
0.719048 1198 4172
0.724933 1198 4172
0.724989 1198 4172
0.725033 1198 4172
0.725071 1198 4172
0.728837 910 4172
0.728878 382 4172
0.728918 1198 4172
0.728954 1198 4172
0.728991 1198 4172
0.736915 1198 4172
0.736964 1198 4172
0.737004 894 4172
0.742817 1198 4172
0.742870 1198 4172
0.742911 1198 4172
0.742950 174 4172
0.742986 1198 4172
0.748891 110 4172
0.748942 1198 4172
0.748985 1198 4172
0.749024 1198 4172
0.754968 1198 4172
0.755008 1198 4172
0.755055 1198 4172
0.755094 1198 4172
0.755132 1198 4172
0.760898 1198 4172
0.760944 1198 4172
0.760988 1038 4172
0.761027 1198 4172
0.766950 1198 4172
0.766993 1198 4172
0.767026 1198 4172
0.767059 1198 4172
0.769853 1198 4172
0.769892 1198 4172
0.769933 1198 4172
0.769970 142 4172
0.770007 1198 4172
0.778852 1198 4172
0.778882 1198 4172
0.778919 1198 4172
0.778955 1198 4172
0.784977 1198 4172
0.785021 1198 4172
0.785057 1198 4172
0.785091 318 4172
0.785126 1198 4172
0.785159 1198 4172
0.791082 1198 4172
0.791126 1198 4172
0.791163 1198 4172
0.791198 1198 4172
0.797103 1198 4172
0.797131 1198 4172
0.797172 1198 4172
0.797207 1198 4172
0.802925 350 4172
0.802982 1198 4172
0.803025 1198 4172
0.803063 1198 4172
0.803100 1198 4172
0.803138 1198 4172
0.808900 1198 4172
0.808943 1198 4172
0.808980 1198 4172
0.809017 1198 4172
0.810838 1198 4172
0.810873 1198 4172
0.810910 1198 4172
0.821010 1198 4172
0.821085 1198 4172
0.821086 1198 4172
0.826912 1198 4172
0.826970 1198 4172
0.827011 702 4172
0.832856 1198 4172
0.832893 974 4172
0.832938 462 4172
0.838893 1166 4172
0.838948 1198 4172
0.838990 174 4172
0.839029 1198 4172
0.839069 1198 4172
0.844955 1198 4172
0.845007 1198 4172
0.850963 1198 4172
0.851019 1198 4172
0.851058 1198 4172
0.851095 1198 4172
0.851728 318 4172
0.851765 174 4172
0.851799 158 4172
0.851833 158 4172
0.851866 158 4172
0.851899 158 4172
0.851933 158 4172
0.851966 158 4172
0.892892 142 4172
0.892960 1198 4172
0.933958 158 4172
0.934060 158 4172
0.934062 590 4172
1.015811 110 4172
1.245788 1198 4172
1.254749 238 4172
1.254868 1198 4172
1.260889 334 4172
1.260929 142 4172
1.301902 110 4172
1.506869 110 4172
1.565800 110 4172
1.588927 110 4172
1.888854 142 4172
1.916816 142 4172
2.088789 110 4172
2.121907 142 4172
2.121959 142 4172
2.325905 142 4172
2.366907 110 4172
2.570866 110 4172
2.652781 110 4172
2.693766 142 4172
2.888978 110 4172
2.897829 142 4172
3.184871 110 4172
3.428952 110 4172
3.469830 110 4172
3.592842 110 4172
3.715845 110 4172
4.121810 142 4172
4.125867 142 4172
4.330863 142 4172
4.331031 142 4172
4.494870 110 4172
4.576848 110 4172
4.944951 142 4172
4.944984 142 4172
5.149930 142 4172
5.150000 142 4172
5.476844 110 4172
5.558866 142 4172
5.599859 110 4172
5.722837 142 4172
6.132857 142 4172
6.132906 142 4172
6.370873 142 4172
6.370935 142 4172
6.378771 110 4172
6.501923 110 4172
6.583744 110 4172
6.992848 142 4172
6.992939 142 4172
7.156858 142 4172
7.156935 142 4172
7.483820 110 4172
7.606839 110 4172
7.974709 142 4172
7.974808 142 4172
8.178810 142 4172
8.178909 142 4172
8.506826 110 4172
8.588840 110 4172
8.997806 142 4172
9.038718 110 4172
9.202719 142 4172
9.284799 142 4172
9.284895 142 4172
9.488798 110 4172
9.570757 110 4172
9.611726 142 4172
10.060824 142 4172
10.060909 142 4172
10.223797 142 4172
10.223896 142 4172
10.468763 110 4172
10.591763 110 4172
11.039863 142 4172
11.039971 142 4172
11.244800 142 4172
11.448863 142 4172
11.489777 110 4172
11.530759 142 4172
11.571720 110 4172
11.654108 142 4172
11.694833 110 4172
11.735838 110 4172
11.776664 110 4172
12.225782 142 4172
12.225850 142 4172
12.429767 142 4172
12.429857 142 4172
12.470699 110 4172
12.593754 110 4172
12.878829 142 4172
13.288780 142 4172
13.370773 142 4172
13.465852 142 4172
13.493751 110 4172
13.534705 142 4172
13.575724 110 4172
13.657734 142 4172
13.698856 110 4172
13.780732 110 4172
14.066749 142 4172
14.066800 142 4172
14.312733 142 4172
14.312828 142 4172
14.393848 110 4172
14.475686 110 4172
14.598771 110 4172
14.884681 142 4172
14.884766 142 4172
15.129810 142 4172
15.129931 142 4172
15.488624 110 4172
15.496670 142 4172
15.496722 142 4172
15.578696 110 4172
15.700788 142 4172
15.700882 142 4172
16.110743 142 4172
16.110824 142 4172
16.314658 142 4172
16.314761 142 4172
16.477795 110 4172
16.599718 110 4172
16.926725 142 4172
16.926778 142 4172
17.089706 110 4172
17.130753 142 4172
17.335755 142 4172
17.417687 142 4172
17.499701 110 4172
17.540581 142 4172
17.581650 110 4172
17.948803 142 4172
17.948889 142 4172
18.153646 142 4172
18.153715 142 4172
18.480680 110 4172
18.562763 142 4172
18.603691 110 4172
18.766807 142 4172
19.176703 142 4172
19.176727 142 4172
19.381730 142 4172
19.381780 142 4172
19.504677 110 4172
19.586577 110 4172
19.750593 110 4172
20.160712 142 4172
20.160793 142 4172
20.365705 142 4172
20.365755 142 4172
20.488651 110 4172
20.566309 60 60000
20.570521 110 4172
20.700774 158 4172
20.700804 158 4172
20.700838 158 4172
20.700891 158 4172
20.700924 158 4172
20.700961 158 4172
20.700989 158 4172
20.701019 158 4172
20.724900 1022 4172
20.724926 782 4172
20.725692 990 4172
20.725732 1022 4172
20.726503 1182 4172
20.728249 1198 4172
20.728890 1198 4172
20.728929 126 4172
20.728959 1198 4172
20.728987 1086 4172
20.729030 1198 4172
20.729795 190 4172
20.729827 878 4172
20.729855 1102 4172
20.730574 1198 4172
20.730604 1198 4172
20.730631 1198 4172
20.730659 1198 4172
20.730686 798 4172
20.731629 1198 4172
20.731666 590 4172
20.733309 494 4172
20.744823 190 4172
20.748006 1198 4172
20.748053 1198 4172
20.748156 1198 4172
20.748191 1198 4172
20.748218 1198 4172
20.748248 910 4172
20.748289 126 4172
20.760713 302 4172
20.769493 1198 4172
20.769538 1198 4172
20.769568 1198 4172
20.769596 1198 4172
20.769624 1198 4172
20.769657 1198 4172
20.769683 1198 4172
20.769712 1198 4172
20.769745 1198 4172
20.769778 1198 4172
20.769806 318 4172
20.769849 1198 4172
20.777361 1198 4172
20.777400 1198 4172
20.777435 1198 4172
20.777477 1198 4172
20.777503 1198 4172
20.777535 1198 4172
20.777577 1198 4172
20.777606 1198 4172
20.777634 1198 4172
20.777661 110 4172
20.777703 1198 4172
20.796484 1198 4172
20.796541 1198 4172
20.796667 1198 4172
20.796695 1198 4172
20.796721 1198 4172
20.796748 1198 4172
20.796774 1198 4172
20.796804 1198 4172
20.796831 542 4172
20.796871 1198 4172
20.800015 1198 4172
20.800049 1198 4172
20.800078 1198 4172
20.800104 1198 4172
20.800135 1198 4172
20.800161 1198 4172
20.800192 1198 4172
20.800212 1198 4172
20.800238 798 4172
20.800265 1198 4172
20.800292 1198 4172
20.800319 1198 4172
20.800344 1198 4172
20.800372 1198 4172
20.800397 1198 4172
20.800422 1198 4172
20.800454 1198 4172
20.800479 1198 4172
20.800505 1198 4172
20.800531 1198 4172
20.800558 1198 4172
20.800582 222 4172
20.802575 1198 4172
20.807614 1198 4172
20.807651 1198 4172
20.807684 1198 4172
20.807716 1198 4172
20.813623 1198 4172
20.813655 1198 4172
20.826022 1198 4172
20.826102 1198 4172
20.826124 1198 4172
20.831899 1198 4172
20.831947 846 4172
20.831989 1198 4172
20.832020 1198 4172
20.832059 1198 4172
20.837610 1198 4172
20.837643 1198 4172
20.843619 1198 4172
20.843660 1198 4172
20.850128 1198 4172
20.850168 974 4172
20.850200 1198 4172
20.856924 1198 4172
20.856962 1198 4172
20.861612 1198 4172
20.861642 1198 4172
20.861672 1198 4172
20.887561 1198 4172
20.890008 1198 4172
20.891079 1198 4172
20.891633 1198 4172
20.891675 1198 4172
20.891707 1198 4172
20.891740 1198 4172
20.891765 1198 4172
20.891795 1198 4172
20.891827 1198 4172
20.891856 1198 4172
20.898396 1198 4172
20.898450 1198 4172
20.898560 830 4172
20.903645 1198 4172
20.910038 1198 4172
20.910071 1198 4172
20.910103 1198 4172
20.915656 1198 4172
20.915687 1198 4172
20.921649 1198 4172
20.921692 1198 4172
20.927694 1198 4172
20.927728 1198 4172
20.927755 1198 4172
20.934881 446 4172
20.937903 1198 4172
20.938937 670 4172
20.938996 1198 4172
20.939763 1198 4172
20.945598 1198 4172
20.945657 1198 4172
20.951638 1198 4172
20.951698 1198 4172
20.951747 1198 4172
20.957877 1198 4172
20.958812 1198 4172
20.959072 1198 4172
20.969611 798 4172
20.969650 1198 4172
20.975315 1198 4172
20.975351 1198 4172
20.981618 1198 4172
20.981649 1198 4172
20.988489 1198 4172
20.988518 1198 4172
20.988562 1198 4172
20.993605 1198 4172
21.000457 1198 4172
21.000507 798 4172
21.000554 1198 4172
21.005621 1198 4172
21.005651 1198 4172
21.012057 1198 4172
21.015542 1198 4172
21.015583 1198 4172
21.023832 1198 4172
21.023950 1198 4172
21.029647 670 4172
21.029680 1198 4172
21.029709 1198 4172
21.035773 1198 4172
21.035808 1198 4172
21.041721 1198 4172
21.041763 1198 4172
21.047625 1198 4172
21.047652 1198 4172
21.053605 1038 4172
21.053640 1198 4172
21.060852 1198 4172
21.065950 110 4172
21.065983 1198 4172
21.066175 1198 4172
21.067161 1198 4172
21.072528 1198 4172
21.072624 1198 4172
21.077625 1198 4172
21.093891 1198 4172
21.093980 510 4172
21.095625 1198 4172
21.095671 1198 4172
21.095706 1198 4172
21.095733 1198 4172
21.101615 1198 4172
21.101671 1198 4172
21.107723 1198 4172
21.107747 1198 4172
21.111390 270 4172
21.111435 334 4172
21.111485 238 4172
21.111514 190 4172
21.111540 190 4172
21.111567 190 4172
21.111591 190 4172
21.111616 190 4172
21.111641 190 4172
21.111670 190 4172
21.116075 190 4172
21.116109 190 4172
21.127757 190 4172
21.131900 190 4172
21.131937 174 4172
21.131970 1198 4172
21.132002 1198 4172
21.132031 1198 4172
21.132061 350 4172
21.132089 974 4172
21.132984 222 4172
21.133016 190 4172
21.133569 190 4172
21.142040 190 4172
21.142081 174 4172
21.142115 190 4172
21.159079 190 4172
21.159109 190 4172
21.159144 190 4172
21.159175 190 4172
21.159228 190 4172
21.159264 190 4172
21.159295 190 4172
21.159323 190 4172
21.159352 190 4172
21.159387 1198 4172
21.159414 1198 4172
21.159460 1198 4172
21.159495 1134 4172
21.170699 190 4172
21.170740 190 4172
21.170770 190 4172
21.170796 190 4172
21.170823 190 4172
21.170848 190 4172
21.170875 190 4172
21.170907 190 4172
21.173144 190 4172
21.173178 190 4172
21.173210 190 4172
21.173238 190 4172
21.173266 190 4172
21.173293 190 4172
21.173320 190 4172
21.173346 1198 4172
21.173392 1198 4172
21.173419 1198 4172
21.173483 1198 4172
21.173508 318 4172
21.173540 430 4172
21.188200 190 4172
21.188990 254 4172
21.190666 190 4172
21.190692 190 4172
21.191945 190 4172
21.192608 1198 4172
21.192645 1198 4172
21.192673 622 4172
21.193842 1198 4172
21.193872 1198 4172
21.193899 670 4172
21.193929 1198 4172
21.193955 398 4172
21.194539 190 4172
21.195748 190 4172
21.195782 190 4172
21.195817 190 4172
21.195842 190 4172
21.197801 190 4172
21.197838 190 4172
21.197868 190 4172
21.203377 60 60000
21.203587 1198 4172
21.203626 1198 4172
21.203657 1198 4172
21.222864 1198 4172
21.222908 478 4172
21.237911 174 4172
21.237931 174 4172
21.237963 174 4172
21.237991 174 4172
21.238024 174 4172
21.238053 174 4172
21.257965 1198 4172
21.261815 1198 4172
21.261854 1198 4172
21.262053 542 4172
21.262081 1198 4172
21.262109 1198 4172
21.262135 1198 4172
21.262162 686 4172
21.262189 1198 4172
21.262216 894 4172
21.262244 174 4172
21.262269 174 4172
21.262295 174 4172
21.262321 174 4172
21.262348 1198 4172
21.262417 1198 4172
21.262465 1198 4172
21.262495 1198 4172
21.262524 478 4172
21.262550 270 4172
21.262594 190 4172
21.263642 174 4172
21.263672 174 4172
21.263700 174 4172
21.263727 174 4172
21.263756 174 4172
21.263782 174 4172
21.265084 174 4172
21.265122 174 4172
21.265154 174 4172
21.265725 1198 4172
21.265758 1198 4172
21.265787 1198 4172
21.265818 542 4172
21.271592 1198 4172
21.271635 1198 4172
21.277600 1198 4172
21.278512 686 4172
21.278545 1198 4172
21.278572 894 4172
21.290589 174 4172
21.290667 174 4172
21.290696 174 4172
21.290727 174 4172
21.290758 174 4172
21.290786 1198 4172
21.290820 1198 4172
21.295573 1198 4172
21.295610 1198 4172
21.301586 526 4172
21.307580 1198 4172
21.307620 1198 4172
21.307652 1198 4172
21.313595 1198 4172
21.313631 1198 4172
21.319532 1198 4172
21.319584 1198 4172
21.335609 1198 4172
21.335694 398 4172
21.365242 110 4172
21.365280 110 4172
21.365313 110 4172
21.423936 126 4172
21.432013 126 4172
21.441415 126 4172
21.441464 1198 4172
21.446526 190 4172
21.456344 126 4172
21.465128 1198 4172
21.465162 1198 4172
21.465197 1198 4172
21.465225 1150 4172
21.465867 1198 4172
21.465907 1198 4172
21.465939 158 4172
21.474306 110 4172
21.483812 1198 4172
21.483838 110 4172
21.484990 1198 4172
21.487528 974 4172
21.490517 1198 4172
21.490534 1198 4172
21.490567 1198 4172
21.490598 1198 4172
21.498487 126 4172
21.528597 1198 4172
21.528613 462 4172
21.569903 110 4172
21.610608 110 4172
21.610712 110 4172
21.610731 110 4172
21.653396 1198 4172
21.653456 1198 4172
21.653498 366 4172
21.653530 302 4172
21.653558 238 4172
21.694833 110 4172
21.776642 110 4172
21.899638 110 4172
21.899732 110 4172
21.899773 110 4172
22.145657 110 4172
22.145732 110 4172
22.145770 110 4172
22.432636 110 4172
22.473592 110 4172
22.595663 110 4172
22.677681 110 4172
22.964631 110 4172
23.251649 110 4172
23.497629 110 4172
23.538616 110 4172
23.579593 110 4172
23.784627 110 4172
24.070565 110 4172
24.315688 110 4172
24.479641 110 4172
24.602631 110 4172
25.502769 110 4172
25.584604 110 4172
26.485620 110 4172
26.567574 110 4172
26.979571 110 4172
27.471556 110 4172
27.594572 110 4172
28.495560 110 4172
28.577544 110 4172
29.477620 110 4172
29.600543 110 4172
29.641501 110 4172
30.501539 110 4172
30.583508 110 4172
31.484523 110 4172
31.566722 110 4172
32.302512 110 4172
32.466364 110 4172
32.589480 110 4172
33.488469 110 4172
33.570350 110 4172
34.101479 430 4172
34.101609 318 4172
34.469438 110 4172
34.592439 110 4172
34.961527 110 4172
35.494482 110 4172
35.576437 110 4172
36.477379 110 4172
36.600482 110 4172
37.582674 110 4172
37.623494 110 4172
38.484441 110 4172
38.566323 110 4172
39.467319 110 4172
39.590403 110 4172
40.287414 110 4172
40.574403 110 4172
41.267335 1198 4172
41.267373 1198 4172
41.267406 894 4172
41.457819 60 60000
41.466168 1198 4172
41.466213 1198 4172
41.466245 1198 4172
41.466277 1198 4172
41.466306 1198 4172
41.466336 1198 4172
41.466383 1198 4172
41.466412 1198 4172
41.466442 1198 4172
41.466482 414 4172
41.468073 110 4172
41.472254 1198 4172
41.472287 1198 4172
41.472322 1198 4172
41.472353 1198 4172
41.472382 1198 4172
41.472421 1198 4172
41.472452 1198 4172
41.472480 1198 4172
41.472508 1198 4172
41.472536 1198 4172
41.475923 1150 4172
41.475961 1198 4172
41.481365 1198 4172
41.481402 1198 4172
41.481435 1198 4172
41.481466 1198 4172
41.487417 1198 4172
41.487451 1198 4172
41.487488 1198 4172
41.493394 1198 4172
41.493435 1198 4172
41.499391 1198 4172
41.499427 1198 4172
41.505288 478 4172
41.505318 1198 4172
41.505351 1198 4172
41.511399 1198 4172
41.511436 1198 4172
41.513355 1198 4172
41.523442 1198 4172
41.529394 1198 4172
41.535396 1198 4172
41.535468 590 4172
41.535500 1198 4172
41.541334 1198 4172
41.541374 1198 4172
41.547323 1198 4172
41.547365 1198 4172
41.553326 1198 4172
41.553360 1198 4172
41.554323 1198 4172
41.554401 1198 4172
41.565442 1198 4172
41.565447 1198 4172
41.571362 1198 4172
41.571405 1198 4172
41.577357 1198 4172
41.577388 1198 4172
41.577425 1150 4172
41.583476 110 4172
41.583529 1198 4172
41.583591 1198 4172
41.589333 1198 4172
41.589368 1198 4172
41.595276 1198 4172
41.595328 1198 4172
41.601400 1198 4172
41.601433 1198 4172
41.607390 1198 4172
41.607432 1198 4172
41.613293 670 4172
41.613326 1198 4172
41.613359 1198 4172
41.619317 1198 4172
41.619352 1198 4172
41.625320 1198 4172
41.625358 1198 4172
41.631442 1198 4172
41.631496 1198 4172
41.636339 1198 4172
41.636392 1166 4172
41.643376 1198 4172
41.643421 1198 4172
41.649669 1198 4172
41.649706 1198 4172
41.655859 1198 4172
41.655906 1198 4172
41.655948 1198 4172
41.661361 1198 4172
41.667340 1198 4172
41.667382 638 4172
41.673335 110 4172
41.673381 1198 4172
41.673418 1198 4172
41.677224 1198 4172
41.677259 1198 4172
41.685418 1198 4172
41.685445 1198 4172
41.685475 1198 4172
41.691354 1198 4172
41.691398 1198 4172
41.697337 1198 4172
41.703344 1198 4172
41.703382 1198 4172
41.709368 478 4172
41.709404 1198 4172
41.709435 1198 4172
41.715291 1198 4172
41.715339 1198 4172
41.718305 1198 4172
41.718344 1198 4172
41.727409 1198 4172
41.727538 1198 4172
41.733356 1198 4172
41.733385 1198 4172
41.739356 1198 4172
41.739406 1198 4172
41.739439 1198 4172
41.745348 798 4172
41.745388 1198 4172
41.751345 1198 4172
41.751371 1198 4172
41.757345 1198 4172
41.757372 1198 4172
41.759359 1198 4172
41.759403 1198 4172
41.759429 1198 4172
41.769359 1198 4172
41.769485 1198 4172
41.775425 1198 4172
41.775448 1198 4172
41.781368 158 4172
41.781408 1198 4172
41.796651 1198 4172
41.796987 1198 4172
41.799540 1198 4172
41.799577 1198 4172
41.799607 1198 4172
41.799636 1198 4172
41.799682 1198 4172
41.801608 1198 4172
41.801651 798 4172
41.814906 1198 4172
41.814910 1198 4172
41.817360 1198 4172
41.817379 1198 4172
41.817424 1198 4172
41.824381 1198 4172
41.824467 1198 4172
41.829466 1198 4172
41.829995 1198 4172
41.835347 638 4172
41.835388 1198 4172
41.835414 1198 4172
41.841418 1198 4172
41.841448 1198 4172
41.842264 1198 4172
41.842301 1198 4172
41.853505 1198 4172
41.853540 1198 4172
41.853570 1198 4172
41.864613 286 4172
41.866558 1198 4172
41.868489 1198 4172
41.868599 1198 4172
41.883048 1198 4172
41.883718 1198 4172
41.883828 1198 4172
41.907211 1198 4172
41.907311 110 4172
41.907354 1198 4172
41.907386 1198 4172
41.907414 238 4172
41.907442 1198 4172
41.907471 1198 4172
41.907515 1198 4172
41.913362 1198 4172
41.913397 1198 4172
41.913454 1198 4172
41.913493 1198 4172
41.913530 1198 4172
41.913560 1198 4172
41.913589 1134 4172
41.913620 718 4172
41.922201 1198 4172
41.922242 1198 4172
41.922271 1198 4172
41.922314 1198 4172
41.927767 1198 4172
41.928893 1198 4172
41.929291 1198 4172
41.938463 1198 4172
41.938634 1198 4172
41.938663 942 4172
41.943380 1198 4172
41.943413 1198 4172
41.949483 1198 4172
41.955354 1198 4172
41.955399 1198 4172
41.955435 1198 4172
41.962389 670 4172
41.962526 1198 4172
41.978105 1198 4172
41.978452 126 4172
41.978481 1198 4172
41.978509 1198 4172
41.978551 1198 4172
41.981992 1198 4172
41.982856 1198 4172
41.982885 1198 4172
41.991355 1070 4172
41.997351 1198 4172
41.997386 1198 4172
42.004590 1198 4172
42.024224 1198 4172
42.026590 1198 4172
42.027678 1198 4172
42.038579 1198 4172
42.039122 430 4172
42.039644 1198 4172
42.040042 1198 4172
42.040096 1198 4172
42.040553 1198 4172
42.045966 1198 4172
42.051454 1198 4172
42.057567 1198 4172
42.063602 1198 4172
42.063714 1198 4172
42.069416 1198 4172
42.075416 750 4172
42.075449 1198 4172
42.083143 1198 4172
42.083355 1198 4172
42.087400 1198 4172
42.093326 1198 4172
42.101242 1198 4172
42.101301 1198 4172
42.105377 1198 4172
42.111376 814 4172
42.111417 1198 4172
42.117359 1198 4172
42.123367 1198 4172
42.131323 1198 4172
42.131367 1198 4172
42.132271 1198 4172
42.141357 1198 4172
42.141459 1198 4172
42.147343 110 4172
42.147379 222 4172
42.147412 1198 4172
42.153354 1198 4172
42.160282 1198 4172
42.160349 1198 4172
42.166841 1198 4172
42.171361 1198 4172
42.173296 1198 4172
42.173331 1198 4172
42.190474 958 4172
42.190494 1198 4172
42.190583 1198 4172
42.200139 1198 4172
42.201342 1198 4172
42.215980 1198 4172
42.216010 1198 4172
42.216129 1198 4172
42.219347 1198 4172
42.219383 1198 4172
42.231379 1198 4172
42.243976 302 4172
42.244210 1198 4172
42.244267 1198 4172
42.244314 1198 4172
42.249366 1198 4172
42.260708 1198 4172
42.260734 1198 4172
42.261301 1198 4172
42.267324 1198 4172
42.267354 1198 4172
42.282242 1198 4172
42.282354 334 4172
42.289439 1198 4172
42.290348 1198 4172
42.293116 1198 4172
42.293155 1198 4172
42.294628 60 60000
42.297315 1198 4172
42.302905 1198 4172
42.302961 1198 4172
42.309363 1198 4172
42.315350 1198 4172
42.321506 878 4172
42.321536 1198 4172
42.327680 1198 4172
42.327719 1198 4172
42.343257 1198 4172
42.343293 1198 4172
42.351330 1198 4172
42.357331 222 4172
42.357355 1198 4172
42.363330 1198 4172
42.363359 1198 4172
42.369369 1198 4172
42.375359 1198 4172
42.375398 1198 4172
42.381345 1198 4172
42.384279 1198 4172
42.393357 686 4172
42.393385 1198 4172
42.399590 1198 4172
42.399695 1198 4172
42.402396 110 4172
42.405350 1198 4172
42.411369 1198 4172
42.420885 1198 4172
42.421143 878 4172
42.425922 1198 4172
42.429356 1198 4172
42.429446 1198 4172
42.435383 1198 4172
42.441366 1198 4172
42.441453 1198 4172
42.447712 1198 4172
42.453361 462 4172
42.453431 1198 4172
42.459365 1198 4172
42.465796 1198 4172
42.466661 1198 4172
42.466754 1198 4172
42.477464 414 4172
42.477551 702 4172
42.477592 174 4172
42.478255 110 4172
42.478298 174 4172
42.478336 174 4172
42.478372 174 4172
42.484355 174 4172
42.484425 1198 4172
42.490332 1198 4172
42.496474 1198 4172
42.502334 1102 4172
42.502410 1198 4172
42.507351 174 4172
42.507406 174 4172
42.507448 174 4172
42.507500 174 4172
42.515677 174 4172
42.515748 174 4172
42.515791 174 4172
42.515834 174 4172
42.515870 1198 4172
42.520357 1198 4172
42.520417 1198 4172
42.526362 830 4172
42.532352 1198 4172
42.532409 478 4172
42.538386 910 4172
42.538446 1198 4172
42.544740 1198 4172
42.544774 366 4172
42.548252 1198 4172
42.556328 750 4172
42.556371 238 4172
42.556413 1198 4172
42.562364 1198 4172
42.568305 1198 4172
42.568347 206 4172
42.568386 1134 4172
42.585567 110 4172
42.585596 302 4172
42.589227 1198 4172
42.589272 110 4172
42.630366 158 4172
42.666235 462 4172
42.671496 110 4172
42.671541 110 4172
42.712371 190 4172
42.751766 1198 4172
42.751805 462 4172
42.753334 574 4172
42.794347 110 4172
42.876350 110 4172
42.958366 110 4172
43.245333 110 4172
43.482457 110 4172
43.573359 110 4172
43.778300 110 4172
44.023257 110 4172
44.309535 110 4172
44.473268 110 4172
44.555276 110 4172
44.596295 110 4172
44.841412 110 4172
45.087571 110 4172
45.374352 110 4172
45.497233 110 4172
45.579268 110 4172
46.480359 110 4172
46.603301 110 4172
47.502374 110 4172
47.583681 110 4172
48.034226 110 4172
48.485180 110 4172
48.567247 110 4172
49.467195 110 4172
49.590245 110 4172
50.489307 110 4172
50.571216 110 4172
51.469260 110 4172
51.592300 110 4172
52.492287 110 4172
53.474128 110 4172
53.597317 110 4172
54.495201 110 4172
54.577122 110 4172
55.478199 110 4172
55.601201 110 4172
56.010284 110 4172
56.501157 110 4172
56.583086 110 4172
57.485174 110 4172
57.567076 110 4172
58.506183 110 4172
58.588197 110 4172
58.670164 110 4172
59.487049 110 4172
59.569138 110 4172
60.469134 110 4172
60.592047 110 4172
61.330165 110 4172
61.494176 110 4172
61.576140 110 4172
62.478149 110 4172
62.554087 60 60000
62.555268 270 4172
62.555308 254 4172
62.556515 270 4172
62.556551 318 4172
62.557219 238 4172
62.566450 238 4172
62.566522 302 4172
62.566563 254 4172
62.566603 270 4172
62.566640 334 4172
62.567511 110 4172
62.568611 286 4172
62.568646 334 4172
62.569006 318 4172
62.569046 318 4172
62.569081 494 4172
62.569114 558 4172
62.602142 590 4172
62.725183 174 4172
62.739579 158 4172
62.748662 174 4172
62.763121 270 4172
62.764393 254 4172
62.764433 270 4172
62.764466 318 4172
62.765451 238 4172
62.765481 302 4172
62.765980 238 4172
62.768840 494 4172
62.768882 142 4172
62.768910 238 4172
62.768980 302 4172
62.772306 254 4172
62.772360 142 4172
62.772400 270 4172
62.772436 334 4172
62.772476 286 4172
62.772510 334 4172
62.781292 1198 4172
62.781452 1198 4172
62.781512 1198 4172
62.781548 1198 4172
62.781584 1198 4172
62.781618 1198 4172
62.781653 1198 4172
62.781687 1198 4172
62.781721 1198 4172
62.781756 1086 4172
62.787049 1198 4172
62.787097 1198 4172
62.787138 1198 4172
62.787177 1198 4172
62.787216 1198 4172
62.793050 1198 4172
62.793098 1198 4172
62.807075 894 4172
62.911479 110 4172
62.920396 126 4172
62.928571 126 4172
62.930053 126 4172
62.945960 126 4172
62.946440 126 4172
62.955956 126 4172
62.956645 158 4172
62.972159 158 4172
62.972206 158 4172
62.972238 206 4172
62.972268 158 4172
62.972298 158 4172
62.972326 158 4172
62.972354 158 4172
62.972384 1150 4172
63.001801 1198 4172
63.001828 1198 4172
63.001866 1198 4172
63.001897 1198 4172
63.001927 1198 4172
63.001993 1198 4172
63.002035 1198 4172
63.002073 1198 4172
63.002103 718 4172
63.002147 1198 4172
63.010053 1198 4172
63.010083 1198 4172
63.010115 1198 4172
63.010145 1198 4172
63.010175 1198 4172
63.013197 1198 4172
63.013359 1198 4172
63.019082 1198 4172
63.019118 350 4172
63.019175 1198 4172
63.019217 1198 4172
63.027316 1198 4172
63.031181 1198 4172
63.037096 1198 4172
63.045250 1198 4172
63.045488 1198 4172
63.049219 1198 4172
63.056351 1198 4172
63.056377 1198 4172
63.061103 622 4172
63.061131 1198 4172
63.067079 1198 4172
63.073936 1198 4172
63.073979 1198 4172
63.074031 1198 4172
63.079129 1198 4172
63.085108 1198 4172
63.092186 1198 4172
63.101153 1198 4172
63.102607 1198 4172
63.102696 1198 4172
63.104344 974 4172
63.115572 1198 4172
63.134443 1198 4172
63.137638 1198 4172
63.140056 1198 4172
63.140116 1198 4172
63.145154 1198 4172
63.145181 1198 4172
63.145213 1198 4172
63.145245 1198 4172
63.145274 1198 4172
63.145304 1198 4172
63.146961 894 4172
63.147036 1198 4172
63.159111 1198 4172
63.163368 1198 4172
63.163402 1198 4172
63.172902 1198 4172
63.172963 1198 4172
63.175114 1198 4172
63.181233 1198 4172
63.187146 110 4172
63.187223 1198 4172
63.188036 1198 4172
63.188077 1198 4172
63.205013 1198 4172
63.205111 1198 4172
63.211169 1198 4172
63.211202 1198 4172
63.218244 1198 4172
63.218280 1198 4172
63.223093 1198 4172
63.229220 990 4172
63.229300 190 4172
63.229363 1198 4172
63.235164 1198 4172
63.235201 1198 4172
63.241112 1198 4172
63.249972 1198 4172
63.250014 1198 4172
63.253090 1198 4172
63.259128 1198 4172
63.259181 1198 4172
63.265183 766 4172
63.265214 1198 4172
63.271101 1198 4172
63.277101 1198 4172
63.278806 1198 4172
63.278846 1198 4172
63.289083 1198 4172
63.296460 1198 4172
63.296502 1198 4172
63.301127 1198 4172
63.307098 1198 4172
63.316383 542 4172
63.316500 1198 4172
63.319054 1198 4172
63.319084 1198 4172
63.320858 1198 4172
63.337591 1198 4172
63.337608 1198 4172
63.344113 1198 4172
63.344183 1198 4172
63.355168 1198 4172
63.367900 1198 4172
63.367932 1198 4172
63.368405 1006 4172
63.368448 1198 4172
63.368496 1198 4172
63.370820 1198 4172
63.370856 1198 4172
63.379126 1198 4172
63.379163 1198 4172
63.388045 1198 4172
63.388978 1198 4172
63.393388 1198 4172
63.397085 1198 4172
63.397119 1198 4172
63.403123 1182 4172
63.403158 1198 4172
63.409131 1198 4172
63.411391 1198 4172
63.411428 1198 4172
63.420782 60 60000
63.421145 1198 4172
63.427895 1198 4172
63.427946 1198 4172
63.430034 1198 4172
63.433089 1198 4172
63.439100 1070 4172
63.445745 1198 4172
63.445778 1198 4172
63.451081 1198 4172
63.451118 1198 4172
63.453991 1198 4172
63.464026 110 4172
63.464060 1198 4172
63.464093 1198 4172
63.469753 1198 4172
63.476019 510 4172
63.476057 110 4172
63.476088 1198 4172
63.476118 1198 4172
63.481667 1198 4172
63.489971 1198 4172
63.490051 1198 4172
63.490531 238 4172
63.493856 1198 4172
63.495114 1198 4172
63.495165 1198 4172
63.510667 1198 4172
63.510794 1198 4172
63.511030 206 4172
63.511069 1198 4172
63.532696 1198 4172
63.532765 654 4172
63.536016 174 4172
63.536064 174 4172
63.536098 174 4172
63.536127 174 4172
63.536160 174 4172
63.536187 174 4172
63.536216 174 4172
63.536244 174 4172
63.536271 174 4172
63.536299 174 4172
63.536326 174 4172
63.536357 174 4172
63.536381 174 4172
63.536407 174 4172
63.536435 1198 4172
63.536463 1198 4172
63.536491 254 4172
63.566459 222 4172
63.566494 174 4172
63.577080 110 4172
63.656212 654 4172
63.659057 1198 4172
63.659093 334 4172
63.700120 110 4172
63.718421 446 4172
63.718458 110 4172
63.741061 206 4172
63.741159 174 4172
63.741193 1198 4172
63.741228 110 4172
63.766482 1198 4172
63.766529 814 4172
63.782153 110 4172
63.817651 958 4172
63.823252 814 4172
63.864102 1198 4172
63.864205 110 4172
63.891696 110 4172
63.893094 174 4172
63.894632 174 4172
63.896153 174 4172
63.897673 174 4172
63.898827 174 4172
63.899997 174 4172
63.901155 174 4172
63.902292 174 4172
63.904036 174 4172
63.904971 174 4172
63.905013 174 4172
63.907495 174 4172
63.908830 174 4172
63.910162 174 4172
63.911820 174 4172
63.914939 1198 4172
63.914975 1198 4172
63.915011 350 4172
63.915054 1198 4172
63.919797 1198 4172
63.919833 1198 4172
63.919869 494 4172
63.946104 1198 4172
63.946205 1198 4172
63.946242 990 4172
63.966444 878 4172
63.968572 110 4172
63.985217 1198 4172
63.987076 110 4172
63.992706 174 4172
63.994212 174 4172
63.995761 174 4172
63.997296 174 4172
63.998466 174 4172
63.999726 174 4172
64.000905 174 4172
64.002007 174 4172
64.003023 174 4172
64.004124 174 4172
64.005280 174 4172
64.006622 174 4172
64.007892 174 4172
64.009138 174 4172
64.010694 174 4172
64.013723 1198 4172
64.013766 1198 4172
64.013811 382 4172
64.028038 1198 4172
64.028139 1198 4172
64.028181 1198 4172
64.028221 1198 4172
64.028258 670 4172
64.069111 110 4172
64.151146 126 4172
64.165930 382 4172
64.166351 654 4172
64.176382 110 4172
64.182909 958 4172
64.191999 1118 4172
64.198818 1166 4172
64.200624 958 4172
64.209309 1198 4172
64.215855 1198 4172
64.215903 430 4172
64.215964 1198 4172
64.226384 110 4172
64.233029 1198 4172
64.233078 702 4172
64.243449 1198 4172
64.243494 462 4172
64.274153 1198 4172
64.274239 1038 4172
64.274273 110 4172
64.274312 110 4172
64.274350 110 4172
64.479333 110 4172
64.520103 110 4172
64.520145 110 4172
64.602122 110 4172
64.806157 110 4172
65.052145 110 4172
65.338187 110 4172
65.502132 110 4172
65.583349 110 4172
65.584036 110 4172
65.871269 110 4172
66.157118 110 4172
66.403093 110 4172
66.485113 110 4172
66.566998 110 4172
67.467078 110 4172
67.590097 110 4172
68.490997 110 4172
68.573025 110 4172
69.063942 110 4172
69.471015 110 4172
69.594066 110 4172
70.495325 110 4172
70.577015 110 4172
71.476045 110 4172
71.599084 110 4172
71.763015 110 4172
72.500022 110 4172
72.582019 110 4172
73.481975 110 4172
73.604046 110 4172
74.423005 110 4172
74.505014 110 4172
74.586931 110 4172
75.485962 110 4172
76.468941 110 4172
76.591952 110 4172
77.083983 110 4172
77.493931 110 4172
77.575912 110 4172
78.476915 110 4172
78.599871 110 4172
79.500941 110 4172
79.582957 110 4172
79.787963 110 4172
80.482986 110 4172
80.606032 110 4172
81.506947 110 4172
81.588869 110 4172
82.570915 110 4172
83.471853 110 4172
83.593991 110 4172
83.663084 270 4172
83.664060 254 4172
83.664106 270 4172
83.665277 318 4172
83.665315 222 4172
83.665898 222 4172
83.667126 222 4172
83.667164 222 4172
83.668170 222 4172
83.669561 238 4172
83.669601 270 4172
83.669857 334 4172
83.669899 238 4172
83.673785 270 4172
83.673829 222 4172
83.675724 1198 4172
83.675770 222 4172
83.675809 1198 4172
83.675850 1198 4172
83.675886 1198 4172
83.675924 414 4172
83.679782 60 60000
83.822246 142 4172
83.830400 158 4172
83.838263 158 4172
83.838773 158 4172
83.854722 142 4172
83.854988 174 4172
83.879797 222 4172
83.879839 158 4172
83.920861 142 4172
83.953933 190 4172
83.962369 142 4172
84.019889 110 4172
84.021771 158 4172
84.027854 1198 4172
84.027912 1198 4172
84.027961 1198 4172
84.027993 174 4172
84.028026 1086 4172
84.028058 1150 4172
84.028091 894 4172
84.028123 926 4172
84.028154 862 4172
84.028186 1198 4172
84.028216 1198 4172
84.028247 1198 4172
84.028279 1006 4172
84.059692 1198 4172
84.059734 926 4172
84.059774 142 4172
84.059823 1198 4172
84.067982 1198 4172
84.068021 1198 4172
84.068053 1198 4172
84.068084 1198 4172
84.068115 206 4172
84.077318 1198 4172
84.077404 1198 4172
84.077411 1198 4172
84.077442 1198 4172
84.077476 1198 4172
84.077507 638 4172
84.088741 1198 4172
84.090479 1198 4172
84.091215 1198 4172
84.091258 1198 4172
84.091298 1198 4172
84.091348 606 4172
84.091416 1198 4172
84.091801 1198 4172
84.091838 1198 4172
84.098167 1198 4172
84.098218 1198 4172
84.103918 1198 4172
84.108992 1198 4172
84.109042 1198 4172
84.115945 974 4172
84.115977 1198 4172
84.133506 1198 4172
84.134535 1198 4172
84.135132 1198 4172
84.140032 1198 4172
84.140422 1198 4172
84.140542 750 4172
84.140581 1198 4172
84.146700 1198 4172
84.146776 1198 4172
84.149868 1198 4172
84.160056 126 4172
84.160141 1198 4172
84.164142 558 4172
84.164176 1198 4172
84.164208 1198 4172
84.169848 1198 4172
84.182581 1198 4172
84.190124 1198 4172
84.190174 590 4172
84.192644 1198 4172
84.192698 1198 4172
84.192731 1198 4172
84.192762 1198 4172
84.201565 1198 4172
84.202020 366 4172
84.202063 1198 4172
84.205854 1198 4172
84.211914 1198 4172
84.211954 1198 4172
84.217813 1198 4172
84.217850 1198 4172
84.224209 1198 4172
84.232964 686 4172
84.233103 1198 4172
84.234039 1198 4172
84.234073 1198 4172
84.241886 1198 4172
84.247937 1198 4172
84.247975 1198 4172
84.253838 190 4172
84.253876 1198 4172
84.253903 1198 4172
84.259873 1198 4172
84.266185 110 4172
84.266228 1198 4172
84.266261 1198 4172
84.271913 1198 4172
84.274814 782 4172
84.274893 1198 4172
84.283854 1198 4172
84.283889 1198 4172
84.292811 1198 4172
84.295850 1198 4172
84.311305 158 4172
84.311396 1198 4172
84.311424 1198 4172
84.313881 1198 4172
84.313931 1198 4172
84.313965 1198 4172
84.315863 1198 4172
84.315896 254 4172
84.325969 1198 4172
84.326054 1198 4172
84.331831 1198 4172
84.331868 1198 4172
84.338275 1198 4172
84.343853 1198 4172
84.349870 286 4172
84.362534 1198 4172
84.362924 1198 4172
84.362972 1198 4172
84.378189 1198 4172
84.378255 1198 4172
84.379944 702 4172
84.379987 1198 4172
84.380017 1198 4172
84.380054 1198 4172
84.392341 1198 4172
84.392385 606 4172
84.397950 1198 4172
84.397987 254 4172
84.398019 190 4172
84.398049 190 4172
84.398078 190 4172
84.398108 1198 4172
84.398136 1198 4172
84.406342 1150 4172
84.408799 1198 4172
84.408844 1198 4172
84.417414 1198 4172
84.418932 350 4172
84.419000 1198 4172
84.421863 1198 4172
84.427851 1166 4172
84.427917 1198 4172
84.434399 1198 4172
84.435808 1198 4172
84.436125 334 4172
84.441551 1198 4172
84.476391 1198 4172
84.476547 1198 4172
84.479107 254 4172
84.479147 1198 4172
84.479180 1198 4172
84.479215 1198 4172
84.479249 398 4172
84.479277 1198 4172
84.479308 1198 4172
84.479340 1198 4172
84.479373 110 4172
84.479403 1118 4172
84.483048 60 60000
84.487838 1198 4172
84.487872 766 4172
84.500430 190 4172
84.501168 190 4172
84.501285 1198 4172
84.501339 942 4172
84.502807 446 4172
84.502855 174 4172
84.502889 174 4172
84.502921 174 4172
84.502950 174 4172
84.502982 1198 4172
84.508842 1198 4172
84.508876 1198 4172
84.514828 1198 4172
84.520166 1198 4172
84.521820 494 4172
84.521870 1198 4172
84.527081 1198 4172
84.532963 1198 4172
84.533003 638 4172
84.538861 1198 4172
84.538902 1198 4172
84.546927 1198 4172
84.546974 878 4172
84.553794 1198 4172
84.553843 1198 4172
84.557180 1198 4172
84.562834 718 4172
84.562897 1198 4172
84.568837 1198 4172
84.568873 1198 4172
84.574943 942 4172
84.574982 1198 4172
84.581164 1198 4172
84.581200 1198 4172
84.587450 942 4172
84.587489 1198 4172
84.592859 1198 4172
84.598837 1198 4172
84.598885 558 4172
84.598921 1198 4172
84.606757 1198 4172
84.609991 1198 4172
84.610837 414 4172
84.611131 1198 4172
84.612755 990 4172
84.612794 174 4172
84.623006 174 4172
84.625753 1198 4172
84.625780 1198 4172
84.645303 254 4172
84.657001 1198 4172
84.657065 1198 4172
84.657108 798 4172
84.659322 1198 4172
84.659358 846 4172
84.667298 318 4172
84.667335 1198 4172
84.667367 1198 4172
84.667397 254 4172
84.676253 1198 4172
84.676326 558 4172
84.684786 1198 4172
84.697805 846 4172
84.739310 1198 4172
84.739384 222 4172
84.765813 1198 4172
84.765856 1198 4172
84.765890 222 4172
84.779763 142 4172
84.793046 1198 4172
84.793096 1198 4172
84.793127 366 4172
84.793159 302 4172
84.793191 1198 4172
84.793229 1054 4172
84.817717 238 4172
84.817734 110 4172
84.820733 558 4172
84.861777 654 4172
84.943856 862 4172
84.984862 894 4172
84.991463 1198 4172
84.991489 1022 4172
84.991963 318 4172
84.994845 174 4172
84.994897 174 4172
84.997182 846 4172
84.997224 1198 4172
84.997261 1198 4172
84.997298 1198 4172
84.997335 478 4172
84.999892 1198 4172
84.999942 1198 4172
84.999982 1198 4172
85.000019 638 4172
85.002544 1198 4172
85.002589 1198 4172
85.002624 1198 4172
85.002662 910 4172
85.002733 1198 4172
85.005136 1198 4172
85.005174 1198 4172
85.005220 702 4172
85.010878 1198 4172
85.010928 1198 4172
85.010967 1198 4172
85.016845 926 4172
85.016880 1198 4172
85.016915 1198 4172
85.023077 1198 4172
85.023120 846 4172
85.025825 1198 4172
85.025871 1198 4172
85.034914 1198 4172
85.034964 590 4172
85.040879 1198 4172
85.040930 1198 4172
85.046833 1198 4172
85.046878 334 4172
85.052881 1198 4172
85.052924 1022 4172
85.058808 174 4172
85.058849 174 4172
85.058895 1198 4172
85.058929 1198 4172
85.064861 350 4172
85.064915 110 4172
85.064957 110 4172
85.064996 110 4172
85.066706 1198 4172
85.066751 1198 4172
85.076818 1198 4172
85.076865 1198 4172
85.082884 766 4172
85.082934 1198 4172
85.107862 382 4172
85.218468 942 4172
85.227305 1198 4172
85.227364 430 4172
85.231064 1198 4172
85.231116 222 4172
85.244259 1198 4172
85.244308 1150 4172
85.253607 686 4172
85.255783 878 4172
85.263238 1198 4172
85.269180 1198 4172
85.269238 1198 4172
85.269283 638 4172
85.271732 734 4172
85.286875 1198 4172
85.286958 1198 4172
85.287002 654 4172
85.295424 1198 4172
85.295472 1198 4172
85.295511 1166 4172
85.304964 1198 4172
85.305012 654 4172
85.312838 1198 4172
85.312897 1198 4172
85.312929 590 4172
85.322999 1198 4172
85.323091 1198 4172
85.323093 494 4172
85.330870 1198 4172
85.330922 1198 4172
85.330964 110 4172
85.331003 110 4172
85.331043 110 4172
85.339728 1198 4172
85.339775 1198 4172
85.339811 174 4172
85.347478 1198 4172
85.347518 734 4172
85.349884 1086 4172
85.353811 478 4172
85.366001 1118 4172
85.372734 878 4172
85.381760 1198 4172
85.381816 270 4172
85.389861 1198 4172
85.389908 238 4172
85.394823 1198 4172
85.394867 1198 4172
85.394920 318 4172
85.408333 1198 4172
85.408382 1198 4172
85.408420 1198 4172
85.408458 1198 4172
85.408496 1198 4172
85.408537 718 4172
85.417240 1198 4172
85.417287 1198 4172
85.417333 1198 4172
85.417373 1198 4172
85.417410 1198 4172
85.417447 638 4172
85.426239 1198 4172
85.426293 1198 4172
85.426335 1198 4172
85.426373 846 4172
85.434988 1198 4172
85.435069 1198 4172
85.435071 1198 4172
85.435108 1198 4172
85.435151 126 4172
85.435796 1198 4172
85.435840 1198 4172
85.435877 1198 4172
85.435915 1086 4172
85.442773 1198 4172
85.442808 1198 4172
85.442847 1198 4172
85.450642 1182 4172
85.461065 926 4172
85.466660 1118 4172
85.468910 110 4172
85.476851 1198 4172
85.476891 1198 4172
85.476924 1198 4172
85.476967 254 4172
85.478897 1198 4172
85.478946 1102 4172
85.487269 1198 4172
85.492865 1198 4172
85.492917 1198 4172
85.492959 1198 4172
85.498863 1198 4172
85.498906 1198 4172
85.504886 1198 4172
85.504942 494 4172
85.510874 1198 4172
85.510922 1198 4172
85.516869 1198 4172
85.516925 1198 4172
85.517812 798 4172
85.517851 1198 4172
85.528976 1198 4172
85.529064 1198 4172
85.535137 1198 4172
85.535191 670 4172
85.540906 1198 4172
85.540951 1198 4172
85.546853 1198 4172
85.546903 1198 4172
85.552882 910 4172
85.552921 1198 4172
85.558830 1198 4172
85.564918 1198 4172
85.564958 1198 4172
85.570867 270 4172
85.570913 1198 4172
85.570955 1198 4172
85.576868 1198 4172
85.576907 366 4172
85.583130 110 4172
85.583177 1198 4172
85.583232 686 4172
85.588858 1150 4172
85.588911 1198 4172
85.588952 238 4172
85.591153 110 4172
85.591199 110 4172
85.591237 110 4172
85.596848 1198 4172
85.596893 1198 4172
85.599308 526 4172
85.599704 1198 4172
85.610869 1198 4172
85.610959 1198 4172
85.616864 1198 4172
85.616914 1198 4172
85.622855 1198 4172
85.622901 638 4172
85.628986 1198 4172
85.634901 1198 4172
85.634945 1198 4172
85.640880 1198 4172
85.647029 686 4172
85.647086 1198 4172
85.647134 398 4172
85.666759 1198 4172
85.666810 1038 4172
85.681828 110 4172
85.785973 110 4172
85.803967 1198 4172
85.885780 110 4172
85.885822 110 4172
85.885865 110 4172
86.172896 110 4172
86.172950 110 4172
86.172995 110 4172
86.418846 110 4172
86.418909 110 4172
86.418954 110 4172
86.500860 110 4172
86.582851 110 4172
86.664920 110 4172
86.951842 110 4172
87.197883 110 4172
87.466736 110 4172
87.483804 110 4172
87.606868 110 4172
87.728911 110 4172
88.015840 110 4172
88.260906 110 4172
88.506815 110 4172
88.547779 110 4172
88.588811 110 4172
89.489850 110 4172
90.472786 110 4172
90.595920 110 4172
91.208775 110 4172
91.494808 110 4172
91.576727 110 4172
92.476756 110 4172
92.599824 110 4172
93.499720 110 4172
93.581820 110 4172
93.867894 110 4172
94.030892 398 4172
94.030988 286 4172
94.153810 174 4172
94.481772 110 4172
94.604800 110 4172
95.503813 110 4172
95.585772 110 4172
96.486744 110 4172
96.566989 110 4172
96.568697 110 4172
97.470736 110 4172
97.593714 110 4172
98.494808 110 4172
98.576769 110 4172
99.190696 110 4172
99.476691 110 4172
99.598808 110 4172
100.498776 110 4172
101.478657 110 4172
101.601700 110 4172
101.888676 110 4172
102.501688 110 4172
102.583694 110 4172
103.482664 110 4172
103.605622 110 4172
104.515091 110 4172
104.555321 110 4172
104.555482 558 4172
104.596652 110 4172
104.719549 158 4172
104.736633 60 60000
104.759669 270 4172
104.759686 254 4172
104.760485 270 4172
104.760529 318 4172
104.761542 222 4172
104.762815 222 4172
104.762868 222 4172
104.763965 222 4172
104.764008 222 4172
104.764530 222 4172
104.765861 238 4172
104.765908 270 4172
104.765943 334 4172
104.767236 238 4172
104.767283 270 4172
104.767674 366 4172
104.801630 366 4172
104.921130 654 4172
104.924544 142 4172
104.939026 158 4172
104.946952 158 4172
104.952213 158 4172
104.965538 158 4172
105.006593 158 4172
105.047547 142 4172
105.056565 158 4172
105.056613 158 4172
105.056652 158 4172
105.056694 158 4172
105.056732 158 4172
105.056768 158 4172
105.056801 190 4172
105.087209 158 4172
105.088729 142 4172
105.129576 142 4172
105.129618 398 4172
105.180660 1198 4172
105.181265 1198 4172
105.181307 1198 4172
105.181338 1198 4172
105.181365 1198 4172
105.181392 1198 4172
105.181418 1198 4172
105.181448 126 4172
105.181526 1198 4172
105.188359 1198 4172
105.188400 1198 4172
105.188435 1198 4172
105.188500 1198 4172
105.188528 1198 4172
105.188555 830 4172
105.188582 1198 4172
105.188606 1198 4172
105.188631 1198 4172
105.188656 1198 4172
105.188683 1198 4172
105.188708 1198 4172
105.188733 1102 4172
105.188773 1198 4172
105.198624 1198 4172
105.198661 1198 4172
105.198687 1198 4172
105.198714 1198 4172
105.204705 1118 4172
105.204749 1198 4172
105.204781 1198 4172
105.210648 1198 4172
105.210674 1198 4172
105.230442 1198 4172
105.237089 1198 4172
105.242998 1198 4172
105.243612 382 4172
105.262012 1198 4172
105.262210 1198 4172
105.262623 1198 4172
105.263039 1198 4172
105.263594 1198 4172
105.263695 1198 4172
105.264237 1198 4172
105.264289 526 4172
105.264348 1198 4172
105.265122 1198 4172
105.265543 1198 4172
105.270950 1198 4172
105.271009 126 4172
105.271057 1198 4172
105.271084 974 4172
105.271122 1198 4172
105.271151 1198 4172
105.276586 1198 4172
105.276628 1198 4172
105.282753 1198 4172
105.289758 1198 4172
105.289791 398 4172
105.289825 1198 4172
105.303927 1198 4172
105.303971 1198 4172
105.306681 1198 4172
105.306740 1198 4172
105.306768 1198 4172
105.316332 1198 4172
105.319937 110 4172
105.319972 1198 4172
105.320017 286 4172
105.322069 1198 4172
105.323467 1198 4172
105.324636 1198 4172
105.330639 1198 4172
105.330710 1198 4172
105.336816 1198 4172
105.337057 926 4172
105.342726 1198 4172
105.342828 1198 4172
105.348673 1198 4172
105.348925 1198 4172
105.354603 1198 4172
105.354634 1198 4172
105.365682 1198 4172
105.366588 1198 4172
105.366625 1198 4172
105.370633 1198 4172
105.370667 1198 4172
105.378608 1198 4172
105.384595 1198 4172
105.384624 446 4172
105.384660 1198 4172
105.392614 686 4172
105.392661 1198 4172
105.398023 1198 4172
105.398785 1198 4172
105.399004 1198 4172
105.402602 1198 4172
105.409082 270 4172
105.409386 1198 4172
105.414345 1198 4172
105.414376 1198 4172
105.422212 1198 4172
105.422246 1198 4172
105.436860 1198 4172
105.437387 830 4172
105.437493 1198 4172
105.437526 1198 4172
105.449263 1198 4172
105.449304 1198 4172
105.450751 1198 4172
105.450784 1198 4172
105.450815 766 4172
105.450847 1198 4172
105.464883 1198 4172
105.479953 1198 4172
105.480038 1198 4172
105.480050 1198 4172
105.480083 478 4172
105.480114 446 4172
105.480539 270 4172
105.480579 190 4172
105.480609 1198 4172
105.480638 110 4172
105.480669 1198 4172
105.480698 1006 4172
105.480728 1198 4172
105.489361 1198 4172
105.489479 1198 4172
105.489509 750 4172
105.489543 1198 4172
105.498603 1198 4172
105.504623 1198 4172
105.504656 766 4172
105.504693 1198 4172
105.510712 1198 4172
105.516590 1198 4172
105.516623 798 4172
105.516657 1198 4172
105.522572 1198 4172
105.528563 1198 4172
105.528604 830 4172
105.530632 1198 4172
105.530665 1198 4172
105.540648 1198 4172
105.540687 798 4172
105.546614 1198 4172
105.546663 1198 4172
105.552515 1198 4172
105.552552 814 4172
105.554494 60 60000
105.558622 1198 4172
105.558672 1198 4172
105.564647 1198 4172
105.564685 942 4172
105.570617 1198 4172
105.570666 1198 4172
105.571572 1198 4172
105.571612 1198 4172
105.582660 110 4172
105.582713 110 4172
105.582764 126 4172
105.582806 1198 4172
105.590223 1198 4172
105.590428 1198 4172
105.590539 1118 4172
105.598525 1198 4172
105.640982 1198 4172
105.660974 1198 4172
105.663583 1166 4172
105.666576 1198 4172
105.666612 1198 4172
105.666643 1198 4172
105.666672 1198 4172
105.666786 206 4172
105.666825 190 4172
105.666863 1198 4172
105.666897 1198 4172
105.666933 654 4172
105.666968 510 4172
105.666999 270 4172
105.667040 174 4172
105.667075 1198 4172
105.667107 1198 4172
105.667141 1054 4172
105.667180 1198 4172
105.667215 1198 4172
105.667254 1198 4172
105.667288 878 4172
105.667327 1198 4172
105.667361 1198 4172
105.667395 1198 4172
105.667432 958 4172
105.667491 1198 4172
105.667545 1198 4172
105.673528 1198 4172
105.678754 1070 4172
105.684768 110 4172
105.684806 1198 4172
105.684845 1198 4172
105.690603 1198 4172
105.690642 1102 4172
105.696605 1198 4172
105.706528 1198 4172
105.708535 1198 4172
105.708586 1198 4172
105.715416 1198 4172
105.718682 1102 4172
105.720593 1198 4172
105.727201 1198 4172
105.727238 1198 4172
105.733189 1198 4172
105.733228 1038 4172
105.739659 270 4172
105.744593 1198 4172
105.744632 1198 4172
105.748803 1198 4172
105.756657 782 4172
105.756694 1198 4172
105.756730 1198 4172
105.763954 1198 4172
105.768921 1198 4172
105.768954 1198 4172
105.778069 1198 4172
105.778152 638 4172
105.780565 1198 4172
105.780598 1198 4172
105.786714 1198 4172
105.786780 1198 4172
105.789493 686 4172
105.789537 1198 4172
105.799804 1198 4172
105.799833 1198 4172
105.804852 1198 4172
105.804898 846 4172
105.810605 174 4172
105.810641 1198 4172
105.810676 1198 4172
105.816632 846 4172
105.822651 1198 4172
105.822688 1198 4172
105.828684 1198 4172
105.828727 1198 4172
105.831723 222 4172
105.831765 1198 4172
105.831799 1198 4172
105.836247 766 4172
105.841607 1198 4172
105.841653 1198 4172
105.853780 254 4172
105.853821 110 4172
105.873081 174 4172
105.873138 142 4172
105.913535 126 4172
105.952393 1198 4172
105.956902 1198 4172
105.956974 302 4172
105.957004 126 4172
105.957035 238 4172
105.957087 126 4172
105.997573 126 4172
106.022009 366 4172
106.024684 1198 4172
106.024724 1198 4172
106.024754 1198 4172
106.024781 606 4172
106.027495 1198 4172
106.027556 1198 4172
106.027585 1198 4172
106.027621 126 4172
106.030239 1198 4172
106.030294 1198 4172
106.030322 1198 4172
106.030351 942 4172
106.033301 1198 4172
106.033332 1198 4172
106.033362 1198 4172
106.033388 1022 4172
106.033441 1198 4172
106.038562 1198 4172
106.038606 1198 4172
106.038636 1198 4172
106.038665 1054 4172
106.041173 1198 4172
106.041206 1198 4172
106.041237 1198 4172
106.050588 1086 4172
106.050616 1198 4172
106.050651 1198 4172
106.056562 1198 4172
106.056599 1070 4172
106.062975 1198 4172
106.063047 1198 4172
106.068681 1198 4172
106.068732 1198 4172
106.074642 222 4172
106.074682 1198 4172
106.080664 1198 4172
106.080718 1198 4172
106.081575 1198 4172
106.081620 702 4172
106.081661 1198 4172
106.092623 1198 4172
106.098593 1198 4172
106.098649 1198 4172
106.104645 1118 4172
106.104690 1198 4172
106.110974 110 4172
106.111023 1198 4172
106.111058 1198 4172
106.116634 1198 4172
106.116686 558 4172
106.122683 1198 4172
106.122713 1198 4172
106.128644 1198 4172
106.128694 1198 4172
106.154210 766 4172
106.154303 126 4172
106.154343 126 4172
106.163573 126 4172
106.204570 126 4172
106.358509 126 4172
106.358565 1198 4172
106.367837 286 4172
106.368596 1054 4172
106.368648 110 4172
106.368689 110 4172
106.368725 110 4172
106.383053 366 4172
106.391992 126 4172
106.400018 126 4172
106.408982 126 4172
106.409501 126 4172
106.426037 126 4172
106.434829 126 4172
106.443787 1166 4172
106.450588 1198 4172
106.450631 414 4172
106.459779 1198 4172
106.459819 126 4172
106.466785 1198 4172
106.468843 110 4172
106.477351 1198 4172
106.477392 606 4172
106.486844 926 4172
106.491619 1198 4172
106.491626 238 4172
106.501691 382 4172
106.501742 702 4172
106.510730 526 4172
106.518769 638 4172
106.527764 766 4172
106.532567 750 4172
106.544735 750 4172
106.553872 878 4172
106.561957 1198 4172
106.562004 766 4172
106.566794 1198 4172
106.566844 1198 4172
106.566886 238 4172
106.570851 110 4172
106.573561 1198 4172
106.573607 942 4172
106.587957 1198 4172
106.588004 1198 4172
106.588043 414 4172
106.596372 1198 4172
106.596439 1198 4172
106.596477 446 4172
106.606952 1166 4172
106.614328 1198 4172
106.614382 942 4172
106.614447 830 4172
106.632788 830 4172
106.640793 894 4172
106.649932 1118 4172
106.649974 110 4172
106.650009 110 4172
106.650046 110 4172
106.655476 1118 4172
106.666850 1134 4172
106.667813 110 4172
106.677070 1198 4172
106.677123 302 4172
106.686186 1198 4172
106.686237 1198 4172
106.686276 942 4172
106.694998 1198 4172
106.695043 1198 4172
106.695085 750 4172
106.696466 1198 4172
106.696509 1198 4172
106.696547 878 4172
106.712276 1198 4172
106.712321 1198 4172
106.712365 1198 4172
106.712402 942 4172
106.712452 1198 4172
106.714084 1198 4172
106.714132 1198 4172
106.714171 206 4172
106.720419 1198 4172
106.720487 1198 4172
106.722038 398 4172
106.728237 1198 4172
106.736490 398 4172
106.737461 1150 4172
106.753815 318 4172
106.762895 1198 4172
106.762978 622 4172
106.766808 1198 4172
106.771907 110 4172
106.778588 1198 4172
106.778632 942 4172
106.788996 1198 4172
106.789043 990 4172
106.789085 1198 4172
106.791151 1198 4172
106.791196 1198 4172
106.791234 254 4172
106.797396 862 4172
106.806605 1198 4172
106.806647 1198 4172
106.806684 1198 4172
106.806721 1166 4172
106.814328 1198 4172
106.814363 1198 4172
106.814402 1198 4172
106.814667 1198 4172
106.814716 1198 4172
106.814754 1118 4172
106.814808 1198 4172
106.816097 1198 4172
106.816143 1198 4172
106.816180 1198 4172
106.816217 574 4172
106.819561 1198 4172
106.831772 1198 4172
106.831830 1198 4172
106.831871 1198 4172
106.831917 1198 4172
106.831957 1198 4172
106.839339 1198 4172
106.839393 1198 4172
106.839442 1198 4172
106.839479 1198 4172
106.839517 1198 4172
106.839555 1198 4172
106.841067 1102 4172
106.848980 974 4172
106.858045 1198 4172
106.858094 1198 4172
106.858137 478 4172
106.859992 1198 4172
106.860042 1198 4172
106.860079 1086 4172
106.860492 382 4172
106.866801 1198 4172
106.866842 1198 4172
106.866879 1198 4172
106.866918 670 4172
106.875199 110 4172
106.883241 1198 4172
106.883285 1198 4172
106.883329 1198 4172
106.883370 814 4172
106.883467 1198 4172
106.883511 1198 4172
106.888616 1198 4172
106.891381 1134 4172
106.891455 1198 4172
106.896614 1198 4172
106.901588 1198 4172
106.901634 1198 4172
106.942797 110 4172
106.942857 110 4172
106.942900 110 4172
106.942943 414 4172
106.983591 110 4172
107.106596 110 4172
107.188588 110 4172
107.188669 110 4172
107.434578 110 4172
107.434660 110 4172
107.434723 110 4172
107.475592 110 4172
107.721611 110 4172
107.721681 110 4172
107.967628 110 4172
107.967657 110 4172
107.967704 110 4172
108.498673 110 4172
108.500545 110 4172
108.582595 110 4172
108.787507 110 4172
109.033606 110 4172
109.319623 110 4172
109.483627 110 4172
109.606608 110 4172
109.606622 110 4172
110.507641 110 4172
110.589563 110 4172
111.489568 110 4172
111.571463 110 4172
112.266835 110 4172
112.471528 110 4172
112.594567 110 4172
113.496505 110 4172
114.479488 110 4172
114.602502 110 4172
114.888516 110 4172
115.502488 110 4172
115.584495 110 4172
116.486461 110 4172
116.568452 110 4172
117.470461 110 4172
117.552490 110 4172
117.593452 110 4172
118.494503 110 4172
119.477427 110 4172
119.600515 110 4172
120.214427 110 4172
120.501459 110 4172
120.583408 110 4172
121.485437 110 4172
121.567296 110 4172
122.467288 110 4172
122.589407 110 4172
122.876609 110 4172
123.490443 110 4172
123.572384 110 4172
124.472369 110 4172
124.595371 110 4172
125.567889 110 4172
125.580488 110 4172
125.674419 1198 4172
125.674503 1198 4172
125.674530 1198 4172
125.674566 1198 4172
125.674617 1198 4172
125.674647 1198 4172
125.674679 1198 4172
125.674710 254 4172
125.677034 1198 4172
125.677078 1198 4172
125.677115 1198 4172
125.677150 1198 4172
125.677184 222 4172
125.677268 1198 4172
125.687268 1198 4172
125.687319 1198 4172
125.687354 1198 4172
125.687387 574 4172
125.691406 1198 4172
125.691474 1198 4172
125.691517 1198 4172
125.691556 1198 4172
125.691596 1198 4172
125.691634 622 4172
125.691672 1198 4172
125.691709 1198 4172
125.691746 1198 4172
125.691784 1198 4172
125.697382 1198 4172
125.697434 1198 4172
125.705493 206 4172
125.705541 1198 4172
125.705576 1198 4172
125.706223 1198 4172
125.706258 1198 4172
125.715439 1198 4172
125.721862 206 4172
125.721914 1198 4172
125.721957 1198 4172
125.727354 1198 4172
125.727432 1198 4172
125.733344 1198 4172
125.733392 1198 4172
125.739351 398 4172
125.739407 1198 4172
125.745305 1198 4172
125.745340 1198 4172
125.747361 1198 4172
125.747421 1198 4172
125.757331 1198 4172
125.757358 1198 4172
125.763315 670 4172
125.763342 1198 4172
125.769283 1198 4172
125.769322 1198 4172
125.775315 1198 4172
125.775347 1198 4172
125.781420 1198 4172
125.787281 1198 4172
125.788396 1198 4172
125.788427 1198 4172
125.799312 1198 4172
125.805309 830 4172
125.805358 1198 4172
125.810283 60 60000
125.811333 110 4172
125.811374 1198 4172
125.811408 1198 4172
125.817321 1198 4172
125.817361 1006 4172
125.823408 1198 4172
125.823447 1198 4172
125.829254 1198 4172
125.829285 1198 4172
125.835327 990 4172
125.835366 1198 4172
125.841365 1198 4172
125.841390 1198 4172
125.847271 1198 4172
125.847321 1198 4172
125.853310 1198 4172
125.853350 894 4172
125.859333 1198 4172
125.865450 1198 4172
125.865493 1198 4172
125.870296 1198 4172
125.870327 1198 4172
125.877297 446 4172
125.877344 1198 4172
125.877378 1198 4172
125.883379 1198 4172
125.883408 1198 4172
125.889350 1198 4172
125.889385 1198 4172
125.895359 1198 4172
125.895390 926 4172
125.901369 1198 4172
125.901388 1198 4172
125.907365 1198 4172
125.907392 766 4172
125.911246 1198 4172
125.919403 1198 4172
125.919420 1198 4172
125.925420 1198 4172
125.925459 734 4172
125.925478 478 4172
125.931315 1198 4172
125.931354 1198 4172
125.937315 1198 4172
125.937353 1198 4172
125.943267 1198 4172
125.943313 1198 4172
125.949329 1198 4172
125.949377 1182 4172
125.952242 1198 4172
125.952281 1198 4172
125.961344 1198 4172
125.961362 1198 4172
125.967330 1198 4172
125.967360 1198 4172
125.973347 1198 4172
125.973424 446 4172
125.973504 1198 4172
125.979366 1198 4172
125.985361 1198 4172
125.985384 1198 4172
125.991339 1198 4172
125.991383 1198 4172
125.993224 622 4172
126.003398 1198 4172
126.003438 1198 4172
126.009380 1198 4172
126.009402 1198 4172
126.015358 1198 4172
126.015426 1198 4172
126.021355 878 4172
126.021388 1198 4172
126.027349 1198 4172
126.027369 1198 4172
126.033370 1198 4172
126.033390 1198 4172
126.034231 1198 4172
126.034263 1198 4172
126.045414 1198 4172
126.045433 1198 4172
126.051350 1198 4172
126.051377 190 4172
126.051408 1198 4172
126.057361 1198 4172
126.057392 1198 4172
126.063363 1198 4172
126.063378 1198 4172
126.069342 1198 4172
126.069381 1150 4172
126.077410 1198 4172
126.078888 1198 4172
126.079657 1198 4172
126.082075 1198 4172
126.082257 110 4172
126.087341 1198 4172
126.087377 1198 4172
126.093339 1198 4172
126.093372 142 4172
126.093422 1198 4172
126.102724 1198 4172
126.102780 1198 4172
126.105323 1198 4172
126.105373 1198 4172
126.111446 1198 4172
126.111499 1070 4172
126.117743 1198 4172
126.117784 1198 4172
126.126198 1198 4172
126.126575 1198 4172
126.126633 1198 4172
126.129339 1198 4172
126.129381 1198 4172
126.136153 1198 4172
126.136233 1166 4172
126.136286 1198 4172
126.150037 1198 4172
126.150057 1198 4172
126.153368 1198 4172
126.153393 1198 4172
126.159542 1198 4172
126.159578 126 4172
126.159609 1070 4172
126.165433 1198 4172
126.165473 1198 4172
126.171328 1198 4172
126.171371 1198 4172
126.173916 1198 4172
126.184335 1198 4172
126.184388 1198 4172
126.189455 1198 4172
126.189480 206 4172
126.189511 1198 4172
126.195378 1198 4172
126.195414 1198 4172
126.201371 1198 4172
126.201545 1198 4172
126.207502 1198 4172
126.207542 1198 4172
126.214848 1198 4172
126.214944 302 4172
126.214976 1198 4172
126.215235 1198 4172
126.219433 1198 4172
126.225387 1198 4172
126.225433 1198 4172
126.240396 1198 4172
126.240658 814 4172
126.245120 1198 4172
126.245264 1198 4172
126.245302 1198 4172
126.245348 1198 4172
126.250083 1198 4172
126.259080 974 4172
126.259125 1198 4172
126.261342 1198 4172
126.261367 1198 4172
126.267441 1198 4172
126.267476 1198 4172
126.267505 1198 4172
126.273362 1198 4172
126.273405 1198 4172
126.279600 798 4172
126.279639 1198 4172
126.289084 1198 4172
126.289126 1198 4172
126.291577 1198 4172
126.297335 542 4172
126.297374 1198 4172
126.297406 1198 4172
126.317510 1198 4172
126.318167 1198 4172
126.318644 1198 4172
126.322376 1198 4172
126.322414 734 4172
126.322447 1198 4172
126.322478 1198 4172
126.322509 1198 4172
126.323910 1198 4172
126.323947 1006 4172
126.338826 1198 4172
126.338925 382 4172
126.338959 1198 4172
126.340863 1198 4172
126.341148 1198 4172
126.341222 1198 4172
126.346640 1198 4172
126.352413 110 4172
126.352622 1198 4172
126.352657 1198 4172
126.361357 590 4172
126.361393 1198 4172
126.361458 1198 4172
126.364350 1198 4172
126.364388 1198 4172
126.372442 1198 4172
126.372552 1198 4172
126.376313 814 4172
126.376353 1198 4172
126.383880 1198 4172
126.383937 1198 4172
126.388351 1198 4172
126.388402 1198 4172
126.394356 1198 4172
126.394394 1198 4172
126.394426 414 4172
126.402310 1198 4172
126.402349 1198 4172
126.406352 1198 4172
126.406395 1198 4172
126.406429 1198 4172
126.408552 1198 4172
126.418380 1198 4172
126.418414 1198 4172
126.427714 1198 4172
126.427768 1198 4172
126.438546 222 4172
126.438694 1198 4172
126.442340 1198 4172
126.442380 1198 4172
126.442414 1134 4172
126.450752 1198 4172
126.450803 718 4172
126.450838 1198 4172
126.455063 1198 4172
126.455099 1198 4172
126.460320 1198 4172
126.460352 1198 4172
126.476775 1198 4172
126.476931 1198 4172
126.477312 1198 4172
126.479372 1198 4172
126.479445 1198 4172
126.490564 110 4172
126.491349 398 4172
126.491400 1198 4172
126.491460 1198 4172
126.506520 1198 4172
126.506612 1198 4172
126.506632 1198 4172
126.506665 1198 4172
126.506698 1006 4172
126.506747 1198 4172
126.508294 1198 4172
126.508355 1198 4172
126.508388 1198 4172
126.508423 1198 4172
126.514389 1198 4172
126.514440 1198 4172
126.514472 622 4172
126.521523 1198 4172
126.521563 1198 4172
126.528758 1198 4172
126.528991 1198 4172
126.529544 1198 4172
126.529758 1198 4172
126.532361 1150 4172
126.538364 1198 4172
126.538393 1198 4172
126.548181 1198 4172
126.550097 1198 4172
126.556344 1198 4172
126.556376 334 4172
126.556409 1198 4172
126.556441 1198 4172
126.556470 1198 4172
126.562388 1198 4172
126.562421 1198 4172
126.570241 1198 4172
126.570280 398 4172
126.570312 1198 4172
126.570356 1198 4172
126.580029 110 4172
126.580772 1198 4172
126.580974 1198 4172
126.586349 1198 4172
126.586375 1198 4172
126.586408 1198 4172
126.596198 654 4172
126.596219 1198 4172
126.596246 1198 4172
126.596288 1198 4172
126.598321 1198 4172
126.605278 1198 4172
126.605314 574 4172
126.605349 478 4172
126.605393 270 4172
126.610429 1198 4172
126.617967 110 4172
126.618000 1198 4172
126.618031 1198 4172
126.618059 1198 4172
126.622292 1198 4172
126.622323 1198 4172
126.623235 60 60000
126.625348 1198 4172
126.625381 1198 4172
126.639354 1198 4172
126.639398 702 4172
126.639434 1198 4172
126.640328 1198 4172
126.640364 1198 4172
126.646293 1198 4172
126.646323 1198 4172
126.656455 1038 4172
126.656476 1198 4172
126.656507 1198 4172
126.658319 1198 4172
126.658354 1198 4172
126.664352 1198 4172
126.664384 1198 4172
126.669340 1198 4172
126.669380 1198 4172
126.676362 110 4172
126.676401 1198 4172
126.676436 1198 4172
126.676469 1198 4172
126.682353 1198 4172
126.682395 430 4172
126.692241 270 4172
126.692315 1198 4172
126.692351 1198 4172
126.692397 1198 4172
126.694956 1198 4172
126.703179 1198 4172
126.703262 174 4172
126.703363 1198 4172
126.703412 1198 4172
126.706323 1198 4172
126.710363 1198 4172
126.710407 1102 4172
126.718605 1198 4172
126.718639 1198 4172
126.724347 1198 4172
126.724380 1198 4172
126.730280 1198 4172
126.730316 1198 4172
126.730351 510 4172
126.740283 1198 4172
126.740375 1198 4172
126.745478 1198 4172
126.746060 1198 4172
126.746104 1198 4172
126.751131 1198 4172
126.751184 350 4172
126.751219 1198 4172
126.751262 1198 4172
126.754313 1198 4172
126.760423 1198 4172
126.760464 1198 4172
126.766483 286 4172
126.766523 1198 4172
126.766555 1198 4172
126.772351 1198 4172
126.772387 1198 4172
126.772420 1198 4172
126.778364 110 4172
126.778403 190 4172
126.778433 1198 4172
126.778461 1198 4172
126.784344 1198 4172
126.791736 1038 4172
126.791778 1198 4172
126.792215 1198 4172
126.792252 1198 4172
126.792283 1198 4172
126.802393 1006 4172
126.802430 1198 4172
126.808304 1198 4172
126.808363 1198 4172
126.826735 1198 4172
126.828251 1198 4172
126.830022 1198 4172
126.830087 334 4172
126.832991 1198 4172
126.833025 1198 4172
126.833057 1198 4172
126.833088 1198 4172
126.833117 1198 4172
126.833146 478 4172
126.833191 222 4172
126.838334 1198 4172
126.838377 1198 4172
126.844334 1198 4172
126.844380 1198 4172
126.844412 206 4172
126.850347 1198 4172
126.850388 1198 4172
126.850420 1198 4172
126.856340 894 4172
126.856388 1198 4172
126.863374 1198 4172
126.863427 862 4172
126.863460 1198 4172
126.868370 1198 4172
126.868404 1198 4172
126.874366 1198 4172
126.874581 110 4172
126.874615 110 4172
126.874649 1198 4172
126.876835 1198 4172
126.876880 126 4172
126.876906 1198 4172
126.886426 1198 4172
126.886430 1198 4172
126.886452 1198 4172
126.892358 1198 4172
126.892424 1198 4172
126.904828 478 4172
126.904888 1198 4172
126.904923 1198 4172
126.907322 1198 4172
126.907359 1198 4172
126.907426 1198 4172
126.913338 1198 4172
126.913380 638 4172
126.913412 1198 4172
126.917395 1198 4172
126.917438 1198 4172
126.925318 1198 4172
126.925361 1198 4172
126.933239 350 4172
126.933286 1198 4172
126.933324 1198 4172
126.937329 1198 4172
126.937403 1198 4172
126.949612 1198 4172
126.950285 1198 4172
126.950333 1198 4172
126.955371 158 4172
126.955550 1198 4172
126.956098 1198 4172
126.956506 1198 4172
126.956807 1198 4172
126.957123 1198 4172
126.966731 622 4172
126.966770 1198 4172
126.967277 1198 4172
126.973327 1198 4172
126.973375 1198 4172
126.985862 110 4172
126.985942 430 4172
126.985972 1198 4172
126.986007 1198 4172
126.991766 1198 4172
126.992455 1198 4172
126.992643 1198 4172
126.992829 398 4172
126.993016 1198 4172
126.993251 1198 4172
127.002692 1198 4172
127.003311 1198 4172
127.003356 1198 4172
127.012271 286 4172
127.012314 1198 4172
127.012342 1198 4172
127.025268 1198 4172
127.025411 1198 4172
127.026521 1198 4172
127.026594 1102 4172
127.027311 1198 4172
127.027347 1198 4172
127.027403 1198 4172
127.027510 1198 4172
127.033147 1198 4172
127.039419 1198 4172
127.039457 1198 4172
127.045386 1198 4172
127.045427 1198 4172
127.045462 414 4172
127.051314 1198 4172
127.051357 1198 4172
127.051390 1198 4172
127.060310 1070 4172
127.060350 1198 4172
127.063291 1198 4172
127.063328 1198 4172
127.063361 526 4172
127.069623 1198 4172
127.070136 1198 4172
127.070289 302 4172
127.070768 1198 4172
127.074256 1198 4172
127.074299 1198 4172
127.081730 1198 4172
127.085792 350 4172
127.085831 1198 4172
127.085879 1198 4172
127.091309 1198 4172
127.101146 1198 4172
127.106041 878 4172
127.106083 1198 4172
127.106120 1198 4172
127.106152 1198 4172
127.106207 1198 4172
127.106253 1198 4172
127.111301 1198 4172
127.111332 126 4172
127.111365 1198 4172
127.115223 1198 4172
127.115263 1198 4172
127.127784 1198 4172
127.127831 1198 4172
127.129280 1198 4172
127.129313 1198 4172
127.129345 478 4172
127.139806 1198 4172
127.139851 1198 4172
127.139903 1198 4172
127.147530 1198 4172
127.147570 1198 4172
127.153738 110 4172
127.153779 110 4172
127.153808 110 4172
127.153838 1198 4172
127.153864 638 4172
127.153892 1198 4172
127.153921 1198 4172
127.153949 1198 4172
127.159318 1198 4172
127.159347 1198 4172
127.159374 1198 4172
127.161739 350 4172
127.161769 1198 4172
127.161796 1198 4172
127.171364 1198 4172
127.171399 1198 4172
127.177841 1198 4172
127.177878 1198 4172
127.177908 158 4172
127.177934 110 4172
127.177962 1198 4172
127.183392 1198 4172
127.183423 1198 4172
127.194931 1198 4172
127.194943 1198 4172
127.195279 622 4172
127.195316 1198 4172
127.195346 1198 4172
127.201376 1198 4172
127.201412 1198 4172
127.201444 1198 4172
127.202268 414 4172
127.202308 1198 4172
127.202341 1198 4172
127.213355 1198 4172
127.213437 1198 4172
127.219326 1198 4172
127.219365 382 4172
127.219403 1198 4172
127.225281 1198 4172
127.225313 1198 4172
127.225362 1198 4172
127.231321 1198 4172
127.231359 286 4172
127.231391 1198 4172
127.237288 1198 4172
127.237323 1198 4172
127.243368 1070 4172
127.243425 1198 4172
127.249404 1198 4172
127.249445 1198 4172
127.249480 1198 4172
127.255288 1054 4172
127.255335 1198 4172
127.261374 1198 4172
127.261416 1198 4172
127.261457 1198 4172
127.267339 1198 4172
127.267386 1198 4172
127.273377 398 4172
127.273422 1198 4172
127.273457 1198 4172
127.279357 1198 4172
127.279392 1198 4172
127.279428 1198 4172
127.284372 1198 4172
127.291307 1198 4172
127.291358 1198 4172
127.297352 318 4172
127.297395 1198 4172
127.297434 1198 4172
127.297470 1198 4172
127.303266 1198 4172
127.303306 1198 4172
127.309345 718 4172
127.309401 1198 4172
127.309444 1198 4172
127.315320 1198 4172
127.315372 1198 4172
127.321267 1198 4172
127.321309 1198 4172
127.321348 1198 4172
127.325215 1198 4172
127.325254 1166 4172
127.333421 1198 4172
127.333473 1198 4172
127.333510 1198 4172
127.339398 1198 4172
127.339439 1198 4172
127.339474 1198 4172
127.345276 1198 4172
127.345327 1198 4172
127.351311 1198 4172
127.351360 1198 4172
127.357305 1198 4172
127.357350 1198 4172
127.363308 1198 4172
127.363348 1198 4172
127.363383 1198 4172
127.366214 1198 4172
127.366266 1198 4172
127.375320 526 4172
127.375374 1198 4172
127.375414 1198 4172
127.375454 1198 4172
127.381350 798 4172
127.381395 1198 4172
127.387356 1198 4172
127.387398 1198 4172
127.387433 1198 4172
127.393461 1198 4172
127.393515 1198 4172
127.399380 670 4172
127.399427 1198 4172
127.399477 1198 4172
127.405257 1198 4172
127.405309 1198 4172
127.405351 110 4172
127.405389 110 4172
127.405427 110 4172
127.405467 1198 4172
127.407214 1198 4172
127.407262 1198 4172
127.417309 1198 4172
127.417397 1102 4172
127.417438 1198 4172
127.423283 1198 4172
127.423334 1198 4172
127.429265 1198 4172
127.429313 1198 4172
127.429351 1198 4172
127.435318 1198 4172
127.435370 1198 4172
127.441401 846 4172
127.441452 1198 4172
127.441496 1198 4172
127.447275 1198 4172
127.447319 1198 4172
127.447358 1198 4172
127.448200 1198 4172
127.448234 1198 4172
127.459317 1198 4172
127.459409 1198 4172
127.465302 1198 4172
127.465355 1198 4172
127.465400 1198 4172
127.471312 1198 4172
127.471365 1198 4172
127.477301 718 4172
127.477352 110 4172
127.477384 238 4172
127.477423 1198 4172
127.477459 1198 4172
127.483348 1198 4172
127.483392 1198 4172
127.489289 1198 4172
127.489338 1198 4172
127.489375 1198 4172
127.495310 318 4172
127.495357 1198 4172
127.495395 1198 4172
127.501362 1198 4172
127.501411 1198 4172
127.501451 1198 4172
127.507313 1198 4172
127.507362 1166 4172
127.513273 1198 4172
127.513318 1198 4172
127.513355 1198 4172
127.519306 1198 4172
127.519349 1198 4172
127.525258 1198 4172
127.525306 238 4172
127.525348 1198 4172
127.525386 1198 4172
127.530323 1198 4172
127.530361 1198 4172
127.537296 1198 4172
127.537345 1198 4172
127.537386 206 4172
127.537425 1198 4172
127.543287 1198 4172
127.543333 1198 4172
127.549317 1198 4172
127.549405 1198 4172
127.549456 1198 4172
127.555324 1150 4172
127.555370 1198 4172
127.561257 1198 4172
127.561306 1198 4172
127.561345 1198 4172
127.567308 1198 4172
127.567352 1198 4172
127.571210 1198 4172
127.571255 1198 4172
127.571295 110 4172
127.571334 1198 4172
127.612405 1198 4172
127.612497 174 4172
127.612540 1118 4172
127.693424 110 4172
127.693499 110 4172
127.693501 110 4172
127.693534 110 4172
127.718640 382 4172
127.734397 126 4172
127.742784 126 4172
127.751694 126 4172
127.759820 126 4172
127.767146 126 4172
127.768815 110 4172
127.775229 126 4172
127.775275 318 4172
127.785653 126 4172
127.793770 126 4172
127.802739 126 4172
127.810720 126 4172
127.816246 126 4172
127.827757 126 4172
127.836763 126 4172
127.845544 126 4172
127.852913 1198 4172
127.857208 798 4172
127.871109 1198 4172
127.871163 1198 4172
127.871207 110 4172
127.871264 1198 4172
127.873341 1198 4172
127.873384 1198 4172
127.873421 590 4172
127.879211 958 4172
127.879260 1198 4172
127.888344 1198 4172
127.888394 1198 4172
127.888438 1086 4172
127.896228 1198 4172
127.896266 1198 4172
127.896310 1198 4172
127.896348 1198 4172
127.896386 734 4172
127.898277 1198 4172
127.898324 1198 4172
127.898359 1198 4172
127.898395 590 4172
127.913031 1198 4172
127.913068 1198 4172
127.913099 1198 4172
127.913130 1198 4172
127.913170 126 4172
127.913222 1198 4172
127.915304 1198 4172
127.915334 1198 4172
127.915362 1102 4172
127.920825 1198 4172
127.930126 1198 4172
127.930182 1198 4172
127.930224 1198 4172
127.930264 558 4172
127.930318 1198 4172
127.938090 1198 4172
127.938124 190 4172
127.938197 1198 4172
127.939315 1198 4172
127.939361 1198 4172
127.939399 366 4172
127.939438 110 4172
127.939479 110 4172
127.947010 1198 4172
127.956030 1198 4172
127.956076 1198 4172
127.956119 206 4172
127.956190 1198 4172
127.956231 1198 4172
127.964908 622 4172
127.974144 1198 4172
127.974201 1198 4172
127.974245 606 4172
127.974299 1198 4172
127.976266 1198 4172
127.976310 1198 4172
127.976371 382 4172
127.980358 1198 4172
127.990833 1198 4172
127.990939 1198 4172
127.990998 686 4172
128.000578 1198 4172
128.000625 1198 4172
128.000668 1198 4172
128.000706 574 4172
128.008621 1198 4172
128.008669 1198 4172
128.008711 1198 4172
128.008750 1198 4172
128.008785 1198 4172
128.008828 814 4172
128.017659 1198 4172
128.017702 1198 4172
128.017747 1198 4172
128.017786 1198 4172
128.017824 1198 4172
128.017865 350 4172
128.021314 1198 4172
128.021357 1198 4172
128.021400 1198 4172
128.021436 1198 4172
128.021475 1198 4172
128.021513 1198 4172
128.026584 1198 4172
128.026616 1198 4172
128.035498 1198 4172
128.035537 1198 4172
128.035590 1198 4172
128.035633 1198 4172
128.035673 1198 4172
128.035711 1198 4172
128.035748 974 4172
128.037348 1198 4172
128.037396 1198 4172
128.037441 1198 4172
128.037475 1198 4172
128.037514 1198 4172
128.037552 1198 4172
128.037592 494 4172
128.044501 110 4172
128.053539 1198 4172
128.053599 1198 4172
128.053642 1198 4172
128.053681 1198 4172
128.053719 1198 4172
128.053758 1198 4172
128.053795 318 4172
128.061418 1198 4172
128.061464 1198 4172
128.061510 1198 4172
128.061550 1198 4172
128.061589 1198 4172
128.061628 702 4172
128.062516 1198 4172
128.062571 1198 4172
128.062612 1198 4172
128.062651 1198 4172
128.062689 1198 4172
128.070475 206 4172
128.076328 1198 4172
128.076374 1198 4172
128.076412 1198 4172
128.076455 1198 4172
128.078427 1198 4172
128.078482 558 4172
128.084365 1198 4172
128.084411 1198 4172
128.090266 1198 4172
128.090320 1198 4172
128.090366 1198 4172
128.096299 286 4172
128.096353 1198 4172
128.096395 1198 4172
128.102373 1198 4172
128.102419 1198 4172
128.102457 334 4172
128.102496 1198 4172
128.103192 1198 4172
128.103232 1198 4172
128.103270 1198 4172
128.114296 462 4172
128.114352 1198 4172
128.114396 1198 4172
128.120409 1198 4172
128.120455 1198 4172
128.126554 1198 4172
128.126615 430 4172
128.126656 1198 4172
128.132349 910 4172
128.132394 1198 4172
128.138361 1198 4172
128.144256 1198 4172
128.144307 1198 4172
128.144360 990 4172
128.150365 1198 4172
128.150412 1198 4172
128.150450 1198 4172
128.156256 1198 4172
128.156296 1198 4172
128.156333 1198 4172
128.162282 1198 4172
128.162339 1198 4172
128.168300 1198 4172
128.168343 1198 4172
128.168381 1198 4172
128.174489 1102 4172
128.174535 1198 4172
128.174585 1198 4172
128.180374 1198 4172
128.180420 1198 4172
128.185207 1198 4172
128.185258 1198 4172
128.185299 1198 4172
128.192331 1198 4172
128.192374 1198 4172
128.192418 638 4172
128.198241 1198 4172
128.198289 1198 4172
128.204320 1198 4172
128.204359 1198 4172
128.204404 1198 4172
128.210262 110 4172
128.210312 110 4172
128.210352 110 4172
128.210391 1198 4172
128.210429 1198 4172
128.216334 1198 4172
128.216378 1198 4172
128.216415 430 4172
128.222517 1198 4172
128.222572 1198 4172
128.222610 1198 4172
128.226228 1198 4172
128.226266 1198 4172
128.226302 1198 4172
128.234347 1198 4172
128.234395 1198 4172
128.234438 1198 4172
128.240359 1198 4172
128.240412 1198 4172
128.246296 286 4172
128.246342 1198 4172
128.246376 1198 4172
128.246414 1198 4172
128.252316 1198 4172
128.252355 1198 4172
128.252393 1198 4172
128.258321 1198 4172
128.258372 1198 4172
128.264359 1198 4172
128.264404 830 4172
128.264444 1198 4172
128.267210 1198 4172
128.267254 1198 4172
128.267294 1198 4172
128.276378 1198 4172
128.276421 1198 4172
128.276462 1198 4172
128.282368 1198 4172
128.282415 1198 4172
128.282455 958 4172
128.288357 1198 4172
128.288405 1198 4172
128.288449 1198 4172
128.294328 1198 4172
128.294369 1198 4172
128.300335 1198 4172
128.300385 1198 4172
128.300429 1198 4172
128.306261 1198 4172
128.306313 318 4172
128.306358 1198 4172
128.306396 1198 4172
128.308284 1198 4172
128.308332 1198 4172
128.308375 1198 4172
128.318407 1198 4172
128.324313 1198 4172
128.324363 1198 4172
128.330247 1198 4172
128.330302 1198 4172
128.330343 1198 4172
128.336251 1198 4172
128.336302 1198 4172
128.336346 1198 4172
128.342363 1198 4172
128.342409 1198 4172
128.342449 1198 4172
128.348363 782 4172
128.348407 206 4172
128.348447 1198 4172
128.348485 1198 4172
128.349306 1198 4172
128.349366 1198 4172
128.349411 1198 4172
128.360290 1198 4172
128.360393 1198 4172
128.366411 1198 4172
128.366474 862 4172
128.366513 1198 4172
128.372364 1198 4172
128.372418 1198 4172
128.372461 1198 4172
128.378271 1198 4172
128.378318 1198 4172
128.378361 1198 4172
128.384253 254 4172
128.384307 1198 4172
128.384349 1198 4172
128.384388 1198 4172
128.390323 1198 4172
128.396363 1198 4172
128.396412 1198 4172
128.396451 334 4172
128.396490 1198 4172
128.402285 1198 4172
128.402324 1198 4172
128.402362 1198 4172
128.408267 1198 4172
128.408323 1198 4172
128.408366 1198 4172
128.414430 1198 4172
128.414486 1198 4172
128.431233 494 4172
128.467201 110 4172
128.467252 110 4172
128.467295 110 4172
128.472202 110 4172
128.595278 110 4172
128.759359 110 4172
128.759396 110 4172
129.004393 110 4172
129.004429 110 4172
129.004467 110 4172
129.291380 110 4172
129.291460 110 4172
129.291512 110 4172
129.537264 110 4172
129.578401 110 4172
129.824266 110 4172
130.070323 110 4172
130.357228 110 4172
130.480224 110 4172
130.600542 110 4172
130.603232 110 4172
130.890351 110 4172
131.135359 110 4172
131.422532 110 4172
131.503368 110 4172
131.585221 110 4172
131.667209 110 4172
132.486174 110 4172
132.608294 110 4172
133.508293 110 4172
133.590277 110 4172
134.327199 110 4172
134.491156 110 4172
134.573280 110 4172
135.473136 110 4172
135.596281 110 4172
136.495201 110 4172
136.576332 110 4172
136.985229 110 4172
137.475144 110 4172
137.598289 110 4172
137.630508 174 4172
137.631604 174 4172
137.631626 174 4172
137.632185 174 4172
137.633414 174 4172
137.633443 174 4172
137.634653 174 4172
137.634685 174 4172
137.635287 174 4172
137.636460 174 4172
137.636492 174 4172
137.636520 174 4172
137.637630 174 4172
137.637661 174 4172
137.638276 174 4172
137.639073 382 4172
137.680136 1198 4172
137.680186 1198 4172
137.680224 1198 4172
137.680262 1198 4172
137.680304 1198 4172
137.680339 1198 4172
137.680376 814 4172
137.784505 350 4172
137.793449 1198 4172
137.793496 1054 4172
137.803096 1198 4172
137.803152 1198 4172
137.803194 1134 4172
138.049148 110 4172
138.335207 110 4172
138.499170 110 4172
139.481168 110 4172
139.604311 110 4172
140.503209 110 4172
140.585190 110 4172
140.995261 110 4172
141.487146 110 4172
141.569167 110 4172
142.470123 110 4172
142.593234 110 4172
143.495137 110 4172
143.577126 110 4172
143.659218 110 4172
144.478140 110 4172
144.601178 110 4172
145.503161 110 4172
145.585151 110 4172
146.487143 110 4172
146.569161 110 4172
146.805643 1198 4172
146.805646 1198 4172
146.805674 1198 4172
146.805700 1198 4172
146.805726 1198 4172
146.805753 1198 4172
146.805780 1198 4172
146.805807 1198 4172
146.805833 1198 4172
146.805860 1198 4172
146.805887 782 4172
146.805963 1198 4172
146.805990 1198 4172
146.806018 1198 4172
146.806044 1198 4172
146.806071 1198 4172
146.815787 1198 4172
146.815816 1198 4172
146.815838 1198 4172
146.815865 1198 4172
146.815890 398 4172
146.816046 1198 4172
146.816073 1198 4172
146.816100 1198 4172
146.816124 1198 4172
146.820247 1198 4172
146.820282 1198 4172
146.820313 1198 4172
146.820349 446 4172
146.824690 1198 4172
146.824733 1198 4172
146.824770 1198 4172
146.824802 1198 4172
146.824839 1198 4172
146.824870 1198 4172
146.824907 734 4172
146.824964 1198 4172
146.824999 1198 4172
146.835433 1198 4172
146.835532 1198 4172
146.835557 1198 4172
146.835590 1198 4172
146.835615 1198 4172
146.835643 1198 4172
146.840184 718 4172
146.840234 1198 4172
146.840269 1198 4172
146.840302 1198 4172
146.840337 1198 4172
146.846396 1198 4172
146.846451 1198 4172
146.846488 1198 4172
146.852191 1198 4172
146.852253 1198 4172
146.852296 846 4172
146.858048 1198 4172
146.858089 1198 4172
146.858160 1198 4172
146.864137 1198 4172
146.864181 1198 4172
146.864219 1198 4172
146.870118 1198 4172
146.870163 1198 4172
146.870203 1054 4172
146.876036 1198 4172
146.876079 1198 4172
146.882113 1198 4172
146.882150 1198 4172
146.888120 1198 4172
146.888144 1198 4172
146.888174 1198 4172
146.894163 1198 4172
146.894192 558 4172
146.894227 1198 4172
146.900090 1198 4172
146.900123 1198 4172
146.900151 1198 4172
146.906125 1198 4172
146.906200 1198 4172
146.912130 1198 4172
146.912181 1198 4172
146.917038 1198 4172
146.917074 1198 4172
146.924091 718 4172
146.924129 1198 4172
146.930128 1198 4172
146.930162 1198 4172
146.936799 1198 4172
146.936938 1198 4172
146.937089 1198 4172
146.945381 1198 4172
146.948116 1198 4172
146.954124 1198 4172
146.954153 526 4172
146.954196 1198 4172
146.962132 1198 4172
146.966091 1198 4172
146.966116 1198 4172
146.967621 1198 4172
146.967654 1198 4172
146.978153 1198 4172
146.984046 1198 4172
146.984080 558 4172
146.991087 1198 4172
146.991122 1198 4172
146.996071 1198 4172
146.996101 1198 4172
147.002117 1198 4172
147.002123 1198 4172
147.008153 1198 4172
147.013458 1198 4172
147.013492 222 4172
147.013525 1198 4172
147.020117 1198 4172
147.020145 1198 4172
147.027006 1198 4172
147.027092 1198 4172
147.027162 1198 4172
147.038218 1198 4172
147.038251 1198 4172
147.044105 1198 4172
147.050159 1198 4172
147.050188 1198 4172
147.058092 318 4172
147.058134 1198 4172
147.059179 1198 4172
147.068102 238 4172
147.068130 1198 4172
147.068162 1198 4172
147.074106 1198 4172
147.074150 1198 4172
147.080115 1198 4172
147.086088 558 4172
147.086131 1198 4172
147.092188 110 4172
147.092234 1198 4172
147.098133 1198 4172
147.098180 1198 4172
147.100065 1198 4172
147.110042 974 4172
147.110129 702 4172
147.110170 1198 4172
147.122185 1198 4172
147.128158 1198 4172
147.134403 462 4172
147.134454 1198 4172
147.134532 1198 4172
147.140087 1198 4172
147.141006 1198 4172
147.141137 1198 4172
147.152205 1198 4172
147.158127 1198 4172
147.158156 1198 4172
147.164219 1198 4172
147.164273 318 4172
147.170176 1198 4172
147.176067 1198 4172
147.176097 1198 4172
147.182504 1198 4172
147.185263 1198 4172
147.185305 1198 4172
147.194094 414 4172
147.194120 1198 4172
147.200142 1198 4172
147.206045 1198 4172
147.212034 1198 4172
147.218064 1198 4172
147.218114 1198 4172
147.224036 1006 4172
147.225986 1198 4172
147.226012 1198 4172
147.236074 1198 4172
147.236095 1198 4172
147.242064 1198 4172
147.248108 1198 4172
147.248123 1198 4172
147.254024 1198 4172
147.254063 1198 4172
147.260021 1198 4172
147.266051 926 4172
147.266086 1198 4172
147.266962 1198 4172
147.266993 1198 4172
147.278075 1198 4172
147.278077 1198 4172
147.284047 1198 4172
147.290045 1198 4172
147.290083 1198 4172
147.296038 894 4172
147.296078 1198 4172
147.302017 1198 4172
147.307986 1198 4172
147.308044 1198 4172
147.314050 1198 4172
147.314072 1198 4172
147.320015 1198 4172
147.328150 1198 4172
147.328845 1198 4172
147.332110 798 4172
147.332131 1198 4172
147.338901 1198 4172
147.338949 1198 4172
147.346444 1198 4172
147.355083 1198 4172
147.355124 1198 4172
147.357051 1198 4172
147.357113 1198 4172
147.362139 1198 4172
147.368331 1198 4172
147.368366 1118 4172
147.383993 110 4172
147.384037 1198 4172
147.384072 1198 4172
147.384117 1198 4172
147.386104 1198 4172
147.386140 1198 4172
147.396437 1198 4172
147.396477 1198 4172
147.398033 1198 4172
147.404032 1198 4172
147.404069 910 4172
147.413494 1198 4172
147.413575 1198 4172
147.416073 1198 4172
147.416111 1198 4172
147.434112 1198 4172
147.434128 1198 4172
147.434161 1198 4172
147.434190 1198 4172
147.446813 542 4172
147.446854 1198 4172
147.447815 1198 4172
147.447855 1198 4172
147.447886 1198 4172
147.458114 1198 4172
147.462913 1198 4172
147.462987 1198 4172
147.464013 1198 4172
147.476079 1198 4172
147.476116 894 4172
147.482547 1198 4172
147.482580 110 4172
147.482612 1198 4172
147.492640 1198 4172
147.492675 1198 4172
147.494011 1198 4172
147.495965 1198 4172
147.496001 1198 4172
147.509290 1198 4172
147.512057 670 4172
147.512088 1198 4172
147.518668 1198 4172
147.522020 1198 4172
147.524656 1198 4172
147.530008 1198 4172
147.530037 1198 4172
147.538637 1198 4172
147.538717 622 4172
147.542015 1198 4172
147.548078 1198 4172
147.548108 1198 4172
147.554678 1198 4172
147.560040 814 4172
147.560076 1198 4172
147.566024 1198 4172
147.572035 1198 4172
147.572073 1198 4172
147.577997 110 4172
147.578032 1198 4172
147.578065 1198 4172
147.578953 1198 4172
147.590103 1198 4172
147.590182 1198 4172
147.596004 574 4172
147.596040 1198 4172
147.602044 1198 4172
147.602078 1198 4172
147.608022 718 4172
147.608055 606 4172
147.608083 1198 4172
147.615872 1198 4172
147.615896 1198 4172
147.620041 1198 4172
147.626027 1198 4172
147.626078 1198 4172
147.632909 1198 4172
147.632960 1070 4172
147.633006 1198 4172
147.638132 1070 4172
147.644046 1198 4172
147.644089 1166 4172
147.653790 1198 4172
147.656078 110 4172
147.656111 1198 4172
147.656146 702 4172
147.661011 1198 4172
147.661048 1198 4172
147.668129 1198 4172
147.668178 1198 4172
147.674110 1198 4172
147.674163 542 4172
147.680068 1198 4172
147.680111 1198 4172
147.686051 1198 4172
147.686094 1198 4172
147.692104 1022 4172
147.698135 1198 4172
147.698175 1198 4172
147.702090 1198 4172
147.702142 1198 4172
147.710095 1198 4172
147.710142 494 4172
147.716157 1198 4172
147.716226 1198 4172
147.722140 1198 4172
147.728050 1070 4172
147.728101 1198 4172
147.734117 1198 4172
147.740079 1198 4172
147.740129 1198 4172
147.744210 174 4172
147.744259 1198 4172
147.744297 1198 4172
147.752125 1198 4172
147.758171 1198 4172
147.758219 878 4172
147.764068 1198 4172
147.764111 1198 4172
147.770062 1198 4172
147.770091 766 4172
147.776117 1198 4172
147.776171 1198 4172
147.782128 110 4172
147.782177 1198 4172
147.782220 1198 4172
147.785067 670 4172
147.785118 334 4172
147.785158 974 4172
147.794098 1198 4172
147.800106 1198 4172
147.806102 1198 4172
147.806154 1198 4172
147.812117 878 4172
147.812166 1198 4172
147.818114 1198 4172
147.818157 158 4172
147.818196 1198 4172
147.824107 1198 4172
147.826077 254 4172
147.826128 1198 4172
147.826167 926 4172
147.836264 1198 4172
147.836306 1198 4172
147.842121 1198 4172
147.848104 1198 4172
147.848155 1198 4172
147.854126 1198 4172
147.854163 126 4172
147.854203 1198 4172
147.860026 1198 4172
147.866081 1198 4172
147.866129 1198 4172
147.866962 702 4172
147.867005 670 4172
147.867046 1102 4172
147.878113 334 4172
147.884111 110 4172
147.884155 318 4172
147.884194 478 4172
147.884233 814 4172
147.884270 462 4172
147.908053 1198 4172
147.918771 110 4172
147.949201 750 4172
147.967259 1198 4172
147.967305 862 4172
147.990086 110 4172
148.031105 126 4172
148.031200 1198 4172
148.113098 926 4172
148.154058 1198 4172
148.154146 222 4172
148.161949 1198 4172
148.161983 1198 4172
148.162011 1198 4172
148.162038 1198 4172
148.162064 1198 4172
148.162090 1198 4172
148.162116 1198 4172
148.162142 142 4172
148.162178 1198 4172
148.164232 1198 4172
148.164266 1198 4172
148.164296 1198 4172
148.164326 782 4172
148.170142 1198 4172
148.170183 1198 4172
148.170216 1198 4172
148.170248 1198 4172
148.176072 110 4172
148.176117 910 4172
148.176155 1198 4172
148.176196 1198 4172
148.182065 1198 4172
148.182104 1198 4172
148.182139 1198 4172
148.188097 1198 4172
148.188143 110 4172
148.188184 1198 4172
148.188221 1198 4172
148.194129 1198 4172
148.194189 462 4172
148.194991 1198 4172
148.195019 1198 4172
148.206037 830 4172
148.206083 1198 4172
148.212055 1134 4172
148.212099 1198 4172
148.218019 1198 4172
148.218072 1198 4172
148.224022 1198 4172
148.224065 1198 4172
148.230542 798 4172
148.230587 1198 4172
148.235980 1198 4172
148.236014 1198 4172
148.242006 1198 4172
148.248004 1198 4172
148.248044 1198 4172
148.254038 1198 4172
148.254067 174 4172
148.254103 1198 4172
148.260066 1198 4172
148.260098 1198 4172
148.266036 1198 4172
148.272060 1198 4172
148.272087 1198 4172
148.276995 1198 4172
148.277040 1198 4172
148.284026 1198 4172
148.284061 110 4172
148.284091 398 4172
148.290073 1198 4172
148.296038 1198 4172
148.296075 1198 4172
148.302020 1198 4172
148.302046 1198 4172
148.307985 1198 4172
148.314020 1198 4172
148.314045 1198 4172
148.317964 174 4172
148.317995 1198 4172
148.318026 1198 4172
148.326047 1198 4172
148.331994 1198 4172
148.338021 1198 4172
148.343988 1198 4172
148.344027 190 4172
148.344060 1198 4172
148.350076 1198 4172
148.350118 1198 4172
148.356100 1198 4172
148.356149 1198 4172
148.358980 1198 4172
148.368129 1198 4172
148.374071 110 4172
148.374130 1198 4172
148.374178 1038 4172
148.380084 1198 4172
148.380116 1198 4172
148.386110 1198 4172
148.386159 1198 4172
148.392062 1198 4172
148.398121 958 4172
148.400007 1198 4172
148.400063 1198 4172
148.410147 1198 4172
148.410211 1198 4172
148.416172 1198 4172
148.416227 1198 4172
148.422106 1198 4172
148.422158 1022 4172
148.428073 1198 4172
148.428117 1198 4172
148.434018 1198 4172
148.440111 1198 4172
148.441070 1198 4172
148.441121 1198 4172
148.452036 110 4172
148.452084 110 4172
148.452116 110 4172
148.452144 1198 4172
148.452173 910 4172
148.458043 1198 4172
148.458081 1198 4172
148.464047 1198 4172
148.464081 1198 4172
148.470026 1198 4172
148.470069 1198 4172
148.476003 110 4172
148.476040 1198 4172
148.482026 1198 4172
148.482062 542 4172
148.482098 1198 4172
148.488119 1198 4172
148.488152 1198 4172
148.494196 1198 4172
148.500201 1198 4172
148.500257 1038 4172
148.506114 206 4172
148.506163 1198 4172
148.506210 1182 4172
148.512141 1198 4172
148.512184 1198 4172
148.518477 686 4172
148.523085 782 4172
148.523104 1198 4172
148.523157 1198 4172
148.530132 558 4172
148.530180 1198 4172
148.530221 1198 4172
148.536118 1198 4172
148.536168 958 4172
148.542105 1198 4172
148.542154 1198 4172
148.548099 926 4172
148.548145 1198 4172
148.554049 1198 4172
148.554095 1198 4172
148.561923 238 4172
148.561987 734 4172
148.562041 1198 4172
148.563986 1198 4172
148.573119 1198 4172
148.573168 1198 4172
148.579123 1198 4172
148.585102 1150 4172
148.585154 110 4172
148.585194 1198 4172
148.591420 1198 4172
148.591465 1198 4172
148.597114 1198 4172
148.597168 1198 4172
148.603129 1198 4172
148.603177 1198 4172
148.605066 1198 4172
148.605115 494 4172
148.615196 1198 4172
148.615241 1198 4172
148.621112 1198 4172
148.621168 1198 4172
148.627131 1198 4172
148.627177 1198 4172
148.633008 1134 4172
148.633055 1198 4172
148.639129 1198 4172
148.639177 1198 4172
148.645102 1198 4172
148.645149 1198 4172
148.646064 1198 4172
148.646105 430 4172
148.657035 1198 4172
148.657092 1198 4172
148.663157 1198 4172
148.663207 1198 4172
148.669006 1198 4172
148.669052 1198 4172
148.675125 1198 4172
148.681109 1198 4172
148.681158 110 4172
148.681200 1198 4172
148.687070 1198 4172
148.687134 1134 4172
148.693108 1198 4172
148.693140 1198 4172
148.699132 1198 4172
148.699186 1198 4172
148.705106 1198 4172
148.705159 798 4172
148.711125 734 4172
148.711175 1198 4172
148.717007 1198 4172
148.717052 110 4172
148.717089 110 4172
148.717125 110 4172
148.717161 1198 4172
148.723132 1198 4172
148.723178 1198 4172
148.728069 1198 4172
148.728116 1198 4172
148.735108 174 4172
148.735152 1198 4172
148.735189 1198 4172
148.741094 1198 4172
148.747014 1198 4172
148.753102 1198 4172
148.753152 1198 4172
148.759118 1198 4172
148.759165 1198 4172
148.765106 462 4172
148.765154 1198 4172
148.765196 1198 4172
148.768957 1198 4172
148.768997 1198 4172
148.777102 110 4172
148.777148 1198 4172
148.783136 1198 4172
148.783188 1198 4172
148.788999 1198 4172
148.789048 1198 4172
148.795122 334 4172
148.795166 1198 4172
148.795202 1198 4172
148.801154 1198 4172
148.801193 1198 4172
148.807109 1198 4172
148.807164 1198 4172
148.810058 1198 4172
148.810101 1198 4172
148.819130 414 4172
148.819172 1198 4172
148.825007 1198 4172
148.825053 1198 4172
148.831107 1198 4172
148.831156 1198 4172
148.837104 1198 4172
148.837150 1198 4172
148.843005 1038 4172
148.843051 1198 4172
148.849107 1198 4172
148.849168 1198 4172
148.851065 1198 4172
148.851108 1198 4172
148.861021 1198 4172
148.861075 958 4172
148.861110 1198 4172
148.867013 1198 4172
148.872985 1198 4172
148.873017 1198 4172
148.879001 1198 4172
148.879036 1198 4172
148.885003 110 4172
148.885039 1022 4172
148.885070 1198 4172
148.891015 1198 4172
148.891050 1198 4172
148.891939 1198 4172
148.891969 1198 4172
148.903052 1198 4172
148.903092 1198 4172
148.908996 910 4172
148.909027 1198 4172
148.915038 1198 4172
148.915072 1198 4172
148.921016 1198 4172
148.921053 1198 4172
148.927089 1198 4172
148.933052 574 4172
148.933089 1198 4172
148.933118 1198 4172
148.939057 1198 4172
148.939086 1198 4172
148.945050 1198 4172
148.945086 1118 4172
148.951085 1198 4172
148.955272 254 4172
148.973993 350 4172
148.974038 126 4172
