0.085949 1198 4172
0.086038 1198 4172
0.086073 1198 4172
0.086112 910 4172
0.129240 110 4172
0.129703 110 4172
0.261764 110 4172
0.393888 110 4172
0.585799 1198 4172
0.585836 1198 4172
0.585869 1022 4172
0.585899 1086 4172
0.585926 702 4172
0.585954 814 4172
0.585985 686 4172
0.586014 798 4172
0.586039 798 4172
0.586065 1198 4172
0.586090 1198 4172
0.586116 1054 4172
0.610250 158 4172
0.613737 126 4172
0.629924 1198 4172
0.629968 1198 4172
0.630008 1198 4172
0.630056 1198 4172
0.630093 1198 4172
0.630134 1198 4172
0.630170 1198 4172
0.630208 190 4172
0.630244 1198 4172
0.630282 1198 4172
0.630319 1198 4172
0.630356 1198 4172
0.630391 1198 4172
0.630428 1198 4172
0.630465 1198 4172
0.630501 1198 4172
0.630537 1198 4172
0.630572 1198 4172
0.630612 1198 4172
0.630651 1198 4172
0.630686 1198 4172
0.630722 1198 4172
0.630757 1198 4172
0.630794 1198 4172
0.638069 1198 4172
0.638107 926 4172
0.638138 1198 4172
0.638166 1198 4172
0.638194 1198 4172
0.638223 1198 4172
0.638254 1198 4172
0.638296 1198 4172
0.638329 1198 4172
0.638364 1198 4172
0.645994 1198 4172
0.646051 1198 4172
0.646092 1198 4172
0.646131 1198 4172
0.646172 1198 4172
0.646212 1198 4172
0.646248 382 4172
0.653940 1198 4172
0.653974 110 4172
0.654004 1198 4172
0.654034 1198 4172
0.654062 1198 4172
0.654090 1198 4172
0.654118 1198 4172
0.657872 1198 4172
0.657907 1198 4172
0.657942 1198 4172
0.657973 1198 4172
0.670000 1198 4172
0.670042 1198 4172
0.670078 1198 4172
0.670114 1198 4172
0.670149 1198 4172
0.678010 1198 4172
0.678068 1198 4172
0.678111 1038 4172
0.678150 1198 4172
0.685958 1198 4172
0.686001 1198 4172
0.686033 1198 4172
0.686065 1198 4172
0.686096 1198 4172
0.693956 1198 4172
0.693993 1198 4172
0.694038 1198 4172
0.701928 1198 4172
0.701970 1198 4172
0.702004 1198 4172
0.702036 1198 4172
0.702068 1198 4172
0.709909 1198 4172
0.709962 1198 4172
0.717931 1198 4172
0.717976 1198 4172
0.718013 1198 4172
0.718050 1198 4172
0.718086 1198 4172
0.725899 1198 4172
0.725962 1198 4172
0.726001 1198 4172
0.726041 1198 4172
0.733960 1198 4172
0.734003 1198 4172
0.734038 1198 4172
0.734071 1198 4172
0.734102 1198 4172
0.741886 1198 4172
0.741930 1198 4172
0.741970 1198 4172
0.742011 1198 4172
0.745902 1198 4172
0.745941 1198 4172
0.745971 1198 4172
0.746002 1198 4172
0.757829 1198 4172
0.757887 1198 4172
0.757940 1198 4172
0.757985 846 4172
0.758028 1198 4172
0.766582 1198 4172
0.766691 1198 4172
0.766739 1198 4172
0.766778 1198 4172
0.773895 1198 4172
0.773932 382 4172
0.773965 1198 4172
0.774002 1198 4172
0.774037 1198 4172
0.783860 1198 4172
0.783910 1198 4172
0.783950 1198 4172
0.783982 910 4172
0.784024 1198 4172
0.789912 1198 4172
0.789947 1198 4172
0.789998 1198 4172
0.790028 670 4172
0.790060 1198 4172
0.798960 1198 4172
0.799069 1198 4172
0.799103 1198 4172
0.799138 1198 4172
0.805925 942 4172
0.805965 1198 4172
0.805998 1198 4172
0.806032 1198 4172
0.816278 1070 4172
0.816447 1198 4172
0.816490 1198 4172
0.816527 1198 4172
0.816562 622 4172
0.821838 1198 4172
0.821882 1198 4172
0.821915 1198 4172
0.821948 590 4172
0.821981 1198 4172
0.830379 1198 4172
0.830417 1198 4172
0.830447 1198 4172
0.830478 734 4172
0.830509 1198 4172
0.833832 1198 4172
0.833872 1198 4172
0.833907 1198 4172
0.833945 1198 4172
0.833978 350 4172
0.845991 158 4172
0.846035 158 4172
0.846080 1054 4172
0.846125 270 4172
0.846167 254 4172
0.846205 270 4172
0.846240 1198 4172
0.846277 1198 4172
0.846312 1198 4172
0.853856 1198 4172
0.853899 1198 4172
0.853957 1198 4172
0.854001 1198 4172
0.861958 1198 4172
0.861997 1198 4172
0.862033 1198 4172
0.862064 142 4172
0.862099 1198 4172
0.862131 1198 4172
0.869855 1198 4172
0.869900 1198 4172
0.869936 1198 4172
0.869971 1198 4172
0.878092 1198 4172
0.878167 1198 4172
0.878252 1198 4172
0.878287 1198 4172
0.885869 1198 4172
0.885914 1198 4172
0.885951 846 4172
0.885994 1198 4172
0.886029 1198 4172
0.893980 1198 4172
0.894026 1198 4172
0.894063 1198 4172
0.894100 1198 4172
0.894151 1198 4172
0.901867 1198 4172
0.901904 1198 4172
0.901958 1198 4172
0.902001 526 4172
0.902041 1198 4172
0.909933 1198 4172
0.909974 1198 4172
0.910007 1198 4172
0.910049 1198 4172
0.917897 1198 4172
0.917942 1198 4172
0.917980 110 4172
0.918015 1198 4172
0.918050 1198 4172
0.921813 878 4172
0.921871 1198 4172
0.921915 1198 4172
0.921954 1198 4172
0.922001 1198 4172
0.933918 1198 4172
0.934009 1198 4172
0.934036 1198 4172
0.934071 1198 4172
0.934105 1198 4172
0.941986 1198 4172
0.942030 1198 4172
0.942066 686 4172
0.942133 1198 4172
0.942210 1198 4172
0.949869 1198 4172
0.949964 1198 4172
0.949997 1198 4172
0.950028 1198 4172
0.950061 1198 4172
0.958369 1198 4172
0.958406 1198 4172
0.958442 1198 4172
0.958478 1198 4172
0.958509 990 4172
0.965893 1198 4172
0.965931 1198 4172
0.965964 1198 4172
0.966000 1198 4172
0.973879 1198 4172
0.973937 1198 4172
0.973975 1198 4172
0.974016 1198 4172
0.974058 1198 4172
0.981989 1198 4172
0.982033 1198 4172
0.982070 1198 4172
0.982106 590 4172
0.982142 254 4172
0.982183 270 4172
0.984756 334 4172
0.984816 286 4172
0.989946 334 4172
0.989987 558 4172
0.990025 1198 4172
0.990059 1198 4172
0.990090 1198 4172
0.990124 1198 4172
0.997899 1198 4172
0.997939 1198 4172
0.997994 1198 4172
0.998038 1198 4172
0.998084 702 4172
1.005931 1198 4172
1.005981 1198 4172
1.006020 1198 4172
1.006061 1198 4172
1.006108 398 4172
1.006146 1198 4172
1.009800 926 4172
1.050296 1198 4172
1.050361 1198 4172
1.050405 1198 4172
1.050447 1198 4172
1.050494 382 4172
1.053717 1198 4172
1.053795 1198 4172
1.053832 1198 4172
1.053887 1198 4172
1.053929 558 4172
1.053972 1198 4172
1.054009 1198 4172
1.054048 1198 4172
1.097781 1198 4172
1.097816 1198 4172
1.097844 1198 4172
1.097871 1198 4172
1.097897 1086 4172
1.141839 110 4172
1.182561 158 4172
1.185812 158 4172
1.185863 110 4172
1.229855 110 4172
1.342423 110 4172
1.350655 142 4172
1.361742 190 4172
1.361787 142 4172
1.449882 110 4172
1.551422 1198 4172
1.551493 1198 4172
1.551553 1198 4172
1.551602 510 4172
1.563567 1198 4172
1.563617 526 4172
1.575405 1198 4172
1.575461 1198 4172
1.575508 622 4172
1.575553 302 4172
1.581754 1198 4172
1.581791 1198 4172
1.581833 414 4172
1.625746 1198 4172
1.625805 1198 4172
1.625845 1198 4172
1.625885 190 4172
1.709895 702 4172
1.713705 110 4172
1.977825 110 4172
2.021887 190 4172
2.153839 110 4172
2.237842 110 4172
2.281838 110 4172
2.545918 110 4172
2.589844 190 4172
2.783721 110 4172
2.809841 190 4172
3.073836 110 4172
3.161822 110 4172
3.249726 110 4172
3.337858 110 4172
3.601912 110 4172
3.645866 142 4172
3.821904 142 4172
3.865920 110 4172
4.125865 110 4172
4.169804 110 4172
4.257849 110 4172
4.649701 142 4172
4.649774 142 4172
4.825834 142 4172
4.825887 142 4172
5.133825 110 4172
5.265888 110 4172
5.657832 142 4172
5.657904 142 4172
5.833907 142 4172
5.834076 142 4172
6.137818 110 4172
6.269895 110 4172
6.661701 142 4172
6.661762 142 4172
6.793829 110 4172
6.881731 142 4172
6.969769 142 4172
7.057842 142 4172
7.145846 110 4172
7.317799 142 4172
7.493832 142 4172
7.709756 142 4172
8.097970 142 4172
8.098095 142 4172
8.141796 110 4172
8.229727 110 4172
8.317700 142 4172
8.317721 142 4172
8.709827 142 4172
8.709949 142 4172
8.885783 142 4172
8.885827 142 4172
9.233753 110 4172
9.321811 142 4172
9.321857 142 4172
9.453835 110 4172
9.497863 142 4172
9.497946 142 4172
9.929679 142 4172
9.929767 142 4172
10.129334 142 4172
10.129374 142 4172
10.149683 110 4172
10.237810 110 4172
10.369760 110 4172
10.721759 142 4172
10.721845 142 4172
10.941691 142 4172
10.941772 142 4172
11.157786 110 4172
11.553732 142 4172
11.641740 142 4172
11.729817 142 4172
11.729895 142 4172
12.117695 110 4172
12.129381 142 4172
12.129440 142 4172
12.161755 110 4172
12.249780 110 4172
12.337781 110 4172
12.381625 142 4172
12.381715 142 4172
12.777819 142 4172
12.777870 142 4172
12.953724 142 4172
12.953776 142 4172
13.129628 110 4172
13.261696 110 4172
13.561690 142 4172
13.561750 142 4172
13.781668 142 4172
13.781734 142 4172
14.133696 110 4172
14.177770 142 4172
14.177844 142 4172
14.265744 110 4172
14.353766 110 4172
14.397804 142 4172
14.397927 142 4172
14.783574 110 4172
14.789693 142 4172
14.789752 142 4172
15.009886 142 4172
15.010029 142 4172
15.137702 110 4172
15.265755 110 4172
15.617683 142 4172
15.793732 142 4172
15.793859 142 4172
15.877824 142 4172
16.009809 142 4172
16.141802 110 4172
16.269840 110 4172
16.621754 142 4172
16.621788 142 4172
16.841833 142 4172
16.841904 142 4172
17.149763 110 4172
17.237678 110 4172
17.457762 110 4172
17.849628 142 4172
17.849713 142 4172
18.069752 142 4172
18.069937 142 4172
18.157774 110 4172
18.245741 110 4172
18.673740 142 4172
18.673897 142 4172
18.893698 142 4172
18.893808 142 4172
19.153669 110 4172
19.241690 110 4172
19.725774 142 4172
19.725905 142 4172
19.901730 142 4172
19.901847 142 4172
20.117586 110 4172
20.161679 110 4172
20.249683 110 4172
20.561735 60 60000
20.686162 142 4172
20.686191 142 4172
20.729672 158 4172
20.729705 350 4172
20.729748 670 4172
20.729783 158 4172
20.729815 158 4172
20.729841 158 4172
20.729869 158 4172
20.729897 158 4172
20.790842 1198 4172
20.790943 1198 4172
20.790976 1198 4172
20.791050 1198 4172
20.791080 1198 4172
20.791117 1198 4172
20.791150 1198 4172
20.791184 910 4172
20.804110 1198 4172
20.809060 1198 4172
20.809159 1198 4172
20.809208 1198 4172
20.809384 1198 4172
20.809420 1198 4172
20.809478 1198 4172
20.809517 318 4172
20.809566 1198 4172
20.820987 1198 4172
20.821072 1198 4172
20.821103 1198 4172
20.821160 1198 4172
20.821186 1198 4172
20.821213 1198 4172
20.821241 1198 4172
20.821265 1198 4172
20.821291 862 4172
20.821319 1198 4172
20.821345 1198 4172
20.821376 1198 4172
20.821406 1198 4172
20.821431 1198 4172
20.821467 1198 4172
20.821504 1198 4172
20.821529 1198 4172
20.821555 1198 4172
20.821580 1198 4172
20.821606 686 4172
20.821647 1198 4172
20.827767 1198 4172
20.827796 1198 4172
20.827823 1198 4172
20.827850 1198 4172
20.827877 1198 4172
20.827902 1198 4172
20.827928 1198 4172
20.828002 1198 4172
20.828027 1198 4172
20.828053 1198 4172
20.833940 1198 4172
20.833964 1198 4172
20.833998 1198 4172
20.834025 1198 4172
20.834054 1198 4172
20.834084 1198 4172
20.848484 1198 4172
20.849460 1198 4172
20.852500 1198 4172
20.852582 1198 4172
20.857703 1198 4172
20.857730 1198 4172
20.857757 1198 4172
20.857791 286 4172
20.857819 1198 4172
20.857847 1198 4172
20.857871 1198 4172
20.857896 1198 4172
20.857922 1198 4172
20.866054 1198 4172
20.866091 1038 4172
20.873677 1198 4172
20.873712 1198 4172
20.873747 1198 4172
20.873782 1198 4172
20.885083 1198 4172
20.885172 126 4172
20.885201 1198 4172
20.885229 1198 4172
20.885257 1198 4172
20.889604 718 4172
20.889637 1198 4172
20.889666 1198 4172
20.889695 1198 4172
20.897688 1198 4172
20.897729 1198 4172
20.897751 1198 4172
20.897779 1198 4172
20.905706 1198 4172
20.905736 1198 4172
20.905763 1198 4172
20.905790 1198 4172
20.913788 1198 4172
20.913827 574 4172
20.913863 1198 4172
20.913888 1198 4172
20.922426 1198 4172
20.922460 1198 4172
20.922488 1198 4172
20.922514 1198 4172
20.922539 1198 4172
20.933440 1198 4172
20.933482 1198 4172
20.933511 1198 4172
20.933538 1198 4172
20.933577 1198 4172
20.938060 622 4172
20.940043 1198 4172
20.940740 1198 4172
20.940780 1198 4172
20.946387 1198 4172
20.948425 1198 4172
20.948452 1198 4172
20.948481 1198 4172
20.948509 1198 4172
20.957268 1198 4172
20.959622 1198 4172
20.961616 1198 4172
20.970994 1150 4172
20.982201 1198 4172
20.982264 1198 4172
20.987040 1198 4172
20.993845 1198 4172
20.993876 1198 4172
21.001635 1198 4172
21.009700 1198 4172
21.009741 1198 4172
21.017829 1198 4172
21.025131 1198 4172
21.025182 990 4172
21.033622 1198 4172
21.033707 1198 4172
21.041732 1198 4172
21.049606 1198 4172
21.049656 1198 4172
21.057715 1198 4172
21.065620 1198 4172
21.065702 1198 4172
21.073715 1198 4172
21.084380 1198 4172
21.084556 1198 4172
21.097637 1198 4172
21.097708 1198 4172
21.109103 1198 4172
21.112223 1198 4172
21.112272 1198 4172
21.124412 1198 4172
21.127344 814 4172
21.128526 334 4172
21.142292 1198 4172
21.142325 110 4172
21.142354 1198 4172
21.145782 1198 4172
21.158465 1198 4172
21.162957 1198 4172
21.174216 1198 4172
21.174617 1198 4172
21.177622 1198 4172
21.192833 110 4172
21.193198 1198 4172
21.193441 830 4172
21.193549 1198 4172
21.201618 1198 4172
21.201654 1198 4172
21.218432 1198 4172
21.218518 1198 4172
21.225649 1198 4172
21.225684 878 4172
21.225718 254 4172
21.225746 190 4172
21.225776 190 4172
21.225806 190 4172
21.225834 350 4172
21.233575 494 4172
21.233600 398 4172
21.233629 1198 4172
21.241645 1198 4172
21.241686 1198 4172
21.249578 142 4172
21.249607 110 4172
21.249636 1198 4172
21.257589 1198 4172
21.265610 366 4172
21.265642 1198 4172
21.273676 846 4172
21.273710 430 4172
21.273741 446 4172
21.281389 60 60000
21.281603 478 4172
21.281640 462 4172
21.281673 526 4172
21.290831 1198 4172
21.303619 1198 4172
21.303739 1198 4172
21.305635 1198 4172
21.313727 878 4172
21.313770 174 4172
21.313798 174 4172
21.313825 174 4172
21.313853 174 4172
21.313881 174 4172
21.321679 174 4172
21.321724 174 4172
21.321750 1198 4172
21.321779 1198 4172
21.329574 1198 4172
21.337712 110 4172
21.337754 574 4172
21.337783 1198 4172
21.347169 542 4172
21.347355 1198 4172
21.347937 1198 4172
21.353850 1198 4172
21.358978 686 4172
21.359027 1198 4172
21.374592 894 4172
21.374625 174 4172
21.374656 174 4172
21.374686 174 4172
21.374715 174 4172
21.374743 174 4172
21.377619 1198 4172
21.377668 1198 4172
21.385615 1198 4172
21.385657 1198 4172
21.395318 734 4172
21.395401 1198 4172
21.401726 1198 4172
21.409755 1198 4172
21.409812 1198 4172
21.417800 1198 4172
21.417879 1198 4172
21.425815 1198 4172
21.433625 782 4172
21.433707 190 4172
21.433734 1198 4172
21.442383 398 4172
21.442407 126 4172
21.445636 1198 4172
21.445681 1198 4172
21.453962 1150 4172
21.454002 110 4172
21.466442 126 4172
21.476191 1166 4172
21.486605 1198 4172
21.486656 1198 4172
21.486701 350 4172
21.492001 1198 4172
21.492118 1198 4172
21.492153 1198 4172
21.492183 1198 4172
21.492212 126 4172
21.498169 1198 4172
21.505656 1198 4172
21.505698 1198 4172
21.522214 158 4172
21.523709 1198 4172
21.529445 430 4172
21.535314 110 4172
21.621946 366 4172
21.629421 1198 4172
21.629516 1198 4172
21.629769 366 4172
21.629800 302 4172
21.629829 238 4172
21.665611 110 4172
21.710355 110 4172
21.710395 110 4172
21.753659 110 4172
21.973680 110 4172
21.973730 110 4172
21.973773 110 4172
22.149647 110 4172
22.237942 110 4172
22.281752 110 4172
22.545675 110 4172
22.809668 110 4172
23.070058 110 4172
23.157746 110 4172
23.245967 110 4172
23.333832 110 4172
23.598113 110 4172
23.861565 110 4172
24.121863 110 4172
24.165628 110 4172
24.253914 110 4172
25.133724 110 4172
25.261795 110 4172
26.137657 110 4172
26.269916 110 4172
26.797825 110 4172
27.149698 110 4172
27.237615 110 4172
28.157618 110 4172
28.245740 110 4172
29.169616 110 4172
29.257676 110 4172
29.477635 110 4172
30.133549 110 4172
30.265603 110 4172
31.145809 110 4172
31.233575 110 4172
32.157654 110 4172
32.157739 110 4172
32.245562 110 4172
33.169601 110 4172
33.257617 110 4172
34.137515 110 4172
34.269606 110 4172
34.841486 110 4172
35.145519 110 4172
35.233552 110 4172
36.149617 110 4172
36.237547 110 4172
37.157501 110 4172
37.245680 110 4172
37.509586 110 4172
38.169520 110 4172
38.257577 110 4172
39.133518 110 4172
39.265433 110 4172
40.137526 110 4172
40.181491 110 4172
40.269674 110 4172
41.145528 110 4172
41.233443 110 4172
41.429492 1198 4172
41.429523 1198 4172
41.429656 1198 4172
41.429704 1198 4172
41.429740 1198 4172
41.429773 1198 4172
41.429803 1198 4172
41.429834 1198 4172
41.429865 1198 4172
41.441009 1198 4172
41.441031 1198 4172
41.449496 1198 4172
41.449523 526 4172
41.449557 1198 4172
41.449592 1198 4172
41.449623 1198 4172
41.449653 1198 4172
41.457506 1198 4172
41.457527 1198 4172
41.465433 1198 4172
41.465492 1198 4172
41.473508 1198 4172
41.473532 1198 4172
41.481529 1198 4172
41.489524 878 4172
41.489578 1198 4172
41.493428 1198 4172
41.493476 1198 4172
41.505561 1198 4172
41.505583 1198 4172
41.513511 1198 4172
41.521514 1198 4172
41.521553 1198 4172
41.529565 1198 4172
41.529596 1198 4172
41.537445 670 4172
41.537473 1198 4172
41.537561 60 60000
41.545437 1198 4172
41.545511 1198 4172
41.553446 1198 4172
41.561422 1198 4172
41.561458 1198 4172
41.569465 1198 4172
41.569520 1198 4172
41.577479 1198 4172
41.581592 1198 4172
41.581627 334 4172
41.581669 1198 4172
41.593439 1198 4172
41.593485 1198 4172
41.609492 1198 4172
41.609633 1198 4172
41.617480 1198 4172
41.625443 1198 4172
41.625517 1198 4172
41.633546 1198 4172
41.641463 1198 4172
41.641502 718 4172
41.649480 1198 4172
41.649525 1198 4172
41.657467 1198 4172
41.657495 1198 4172
41.665444 1198 4172
41.665469 1198 4172
41.681536 1198 4172
41.681574 1198 4172
41.689479 1198 4172
41.689507 878 4172
41.697527 1198 4172
41.697567 1198 4172
41.705461 1198 4172
41.705511 1198 4172
41.713547 1198 4172
41.713586 1198 4172
41.721511 1198 4172
41.729534 1198 4172
41.729574 1198 4172
41.737478 878 4172
41.737531 1198 4172
41.745559 1198 4172
41.745591 1198 4172
41.753476 1198 4172
41.757442 1198 4172
41.757474 110 4172
41.757508 1198 4172
41.769479 1198 4172
41.777459 1198 4172
41.777505 1198 4172
41.785482 1198 4172
41.785508 270 4172
41.785555 1198 4172
41.793448 1198 4172
41.793483 1198 4172
41.801381 1198 4172
41.809446 1198 4172
41.809496 1198 4172
41.817439 1198 4172
41.817468 1198 4172
41.825480 1198 4172
41.825520 1198 4172
41.833444 1198 4172
41.833482 1198 4172
41.841493 1198 4172
41.845599 206 4172
41.845634 1198 4172
41.857596 1198 4172
41.857600 1198 4172
41.865461 1198 4172
41.865491 1198 4172
41.874032 1198 4172
41.874053 1198 4172
41.882153 1198 4172
41.902392 1198 4172
41.903196 1198 4172
41.905454 1198 4172
41.905493 1198 4172
41.905527 158 4172
41.905555 1198 4172
41.913517 1198 4172
41.913555 1198 4172
41.921488 414 4172
41.921543 1198 4172
41.931208 1198 4172
41.931231 1198 4172
41.950481 1198 4172
41.951977 1198 4172
41.953456 126 4172
41.953487 1198 4172
41.953516 334 4172
41.953544 1198 4172
41.953573 1198 4172
41.961459 1198 4172
41.961488 1198 4172
41.970133 1198 4172
41.977593 1198 4172
41.978240 1198 4172
41.985606 1198 4172
41.985637 910 4172
41.995949 1198 4172
41.996124 1198 4172
42.001562 1198 4172
42.009513 958 4172
42.009535 1150 4172
42.031289 1198 4172
42.031614 1198 4172
42.033454 110 4172
42.033490 1198 4172
42.033523 1198 4172
42.033550 1198 4172
42.041923 350 4172
42.041943 398 4172
42.041976 1198 4172
42.042007 1198 4172
42.047658 1198 4172
42.047693 1198 4172
42.061248 1198 4172
42.066829 590 4172
42.068615 1198 4172
42.070189 1198 4172
42.073454 1198 4172
42.090824 1198 4172
42.091741 366 4172
42.092639 1198 4172
42.106726 1198 4172
42.107136 1198 4172
42.107218 1198 4172
42.113775 270 4172
42.113813 1198 4172
42.113846 1198 4172
42.113874 1198 4172
42.113901 1198 4172
42.121489 1198 4172
42.121507 1198 4172
42.129862 1198 4172
42.129901 846 4172
42.129931 1198 4172
42.138755 1198 4172
42.138801 1198 4172
42.148864 1198 4172
42.148904 110 4172
42.148931 1198 4172
42.153467 1198 4172
42.153519 718 4172
42.161480 1198 4172
42.169483 1198 4172
42.181699 1198 4172
42.185620 1198 4172
42.185646 1198 4172
42.193538 1198 4172
42.193597 1198 4172
42.201409 1198 4172
42.201436 1198 4172
42.209526 1198 4172
42.209549 1134 4172
42.217428 1198 4172
42.217451 1198 4172
42.225538 1134 4172
42.225564 1198 4172
42.233461 958 4172
42.233493 1198 4172
42.243243 110 4172
42.243322 1198 4172
42.243353 1198 4172
42.249458 1198 4172
42.249477 1198 4172
42.249505 1166 4172
42.257565 1198 4172
42.257604 1198 4172
42.265441 1198 4172
42.265496 1198 4172
42.273536 1198 4172
42.273554 158 4172
42.273622 1198 4172
42.281783 1198 4172
42.281809 1198 4172
42.288676 1198 4172
42.288721 1198 4172
42.301344 110 4172
42.303728 1198 4172
42.303792 1198 4172
42.305537 1198 4172
42.313486 1198 4172
42.313519 1198 4172
42.322599 1198 4172
42.325138 606 4172
42.325179 1198 4172
42.329581 1198 4172
42.329656 1198 4172
42.331613 60 60000
42.337472 1198 4172
42.337490 1198 4172
42.345491 1198 4172
42.345529 814 4172
42.353480 1198 4172
42.353500 110 4172
42.353535 1198 4172
42.361504 1198 4172
42.361541 1198 4172
42.371090 1198 4172
42.371128 574 4172
42.371160 1198 4172
42.375839 1198 4172
42.375883 1198 4172
42.385498 1198 4172
42.385525 1198 4172
42.428317 158 4172
42.429595 1198 4172
42.429719 1198 4172
42.430029 1198 4172
42.442476 1198 4172
42.443625 446 4172
42.443679 430 4172
42.443995 174 4172
42.444029 174 4172
42.444063 174 4172
42.444178 174 4172
42.444210 174 4172
42.444238 174 4172
42.444266 174 4172
42.444295 1086 4172
42.444328 1198 4172
42.444354 734 4172
42.444379 174 4172
42.444404 174 4172
42.444428 174 4172
42.444459 174 4172
42.444483 174 4172
42.444511 1198 4172
42.444540 1198 4172
42.444567 270 4172
42.444600 254 4172
42.444629 1198 4172
42.444656 254 4172
42.447684 110 4172
42.486909 1198 4172
42.486953 206 4172
42.486986 1198 4172
42.487016 926 4172
42.529499 1022 4172
42.561711 126 4172
42.580192 110 4172
42.623082 622 4172
42.665378 158 4172
42.709446 1198 4172
42.709542 1198 4172
42.709569 366 4172
42.709604 302 4172
42.709636 1198 4172
42.709689 1198 4172
42.709718 334 4172
42.709750 238 4172
42.714607 1198 4172
42.746857 766 4172
42.753397 670 4172
42.797766 526 4172
42.841469 334 4172
42.841577 110 4172
42.883577 446 4172
42.885346 190 4172
42.929512 1134 4172
42.973727 222 4172
43.105479 110 4172
43.122401 990 4172
43.129660 1198 4172
43.129710 158 4172
43.134296 110 4172
43.149610 1198 4172
43.149676 510 4172
43.237391 110 4172
43.345562 110 4172
43.369396 110 4172
43.633472 110 4172
43.893392 110 4172
44.145747 110 4172
44.157683 110 4172
44.245590 110 4172
44.421433 110 4172
44.681650 110 4172
44.989649 110 4172
45.161318 110 4172
45.229844 110 4172
45.249464 110 4172
46.165340 110 4172
46.253620 110 4172
47.165672 110 4172
47.253411 110 4172
47.913473 110 4172
48.133366 110 4172
49.133335 110 4172
49.265392 110 4172
50.145410 110 4172
50.233384 110 4172
50.581307 110 4172
51.149643 110 4172
51.237350 110 4172
52.161324 110 4172
52.249380 110 4172
53.097587 366 4172
53.097623 174 4172
53.097695 174 4172
53.101386 174 4172
53.101413 174 4172
53.101442 174 4172
53.106433 174 4172
53.106459 1086 4172
53.106490 1198 4172
53.106518 206 4172
53.110334 734 4172
53.110362 174 4172
53.110391 174 4172
53.114478 174 4172
53.114505 174 4172
53.117675 1198 4172
53.117718 1198 4172
53.117751 366 4172
53.121365 1198 4172
53.121406 1198 4172
53.121447 1198 4172
53.121482 334 4172
53.129934 174 4172
53.165399 110 4172
53.165496 1198 4172
53.245540 110 4172
53.253391 110 4172
53.253464 1198 4172
53.253502 1198 4172
53.253540 1038 4172
53.262145 1198 4172
53.262235 494 4172
53.273795 1198 4172
53.273883 1198 4172
53.273924 1198 4172
53.273964 366 4172
53.282167 1102 4172
53.295791 766 4172
53.297430 1038 4172
53.314254 1198 4172
53.314340 142 4172
53.325845 1198 4172
53.325942 1198 4172
53.325984 110 4172
53.329800 750 4172
53.341398 1134 4172
53.362109 318 4172
53.371681 974 4172
53.378187 1198 4172
53.378238 558 4172
53.385253 1198 4172
53.385350 142 4172
53.391803 1198 4172
53.398161 1198 4172
53.398207 1198 4172
53.398248 350 4172
53.429241 1198 4172
53.429283 494 4172
53.473271 110 4172
53.517295 110 4172
53.561303 110 4172
53.825334 110 4172
54.045495 110 4172
54.133352 110 4172
54.221302 414 4172
54.221367 286 4172
54.265322 110 4172
54.349904 110 4172
54.353281 174 4172
54.617507 110 4172
54.881300 110 4172
56.145572 110 4172
56.233673 110 4172
57.149263 110 4172
57.237317 110 4172
57.501411 110 4172
58.157294 110 4172
58.245306 110 4172
59.157401 110 4172
59.245397 110 4172
60.161207 110 4172
60.205322 110 4172
60.249336 110 4172
61.165534 110 4172
61.253283 110 4172
62.165287 110 4172
62.253295 110 4172
62.532739 1198 4172
62.532823 1198 4172
62.532907 1198 4172
62.532908 1198 4172
62.532935 1198 4172
62.532966 1198 4172
62.532999 974 4172
62.545321 1198 4172
62.545357 1198 4172
62.545385 1198 4172
62.545419 1198 4172
62.545450 1198 4172
62.545480 1198 4172
62.545518 958 4172
62.561717 1198 4172
62.561807 1198 4172
62.561843 1198 4172
62.561879 1198 4172
62.561919 1198 4172
62.561992 1198 4172
62.562030 670 4172
62.565307 1198 4172
62.565343 1198 4172
62.565377 1198 4172
62.565402 1198 4172
62.565443 1198 4172
62.565476 1198 4172
62.573270 974 4172
62.573312 1198 4172
62.581281 1198 4172
62.581341 1198 4172
62.589292 1198 4172
62.589331 1198 4172
62.593298 60 60000
62.597249 1198 4172
62.597297 1198 4172
62.605290 1198 4172
62.605329 1198 4172
62.609171 1198 4172
62.609204 1198 4172
62.621354 718 4172
62.621482 1198 4172
62.629233 798 4172
62.629282 1198 4172
62.629326 1198 4172
62.637725 1198 4172
62.637774 1198 4172
62.645302 782 4172
62.645359 1198 4172
62.653300 1198 4172
62.653351 1198 4172
62.661181 1198 4172
62.661225 942 4172
62.669263 1198 4172
62.669309 1198 4172
62.677301 1198 4172
62.677339 1198 4172
62.687566 1198 4172
62.687641 1198 4172
62.687680 1198 4172
62.687736 1006 4172
62.693266 1198 4172
62.693315 1198 4172
62.693359 1198 4172
62.693399 1198 4172
62.697163 1198 4172
62.697214 302 4172
62.697252 1198 4172
62.709325 1198 4172
62.709356 1198 4172
62.709393 1198 4172
62.709427 1198 4172
62.719194 1198 4172
62.719221 622 4172
62.719260 1198 4172
62.719297 1198 4172
62.725253 1198 4172
62.725282 1198 4172
62.725322 1198 4172
62.733341 1198 4172
62.733376 1198 4172
62.733412 254 4172
62.733444 1198 4172
62.741308 1198 4172
62.741355 1198 4172
62.741387 1198 4172
62.751401 1198 4172
62.751427 318 4172
62.751460 1198 4172
62.751498 1198 4172
62.751543 1198 4172
62.757267 1198 4172
62.757314 1198 4172
62.757371 1198 4172
62.765279 190 4172
62.765321 1198 4172
62.765365 1198 4172
62.765428 1198 4172
62.765457 1198 4172
62.773235 1198 4172
62.773291 1198 4172
62.773336 1198 4172
62.781978 846 4172
62.782066 1198 4172
62.782103 1198 4172
62.782151 1198 4172
62.785227 734 4172
62.785273 398 4172
62.797350 1198 4172
62.797379 1198 4172
62.797413 1198 4172
62.797468 1198 4172
62.797544 1198 4172
62.805263 894 4172
62.805291 1198 4172
62.813400 1198 4172
62.813448 1198 4172
62.813507 1198 4172
62.821215 1198 4172
62.821252 526 4172
62.821284 1198 4172
62.829834 1198 4172
62.829866 1198 4172
62.829903 1198 4172
62.837282 1198 4172
62.837306 1198 4172
62.837339 1198 4172
62.845421 1198 4172
62.845478 1198 4172
62.845532 446 4172
62.853233 1198 4172
62.853283 1198 4172
62.853323 1198 4172
62.861666 1198 4172
62.861739 1198 4172
62.861781 1198 4172
62.869268 110 4172
62.869293 1198 4172
62.869333 654 4172
62.869366 1198 4172
62.869400 1198 4172
62.873177 1198 4172
62.873209 1198 4172
62.873241 1198 4172
62.899705 1198 4172
62.900243 1198 4172
62.900286 190 4172
62.900333 1198 4172
62.900367 1198 4172
62.905273 1198 4172
62.905294 1198 4172
62.905327 1198 4172
62.905361 1198 4172
62.905392 1070 4172
62.918054 1198 4172
62.918087 1198 4172
62.918119 1198 4172
62.921281 1198 4172
62.921313 1198 4172
62.921352 510 4172
62.921389 1198 4172
62.929525 1198 4172
62.929559 1198 4172
62.929599 1198 4172
62.937277 1198 4172
62.937305 1198 4172
62.937346 1198 4172
62.945317 1198 4172
62.945348 1198 4172
62.945387 1198 4172
62.953334 1198 4172
62.953365 1198 4172
62.953397 1198 4172
62.961573 1198 4172
62.961602 1198 4172
62.961641 430 4172
62.974318 1198 4172
62.974354 1198 4172
62.974392 1198 4172
62.974428 1198 4172
62.977261 606 4172
62.977296 1198 4172
62.977338 1198 4172
62.985279 1198 4172
62.985314 1198 4172
62.985351 126 4172
62.985385 1198 4172
63.004793 1198 4172
63.004976 1198 4172
63.005012 1198 4172
63.006310 1198 4172
63.006370 1198 4172
63.006535 1198 4172
63.006574 590 4172
63.006606 1198 4172
63.006638 1198 4172
63.009927 1198 4172
63.017748 1198 4172
63.017777 1198 4172
63.017811 1198 4172
63.025580 494 4172
63.025612 1198 4172
63.025651 1198 4172
63.025687 1198 4172
63.033525 1198 4172
63.033638 1198 4172
63.033683 1198 4172
63.044349 654 4172
63.044393 1198 4172
63.044420 1198 4172
63.056307 1198 4172
63.056616 1198 4172
63.056654 1198 4172
63.057489 1038 4172
63.058111 1198 4172
63.064053 1198 4172
63.064102 1198 4172
63.064143 1198 4172
63.073368 1198 4172
63.073468 1198 4172
63.073512 1198 4172
63.073529 654 4172
63.083293 126 4172
63.083364 1198 4172
63.083670 1198 4172
63.083706 1198 4172
63.097750 1198 4172
63.097783 1198 4172
63.097818 222 4172
63.097846 430 4172
63.111585 1198 4172
63.111758 1198 4172
63.111793 1198 4172
63.111824 1198 4172
63.111854 1198 4172
63.111883 1198 4172
63.111919 1198 4172
63.114052 398 4172
63.114085 1198 4172
63.114115 1198 4172
63.114143 1198 4172
63.130878 1198 4172
63.139090 1198 4172
63.139767 206 4172
63.139868 1198 4172
63.139900 1198 4172
63.139930 1198 4172
63.139960 1198 4172
63.139991 110 4172
63.140020 1198 4172
63.145388 1198 4172
63.145419 1198 4172
63.145450 270 4172
63.145480 110 4172
63.145511 1198 4172
63.154704 1198 4172
63.154802 1198 4172
63.154861 1198 4172
63.160427 1198 4172
63.160489 1198 4172
63.160518 1198 4172
63.172263 1198 4172
63.172314 1198 4172
63.172342 606 4172
63.172372 1198 4172
63.177309 1198 4172
63.177350 1198 4172
63.177381 1198 4172
63.185292 1198 4172
63.185330 1198 4172
63.185373 1198 4172
63.193259 318 4172
63.193299 1198 4172
63.193351 1198 4172
63.193392 1198 4172
63.204268 1198 4172
63.204302 1198 4172
63.209263 238 4172
63.209293 1198 4172
63.209324 1198 4172
63.217706 1198 4172
63.218089 1198 4172
63.218204 1198 4172
63.225252 126 4172
63.225277 1198 4172
63.225310 1198 4172
63.233334 1198 4172
63.233361 1198 4172
63.233393 1198 4172
63.241630 350 4172
63.241673 1198 4172
63.241716 110 4172
63.241757 1198 4172
63.241789 1198 4172
63.248911 1198 4172
63.248963 1198 4172
63.249007 1198 4172
63.249054 1198 4172
63.260179 1198 4172
63.260224 1198 4172
63.260256 1118 4172
63.265371 1198 4172
63.265402 1198 4172
63.265442 1198 4172
63.273307 1198 4172
63.273332 1198 4172
63.273364 1198 4172
63.291058 718 4172
63.293121 1198 4172
63.294282 1198 4172
63.294324 1198 4172
63.294388 1198 4172
63.307655 1198 4172
63.321462 1198 4172
63.321551 1198 4172
63.332316 910 4172
63.332360 1198 4172
63.332391 1198 4172
63.332429 1198 4172
63.332457 1198 4172
63.332485 1198 4172
63.332514 1198 4172
63.332540 1198 4172
63.332567 1198 4172
63.332595 1198 4172
63.332623 1198 4172
63.332649 1198 4172
63.332677 910 4172
63.332706 1198 4172
63.337375 1198 4172
63.337402 1198 4172
63.337433 1198 4172
63.345510 110 4172
63.345541 1182 4172
63.345573 1198 4172
63.345603 1198 4172
63.355901 1022 4172
63.355943 1198 4172
63.366019 1198 4172
63.366054 1198 4172
63.366086 1198 4172
63.369319 1198 4172
63.369950 1198 4172
63.370075 430 4172
63.370115 1198 4172
63.382466 1198 4172
63.382843 1198 4172
63.382873 1198 4172
63.382906 1198 4172
63.394379 1198 4172
63.395324 1198 4172
63.395391 206 4172
63.395426 398 4172
63.395457 254 4172
63.395487 190 4172
63.395515 190 4172
63.395547 190 4172
63.395581 190 4172
63.395614 1198 4172
63.395643 1182 4172
63.395694 1198 4172
63.397221 1198 4172
63.397254 126 4172
63.397289 1198 4172
63.397990 60 60000
63.407442 110 4172
63.407486 1198 4172
63.407516 430 4172
63.407556 1198 4172
63.407590 1198 4172
63.419589 430 4172
63.419627 1198 4172
63.419661 1198 4172
63.419696 350 4172
63.421267 1198 4172
63.421307 1198 4172
63.421346 190 4172
63.421379 1086 4172
63.421437 190 4172
63.421519 190 4172
63.435247 190 4172
63.435722 1198 4172
63.435756 1198 4172
63.436126 270 4172
63.436158 494 4172
63.436191 174 4172
63.451646 174 4172
63.457172 174 4172
63.458164 174 4172
63.458225 1198 4172
63.458285 1198 4172
63.462407 110 4172
63.465042 1198 4172
63.465129 1198 4172
63.468642 142 4172
63.475416 1198 4172
63.475449 1198 4172
63.475575 462 4172
63.475611 1198 4172
63.475642 1198 4172
63.475679 462 4172
63.475737 1198 4172
63.475766 366 4172
63.475798 1198 4172
63.475835 1198 4172
63.475867 190 4172
63.475898 1070 4172
63.487637 174 4172
63.490367 1198 4172
63.490409 174 4172
63.490448 174 4172
63.490476 174 4172
63.519133 1198 4172
63.519192 1198 4172
63.519225 270 4172
63.519263 1086 4172
63.519300 1198 4172
63.519335 126 4172
63.561216 126 4172
63.605293 126 4172
63.647870 110 4172
63.649153 126 4172
63.683026 110 4172
63.683092 110 4172
63.683125 110 4172
63.730100 1198 4172
63.730153 1198 4172
63.730192 366 4172
63.730226 302 4172
63.730263 126 4172
63.730294 238 4172
63.737206 126 4172
63.781234 654 4172
63.814657 190 4172
63.825287 126 4172
63.869585 1102 4172
63.913423 1198 4172
63.913505 1198 4172
63.913548 446 4172
63.929343 1198 4172
63.929396 1198 4172
63.929450 926 4172
63.957279 110 4172
63.957369 110 4172
63.957412 110 4172
64.001247 1198 4172
64.001353 1134 4172
64.045466 814 4172
64.133180 110 4172
64.177494 1086 4172
64.194031 1118 4172
64.202007 686 4172
64.202059 110 4172
64.202102 110 4172
64.202140 110 4172
64.214325 1198 4172
64.214427 494 4172
64.221433 1198 4172
64.221480 1198 4172
64.221522 318 4172
64.230072 1198 4172
64.230129 1198 4172
64.230176 1198 4172
64.230218 1198 4172
64.230256 270 4172
64.238569 110 4172
64.246574 1198 4172
64.246616 1198 4172
64.246657 1198 4172
64.246697 1198 4172
64.246738 718 4172
64.258233 1198 4172
64.258281 1198 4172
64.258319 1198 4172
64.258359 942 4172
64.265125 1198 4172
64.265171 1134 4172
64.282081 1198 4172
64.282124 222 4172
64.302596 382 4172
64.309199 1198 4172
64.309285 1198 4172
64.309327 286 4172
64.326207 1198 4172
64.326295 142 4172
64.330063 1198 4172
64.330122 494 4172
64.330167 974 4172
64.353236 110 4172
64.441222 110 4172
64.485352 110 4172
64.485403 110 4172
64.485447 110 4172
64.573511 110 4172
64.749492 110 4172
64.749569 110 4172
64.749649 110 4172
65.013164 110 4172
65.145357 110 4172
65.233292 110 4172
65.277675 110 4172
65.805385 110 4172
66.069446 110 4172
66.157427 110 4172
66.245260 110 4172
66.333395 110 4172
66.637328 110 4172
66.857404 110 4172
67.157376 110 4172
67.245650 110 4172
68.157498 110 4172
68.245575 110 4172
69.161197 110 4172
69.249319 110 4172
69.513350 110 4172
70.173212 110 4172
70.257303 110 4172
71.133184 110 4172
71.261328 110 4172
72.133166 110 4172
72.221347 110 4172
72.265279 110 4172
73.145254 110 4172
73.233191 110 4172
74.153236 110 4172
74.241174 110 4172
74.901223 110 4172
75.165139 110 4172
75.253201 110 4172
76.133126 110 4172
76.265252 110 4172
77.145322 110 4172
77.233144 110 4172
78.153252 110 4172
78.241184 110 4172
79.161109 110 4172
79.249174 110 4172
80.173094 110 4172
80.217189 110 4172
80.261188 110 4172
81.137180 110 4172
81.269232 110 4172
82.149150 110 4172
82.237142 110 4172
82.897204 110 4172
83.157194 110 4172
83.245201 110 4172
83.653728 270 4172
83.653802 254 4172
83.653840 270 4172
83.653875 318 4172
83.653908 238 4172
83.653945 1198 4172
83.653977 238 4172
83.657032 302 4172
83.657077 494 4172
83.657113 222 4172
83.657146 222 4172
83.657180 238 4172
83.658103 60 60000
83.689126 270 4172
83.689179 334 4172
83.689218 238 4172
83.689253 318 4172
83.813639 670 4172
83.821065 158 4172
83.833619 174 4172
83.845650 910 4172
83.858935 174 4172
83.861426 270 4172
83.861459 254 4172
83.861487 270 4172
83.861524 318 4172
83.861552 446 4172
83.861583 222 4172
83.864976 222 4172
83.865009 222 4172
83.865039 334 4172
83.865069 222 4172
83.865098 222 4172
83.865127 238 4172
83.870258 270 4172
83.870284 334 4172
83.870316 270 4172
83.880221 1198 4172
83.880268 1198 4172
83.880310 1198 4172
83.880339 1198 4172
83.880376 1198 4172
83.880410 1198 4172
83.880453 798 4172
83.882459 1198 4172
83.882505 1198 4172
83.882545 1198 4172
83.882584 1198 4172
83.882621 1198 4172
83.882657 862 4172
83.909088 238 4172
83.909118 1198 4172
84.016295 126 4172
84.030432 126 4172
84.033342 574 4172
84.033378 126 4172
84.037467 126 4172
84.041395 126 4172
84.057998 126 4172
84.069598 366 4172
84.069684 158 4172
84.069717 158 4172
84.069743 158 4172
84.069769 158 4172
84.069796 158 4172
84.069822 238 4172
84.079953 270 4172
84.080553 1198 4172
84.080584 1198 4172
84.080613 1198 4172
84.080639 1198 4172
84.080665 1198 4172
84.080691 1198 4172
84.080717 1198 4172
84.080743 1198 4172
84.080770 1198 4172
84.080795 414 4172
84.081655 158 4172
84.081687 158 4172
84.081712 158 4172
84.081744 158 4172
84.081774 158 4172
84.081800 158 4172
84.105022 1198 4172
84.105572 1198 4172
84.105759 1198 4172
84.105790 1198 4172
84.105818 1198 4172
84.105846 238 4172
84.105873 238 4172
84.118167 1198 4172
84.118239 1198 4172
84.118305 1198 4172
84.118352 1198 4172
84.118535 1198 4172
84.118580 1198 4172
84.120470 1198 4172
84.120503 1198 4172
84.120531 446 4172
84.120559 1198 4172
84.120592 1198 4172
84.120618 1198 4172
84.120644 1198 4172
84.120669 1198 4172
84.120694 1198 4172
84.120720 1198 4172
84.120746 1198 4172
84.120774 702 4172
84.123533 1198 4172
84.123572 1198 4172
84.123596 1198 4172
84.123621 1198 4172
84.123651 1198 4172
84.123677 1198 4172
84.123703 1198 4172
84.123728 1198 4172
84.123753 494 4172
84.140864 1198 4172
84.141593 1198 4172
84.141635 1198 4172
84.141664 1198 4172
84.141696 1198 4172
84.141726 1198 4172
84.141755 1198 4172
84.141783 526 4172
84.141812 110 4172
84.141857 1198 4172
84.158279 1198 4172
84.158698 1198 4172
84.158781 1198 4172
84.158813 1198 4172
84.158971 1198 4172
84.159001 1198 4172
84.159056 1198 4172
84.161094 158 4172
84.161130 1198 4172
84.161158 1198 4172
84.161185 1198 4172
84.161215 1198 4172
84.161245 1198 4172
84.161270 1198 4172
84.170494 1198 4172
84.170520 1198 4172
84.170555 1198 4172
84.187871 1198 4172
84.188362 1198 4172
84.188477 1198 4172
84.188517 1198 4172
84.201198 1198 4172
84.201502 366 4172
84.201534 1198 4172
84.201757 1198 4172
84.201797 1198 4172
84.202029 1198 4172
84.202268 1198 4172
84.209108 1198 4172
84.209143 222 4172
84.209173 1198 4172
84.209200 1198 4172
84.209227 1198 4172
84.209255 1198 4172
84.209280 1198 4172
84.209307 1198 4172
84.220460 1198 4172
84.220493 110 4172
84.220525 1198 4172
84.220551 1038 4172
84.225219 1198 4172
84.225254 1198 4172
84.225286 1198 4172
84.225320 1198 4172
84.233134 1198 4172
84.233172 1198 4172
84.233204 1198 4172
84.241117 926 4172
84.241149 1198 4172
84.241180 110 4172
84.241210 1198 4172
84.249370 1198 4172
84.249744 1198 4172
84.250466 1198 4172
84.250494 1198 4172
84.260451 1198 4172
84.260551 1198 4172
84.260741 1198 4172
84.265062 1198 4172
84.265094 1198 4172
84.265127 1198 4172
84.265156 1198 4172
84.272051 1198 4172
84.272103 1198 4172
84.272158 1198 4172
84.281124 1006 4172
84.281225 766 4172
84.281251 1198 4172
84.281302 1198 4172
84.281333 1198 4172
84.289083 1198 4172
84.289125 1198 4172
84.289154 1198 4172
84.297110 1198 4172
84.297146 318 4172
84.297178 1198 4172
84.297208 1198 4172
84.297237 1198 4172
84.309866 1198 4172
84.309889 1198 4172
84.309912 1198 4172
84.309941 1198 4172
84.313940 1022 4172
84.313991 1198 4172
84.314071 1198 4172
84.314110 1198 4172
84.314139 1198 4172
84.325436 1198 4172
84.325472 1198 4172
84.325498 1198 4172
84.325524 1198 4172
84.334696 926 4172
84.337026 1198 4172
84.337103 1198 4172
84.337148 110 4172
84.341914 1198 4172
84.341949 1198 4172
84.341977 686 4172
84.346253 446 4172
84.346303 238 4172
84.346330 190 4172
84.346357 190 4172
84.346382 190 4172
84.357948 190 4172
84.361820 1198 4172
84.361853 1198 4172
84.361881 190 4172
84.361907 190 4172
84.361934 190 4172
84.361960 190 4172
84.362004 190 4172
84.362030 190 4172
84.362072 190 4172
84.374718 190 4172
84.374761 190 4172
84.377832 190 4172
84.377865 1198 4172
84.377934 926 4172
84.377963 638 4172
84.377990 254 4172
84.378017 190 4172
84.378043 190 4172
84.391851 190 4172
84.391885 190 4172
84.391913 190 4172
84.393016 190 4172
84.393055 190 4172
84.393086 190 4172
84.393116 190 4172
84.393145 190 4172
84.407244 190 4172
84.407357 190 4172
84.407388 190 4172
84.411496 174 4172
84.411534 1198 4172
84.411563 1198 4172
84.411589 398 4172
84.411678 1198 4172
84.411706 558 4172
84.411733 254 4172
84.411760 174 4172
84.411785 174 4172
84.423018 174 4172
84.423058 1198 4172
84.423164 1198 4172
84.423197 1198 4172
84.423223 878 4172
84.426078 1198 4172
84.426198 1198 4172
84.426302 1198 4172
84.426332 1022 4172
84.426376 1198 4172
84.426577 1198 4172
84.426618 1054 4172
84.426766 1198 4172
84.426797 1198 4172
84.426824 1198 4172
84.426850 1134 4172
84.473410 1198 4172
84.474319 1198 4172
84.474363 1198 4172
84.474402 1054 4172
84.481127 1198 4172
84.481158 1198 4172
84.481186 1198 4172
84.481218 1198 4172
84.481249 1198 4172
84.481277 462 4172
84.481307 110 4172
84.481335 1198 4172
84.481364 1198 4172
84.481393 1198 4172
84.481420 1054 4172
84.481449 1198 4172
84.481478 1198 4172
84.481506 1198 4172
84.481533 750 4172
84.481562 1198 4172
84.481591 1198 4172
84.481620 334 4172
84.481649 174 4172
84.481677 174 4172
84.481705 1198 4172
84.481734 1198 4172
84.481767 526 4172
84.481796 254 4172
84.481824 190 4172
84.481852 190 4172
84.481879 190 4172
84.481909 1198 4172
84.481934 1198 4172
84.481964 1198 4172
84.481992 1070 4172
84.482021 1198 4172
84.482049 1198 4172
84.482079 1198 4172
84.482107 1102 4172
84.482136 1198 4172
84.482168 1198 4172
84.482197 1198 4172
84.482226 1198 4172
84.482305 110 4172
84.482329 366 4172
84.482377 1198 4172
84.490430 1198 4172
84.490474 1198 4172
84.490807 1198 4172
84.490842 558 4172
84.491325 1198 4172
84.496676 1198 4172
84.497493 60 60000
84.506571 1198 4172
84.506679 1198 4172
84.506697 1198 4172
84.513557 750 4172
84.513596 1198 4172
84.513627 1198 4172
84.513658 1198 4172
84.524270 1198 4172
84.524453 206 4172
84.524488 1198 4172
84.524522 1198 4172
84.552146 1198 4172
84.552303 1198 4172
84.553281 526 4172
84.553325 1198 4172
84.553372 1054 4172
84.561089 1198 4172
84.561125 1198 4172
84.561155 702 4172
84.561191 174 4172
84.561218 174 4172
84.561264 1198 4172
84.561304 110 4172
84.561331 1198 4172
84.561358 670 4172
84.561385 1198 4172
84.561418 318 4172
84.561444 174 4172
84.561469 174 4172
84.561495 174 4172
84.561521 174 4172
84.561548 1198 4172
84.561575 1198 4172
84.561603 1198 4172
84.561632 1198 4172
84.561661 798 4172
84.561687 1198 4172
84.561712 1198 4172
84.571275 1198 4172
84.571531 926 4172
84.571786 1198 4172
84.571927 1198 4172
84.579787 1198 4172
84.579824 1198 4172
84.579860 1198 4172
84.579888 1198 4172
84.585012 1102 4172
84.585071 1198 4172
84.585104 1198 4172
84.596585 1198 4172
84.596625 1198 4172
84.596655 1198 4172
84.596685 462 4172
84.596714 1198 4172
84.601029 1198 4172
84.601066 1198 4172
84.601097 1198 4172
84.609046 1198 4172
84.609114 302 4172
84.609163 1198 4172
84.609192 1198 4172
84.609224 1198 4172
84.617078 1198 4172
84.617113 1198 4172
84.617147 1198 4172
84.617177 478 4172
84.617208 1198 4172
84.625031 1198 4172
84.625072 1198 4172
84.625103 1198 4172
84.625151 1198 4172
84.635805 254 4172
84.635844 1198 4172
84.635872 1198 4172
84.635900 1198 4172
84.641051 1198 4172
84.641081 1198 4172
84.641115 110 4172
84.641147 158 4172
84.641177 174 4172
84.641207 174 4172
84.641234 174 4172
84.641265 1198 4172
84.641294 1198 4172
84.641321 814 4172
84.676466 1198 4172
84.676531 814 4172
84.745211 110 4172
84.761776 110 4172
84.761802 110 4172
84.761832 110 4172
84.789928 126 4172
84.801492 382 4172
84.804989 334 4172
84.825546 526 4172
84.834493 1198 4172
84.834537 254 4172
84.837449 110 4172
84.847334 782 4172
84.849170 126 4172
84.893423 1198 4172
84.893467 1198 4172
84.893499 1198 4172
84.893528 894 4172
84.930315 206 4172
84.930368 174 4172
84.930404 1198 4172
84.930439 334 4172
84.930475 238 4172
84.936940 110 4172
84.981293 1198 4172
84.982132 1198 4172
84.982174 1198 4172
84.982212 1198 4172
84.982247 1198 4172
84.982286 878 4172
85.001186 1198 4172
85.001364 1198 4172
85.001397 1198 4172
85.001435 1198 4172
85.001472 1198 4172
85.001508 1198 4172
85.001545 894 4172
85.015526 110 4172
85.015570 110 4172
85.015610 110 4172
85.025083 1198 4172
85.025144 1198 4172
85.025188 1198 4172
85.025234 1198 4172
85.025276 1198 4172
85.025313 1198 4172
85.025350 206 4172
85.048263 110 4172
85.069136 1198 4172
85.069178 1198 4172
85.069217 1198 4172
85.069253 1198 4172
85.069291 1198 4172
85.069326 1102 4172
85.084624 1198 4172
85.086615 1198 4172
85.086666 1198 4172
85.086705 1198 4172
85.086743 1198 4172
85.086783 1198 4172
85.086820 1198 4172
85.086856 1198 4172
85.086891 254 4172
85.113263 1198 4172
85.130324 1198 4172
85.130383 1198 4172
85.130427 1198 4172
85.130465 1198 4172
85.130503 1198 4172
85.130540 1198 4172
85.130576 446 4172
85.147977 110 4172
85.157055 1198 4172
85.157089 1198 4172
85.157143 1198 4172
85.157185 1198 4172
85.157225 1006 4172
85.201094 1134 4172
85.245573 110 4172
85.289110 110 4172
85.289236 110 4172
85.289280 110 4172
85.358555 430 4172
85.370474 1198 4172
85.370522 1198 4172
85.370564 1198 4172
85.370602 1198 4172
85.370640 1198 4172
85.370678 398 4172
85.377094 1198 4172
85.377139 1198 4172
85.377177 1198 4172
85.377213 958 4172
85.390737 1198 4172
85.390785 1198 4172
85.390826 1198 4172
85.390864 1198 4172
85.398622 1198 4172
85.398663 1198 4172
85.398705 1198 4172
85.398742 1198 4172
85.398780 798 4172
85.406696 1198 4172
85.406739 1198 4172
85.406784 1198 4172
85.406821 1198 4172
85.406861 638 4172
85.406900 686 4172
85.418606 1198 4172
85.418708 1198 4172
85.418738 1198 4172
85.418773 1198 4172
85.418808 910 4172
85.421168 1198 4172
85.421207 1198 4172
85.421261 1198 4172
85.421303 1198 4172
85.421344 270 4172
85.438006 1198 4172
85.438055 1198 4172
85.438098 1198 4172
85.438137 366 4172
85.450334 990 4172
85.457912 1198 4172
85.457951 1198 4172
85.457990 1198 4172
85.458027 526 4172
85.465019 1198 4172
85.465062 158 4172
85.509130 1198 4172
85.509174 526 4172
85.597406 110 4172
85.597505 110 4172
85.597542 110 4172
85.857129 110 4172
85.857272 110 4172
85.857315 110 4172
86.121113 110 4172
86.121197 110 4172
86.121265 110 4172
86.164989 110 4172
86.253282 110 4172
86.385040 110 4172
86.693234 110 4172
86.957484 110 4172
87.133266 110 4172
87.221181 110 4172
87.265154 110 4172
87.485340 110 4172
88.013247 110 4172
88.145175 110 4172
88.233054 110 4172
88.277094 110 4172
89.157074 110 4172
89.245300 110 4172
90.169025 110 4172
90.257071 110 4172
90.913206 110 4172
91.133247 110 4172
91.265069 110 4172
92.141181 110 4172
92.273065 110 4172
93.153017 110 4172
93.241049 110 4172
93.592973 110 4172
94.164978 110 4172
94.253046 110 4172
95.132984 110 4172
95.265096 110 4172
96.140970 110 4172
96.273012 110 4172
97.152892 110 4172
97.241024 110 4172
98.161001 110 4172
98.249060 110 4172
98.996971 110 4172
99.260985 110 4172
100.145017 110 4172
100.232913 110 4172
101.157009 110 4172
101.245006 110 4172
101.681038 110 4172
102.161008 110 4172
102.248916 110 4172
103.172923 110 4172
103.261056 110 4172
104.136897 110 4172
104.268989 110 4172
104.400920 110 4172
104.641145 1198 4172
104.641233 1198 4172
104.641236 1198 4172
104.641275 1198 4172
104.641311 1198 4172
104.641348 1198 4172
104.641382 1198 4172
104.641416 1198 4172
104.641450 366 4172
104.648922 1198 4172
104.648965 1198 4172
104.649008 1198 4172
104.649047 1198 4172
104.649098 1198 4172
104.649139 1198 4172
104.649179 1198 4172
104.649216 1198 4172
104.649254 1198 4172
104.664586 1198 4172
104.664626 1198 4172
104.664667 1198 4172
104.664840 1198 4172
104.664880 1198 4172
104.664913 1198 4172
104.664952 1198 4172
104.664983 1198 4172
104.665041 1198 4172
104.665073 1198 4172
104.665105 1086 4172
104.665154 1198 4172
104.680638 1198 4172
104.680677 1198 4172
104.680835 1198 4172
104.680875 1198 4172
104.680903 1198 4172
104.680931 1198 4172
104.680958 1198 4172
104.680986 1198 4172
104.681013 270 4172
104.681065 878 4172
104.689043 1198 4172
104.689079 1198 4172
104.689115 1198 4172
104.689150 1198 4172
104.689181 1198 4172
104.689218 1198 4172
104.689250 1198 4172
104.689281 1198 4172
104.689319 590 4172
104.689348 1198 4172
104.689385 1198 4172
104.689416 1198 4172
104.689448 1198 4172
104.689478 1198 4172
104.689510 1198 4172
104.689540 1198 4172
104.696915 1198 4172
104.696971 1198 4172
104.704929 1198 4172
104.704962 1198 4172
104.704998 1198 4172
104.705035 1198 4172
104.713026 1198 4172
104.713073 1198 4172
104.713109 1198 4172
104.720984 638 4172
104.721039 1198 4172
104.721094 1198 4172
104.721145 1198 4172
104.721190 1198 4172
104.724929 1022 4172
104.724975 1198 4172
104.725015 1198 4172
104.725056 1198 4172
104.736969 1198 4172
104.737016 1198 4172
104.737060 670 4172
104.737105 1198 4172
104.744871 1198 4172
104.744917 1198 4172
104.744958 1198 4172
104.744998 1198 4172
104.752994 1198 4172
104.753029 1198 4172
104.753075 1198 4172
104.753117 750 4172
104.756881 60 60000
104.760877 1198 4172
104.760918 1198 4172
104.760954 1198 4172
104.760987 1198 4172
104.768842 1198 4172
104.768891 1198 4172
104.768933 1198 4172
104.768968 1198 4172
104.776847 1198 4172
104.776899 126 4172
104.776943 1198 4172
104.776981 1198 4172
104.777015 1198 4172
104.784938 1198 4172
104.784995 1198 4172
104.785024 1198 4172
104.785051 1198 4172
104.793015 1198 4172
104.793050 1198 4172
104.793086 1022 4172
104.793122 1198 4172
104.800911 1198 4172
104.800957 1198 4172
104.801004 1198 4172
104.801041 1198 4172
104.808916 1198 4172
104.808977 1198 4172
104.809022 1182 4172
104.809066 1198 4172
104.814848 1198 4172
104.814885 1198 4172
104.814923 1198 4172
104.814967 1198 4172
104.824982 1198 4172
104.825032 1198 4172
104.825071 1198 4172
104.825108 542 4172
104.832926 1198 4172
104.832988 1198 4172
104.832992 1198 4172
104.833036 1198 4172
104.840915 1198 4172
104.840937 1198 4172
104.840970 1198 4172
104.841008 1198 4172
104.848947 718 4172
104.848992 1198 4172
104.849023 1198 4172
104.849059 1198 4172
104.857011 1198 4172
104.857037 1198 4172
104.857075 1198 4172
104.857112 1198 4172
104.864962 1198 4172
104.865010 1198 4172
104.865051 478 4172
104.865093 1198 4172
104.872833 1198 4172
104.872880 1198 4172
104.872938 1198 4172
104.872983 1198 4172
104.880971 1198 4172
104.881017 1198 4172
104.881056 1198 4172
104.881089 542 4172
104.888983 1198 4172
104.889018 1198 4172
104.889058 1198 4172
104.889094 1198 4172
104.896922 1198 4172
104.896969 1198 4172
104.897011 1198 4172
104.897050 142 4172
104.897095 1198 4172
104.900871 1198 4172
104.900912 1198 4172
104.900953 110 4172
104.900993 1198 4172
104.901055 1198 4172
104.913053 1198 4172
104.913106 1198 4172
104.913150 1198 4172
104.913189 1198 4172
104.920970 1198 4172
104.921020 254 4172
104.921065 1198 4172
104.921107 1198 4172
104.921147 1198 4172
104.928937 1198 4172
104.928975 1198 4172
104.929012 1198 4172
104.936931 1198 4172
104.936976 1198 4172
104.937011 1198 4172
104.937056 1198 4172
104.944942 1086 4172
104.945001 1198 4172
104.945048 1198 4172
104.945089 1198 4172
104.952974 1198 4172
104.953008 1198 4172
104.953048 1198 4172
104.953081 1198 4172
104.960889 1198 4172
104.960917 1198 4172
104.960952 1198 4172
104.960996 910 4172
104.961032 1198 4172
104.968866 1198 4172
104.968907 1198 4172
104.968940 1198 4172
104.976886 1198 4172
104.976927 1198 4172
104.976964 1198 4172
104.977001 1198 4172
104.984906 1198 4172
104.984945 1198 4172
104.984975 878 4172
104.985012 1198 4172
104.985045 1198 4172
104.989042 1198 4172
104.989096 1198 4172
104.989116 1198 4172
104.989170 1198 4172
105.000884 1198 4172
105.000980 1198 4172
105.008865 1198 4172
105.008901 382 4172
105.008937 1198 4172
105.008963 1198 4172
105.008989 1198 4172
105.016892 1198 4172
105.016927 1198 4172
105.016955 1198 4172
105.016982 1198 4172
105.024922 1198 4172
105.024953 1198 4172
105.024985 1182 4172
105.025014 1198 4172
105.032893 1198 4172
105.032943 1198 4172
105.032974 1198 4172
105.033002 1198 4172
105.041354 1198 4172
105.041483 1198 4172
105.041520 1198 4172
105.041548 862 4172
105.049062 1198 4172
105.049098 1198 4172
105.049136 1198 4172
105.049167 1198 4172
105.057030 1198 4172
105.057061 1198 4172
105.057095 1198 4172
105.057142 1198 4172
105.064909 1198 4172
105.064949 1198 4172
105.064984 1198 4172
105.065018 1198 4172
105.073244 1198 4172
105.073279 1198 4172
105.073313 1198 4172
105.073346 1198 4172
105.077009 1198 4172
105.077049 1198 4172
105.077083 1198 4172
105.077120 654 4172
105.089660 1198 4172
105.089947 1198 4172
105.089984 1198 4172
105.090012 1198 4172
105.096934 1198 4172
105.096962 1198 4172
105.096993 1198 4172
105.097018 1198 4172
105.104871 1198 4172
105.104899 1198 4172
105.104928 606 4172
105.104958 1198 4172
105.104987 1198 4172
105.113537 1198 4172
105.113628 1198 4172
105.113655 1198 4172
105.120991 1198 4172
105.121023 1198 4172
105.121051 1198 4172
105.121078 1198 4172
105.128886 1198 4172
105.128919 414 4172
105.128950 1198 4172
105.128975 1198 4172
105.129001 1198 4172
105.142148 1198 4172
105.142183 1198 4172
105.142210 1198 4172
105.142238 1198 4172
105.144964 1198 4172
105.145004 910 4172
105.145035 1198 4172
105.145066 110 4172
105.145096 1198 4172
105.152956 1198 4172
105.152986 1198 4172
105.153015 1198 4172
105.153041 126 4172
105.153067 1198 4172
105.161986 1198 4172
105.162019 1198 4172
105.162047 174 4172
105.162073 1198 4172
105.162100 1198 4172
105.164908 1198 4172
105.164939 1198 4172
105.164968 110 4172
105.164997 1198 4172
105.179280 1198 4172
105.179360 1198 4172
105.179375 1198 4172
105.179405 910 4172
105.179436 1198 4172
105.186129 1198 4172
105.186168 1198 4172
105.186197 1198 4172
105.186224 1198 4172
105.194758 1198 4172
105.194785 1198 4172
105.194811 1198 4172
105.200872 1198 4172
105.200909 1198 4172
105.200942 750 4172
105.200974 1198 4172
105.201005 1198 4172
105.208907 1198 4172
105.208945 1198 4172
105.208975 1198 4172
105.209004 1198 4172
105.217709 1198 4172
105.217801 1198 4172
105.217824 1198 4172
105.217851 814 4172
105.230078 1198 4172
105.230198 1198 4172
105.230209 1198 4172
105.232826 1198 4172
105.232864 1198 4172
105.232897 1198 4172
105.232936 1198 4172
105.240912 110 4172
105.240941 366 4172
105.240979 1198 4172
105.241011 1198 4172
105.249022 1198 4172
105.249060 142 4172
105.249100 1198 4172
105.249135 1198 4172
105.252796 1198 4172
105.252828 1198 4172
105.252856 1198 4172
105.252883 894 4172
105.264904 1198 4172
105.264932 1198 4172
105.264959 1198 4172
105.264986 1198 4172
105.272966 1198 4172
105.273008 1198 4172
105.273056 1198 4172
105.273095 1198 4172
105.285112 1198 4172
105.285148 1198 4172
105.285177 1198 4172
105.285204 1198 4172
105.288892 1198 4172
105.288937 1198 4172
105.289003 1198 4172
105.289048 1198 4172
105.296952 1198 4172
105.296985 1198 4172
105.297016 1198 4172
105.308268 1198 4172
105.308284 1150 4172
105.308314 1198 4172
105.308341 1198 4172
105.313013 1198 4172
105.313043 1198 4172
105.313080 1198 4172
105.313110 1198 4172
105.313140 1198 4172
105.313166 1198 4172
105.320906 1198 4172
105.328876 974 4172
105.328964 1198 4172
105.328983 1198 4172
105.329013 1198 4172
105.336881 1198 4172
105.336924 1198 4172
105.336961 1198 4172
105.336994 1198 4172
105.340877 1198 4172
105.340918 462 4172
105.340948 1198 4172
105.340976 1198 4172
105.341003 1198 4172
105.352907 1198 4172
105.352921 1198 4172
105.352998 1198 4172
105.360876 446 4172
105.360925 1198 4172
105.360965 1198 4172
105.360997 1198 4172
105.361029 1198 4172
105.368908 1198 4172
105.368948 1198 4172
105.368982 1198 4172
105.369009 766 4172
105.376893 1198 4172
105.376926 1198 4172
105.376959 1198 4172
105.376992 1198 4172
105.384930 1198 4172
105.384957 1198 4172
105.384987 1198 4172
105.385015 1198 4172
105.392889 1198 4172
105.392924 1198 4172
105.392953 1182 4172
105.392981 1198 4172
105.400903 1198 4172
105.400942 1198 4172
105.400970 1198 4172
105.400998 1198 4172
105.408884 1198 4172
105.408908 1198 4172
105.408944 1198 4172
105.408994 910 4172
105.409031 1198 4172
105.416925 1198 4172
105.416959 1198 4172
105.416992 1198 4172
105.417024 1198 4172
105.424888 1198 4172
105.424931 1198 4172
105.424968 1198 4172
105.424999 1198 4172
105.429266 942 4172
105.429311 110 4172
105.429342 1198 4172
105.429371 1198 4172
105.429398 1198 4172
105.441048 1198 4172
105.442265 1198 4172
105.442293 1198 4172
105.442320 1198 4172
105.448865 1198 4172
105.448894 1198 4172
105.448943 366 4172
105.448979 1198 4172
105.449008 1198 4172
105.456882 1198 4172
105.456922 1198 4172
105.456955 1198 4172
105.456988 1198 4172
105.465006 1198 4172
105.465041 1198 4172
105.465113 926 4172
105.465181 1198 4172
105.472933 1198 4172
105.472968 1198 4172
105.473092 1198 4172
105.480975 1198 4172
105.481120 1198 4172
105.481158 1198 4172
105.481188 1198 4172
105.488883 1198 4172
105.489002 718 4172
105.489092 1198 4172
105.489155 1198 4172
105.489212 1198 4172
105.496840 1198 4172
105.496887 1198 4172
105.496919 1198 4172
105.496947 1198 4172
105.504895 1198 4172
105.504939 1198 4172
105.504974 1198 4172
105.505002 478 4172
105.512976 1198 4172
105.513013 1198 4172
105.513041 1198 4172
105.513068 1198 4172
105.517529 1198 4172
105.517551 1198 4172
105.517586 1198 4172
105.517618 414 4172
105.517649 590 4172
105.517678 254 4172
105.525585 190 4172
105.525626 190 4172
105.525654 190 4172
105.525680 190 4172
105.525707 190 4172
105.525734 190 4172
105.525761 190 4172
105.525787 190 4172
105.529885 190 4172
105.529916 190 4172
105.529944 190 4172
105.529970 190 4172
105.529996 190 4172
105.530023 190 4172
105.560854 1198 4172
105.560893 1198 4172
105.560930 366 4172
105.560965 526 4172
105.560997 1198 4172
105.561028 526 4172
105.635170 222 4172
105.635210 190 4172
105.635240 190 4172
105.635267 190 4172
105.635294 190 4172
105.635325 190 4172
105.635352 190 4172
105.642687 190 4172
105.642718 190 4172
105.642761 190 4172
105.642789 190 4172
105.642825 190 4172
105.642861 190 4172
105.642893 1198 4172
105.642925 1198 4172
105.642954 366 4172
105.656330 1198 4172
105.656367 1198 4172
105.656394 526 4172
105.656429 190 4172
105.656465 190 4172
105.656880 222 4172
105.656913 190 4172
105.656939 1198 4172
105.656966 1198 4172
105.656992 1198 4172
105.666208 1198 4172
105.666246 1198 4172
105.666276 1198 4172
105.666304 1198 4172
105.666332 478 4172
105.666362 1198 4172
105.666390 1198 4172
105.666417 1198 4172
105.666443 1198 4172
105.666473 238 4172
105.669995 60 60000
105.674903 1198 4172
105.674943 1198 4172
105.674976 1198 4172
105.675007 814 4172
105.675038 1198 4172
105.675070 1198 4172
105.675097 1198 4172
105.675129 750 4172
105.687410 190 4172
105.687494 1198 4172
105.687496 1198 4172
105.687526 670 4172
105.692354 1198 4172
105.692445 1198 4172
105.692477 1198 4172
105.692503 654 4172
105.692532 1198 4172
105.692560 1198 4172
105.692586 1198 4172
105.692612 1198 4172
105.692645 766 4172
105.692672 1198 4172
105.693738 1198 4172
105.695664 1198 4172
105.703644 1086 4172
105.703688 1198 4172
105.703716 1198 4172
105.703743 1198 4172
105.703787 1198 4172
105.704903 1198 4172
105.704935 1198 4172
105.704968 926 4172
105.705000 110 4172
105.705030 1198 4172
105.705060 1198 4172
105.705089 1198 4172
105.705124 1118 4172
105.705154 1198 4172
105.705183 190 4172
105.705217 1198 4172
105.705243 1198 4172
105.713277 878 4172
105.713315 254 4172
105.713345 190 4172
105.713373 1198 4172
105.713400 1198 4172
105.713426 1198 4172
105.720920 1198 4172
105.720955 718 4172
105.720984 1198 4172
105.721014 1198 4172
105.721041 1198 4172
105.728953 1198 4172
105.728991 206 4172
105.729021 1198 4172
105.729048 1198 4172
105.729075 1198 4172
105.736918 958 4172
105.736993 1198 4172
105.737026 1198 4172
105.737059 1198 4172
105.745097 1038 4172
105.745142 1198 4172
105.745176 1198 4172
105.745208 1198 4172
105.752890 1102 4172
105.752929 1198 4172
105.752958 1198 4172
105.752990 1198 4172
105.753017 1054 4172
105.761103 1198 4172
105.761142 1198 4172
105.761179 1198 4172
105.761209 1118 4172
105.768884 1198 4172
105.768916 1198 4172
105.768948 1198 4172
105.768976 1198 4172
105.776901 270 4172
105.776941 1198 4172
105.776971 1198 4172
105.776998 1198 4172
105.784880 702 4172
105.784930 1198 4172
105.784965 1198 4172
105.785003 1198 4172
105.785045 1198 4172
105.788805 766 4172
105.788845 1198 4172
105.788877 1198 4172
105.788906 1198 4172
105.800860 1198 4172
105.800948 622 4172
105.800971 1198 4172
105.801000 1198 4172
105.801033 1198 4172
105.809020 1198 4172
105.809053 1198 4172
105.809086 782 4172
105.809117 190 4172
105.809149 1198 4172
105.816843 1198 4172
105.816889 430 4172
105.816922 174 4172
105.816959 174 4172
105.816989 1198 4172
105.824859 1198 4172
105.824895 1166 4172
105.824928 1198 4172
105.832942 1198 4172
105.832979 1198 4172
105.833011 1198 4172
105.833039 158 4172
105.833068 1198 4172
105.840821 1198 4172
105.840875 1198 4172
105.840916 718 4172
105.840946 1198 4172
105.840979 1198 4172
105.848854 398 4172
105.848893 1198 4172
105.848924 1198 4172
105.848955 1198 4172
105.856937 1198 4172
105.856974 622 4172
105.857008 1198 4172
105.857037 1198 4172
105.864881 1198 4172
105.864923 1198 4172
105.864953 622 4172
105.864985 1198 4172
105.865012 1198 4172
105.872871 1198 4172
105.872925 1198 4172
105.872954 558 4172
105.872995 1198 4172
105.876828 1198 4172
105.876866 1198 4172
105.876918 766 4172
105.888886 1198 4172
105.888917 1198 4172
105.888947 1198 4172
105.888976 1198 4172
105.896832 1198 4172
105.896873 222 4172
105.896906 1198 4172
105.896935 1198 4172
105.896962 1198 4172
105.904916 1198 4172
105.904955 1198 4172
105.904985 1198 4172
105.905012 1166 4172
105.912919 1198 4172
105.912957 1198 4172
105.912989 1198 4172
105.913019 1198 4172
105.920874 1198 4172
105.920916 1134 4172
105.920951 1198 4172
105.920983 1198 4172
105.928919 1198 4172
105.928966 1198 4172
105.928999 1198 4172
105.929030 1022 4172
105.937016 1198 4172
105.937063 1198 4172
105.937091 1198 4172
105.945170 1198 4172
105.945293 1198 4172
105.945325 238 4172
105.945356 174 4172
105.945385 1198 4172
105.945411 1198 4172
105.965009 1198 4172
105.965088 734 4172
105.965118 158 4172
105.965178 126 4172
105.965211 1198 4172
105.982771 110 4172
105.982791 110 4172
105.982834 110 4172
105.985797 126 4172
106.008792 1198 4172
106.046815 126 4172
106.096904 126 4172
106.130617 1198 4172
106.130660 1198 4172
106.130694 382 4172
106.130727 302 4172
106.130758 126 4172
106.130802 238 4172
106.132738 110 4172
106.140819 126 4172
106.182029 222 4172
106.182149 126 4172
106.218924 1198 4172
106.218931 1198 4172
106.218968 1198 4172
106.218998 1198 4172
106.219027 1198 4172
106.219059 654 4172
106.221852 1198 4172
106.221889 1198 4172
106.221916 1198 4172
106.221943 1198 4172
106.221970 1198 4172
106.221996 1198 4172
106.222023 366 4172
106.227369 126 4172
106.227395 1198 4172
106.227426 1198 4172
106.227453 110 4172
106.227481 110 4172
106.227509 110 4172
106.227536 1198 4172
106.227562 1198 4172
106.227589 238 4172
106.227617 1198 4172
106.227644 1198 4172
106.227671 1198 4172
106.227703 1198 4172
106.227729 910 4172
106.228746 1198 4172
106.228778 1198 4172
106.228805 1198 4172
106.228831 574 4172
106.233053 1198 4172
106.233092 1198 4172
106.233133 1198 4172
106.233165 1198 4172
106.233196 1198 4172
106.233227 606 4172
106.233258 110 4172
106.240920 1198 4172
106.240967 1198 4172
106.241004 1198 4172
106.241036 1198 4172
106.241073 718 4172
106.241109 1198 4172
106.241141 1198 4172
106.241173 1198 4172
106.248854 1198 4172
106.248891 1198 4172
106.248924 1198 4172
106.248956 142 4172
106.256861 1198 4172
106.256946 1198 4172
106.256982 1198 4172
106.257013 1198 4172
106.257043 1198 4172
106.264828 990 4172
106.264884 1198 4172
106.264924 1198 4172
106.264959 1198 4172
106.272880 1198 4172
106.272922 1198 4172
106.272951 1198 4172
106.272980 366 4172
106.273012 1198 4172
106.280914 1198 4172
106.280948 1198 4172
106.280981 1198 4172
106.288884 814 4172
106.288917 1198 4172
106.288950 1198 4172
106.288983 1198 4172
106.314955 1198 4172
106.314994 1198 4172
106.315029 1198 4172
106.315066 142 4172
106.315102 126 4172
106.316747 1198 4172
106.316879 1022 4172
106.330812 1198 4172
106.346364 110 4172
106.360978 334 4172
106.404909 126 4172
106.448979 110 4172
106.530819 110 4172
106.530830 110 4172
106.530868 110 4172
106.536920 110 4172
106.581083 126 4172
106.605441 126 4172
106.613394 126 4172
106.624991 126 4172
106.635828 126 4172
106.637325 126 4172
106.645311 126 4172
106.658654 126 4172
106.669041 1198 4172
106.669084 1198 4172
106.669120 1198 4172
106.669156 1198 4172
106.669191 1198 4172
106.669225 1198 4172
106.669259 478 4172
106.677597 1198 4172
106.677643 526 4172
106.690041 1070 4172
106.702212 1198 4172
106.702314 926 4172
106.710223 1198 4172
106.710270 1198 4172
106.710307 238 4172
106.712833 1198 4172
106.712895 734 4172
106.730211 1198 4172
106.730341 1198 4172
106.730342 830 4172
106.732871 1198 4172
106.732914 1198 4172
106.732950 878 4172
106.738300 1198 4172
106.750457 1198 4172
106.750460 1198 4172
106.750549 1198 4172
106.750551 414 4172
106.757694 1198 4172
106.757742 1198 4172
106.757772 1198 4172
106.757808 1198 4172
106.757843 462 4172
106.770363 1198 4172
106.770402 1198 4172
106.770452 1198 4172
106.770492 1198 4172
106.770531 1198 4172
106.770569 830 4172
106.782666 1198 4172
106.782726 1198 4172
106.782771 1198 4172
106.782856 1198 4172
106.782898 110 4172
106.782935 110 4172
106.782972 110 4172
106.783007 558 4172
106.790934 1198 4172
106.790983 1198 4172
106.791021 1198 4172
106.791062 1198 4172
106.791100 1198 4172
106.791136 110 4172
106.792856 1198 4172
106.792901 1198 4172
106.792939 1198 4172
106.792975 1198 4172
106.793010 1198 4172
106.793047 1198 4172
106.797629 1198 4172
106.797669 126 4172
106.800827 926 4172
106.818321 1198 4172
106.818418 1198 4172
106.818420 350 4172
106.830792 1198 4172
106.830832 1198 4172
106.830874 1038 4172
106.832841 1198 4172
106.832885 1198 4172
106.832921 1198 4172
106.832957 654 4172
106.842552 382 4172
106.844834 1198 4172
106.844882 1198 4172
106.844922 1198 4172
106.844963 814 4172
106.862646 1198 4172
106.862650 1198 4172
106.862732 1198 4172
106.862734 1134 4172
106.870678 1198 4172
106.870734 1198 4172
106.870777 1198 4172
106.870815 1198 4172
106.870853 414 4172
106.882876 1198 4172
106.882921 1198 4172
106.882966 1198 4172
106.883002 1198 4172
106.883039 1166 4172
106.888887 1198 4172
106.888920 1198 4172
106.888957 1198 4172
106.888993 1198 4172
106.889029 1118 4172
106.902752 1198 4172
106.902835 1198 4172
106.902843 1198 4172
106.902882 1198 4172
106.902918 558 4172
106.904825 1198 4172
106.904871 1198 4172
106.904909 1198 4172
106.904945 1198 4172
106.904980 974 4172
106.932995 1198 4172
106.933121 1198 4172
107.064970 110 4172
107.065053 110 4172
107.065096 110 4172
107.152865 110 4172
107.240928 110 4172
107.329040 110 4172
107.329196 110 4172
107.329199 110 4172
107.592983 110 4172
107.593152 110 4172
107.856893 110 4172
108.116905 110 4172
108.160918 110 4172
108.248801 110 4172
108.380937 110 4172
108.688970 110 4172
108.952998 110 4172
109.172840 110 4172
109.216999 110 4172
109.476881 110 4172
109.741079 110 4172
110.136858 110 4172
111.232823 110 4172
112.152880 110 4172
112.240929 110 4172
113.160876 110 4172
113.248876 110 4172
114.173125 110 4172
114.197364 174 4172
114.197448 174 4172
114.197460 174 4172
114.197496 174 4172
114.201415 174 4172
114.201452 174 4172
114.201489 174 4172
114.201526 174 4172
114.201563 174 4172
114.204707 174 4172
114.204747 174 4172
114.204786 174 4172
114.204817 174 4172
114.210498 174 4172
114.210542 174 4172
114.210586 382 4172
114.216772 1198 4172
114.216833 1198 4172
114.216881 1198 4172
114.216926 1198 4172
114.216973 1198 4172
114.217017 1054 4172
114.285700 1198 4172
114.304701 334 4172
114.436847 110 4172
114.455089 1198 4172
114.455099 1166 4172
114.467392 1198 4172
114.467420 526 4172
114.480953 1198 4172
114.480960 1198 4172
114.481009 302 4172
114.612983 110 4172
114.916941 110 4172
115.136785 110 4172
115.136849 110 4172
115.268827 110 4172
116.144869 110 4172
116.232881 110 4172
117.245045 110 4172
117.860835 110 4172
118.168787 110 4172
118.256849 110 4172
119.132740 110 4172
119.264854 110 4172
120.144988 110 4172
120.232830 110 4172
120.540879 110 4172
121.152780 110 4172
122.156801 110 4172
122.244907 110 4172
123.168701 110 4172
123.212892 110 4172
123.256699 110 4172
124.136725 110 4172
124.268965 110 4172
125.148751 110 4172
125.236707 110 4172
125.764695 990 4172
125.764717 734 4172
125.896688 110 4172
125.921348 206 4172
125.928725 60 60000
125.933294 270 4172
125.940611 158 4172
125.966708 270 4172
125.966745 254 4172
125.966815 270 4172
125.966866 222 4172
125.966893 238 4172
125.966921 222 4172
125.966959 302 4172
125.968803 222 4172
125.968838 222 4172
125.968868 238 4172
125.968897 270 4172
125.968924 334 4172
125.968952 238 4172
125.968988 318 4172
125.984799 542 4172
125.984902 1198 4172
125.984934 318 4172
125.984980 1198 4172
125.985013 1198 4172
125.985047 1198 4172
125.985076 1198 4172
125.985106 1198 4172
125.985145 926 4172
126.017290 1198 4172
126.017379 1086 4172
126.028749 158 4172
126.072642 174 4172
126.116688 174 4172
126.130874 174 4172
126.148862 110 4172
126.154470 110 4172
126.160678 190 4172
126.204660 174 4172
126.258947 110 4172
126.306714 206 4172
126.306829 158 4172
126.306871 158 4172
126.306900 190 4172
126.306928 158 4172
126.306955 158 4172
126.321040 158 4172
126.322957 158 4172
126.331837 174 4172
126.365294 110 4172
126.383430 1198 4172
126.383465 1198 4172
126.383493 1198 4172
126.383521 1198 4172
126.383552 1198 4172
126.383578 1198 4172
126.383624 1198 4172
126.383652 318 4172
126.383678 1198 4172
126.383705 1198 4172
126.383731 1198 4172
126.383757 1198 4172
126.383782 1198 4172
126.383816 1198 4172
126.383843 1198 4172
126.383869 110 4172
126.383895 1198 4172
126.383922 1198 4172
126.383956 1198 4172
126.383984 1198 4172
126.384010 1198 4172
126.384037 1198 4172
126.384063 414 4172
126.386205 1198 4172
126.386240 1198 4172
126.386274 1198 4172
126.386308 1198 4172
126.386338 1198 4172
126.386395 1198 4172
126.386433 1198 4172
126.386461 878 4172
126.396660 1198 4172
126.398769 1198 4172
126.399267 1198 4172
126.399308 1198 4172
126.399402 1198 4172
126.399435 1198 4172
126.399463 1198 4172
126.399489 1198 4172
126.399516 1198 4172
126.399542 414 4172
126.400770 1198 4172
126.400802 1198 4172
126.400836 1198 4172
126.400867 1198 4172
126.400897 1198 4172
126.408667 1198 4172
126.408702 1038 4172
126.431704 110 4172
126.431878 1198 4172
126.431917 1198 4172
126.431948 1198 4172
126.431982 1198 4172
126.435556 1198 4172
126.438727 1198 4172
126.438844 1134 4172
126.438879 1198 4172
126.438934 1198 4172
126.438966 1198 4172
126.438995 1198 4172
126.439041 110 4172
126.440704 1198 4172
126.440765 1198 4172
126.441056 1198 4172
126.441092 1198 4172
126.448848 126 4172
126.448884 1198 4172
126.448915 1198 4172
126.448943 1198 4172
126.456760 126 4172
126.456791 1198 4172
126.456820 1198 4172
126.456847 1198 4172
126.456874 1198 4172
126.468248 1198 4172
126.469620 1198 4172
126.469648 1198 4172
126.469676 446 4172
126.469708 1198 4172
126.469750 1198 4172
126.472739 1198 4172
126.472772 1198 4172
126.487901 1198 4172
126.489690 1198 4172
126.489928 1198 4172
126.490055 1198 4172
126.490126 1198 4172
126.505454 1198 4172
126.507117 1198 4172
126.507247 1198 4172
126.507302 1198 4172
126.507334 1198 4172
126.507366 1198 4172
126.507399 1198 4172
126.522663 1198 4172
126.523400 1054 4172
126.523521 1198 4172
126.523564 1198 4172
126.523592 1198 4172
126.523618 1198 4172
126.523645 1198 4172
126.529112 1198 4172
126.529200 366 4172
126.529230 1198 4172
126.529268 1198 4172
126.529313 1198 4172
126.529340 1198 4172
126.529367 1198 4172
126.529393 1198 4172
126.529420 542 4172
126.536808 1198 4172
126.536886 1198 4172
126.536921 1198 4172
126.536950 1198 4172
126.544759 1198 4172
126.544803 1198 4172
126.544832 1198 4172
126.544860 686 4172
126.551196 1198 4172
126.551333 1198 4172
126.551650 1198 4172
126.551711 1198 4172
126.564807 1198 4172
126.565257 1198 4172
126.565289 1102 4172
126.565320 1198 4172
126.569621 1198 4172
126.569657 1198 4172
126.569688 1198 4172
126.569718 1182 4172
126.569747 334 4172
126.569777 1198 4172
126.569817 1198 4172
126.569847 1198 4172
126.576705 1182 4172
126.584754 1198 4172
126.585420 766 4172
126.585612 1198 4172
126.585650 1198 4172
126.592833 1070 4172
126.592866 1198 4172
126.592889 1198 4172
126.592920 1198 4172
126.602449 286 4172
126.602554 478 4172
126.602602 1198 4172
126.602632 1198 4172
126.602661 782 4172
126.602688 1198 4172
126.609525 1198 4172
126.609563 510 4172
126.609598 1198 4172
126.609629 1198 4172
126.616712 1198 4172
126.616759 1198 4172
126.616794 1022 4172
126.616825 1198 4172
126.629523 1198 4172
126.629568 1198 4172
126.629601 814 4172
126.629630 1198 4172
126.639040 1198 4172
126.639078 1198 4172
126.639109 974 4172
126.639140 1198 4172
126.639169 1198 4172
126.645138 462 4172
126.645175 110 4172
126.645206 1134 4172
126.645236 1102 4172
126.645263 1198 4172
126.649345 1038 4172
126.649431 766 4172
126.649461 254 4172
126.659842 190 4172
126.659973 190 4172
126.660086 190 4172
126.660198 1182 4172
126.660277 190 4172
126.660886 190 4172
126.660945 190 4172
126.661002 190 4172
126.661069 190 4172
126.667647 190 4172
126.667699 190 4172
126.667756 1198 4172
126.677531 190 4172
126.677664 190 4172
126.693226 190 4172
126.693329 190 4172
126.693491 1198 4172
126.693549 110 4172
126.693608 1198 4172
126.693778 414 4172
126.697379 206 4172
126.698051 174 4172
126.698108 174 4172
126.698162 174 4172
126.698215 174 4172
126.698268 174 4172
126.698320 174 4172
126.698371 174 4172
126.698424 174 4172
126.709897 174 4172
126.709977 174 4172
126.713019 174 4172
126.713098 174 4172
126.713136 174 4172
126.713256 174 4172
126.713308 1198 4172
126.713392 1198 4172
126.713451 1038 4172
126.725177 174 4172
126.731532 174 4172
126.731618 174 4172
126.731782 174 4172
126.731866 174 4172
126.732017 174 4172
126.732067 174 4172
126.732113 174 4172
126.732157 174 4172
126.741659 174 4172
126.741721 110 4172
126.741832 174 4172
126.746238 174 4172
126.746267 174 4172
126.746300 174 4172
126.746331 174 4172
126.746361 1198 4172
126.746391 1198 4172
126.746421 1198 4172
126.746448 414 4172
126.757099 206 4172
126.757131 174 4172
126.757161 174 4172
126.760989 174 4172
126.761023 174 4172
126.761052 174 4172
126.761080 174 4172
126.761108 174 4172
126.761136 174 4172
126.761164 174 4172
126.761193 398 4172
126.761220 174 4172
126.809257 174 4172
126.810585 174 4172
126.810737 174 4172
126.814306 60 60000
126.818165 174 4172
126.818199 1198 4172
126.818235 1198 4172
126.818268 1198 4172
126.818297 606 4172
126.818327 174 4172
126.818356 174 4172
126.818382 174 4172
126.818412 174 4172
126.818440 174 4172
126.818467 174 4172
126.818496 174 4172
126.818524 174 4172
126.818555 174 4172
126.818580 174 4172
126.818607 174 4172
126.818635 174 4172
126.818664 174 4172
126.818692 174 4172
126.818720 174 4172
126.818748 414 4172
126.818778 590 4172
126.818805 174 4172
126.818834 174 4172
126.818861 174 4172
126.818890 174 4172
126.818918 174 4172
126.818946 174 4172
126.818974 174 4172
126.819002 174 4172
126.819034 174 4172
126.819061 174 4172
126.819089 174 4172
126.861545 174 4172
126.861570 174 4172
126.861602 174 4172
126.862045 398 4172
126.862085 110 4172
126.862125 158 4172
126.862158 158 4172
126.862189 158 4172
126.862219 158 4172
126.862249 158 4172
126.862277 158 4172
126.862306 158 4172
126.862341 158 4172
126.862370 158 4172
126.862400 158 4172
126.862429 158 4172
126.862462 158 4172
126.912785 174 4172
126.912830 158 4172
126.912863 158 4172
126.930892 158 4172
126.944756 110 4172
126.960689 110 4172
126.960722 110 4172
126.960753 110 4172
127.048906 110 4172
127.140428 110 4172
127.194071 206 4172
127.194617 174 4172
127.194653 158 4172
127.194709 158 4172
127.194744 158 4172
127.194774 158 4172
127.194816 158 4172
127.194932 158 4172
127.194975 158 4172
127.195015 158 4172
127.195050 158 4172
127.195096 158 4172
127.195199 158 4172
127.195238 158 4172
127.195290 158 4172
127.195393 238 4172
127.237490 110 4172
127.237506 110 4172
127.237597 110 4172
127.451531 158 4172
127.451545 158 4172
127.471710 158 4172
127.471821 158 4172
127.471824 158 4172
127.471867 158 4172
127.471903 158 4172
127.471941 158 4172
127.471975 158 4172
127.472014 158 4172
127.472050 158 4172
127.472091 158 4172
127.472127 158 4172
127.472164 238 4172
127.480779 158 4172
127.480829 110 4172
127.480870 110 4172
127.480907 110 4172
127.515577 206 4172
127.779455 110 4172
128.043620 110 4172
128.131437 110 4172
128.263563 110 4172
128.307658 110 4172
128.571536 110 4172
128.879743 110 4172
129.131054 110 4172
129.143468 110 4172
129.231396 110 4172
129.403504 110 4172
130.147590 110 4172
130.235466 110 4172
131.239528 110 4172
132.031680 110 4172
132.163601 110 4172
132.251529 110 4172
133.167448 110 4172
133.255502 110 4172
134.135435 110 4172
134.263545 110 4172
134.695500 110 4172
135.135479 110 4172
135.263545 110 4172
136.139349 110 4172
136.267493 110 4172
137.143402 110 4172
137.231358 110 4172
137.359528 110 4172
138.143474 110 4172
138.231290 110 4172
139.147424 110 4172
139.235386 110 4172
140.063394 110 4172
140.151369 110 4172
140.239502 110 4172
141.155362 110 4172
141.243379 110 4172
142.163409 110 4172
142.251397 110 4172
142.727448 110 4172
143.159237 110 4172
143.247411 110 4172
144.171269 110 4172
144.259424 110 4172
145.135234 110 4172
145.267250 110 4172
145.395237 110 4172
146.139267 110 4172
146.271320 110 4172
147.063550 270 4172
147.063586 254 4172
147.063629 270 4172
147.063672 318 4172
147.063716 238 4172
147.063756 302 4172
147.067488 238 4172
147.067532 238 4172
147.067576 238 4172
147.067617 302 4172
147.067658 254 4172
147.067700 270 4172
147.067740 334 4172
147.067780 286 4172
147.071285 334 4172
147.071322 478 4172
147.079276 1198 4172
147.079304 1198 4172
147.079343 1198 4172
147.079374 1198 4172
147.079408 1198 4172
147.079444 1198 4172
147.079478 1198 4172
147.079512 622 4172
147.134829 1198 4172
147.138887 110 4172
147.179293 126 4172
147.223523 558 4172
147.236765 110 4172
147.243666 174 4172
147.243723 110 4172
147.256596 158 4172
147.264663 1198 4172
147.264709 1198 4172
147.264770 1198 4172
147.264822 1198 4172
147.264880 878 4172
147.264942 1198 4172
147.264985 1198 4172
147.265039 1198 4172
147.265085 1198 4172
147.265131 1198 4172
147.265172 1198 4172
147.265213 1198 4172
147.265256 1198 4172
147.265301 1198 4172
147.265341 1198 4172
147.265429 1198 4172
147.265479 1198 4172
147.265526 1198 4172
147.267223 1198 4172
147.267270 1198 4172
147.267301 1198 4172
147.267332 1198 4172
147.267362 1198 4172
147.267396 1198 4172
147.267427 1198 4172
147.280725 1198 4172
147.280758 1198 4172
147.280795 142 4172
147.280830 1198 4172
147.280864 1198 4172
147.280948 1198 4172
147.287484 1198 4172
147.287545 1198 4172
147.287606 1198 4172
147.287660 1198 4172
147.287713 174 4172
147.287763 1198 4172
147.287814 1198 4172
147.295379 1198 4172
147.295451 1198 4172
147.295517 1198 4172
147.303472 1198 4172
147.303568 1198 4172
147.303640 1198 4172
147.312520 1198 4172
147.312611 1198 4172
147.312681 1198 4172
147.319297 1198 4172
147.319370 1198 4172
147.319430 1198 4172
147.328175 1198 4172
147.328485 1198 4172
147.329143 1198 4172
147.329242 222 4172
147.332474 1198 4172
147.332560 1198 4172
147.335659 1198 4172
147.335744 1198 4172
147.344491 1198 4172
147.344593 1198 4172
147.344665 1198 4172
147.344730 110 4172
147.351362 1198 4172
147.351490 1198 4172
147.351585 1198 4172
147.351676 1198 4172
147.355214 1198 4172
147.355297 1198 4172
147.355356 1198 4172
147.367317 1102 4172
147.367353 1198 4172
147.367391 1198 4172
147.367441 1198 4172
147.376528 1198 4172
147.376619 1198 4172
147.376655 1198 4172
147.383245 1198 4172
147.383300 1198 4172
147.383338 1198 4172
147.383373 1198 4172
147.392512 414 4172
147.392594 1198 4172
147.392597 1198 4172
147.392621 1198 4172
147.399227 1198 4172
147.399297 1198 4172
147.399337 1198 4172
147.407451 1198 4172
147.407492 1198 4172
147.407533 1198 4172
147.407566 1198 4172
147.415381 1198 4172
147.415419 910 4172
147.415452 1198 4172
147.415489 1198 4172
147.423757 1198 4172
147.423792 1198 4172
147.423822 1198 4172
147.431284 1198 4172
147.431326 1198 4172
147.431356 814 4172
147.443232 1198 4172
147.443269 366 4172
147.443296 110 4172
147.443324 158 4172
147.443350 174 4172
147.451010 158 4172
147.451433 1198 4172
147.451475 1198 4172
147.451509 1198 4172
147.451544 1198 4172
147.451579 1198 4172
147.451629 206 4172
147.459302 1198 4172
147.459335 1198 4172
147.459367 1198 4172
147.459399 1118 4172
147.467197 734 4172
147.467238 1198 4172
147.467277 1198 4172
147.467315 1198 4172
147.475594 1198 4172
147.475623 1198 4172
147.475653 926 4172
147.475682 1198 4172
147.483243 1198 4172
147.483286 1198 4172
147.483318 1198 4172
147.487207 1198 4172
147.487241 1198 4172
147.487277 1198 4172
147.487306 1198 4172
147.499259 430 4172
147.499303 1198 4172
147.499333 1198 4172
147.499364 1198 4172
147.507934 1198 4172
147.507988 926 4172
147.508055 1198 4172
147.508107 1198 4172
147.515313 1198 4172
147.515360 110 4172
147.515396 878 4172
147.515428 1198 4172
147.523414 1198 4172
147.523527 1198 4172
147.523812 1198 4172
147.523863 334 4172
147.523914 1198 4172
147.531294 1198 4172
147.531334 126 4172
147.531367 1198 4172
147.531407 1198 4172
147.539358 1198 4172
147.539411 1022 4172
147.539445 1086 4172
147.550308 158 4172
147.588042 302 4172
147.588389 142 4172
147.597739 126 4172
147.597799 1198 4172
147.597904 1198 4172
147.597969 1198 4172
147.598042 1198 4172
147.598399 446 4172
147.598626 1198 4172
147.598778 1198 4172
147.598828 174 4172
147.598878 1198 4172
147.598935 1198 4172
147.599011 830 4172
147.599055 1198 4172
147.599107 814 4172
147.599220 1198 4172
147.608595 878 4172
147.608670 1198 4172
147.608738 750 4172
147.608778 1198 4172
147.608827 1198 4172
147.608876 702 4172
147.609070 1198 4172
147.609121 1198 4172
147.609170 1198 4172
147.609272 1102 4172
147.618971 622 4172
147.619024 558 4172
147.622942 1198 4172
147.623015 1198 4172
147.624668 1198 4172
147.624717 1198 4172
147.624777 350 4172
147.657743 1198 4172
147.657774 446 4172
147.657807 1198 4172
147.657838 686 4172
147.657867 942 4172
147.657894 1118 4172
147.657924 958 4172
147.657967 1198 4172
147.657992 1086 4172
147.658018 1198 4172
147.658044 366 4172
147.658070 974 4172
147.658115 1198 4172
147.658142 174 4172
147.658168 142 4172
147.667264 1198 4172
147.667304 1198 4172
147.667342 1198 4172
147.667373 1198 4172
147.667403 1198 4172
147.667434 1198 4172
147.667463 414 4172
147.677434 1198 4172
147.677478 1198 4172
147.677508 1198 4172
147.677539 1198 4172
147.677569 846 4172
147.677600 1198 4172
147.677636 1198 4172
147.677666 1198 4172
147.677696 1198 4172
147.677725 1198 4172
147.677755 366 4172
147.677786 1198 4172
147.677820 1198 4172
147.677850 1198 4172
147.677880 1198 4172
147.677910 1198 4172
147.677938 1198 4172
147.686152 382 4172
147.686189 1198 4172
147.686220 1198 4172
147.686251 1198 4172
147.686286 1198 4172
147.691217 1198 4172
147.691255 1198 4172
147.691287 1198 4172
147.701704 1198 4172
147.701755 1198 4172
147.701788 1198 4172
147.701818 1198 4172
147.707292 814 4172
147.707331 1198 4172
147.707367 1198 4172
147.707399 1198 4172
147.711908 1198 4172
147.711962 1198 4172
147.712052 1198 4172
147.723965 1198 4172
147.723981 1198 4172
147.724012 1198 4172
147.724042 1198 4172
147.732028 1198 4172
147.732060 1198 4172
147.732091 622 4172
147.740381 1198 4172
147.740418 1198 4172
147.748424 1198 4172
147.748456 1198 4172
147.748489 1198 4172
147.757025 1198 4172
147.757063 1198 4172
147.757094 1198 4172
147.757124 478 4172
147.757150 1198 4172
147.763792 1198 4172
147.763829 1198 4172
147.763863 1198 4172
147.771253 1198 4172
147.771285 1198 4172
147.771316 1198 4172
147.771344 1198 4172
147.780954 1198 4172
147.780992 1198 4172
147.781026 110 4172
147.781058 1198 4172
147.783911 254 4172
147.783947 1198 4172
147.783979 1198 4172
147.784008 1198 4172
147.796124 1198 4172
147.796162 1198 4172
147.796195 1198 4172
147.796226 1198 4172
147.803200 1198 4172
147.803234 910 4172
147.803265 1198 4172
147.803293 1198 4172
147.811245 1198 4172
147.811279 1198 4172
147.811313 1198 4172
147.819244 1198 4172
147.819283 830 4172
147.819315 1198 4172
147.819346 1198 4172
147.827268 1198 4172
147.827309 1198 4172
147.827343 1198 4172
147.827380 1198 4172
147.838233 718 4172
147.838279 1198 4172
147.838313 1198 4172
147.838346 1006 4172
147.843269 302 4172
147.843308 1198 4172
147.843347 1198 4172
147.843380 766 4172
147.843431 1198 4172
147.843464 1198 4172
147.851238 1198 4172
147.851273 1198 4172
147.851307 1198 4172
147.859244 1198 4172
147.859282 494 4172
147.859316 1198 4172
147.859348 430 4172
147.859378 1198 4172
147.867860 558 4172
147.867898 1198 4172
147.867925 750 4172
147.867957 1198 4172
147.871418 1198 4172
147.871459 1198 4172
147.871496 1198 4172
147.871529 206 4172
147.871564 1198 4172
147.883403 1198 4172
147.883452 1198 4172
147.883497 1198 4172
147.891279 126 4172
147.891318 1198 4172
147.891356 1198 4172
147.891399 1198 4172
147.891437 1198 4172
147.899369 846 4172
147.899430 1198 4172
147.899476 1198 4172
147.899519 1198 4172
147.907282 1198 4172
147.907345 1198 4172
147.907393 1198 4172
147.915397 878 4172
147.915449 1198 4172
147.915494 1198 4172
147.923345 478 4172
147.923401 1198 4172
147.923445 1198 4172
147.923485 1198 4172
147.932124 1198 4172
147.932173 1006 4172
147.932212 190 4172
147.932251 1198 4172
147.932287 734 4172
147.939476 1198 4172
147.939528 366 4172
147.939572 910 4172
147.939614 1198 4172
147.939654 1198 4172
147.947422 1198 4172
147.947472 1198 4172
147.947516 1198 4172
147.947558 1198 4172
147.956295 1198 4172
147.956397 1198 4172
147.956399 318 4172
147.956439 1198 4172
147.959294 1198 4172
147.959347 1198 4172
147.959392 1198 4172
147.971222 766 4172
147.971282 1198 4172
147.971327 1198 4172
147.971372 1198 4172
147.979311 1198 4172
147.979362 1198 4172
147.979403 110 4172
147.979445 1198 4172
147.979486 1198 4172
147.987368 1198 4172
147.987413 1198 4172
147.987457 1166 4172
147.987499 1198 4172
147.995265 1198 4172
147.995316 1198 4172
147.995360 1198 4172
148.003351 1198 4172
148.003401 1198 4172
148.003445 254 4172
148.003487 1198 4172
148.003530 1198 4172
148.011318 1198 4172
148.011369 1198 4172
148.011413 670 4172
148.019300 1198 4172
148.019357 1198 4172
148.019402 1198 4172
148.019444 1198 4172
148.027300 1198 4172
148.027348 1198 4172
148.027392 1198 4172
148.027435 574 4172
148.035301 1198 4172
148.035343 1198 4172
148.035395 1198 4172
148.035439 1198 4172
148.043257 110 4172
148.043305 110 4172
148.043354 110 4172
148.043396 1198 4172
148.043438 1198 4172
148.043480 1198 4172
148.043525 1198 4172
148.047287 1198 4172
148.047336 1198 4172
148.047388 958 4172
148.047434 1198 4172
148.059297 1198 4172
148.059355 1198 4172
148.059401 1198 4172
148.067304 1198 4172
148.067343 1198 4172
148.067392 1198 4172
148.067444 1198 4172
148.075326 1198 4172
148.075371 1198 4172
148.075410 1198 4172
148.075452 478 4172
148.075490 1198 4172
148.083375 1198 4172
148.083423 1198 4172
148.083466 1198 4172
148.091353 1198 4172
148.091398 1198 4172
148.091437 1198 4172
148.099311 1198 4172
148.099369 1198 4172
148.099415 1198 4172
148.099457 1006 4172
148.107284 1198 4172
148.107323 1198 4172
148.107364 1198 4172
148.107398 1198 4172
148.115375 1198 4172
148.115427 1198 4172
148.115478 1198 4172
148.115522 1198 4172
148.123313 1198 4172
148.123369 1198 4172
148.123412 1198 4172
148.131236 1198 4172
148.131279 158 4172
148.131317 1198 4172
148.131355 1198 4172
148.135287 1198 4172
148.135339 110 4172
148.135386 1198 4172
148.135428 1198 4172
148.135469 1198 4172
148.147405 1198 4172
148.147459 1198 4172
148.147502 430 4172
148.147545 1198 4172
148.155316 1198 4172
148.155367 1198 4172
148.155412 1198 4172
148.155456 1198 4172
148.163323 1198 4172
148.163371 1198 4172
148.163415 1150 4172
148.163459 1198 4172
148.171219 1198 4172
148.171274 1198 4172
148.171317 1198 4172
148.171359 1198 4172
148.179267 1198 4172
148.179311 1198 4172
148.179349 142 4172
148.179388 1198 4172
148.187333 1198 4172
148.187380 1198 4172
148.187429 1198 4172
148.187472 1198 4172
148.195307 1198 4172
148.195357 1198 4172
148.195401 334 4172
148.195444 1198 4172
148.203304 1198 4172
148.203351 1198 4172
148.203399 1198 4172
148.203441 1198 4172
148.211348 1198 4172
148.211397 1198 4172
148.211442 142 4172
148.211485 1198 4172
148.219322 1198 4172
148.219367 1198 4172
148.219408 1198 4172
148.223271 1198 4172
148.223340 1198 4172
148.223399 1198 4172
148.223450 1198 4172
148.235367 1198 4172
148.235426 1198 4172
148.235478 670 4172
148.235521 238 4172
148.235564 558 4172
148.235606 1198 4172
148.235646 462 4172
148.267296 110 4172
148.267413 622 4172
148.267462 1086 4172
148.331309 110 4172
148.331365 110 4172
148.331409 110 4172
148.340394 110 4172
148.348420 1198 4172
148.348466 734 4172
148.354727 1198 4172
148.354778 942 4172
148.355153 1198 4172
148.355203 1198 4172
148.355247 494 4172
148.399309 1198 4172
148.399363 846 4172
148.443268 110 4172
148.487178 1198 4172
148.531216 206 4172
148.531264 318 4172
148.531306 1198 4172
148.531340 1198 4172
148.531373 638 4172
148.571247 1198 4172
148.571308 1198 4172
148.571343 1198 4172
148.571374 1198 4172
148.571418 654 4172
148.575168 110 4172
148.575198 110 4172
148.575224 110 4172
148.575252 1198 4172
148.619263 1198 4172
148.619326 734 4172
148.619362 1198 4172
148.619396 1198 4172
148.619447 1198 4172
148.619494 1198 4172
148.619526 1198 4172
148.631126 1198 4172
148.631199 910 4172
148.631375 190 4172
148.633223 110 4172
148.663178 174 4172
148.707231 254 4172
148.707291 1198 4172
148.707351 830 4172
148.731211 766 4172
148.752433 110 4172
148.784661 750 4172
148.787542 782 4172
148.787597 1198 4172
148.787642 1198 4172
148.787684 1198 4172
148.787727 1198 4172
148.787766 1198 4172
148.787809 942 4172
148.787855 1198 4172
148.787897 926 4172
148.787935 1198 4172
148.787973 1198 4172
148.788012 334 4172
148.795269 1198 4172
148.795313 126 4172
148.795355 558 4172
148.795398 1198 4172
148.820323 1198 4172
148.831252 1006 4172
148.831317 1198 4172
148.831363 206 4172
148.839249 110 4172
148.839293 110 4172
148.839338 110 4172
148.883252 1198 4172
148.883305 1198 4172
148.883341 1198 4172
148.883377 654 4172
148.920527 1198 4172
148.920583 174 4172
148.927262 1198 4172
148.971165 718 4172
