0.013829 110 4172
0.039480 318 4172
0.057708 174 4172
0.099034 1198 4172
0.099070 1198 4172
0.099104 1198 4172
0.099182 910 4172
0.099183 238 4172
0.101711 222 4172
0.101749 142 4172
0.130046 110 4172
0.130061 110 4172
0.130099 110 4172
0.130135 110 4172
0.145886 222 4172
0.189756 222 4172
0.207263 158 4172
0.233793 110 4172
0.321834 110 4172
0.362597 142 4172
0.365758 222 4172
0.407364 110 4172
0.407393 110 4172
0.407437 110 4172
0.409759 110 4172
0.522499 110 4172
0.530200 1086 4172
0.541674 158 4172
0.585722 174 4172
0.601843 1198 4172
0.601871 1198 4172
0.601903 1198 4172
0.601937 190 4172
0.601971 1102 4172
0.602006 1198 4172
0.602037 622 4172
0.602069 1038 4172
0.602101 686 4172
0.602133 638 4172
0.602164 1198 4172
0.602195 926 4172
0.602229 350 4172
0.602260 158 4172
0.630458 158 4172
0.645912 158 4172
0.665942 110 4172
0.673941 1198 4172
0.673983 1198 4172
0.674023 1198 4172
0.674058 1198 4172
0.674093 1198 4172
0.674127 1198 4172
0.674161 1022 4172
0.674193 1198 4172
0.674227 1198 4172
0.674260 1198 4172
0.674293 1198 4172
0.674326 1198 4172
0.674360 1198 4172
0.674394 1198 4172
0.674426 782 4172
0.674459 1198 4172
0.674494 1198 4172
0.674527 1198 4172
0.674561 1198 4172
0.674594 1198 4172
0.674627 1198 4172
0.674661 1198 4172
0.674692 1198 4172
0.674725 1198 4172
0.674758 1198 4172
0.674791 654 4172
0.674825 1198 4172
0.674881 1198 4172
0.674922 1198 4172
0.674968 1198 4172
0.681765 1198 4172
0.681792 1198 4172
0.681838 1198 4172
0.681870 1198 4172
0.681913 366 4172
0.681959 1198 4172
0.681998 1198 4172
0.682035 1198 4172
0.689812 1198 4172
0.689850 1198 4172
0.689883 1198 4172
0.689919 1198 4172
0.689957 1198 4172
0.689995 1198 4172
0.690043 1198 4172
0.690079 1198 4172
0.690116 1198 4172
0.690159 1198 4172
0.697850 1198 4172
0.697892 1198 4172
0.697926 1198 4172
0.697958 590 4172
0.697990 1198 4172
0.698025 1198 4172
0.698056 1198 4172
0.698087 1198 4172
0.698117 1198 4172
0.705799 1198 4172
0.705834 1198 4172
0.705869 1198 4172
0.705902 1198 4172
0.713755 1198 4172
0.713776 1198 4172
0.713804 526 4172
0.713840 1198 4172
0.713878 1198 4172
0.713910 1198 4172
0.717765 1198 4172
0.717799 1198 4172
0.717833 1198 4172
0.717866 142 4172
0.717900 1198 4172
0.717934 1198 4172
0.717966 190 4172
0.729921 542 4172
0.729957 1198 4172
0.729984 1006 4172
0.730015 1198 4172
0.730042 1198 4172
0.730073 1198 4172
0.730109 1198 4172
0.737838 558 4172
0.737875 1198 4172
0.737911 1198 4172
0.737963 1198 4172
0.737999 1198 4172
0.738037 1198 4172
0.745775 1198 4172
0.745809 1198 4172
0.753818 606 4172
0.753856 1198 4172
0.753900 1198 4172
0.761871 1198 4172
0.761922 1198 4172
0.761964 1198 4172
0.769811 1198 4172
0.769845 1198 4172
0.777826 1198 4172
0.777873 142 4172
0.777922 1198 4172
0.777956 1198 4172
0.785847 1198 4172
0.785880 1198 4172
0.793871 1198 4172
0.793911 1198 4172
0.793949 958 4172
0.801803 1198 4172
0.801842 1198 4172
0.801878 1198 4172
0.805832 1198 4172
0.805923 1198 4172
0.817860 1198 4172
0.817889 1198 4172
0.817920 1198 4172
0.825925 1198 4172
0.825971 1198 4172
0.833860 1086 4172
0.833897 1198 4172
0.841857 1198 4172
0.841901 1198 4172
0.849865 1198 4172
0.849905 1198 4172
0.849938 1198 4172
0.857991 1198 4172
0.858020 622 4172
0.858054 1198 4172
0.865823 1198 4172
0.865877 1198 4172
0.865927 1198 4172
0.873807 1198 4172
0.873844 1198 4172
0.881789 750 4172
0.881849 1198 4172
0.881897 526 4172
0.881943 350 4172
0.889843 686 4172
0.889884 158 4172
0.889917 158 4172
0.889948 158 4172
0.889977 158 4172
0.890007 590 4172
0.890041 270 4172
0.890071 158 4172
0.890100 158 4172
0.890130 142 4172
0.890159 398 4172
0.893779 286 4172
0.893832 190 4172
0.937816 142 4172
0.937869 110 4172
0.937906 110 4172
0.937943 110 4172
1.007191 158 4172
1.025837 110 4172
1.061684 158 4172
1.069691 190 4172
1.113792 110 4172
1.201824 110 4172
1.201865 110 4172
1.201907 110 4172
1.245855 110 4172
1.377871 142 4172
1.421888 318 4172
1.449492 110 4172
1.449549 110 4172
1.449596 110 4172
1.465769 142 4172
1.564672 222 4172
1.597785 1198 4172
1.597862 1198 4172
1.597880 1198 4172
1.597924 494 4172
1.597961 142 4172
1.641941 1198 4172
1.642095 1198 4172
1.642102 126 4172
1.729847 110 4172
1.773846 526 4172
1.817873 398 4172
1.997856 110 4172
2.041825 110 4172
2.129804 110 4172
2.261804 110 4172
2.521869 110 4172
2.785888 110 4172
2.829708 142 4172
2.829728 142 4172
3.005802 142 4172
3.005806 142 4172
3.025900 110 4172
3.049848 110 4172
3.137836 110 4172
3.221842 110 4172
3.309770 110 4172
3.573856 110 4172
3.617837 142 4172
3.617939 142 4172
3.837800 142 4172
3.837894 142 4172
4.013688 110 4172
4.145801 110 4172
4.409799 142 4172
4.409985 142 4172
4.673902 142 4172
4.674001 142 4172
5.025861 110 4172
5.069822 142 4172
5.069901 142 4172
5.113693 110 4172
5.231595 110 4172
5.245794 142 4172
5.245805 142 4172
5.641794 142 4172
5.641926 142 4172
5.857840 142 4172
5.857891 142 4172
6.121765 110 4172
6.253754 110 4172
6.297699 142 4172
6.469757 142 4172
6.865765 142 4172
6.865799 142 4172
7.037759 110 4172
7.081750 142 4172
7.081832 142 4172
7.125750 110 4172
7.213701 110 4172
7.697640 142 4172
7.697739 142 4172
7.869651 142 4172
7.869744 142 4172
8.045744 110 4172
8.133770 110 4172
8.529590 142 4172
8.529674 142 4172
8.705714 142 4172
8.705767 142 4172
8.925757 110 4172
9.013663 110 4172
9.145801 110 4172
9.541695 142 4172
9.541743 142 4172
9.717766 142 4172
9.717849 142 4172
10.021731 110 4172
10.109636 110 4172
10.549716 142 4172
10.549815 142 4172
10.769682 142 4172
10.769768 142 4172
11.033650 110 4172
11.121692 110 4172
11.561557 142 4172
11.561587 142 4172
11.605667 110 4172
11.737676 142 4172
11.737761 142 4172
12.045679 110 4172
12.133713 110 4172
12.569691 142 4172
12.569779 142 4172
12.789629 142 4172
12.789677 142 4172
13.049666 110 4172
13.137645 110 4172
13.577680 142 4172
13.577851 142 4172
13.841677 142 4172
13.841847 142 4172
14.017581 110 4172
14.149580 110 4172
14.281648 110 4172
14.633683 142 4172
14.633686 142 4172
14.809628 142 4172
14.809651 142 4172
15.029522 110 4172
15.117576 110 4172
15.461524 142 4172
15.461569 142 4172
15.637607 142 4172
15.637626 142 4172
16.025758 110 4172
16.069693 142 4172
16.069816 142 4172
16.113419 110 4172
16.231669 110 4172
16.245596 142 4172
16.245690 142 4172
16.633594 142 4172
16.633637 142 4172
16.853586 142 4172
16.941631 110 4172
16.941765 142 4172
17.029622 110 4172
17.073577 142 4172
17.117612 110 4172
17.245600 110 4172
17.289619 142 4172
17.677633 142 4172
17.897526 142 4172
17.897612 142 4172
17.981626 142 4172
18.025673 110 4172
18.069546 142 4172
18.113501 110 4172
18.245529 110 4172
18.505523 142 4172
18.725592 142 4172
19.033573 110 4172
19.107370 142 4172
19.121642 110 4172
19.341511 142 4172
19.649444 110 4172
19.737520 142 4172
20.045587 110 4172
20.107346 142 4172
20.107390 142 4172
20.133538 110 4172
20.177473 142 4172
20.349586 142 4172
20.349684 142 4172
20.561614 60 60000
20.703171 174 4172
20.703195 318 4172
20.703228 494 4172
20.703257 158 4172
20.703285 158 4172
20.703314 158 4172
20.703342 158 4172
20.703370 158 4172
20.746460 126 4172
20.770090 1198 4172
20.770119 638 4172
20.770157 398 4172
20.770187 494 4172
20.770217 510 4172
20.770245 574 4172
20.770273 1198 4172
20.770301 1198 4172
20.770328 206 4172
20.773703 1198 4172
20.773744 574 4172
20.773775 686 4172
20.773807 510 4172
20.773836 622 4172
20.773865 1198 4172
20.773912 1198 4172
20.773936 702 4172
20.789464 478 4172
20.789513 414 4172
20.789551 366 4172
20.789584 190 4172
20.789634 1198 4172
20.789675 1198 4172
20.789700 1198 4172
20.789728 782 4172
20.816676 1198 4172
20.816715 1198 4172
20.816743 1198 4172
20.816770 1198 4172
20.816824 1198 4172
20.816844 1198 4172
20.816871 942 4172
20.829433 1198 4172
20.829438 1198 4172
20.829476 1198 4172
20.829502 1198 4172
20.829533 1198 4172
20.829564 1198 4172
20.829592 1198 4172
20.829645 302 4172
20.829704 1198 4172
20.833408 1198 4172
20.833452 1198 4172
20.833492 1198 4172
20.833541 1198 4172
20.833588 1198 4172
20.833618 1198 4172
20.833650 542 4172
20.847071 1198 4172
20.849577 1198 4172
20.849580 1198 4172
20.849607 1198 4172
20.849645 1198 4172
20.849674 1198 4172
20.849715 1198 4172
20.858696 1198 4172
20.858829 494 4172
20.865544 1198 4172
20.865585 1198 4172
20.865613 1198 4172
20.887763 1198 4172
20.888196 1198 4172
20.890639 126 4172
20.890761 1198 4172
20.890794 1198 4172
20.893815 206 4172
20.894096 1198 4172
20.894207 1198 4172
20.894234 1198 4172
20.894288 1198 4172
20.897481 1198 4172
20.905987 1198 4172
20.906021 1198 4172
20.906054 142 4172
20.906086 1198 4172
20.913477 1198 4172
20.913540 1198 4172
20.921494 1198 4172
20.921531 1198 4172
20.921557 1198 4172
20.934112 1198 4172
20.934134 814 4172
20.934167 1198 4172
20.939708 1198 4172
20.939753 1198 4172
20.945756 1198 4172
20.945786 1198 4172
20.956230 1198 4172
20.960083 110 4172
20.961034 110 4172
20.961148 1198 4172
20.961177 1198 4172
20.961221 1198 4172
20.961854 1198 4172
20.974667 1198 4172
20.977492 1198 4172
20.977606 1198 4172
20.977656 1198 4172
20.989986 1198 4172
20.990016 1198 4172
20.990051 1198 4172
20.990084 1198 4172
20.993663 1198 4172
20.993696 1198 4172
20.993729 1198 4172
21.002231 1198 4172
21.009525 1166 4172
21.009558 1198 4172
21.009593 1198 4172
21.017662 110 4172
21.017699 1198 4172
21.017816 1198 4172
21.027683 1198 4172
21.027764 1198 4172
21.034436 1198 4172
21.034464 398 4172
21.034493 1198 4172
21.034520 1198 4172
21.038098 1198 4172
21.038130 1198 4172
21.038178 1198 4172
21.049533 1198 4172
21.049562 1198 4172
21.058740 1198 4172
21.058854 1118 4172
21.058875 1198 4172
21.066120 1198 4172
21.066144 1198 4172
21.066175 1198 4172
21.074267 1198 4172
21.074307 1198 4172
21.081544 446 4172
21.081811 1198 4172
21.081843 1198 4172
21.081872 1198 4172
21.089468 1198 4172
21.089500 1198 4172
21.098275 1198 4172
21.098309 1166 4172
21.098346 1198 4172
21.105587 1198 4172
21.105606 1198 4172
21.105635 1198 4172
21.123262 1198 4172
21.123287 1198 4172
21.123315 1198 4172
21.138133 318 4172
21.138171 1198 4172
21.138238 110 4172
21.138272 1198 4172
21.138302 1198 4172
21.138332 1198 4172
21.138360 1198 4172
21.145120 574 4172
21.145163 270 4172
21.145194 254 4172
21.145220 190 4172
21.145248 190 4172
21.145277 190 4172
21.146488 190 4172
21.156036 190 4172
21.156070 190 4172
21.156098 190 4172
21.156124 190 4172
21.156149 190 4172
21.156174 190 4172
21.156199 190 4172
21.156225 190 4172
21.156250 190 4172
21.156275 190 4172
21.156308 1198 4172
21.156350 1198 4172
21.156363 1022 4172
21.157827 606 4172
21.157871 254 4172
21.157898 190 4172
21.157924 190 4172
21.157953 190 4172
21.157976 190 4172
21.158001 190 4172
21.158027 190 4172
21.158053 190 4172
21.158078 190 4172
21.158103 190 4172
21.158129 190 4172
21.169059 190 4172
21.169096 190 4172
21.169123 190 4172
21.169150 190 4172
21.182231 1198 4172
21.182244 1198 4172
21.182273 1118 4172
21.182305 254 4172
21.182333 190 4172
21.182379 190 4172
21.182421 190 4172
21.182446 190 4172
21.182473 190 4172
21.186079 190 4172
21.186122 190 4172
21.186153 190 4172
21.186181 190 4172
21.186207 190 4172
21.186233 190 4172
21.186259 190 4172
21.200334 190 4172
21.200361 190 4172
21.200393 1198 4172
21.200426 1198 4172
21.200455 574 4172
21.200487 702 4172
21.201442 254 4172
21.201477 190 4172
21.205390 190 4172
21.205426 190 4172
21.205455 190 4172
21.205482 190 4172
21.205509 1198 4172
21.205542 190 4172
21.205565 190 4172
21.205591 190 4172
21.210515 190 4172
21.210557 190 4172
21.210615 190 4172
21.210693 190 4172
21.210726 110 4172
21.210754 190 4172
21.210780 190 4172
21.228504 1198 4172
21.228549 110 4172
21.228600 1198 4172
21.228630 1198 4172
21.228659 606 4172
21.229359 174 4172
21.233780 174 4172
21.233805 174 4172
21.233834 174 4172
21.233859 174 4172
21.233886 174 4172
21.233911 174 4172
21.233939 174 4172
21.233963 174 4172
21.238320 174 4172
21.238354 174 4172
21.238381 174 4172
21.239017 60 60000
21.260067 174 4172
21.260095 174 4172
21.260125 1198 4172
21.260154 1198 4172
21.260437 1198 4172
21.260467 734 4172
21.260499 334 4172
21.262497 1198 4172
21.262532 1198 4172
21.262559 1198 4172
21.262587 1198 4172
21.262616 254 4172
21.262645 1198 4172
21.262673 1198 4172
21.262702 1198 4172
21.262731 1198 4172
21.262758 430 4172
21.262784 1198 4172
21.262812 1198 4172
21.262839 206 4172
21.262864 126 4172
21.278858 174 4172
21.332110 1198 4172
21.333835 1198 4172
21.339898 1198 4172
21.340207 1198 4172
21.343300 1198 4172
21.343419 590 4172
21.343453 1198 4172
21.343486 1198 4172
21.343515 1198 4172
21.343541 1198 4172
21.343584 1198 4172
21.385822 1198 4172
21.385864 990 4172
21.385898 110 4172
21.385929 126 4172
21.400480 1198 4172
21.407292 766 4172
21.429471 110 4172
21.485783 110 4172
21.485841 110 4172
21.485887 110 4172
21.498371 126 4172
21.505767 990 4172
21.518127 126 4172
21.518159 110 4172
21.525966 1198 4172
21.526005 1198 4172
21.526032 222 4172
21.532528 1198 4172
21.532561 190 4172
21.533485 174 4172
21.533519 174 4172
21.537844 174 4172
21.537875 174 4172
21.537902 174 4172
21.537929 174 4172
21.537953 174 4172
21.537981 1198 4172
21.538010 1086 4172
21.541708 1198 4172
21.541739 1198 4172
21.541768 254 4172
21.541794 1198 4172
21.541821 126 4172
21.541847 174 4172
21.541872 174 4172
21.541897 174 4172
21.541925 174 4172
21.547502 174 4172
21.548379 1198 4172
21.548381 1198 4172
21.548415 1198 4172
21.548444 750 4172
21.560860 1198 4172
21.560959 1198 4172
21.560986 1198 4172
21.561016 1198 4172
21.561080 1198 4172
21.561110 1198 4172
21.561139 302 4172
21.562443 1198 4172
21.562481 1198 4172
21.562514 702 4172
21.605518 1198 4172
21.605537 1198 4172
21.605565 174 4172
21.605594 318 4172
21.612279 174 4172
21.612311 174 4172
21.612338 174 4172
21.612362 174 4172
21.612389 110 4172
21.612414 1198 4172
21.612440 1198 4172
21.612467 110 4172
21.612500 1198 4172
21.612556 1198 4172
21.612613 318 4172
21.613426 1198 4172
21.613459 158 4172
21.613492 174 4172
21.613518 174 4172
21.613544 174 4172
21.613570 174 4172
21.618588 174 4172
21.618622 1198 4172
21.618652 1198 4172
21.618679 1198 4172
21.618709 862 4172
21.631126 1198 4172
21.631167 1198 4172
21.631201 1198 4172
21.631232 1198 4172
21.631266 1198 4172
21.631296 1198 4172
21.631324 302 4172
21.633415 1022 4172
21.649467 174 4172
21.693502 702 4172
21.707395 174 4172
21.727834 110 4172
21.737729 1198 4172
21.737782 638 4172
21.759612 110 4172
21.759668 110 4172
21.759711 110 4172
21.781476 478 4172
21.807465 1182 4172
21.825519 110 4172
21.869561 1198 4172
21.869659 1198 4172
21.869714 1198 4172
21.869763 878 4172
21.913687 110 4172
21.957506 1198 4172
22.001493 1198 4172
22.001605 1198 4172
22.001686 494 4172
22.007334 990 4172
22.015826 110 4172
22.026470 1198 4172
22.026603 190 4172
22.026622 110 4172
22.026661 110 4172
22.026694 110 4172
22.038383 1198 4172
22.038477 1198 4172
22.038518 1198 4172
22.038557 1198 4172
22.038595 766 4172
22.045443 1198 4172
22.045488 158 4172
22.058497 1198 4172
22.058590 430 4172
22.071845 1198 4172
22.071897 430 4172
22.089839 1198 4172
22.090055 1198 4172
22.090067 174 4172
22.133543 110 4172
22.221529 110 4172
22.309521 110 4172
22.309625 110 4172
22.309713 110 4172
22.573479 110 4172
22.573571 110 4172
22.573608 110 4172
22.837541 110 4172
23.013459 110 4172
23.101494 110 4172
23.145598 110 4172
23.409572 110 4172
23.629828 110 4172
23.893522 110 4172
24.025830 110 4172
24.113364 110 4172
24.201745 110 4172
24.465545 110 4172
25.037584 110 4172
25.125474 110 4172
26.049486 110 4172
26.137810 110 4172
27.017498 110 4172
27.121489 110 4172
27.149508 110 4172
28.029491 110 4172
28.117406 110 4172
29.041551 110 4172
29.129482 110 4172
29.789728 110 4172
30.009418 110 4172
30.141451 110 4172
31.021454 110 4172
31.109377 110 4172
32.033327 110 4172
32.121349 110 4172
32.473724 110 4172
33.045388 110 4172
34.013322 110 4172
34.145487 110 4172
35.025293 110 4172
35.113310 110 4172
35.157344 110 4172
36.037377 110 4172
36.125546 110 4172
37.045287 110 4172
37.133299 110 4172
37.837374 110 4172
38.013215 110 4172
38.145259 110 4172
39.025217 110 4172
39.113222 110 4172
40.029236 110 4172
40.117222 110 4172
41.037261 110 4172
41.125261 110 4172
41.441157 1198 4172
41.441221 1198 4172
41.441280 1198 4172
41.441328 1198 4172
41.441372 1198 4172
41.441417 1198 4172
41.441460 1198 4172
41.441510 414 4172
41.455241 1198 4172
41.455262 1198 4172
41.455335 1198 4172
41.455336 1198 4172
41.455372 1198 4172
41.455436 1198 4172
41.455465 1198 4172
41.455540 1198 4172
41.455564 446 4172
41.457140 1198 4172
41.457177 1198 4172
41.457208 1198 4172
41.457237 1198 4172
41.457283 1198 4172
41.457298 1198 4172
41.457349 1198 4172
41.457385 1198 4172
41.457415 1182 4172
41.469632 1198 4172
41.469723 1198 4172
41.469725 1198 4172
41.469743 1198 4172
41.469767 1198 4172
41.469795 1198 4172
41.469817 1198 4172
41.477265 1198 4172
41.477301 254 4172
41.477335 1198 4172
41.477368 1198 4172
41.477402 1198 4172
41.485210 1198 4172
41.493295 1198 4172
41.493329 1198 4172
41.493385 1198 4172
41.497258 60 60000
41.501135 878 4172
41.501177 1198 4172
41.501236 1198 4172
41.509110 1198 4172
41.509146 1198 4172
41.509180 1198 4172
41.517162 1198 4172
41.517206 1198 4172
41.517246 1198 4172
41.525335 766 4172
41.525368 1198 4172
41.525399 1198 4172
41.533264 1198 4172
41.533301 1198 4172
41.541142 1198 4172
41.545187 1198 4172
41.565211 558 4172
41.565261 1198 4172
41.573212 1198 4172
41.581126 1198 4172
41.581166 1198 4172
41.589152 1198 4172
41.597281 1198 4172
41.605184 1198 4172
41.613143 1198 4172
41.613192 1198 4172
41.621150 126 4172
41.621188 1198 4172
41.629150 1198 4172
41.633065 1198 4172
41.645222 1198 4172
41.653208 1198 4172
41.653269 1198 4172
41.661215 1198 4172
41.669229 1198 4172
41.677204 1198 4172
41.685200 702 4172
41.685250 1198 4172
41.693296 1198 4172
41.701175 1198 4172
41.701222 1198 4172
41.709255 1198 4172
41.717219 1198 4172
41.721197 1198 4172
41.721235 1198 4172
41.733298 1198 4172
41.741192 1022 4172
41.749174 1198 4172
41.749230 1198 4172
41.757119 1198 4172
41.765095 1198 4172
41.773158 1198 4172
41.781147 1198 4172
41.781223 1198 4172
41.789142 1198 4172
41.797302 110 4172
41.797344 1198 4172
41.805282 190 4172
41.805327 1198 4172
41.809105 1198 4172
41.809147 1198 4172
41.821167 1198 4172
41.829178 1198 4172
41.837168 1198 4172
41.837214 1198 4172
41.846534 622 4172
41.852951 1198 4172
41.853279 1198 4172
41.859971 1198 4172
41.869266 1198 4172
41.877171 1198 4172
41.877203 1198 4172
41.885166 1054 4172
41.893211 1198 4172
41.893281 1198 4172
41.909172 1198 4172
41.926833 1198 4172
41.926894 1198 4172
41.934057 1198 4172
41.934075 190 4172
41.934102 1198 4172
41.942490 1198 4172
41.942631 1198 4172
41.946243 1198 4172
41.957579 1198 4172
41.965288 1198 4172
41.965315 1198 4172
41.973827 1198 4172
41.996708 1198 4172
41.998140 270 4172
42.005179 1198 4172
42.005208 126 4172
42.005243 1198 4172
42.005274 1198 4172
42.005300 1198 4172
42.013847 670 4172
42.013886 606 4172
42.013915 1198 4172
42.021142 1198 4172
42.037575 110 4172
42.037591 1198 4172
42.049145 1198 4172
42.056503 718 4172
42.056553 1198 4172
42.070798 1198 4172
42.076745 1198 4172
42.076771 1198 4172
42.076805 110 4172
42.076836 1198 4172
42.085201 1198 4172
42.093354 1198 4172
42.106111 1198 4172
42.106145 542 4172
42.109438 1198 4172
42.109464 1198 4172
42.117179 1198 4172
42.125305 110 4172
42.125337 1198 4172
42.125368 1198 4172
42.133339 1198 4172
42.141152 494 4172
42.141179 1198 4172
42.149154 1198 4172
42.157208 1198 4172
42.157233 1198 4172
42.166345 1198 4172
42.177334 1198 4172
42.177354 1054 4172
42.181151 1198 4172
42.192303 1198 4172
42.192326 1198 4172
42.197153 1198 4172
42.205236 1198 4172
42.213154 1198 4172
42.213188 1198 4172
42.221195 1198 4172
42.229130 110 4172
42.229157 1198 4172
42.237246 1198 4172
42.245171 1198 4172
42.245226 1198 4172
42.258291 974 4172
42.261242 1198 4172
42.261273 1198 4172
42.273920 702 4172
42.277201 1198 4172
42.292670 1198 4172
42.293403 910 4172
42.293428 1198 4172
42.302350 1198 4172
42.302853 1198 4172
42.311179 1198 4172
42.317198 1198 4172
42.329347 1198 4172
42.330142 814 4172
42.336518 1198 4172
42.337603 1198 4172
42.342426 1198 4172
42.348965 1198 4172
42.349130 1198 4172
42.349200 60 60000
42.357136 110 4172
42.357198 1198 4172
42.365159 1198 4172
42.373163 366 4172
42.373227 1198 4172
42.373273 1198 4172
42.384792 1198 4172
42.389781 1198 4172
42.394667 1198 4172
42.394721 1198 4172
42.407534 638 4172
42.407620 1198 4172
42.413866 1198 4172
42.421103 1198 4172
42.421142 1198 4172
42.429216 1198 4172
42.437146 1198 4172
42.437184 1198 4172
42.445127 1198 4172
42.453163 1198 4172
42.461209 1198 4172
42.461240 1198 4172
42.469844 1198 4172
42.480215 1198 4172
42.480285 110 4172
42.480332 1198 4172
42.481050 1198 4172
42.493245 1198 4172
42.493272 1198 4172
42.501312 1198 4172
42.509324 1198 4172
42.509366 110 4172
42.509407 1198 4172
42.517156 1198 4172
42.525193 1198 4172
42.533154 1198 4172
42.533177 1198 4172
42.541154 1198 4172
42.549146 110 4172
42.549182 1198 4172
42.557168 1198 4172
42.565140 1198 4172
42.572778 846 4172
42.572813 1198 4172
42.581154 1198 4172
42.581206 1198 4172
42.589148 622 4172
42.589181 398 4172
42.597150 1198 4172
42.597189 174 4172
42.597218 174 4172
42.606692 174 4172
42.606725 174 4172
42.606756 174 4172
42.606781 174 4172
42.606813 174 4172
42.609142 1198 4172
42.609174 110 4172
42.609202 174 4172
42.609230 1198 4172
42.613089 174 4172
42.625194 174 4172
42.625233 174 4172
42.625257 174 4172
42.625284 174 4172
42.625310 174 4172
42.625337 1198 4172
42.633500 1198 4172
42.633567 798 4172
42.641191 558 4172
42.641282 478 4172
42.641394 206 4172
42.649411 174 4172
42.649436 1198 4172
42.649473 254 4172
42.657129 238 4172
42.657165 1198 4172
42.657199 1198 4172
42.665376 1198 4172
42.694591 1198 4172
42.694627 766 4172
42.701084 1134 4172
42.745465 318 4172
42.789346 1198 4172
42.789447 206 4172
42.833210 430 4172
42.877251 990 4172
42.895845 110 4172
42.921316 830 4172
43.009144 110 4172
43.066173 1198 4172
43.066250 574 4172
43.077700 1198 4172
43.077824 142 4172
43.090068 750 4172
43.097222 1198 4172
43.097283 478 4172
43.141160 110 4172
43.185182 110 4172
43.229174 110 4172
43.449511 110 4172
43.713233 110 4172
43.977168 110 4172
44.021132 110 4172
44.109309 110 4172
44.241258 110 4172
44.505169 110 4172
44.769475 110 4172
45.025206 110 4172
45.029305 110 4172
45.117319 110 4172
45.337175 110 4172
46.041217 110 4172
46.129174 110 4172
46.829325 446 4172
46.829384 286 4172
46.910140 174 4172
46.910171 174 4172
46.910204 174 4172
46.910233 174 4172
46.913789 174 4172
46.913826 174 4172
46.913858 174 4172
46.916962 174 4172
46.916994 174 4172
46.917028 174 4172
46.921521 174 4172
46.921563 174 4172
46.921596 174 4172
46.927414 174 4172
46.927450 174 4172
46.927501 1198 4172
46.927538 1198 4172
46.927570 894 4172
46.961199 1198 4172
46.961318 1198 4172
46.961366 302 4172
47.022832 110 4172
47.049079 1198 4172
47.071850 1198 4172
47.071898 238 4172
47.077816 1198 4172
47.077862 1198 4172
47.077902 1198 4172
47.077941 1198 4172
47.077979 558 4172
47.091398 990 4172
47.093123 1198 4172
47.093170 382 4172
47.107632 1198 4172
47.111422 110 4172
47.122003 1198 4172
47.122046 430 4172
47.135584 1198 4172
47.135647 430 4172
47.137076 1198 4172
47.137123 1198 4172
47.137163 174 4172
47.173322 174 4172
47.181231 110 4172
47.225165 110 4172
47.313113 110 4172
47.445079 110 4172
47.753368 110 4172
48.007587 110 4172
48.017059 110 4172
48.149113 110 4172
48.281158 110 4172
49.025200 110 4172
49.113071 110 4172
50.029126 110 4172
50.117119 110 4172
50.953329 110 4172
51.041201 110 4172
51.129102 110 4172
52.008991 110 4172
52.141143 110 4172
53.017048 110 4172
53.149080 110 4172
53.629075 110 4172
54.025168 110 4172
54.112970 110 4172
55.028979 110 4172
55.117019 110 4172
56.028959 110 4172
56.116898 110 4172
56.293116 110 4172
57.037110 110 4172
57.124887 110 4172
58.040950 110 4172
58.128958 110 4172
58.964867 110 4172
59.008924 110 4172
59.140915 110 4172
60.021005 110 4172
60.108787 110 4172
61.028793 110 4172
61.116775 110 4172
62.028887 110 4172
62.116791 110 4172
62.544261 1198 4172
62.544350 1198 4172
62.544382 1198 4172
62.544430 1198 4172
62.544470 1198 4172
62.544508 1198 4172
62.544546 974 4172
62.552809 1198 4172
62.552853 1198 4172
62.552893 1198 4172
62.552932 1198 4172
62.552973 1198 4172
62.564813 1198 4172
62.564904 942 4172
62.564948 1198 4172
62.564989 1198 4172
62.574451 1198 4172
62.574517 1198 4172
62.580794 1198 4172
62.588808 1198 4172
62.588890 1070 4172
62.596913 1198 4172
62.600864 60 60000
62.604871 1198 4172
62.604898 1198 4172
62.608794 1198 4172
62.621111 1198 4172
62.621226 1198 4172
62.628969 1198 4172
62.639095 190 4172
62.639216 1198 4172
62.644832 1198 4172
62.653066 1198 4172
62.661126 1198 4172
62.661204 1198 4172
62.664717 1198 4172
62.664770 174 4172
62.672846 1198 4172
62.680887 1198 4172
62.680976 1198 4172
62.688882 1198 4172
62.696911 1198 4172
62.696954 1198 4172
62.704899 958 4172
62.704956 1198 4172
62.712859 1198 4172
62.720846 1198 4172
62.720898 1198 4172
62.728887 1198 4172
62.736831 110 4172
62.736910 1198 4172
62.736941 254 4172
62.736971 1198 4172
62.740794 1198 4172
62.752853 1198 4172
62.752912 1198 4172
62.760903 1198 4172
62.768938 1198 4172
62.768995 1198 4172
62.776787 1198 4172
62.784830 1198 4172
62.784886 1198 4172
62.792907 1198 4172
62.800821 1198 4172
62.800897 1198 4172
62.808833 446 4172
62.808887 222 4172
62.808930 1198 4172
62.816949 1198 4172
62.824917 1198 4172
62.824972 1198 4172
62.830344 1198 4172
62.830399 1198 4172
62.840904 750 4172
62.840962 1198 4172
62.848806 1198 4172
62.856763 1198 4172
62.856814 1198 4172
62.872903 1198 4172
62.872970 142 4172
62.873013 1198 4172
62.880836 1198 4172
62.888842 1198 4172
62.888910 1198 4172
62.896850 1198 4172
62.904852 1198 4172
62.904917 1198 4172
62.912842 926 4172
62.912930 1198 4172
62.916813 1198 4172
62.928841 1198 4172
62.928893 1198 4172
62.936884 1198 4172
62.947208 1198 4172
62.947280 670 4172
62.947315 1198 4172
62.955973 1198 4172
62.960930 1198 4172
62.960990 1198 4172
62.968845 1198 4172
62.976918 1198 4172
62.976974 622 4172
62.985599 1198 4172
62.985653 1198 4172
62.995369 1198 4172
63.000851 1198 4172
63.000875 1198 4172
63.013685 110 4172
63.013718 1198 4172
63.013748 1182 4172
63.016914 1198 4172
63.024890 1198 4172
63.024955 110 4172
63.025005 638 4172
63.044605 398 4172
63.044825 158 4172
63.044897 158 4172
63.044951 158 4172
63.044995 158 4172
63.067239 158 4172
63.067260 174 4172
63.067296 238 4172
63.067329 270 4172
63.067360 158 4172
63.067395 158 4172
63.067454 158 4172
63.067484 158 4172
63.067518 158 4172
63.067546 158 4172
63.067575 158 4172
63.067601 158 4172
63.067629 366 4172
63.067657 174 4172
63.081436 1198 4172
63.081671 1198 4172
63.081709 1198 4172
63.081742 1198 4172
63.081777 1198 4172
63.081814 1198 4172
63.081856 574 4172
63.098368 1198 4172
63.098420 1198 4172
63.102000 1198 4172
63.102060 1198 4172
63.102117 1198 4172
63.102247 1198 4172
63.109056 494 4172
63.109092 1198 4172
63.116951 110 4172
63.116976 1198 4172
63.124853 1198 4172
63.124884 1198 4172
63.154363 1198 4172
63.156834 1198 4172
63.156884 414 4172
63.156939 1198 4172
63.156967 1198 4172
63.156998 126 4172
63.157027 1198 4172
63.157056 1198 4172
63.165216 1198 4172
63.173293 1198 4172
63.173330 782 4172
63.186708 1198 4172
63.188096 1198 4172
63.189422 1198 4172
63.198185 1198 4172
63.198299 1198 4172
63.208319 1198 4172
63.208367 558 4172
63.212686 1198 4172
63.212836 1198 4172
63.226044 1198 4172
63.229701 1198 4172
63.230520 110 4172
63.231299 1198 4172
63.237801 1198 4172
63.237845 1198 4172
63.244064 1198 4172
63.253036 1198 4172
63.253429 1198 4172
63.265811 270 4172
63.268873 110 4172
63.268909 1198 4172
63.268943 1198 4172
63.278212 1198 4172
63.280886 1006 4172
63.284822 1198 4172
63.292965 1198 4172
63.292999 1198 4172
63.301535 1198 4172
63.301605 1198 4172
63.317685 1198 4172
63.331549 1198 4172
63.331637 750 4172
63.331670 1198 4172
63.331696 1198 4172
63.332825 1198 4172
63.332855 1198 4172
63.350734 1198 4172
63.366033 542 4172
63.366122 1198 4172
63.366159 1198 4172
63.366190 1198 4172
63.384376 1198 4172
63.384603 1198 4172
63.384633 334 4172
63.384664 1198 4172
63.384742 1198 4172
63.390071 1198 4172
63.391091 1198 4172
63.391133 1198 4172
63.396964 1198 4172
63.404893 110 4172
63.404936 1198 4172
63.404968 1198 4172
63.413262 1198 4172
63.420882 1198 4172
63.420905 1198 4172
63.429691 1198 4172
63.429722 190 4172
63.429754 1198 4172
63.435789 1198 4172
63.445708 1198 4172
63.446301 1198 4172
63.447932 60 60000
63.452865 1198 4172
63.452880 1198 4172
63.460895 222 4172
63.460908 1198 4172
63.468988 1198 4172
63.469023 1198 4172
63.484877 1198 4172
63.484968 1198 4172
63.500250 302 4172
63.509577 1198 4172
63.510506 1198 4172
63.524891 1198 4172
63.525348 1198 4172
63.525504 814 4172
63.525535 222 4172
63.525562 270 4172
63.525590 174 4172
63.525614 174 4172
63.531376 1198 4172
63.531409 174 4172
63.531441 174 4172
63.531472 1198 4172
63.531500 1198 4172
63.531527 366 4172
63.531556 110 4172
63.531585 1198 4172
63.544048 1198 4172
63.549121 238 4172
63.549162 1198 4172
63.549201 1198 4172
63.556811 846 4172
63.556855 1198 4172
63.565078 1198 4172
63.572859 1198 4172
63.584141 1198 4172
63.584189 686 4172
63.600687 1198 4172
63.601760 1198 4172
63.601813 206 4172
63.608869 1198 4172
63.608908 510 4172
63.608943 174 4172
63.608974 174 4172
63.609004 174 4172
63.609036 206 4172
63.609067 446 4172
63.609097 1198 4172
63.648010 766 4172
63.726791 1198 4172
63.728804 766 4172
63.728874 174 4172
63.732838 1198 4172
63.732924 1198 4172
63.732956 638 4172
63.761462 926 4172
63.777333 398 4172
63.777401 174 4172
63.777437 1198 4172
63.777470 1198 4172
63.777518 1102 4172
63.777549 142 4172
63.796756 1198 4172
63.796826 1198 4172
63.796857 1198 4172
63.796905 1198 4172
63.796932 110 4172
63.807792 1198 4172
63.807855 190 4172
63.809822 1198 4172
63.809862 1198 4172
63.809888 574 4172
63.812993 1198 4172
63.813025 1198 4172
63.813057 734 4172
63.813085 1198 4172
63.813114 1198 4172
63.813144 846 4172
63.821034 1198 4172
63.821092 1198 4172
63.821206 1086 4172
63.828812 1198 4172
63.828843 1198 4172
63.837682 174 4172
63.837762 1198 4172
63.837878 1198 4172
63.844781 1198 4172
63.844820 670 4172
63.862009 174 4172
63.864757 126 4172
63.908857 190 4172
63.952807 478 4172
63.996010 174 4172
63.996948 206 4172
64.026905 110 4172
64.040878 238 4172
64.128772 110 4172
64.201216 270 4172
64.207606 238 4172
64.209714 110 4172
64.216845 846 4172
64.229056 558 4172
64.237512 158 4172
64.249694 558 4172
64.260985 750 4172
64.273910 878 4172
64.285998 1198 4172
64.286045 974 4172
64.297849 1198 4172
64.297909 1198 4172
64.297954 174 4172
64.304816 1198 4172
64.304861 702 4172
64.317530 1198 4172
64.317586 1038 4172
64.329355 1134 4172
64.341703 286 4172
64.341746 110 4172
64.341789 110 4172
64.341828 110 4172
64.349167 1198 4172
64.349196 510 4172
64.357961 1198 4172
64.358008 862 4172
64.370186 1198 4172
64.370227 1198 4172
64.370268 1198 4172
64.370307 1166 4172
64.382021 1198 4172
64.382111 1198 4172
64.382151 1198 4172
64.382192 1198 4172
64.382228 654 4172
64.389914 1198 4172
64.389959 1198 4172
64.389998 1198 4172
64.390036 782 4172
64.392805 1198 4172
64.392870 1198 4172
64.392917 142 4172
64.409813 1134 4172
64.421935 1198 4172
64.422034 702 4172
64.434170 1198 4172
64.434263 1150 4172
64.436805 1198 4172
64.436853 1198 4172
64.436899 1198 4172
64.436936 526 4172
64.454234 1198 4172
64.454282 1198 4172
64.454319 1198 4172
64.454357 750 4172
64.480872 1198 4172
64.480943 1198 4172
64.480979 1198 4172
64.481015 254 4172
64.612863 110 4172
64.612985 110 4172
64.613048 110 4172
64.872951 110 4172
64.872991 110 4172
64.873026 110 4172
65.048736 110 4172
65.124911 110 4172
65.136864 110 4172
65.401154 110 4172
65.709083 110 4172
65.968924 110 4172
66.012890 110 4172
66.144804 110 4172
66.492981 110 4172
66.752726 110 4172
67.012777 110 4172
67.144841 110 4172
68.020948 110 4172
68.148929 110 4172
69.028678 110 4172
69.116859 110 4172
69.512836 110 4172
70.036852 110 4172
70.125075 110 4172
71.036830 110 4172
71.125078 110 4172
72.048779 110 4172
72.136812 110 4172
72.180659 110 4172
73.008727 110 4172
73.140798 110 4172
74.016692 110 4172
74.148589 110 4172
74.852783 110 4172
75.028729 110 4172
75.116656 110 4172
76.036688 110 4172
76.124802 110 4172
77.036724 110 4172
77.124804 110 4172
78.048679 110 4172
78.136771 110 4172
79.016619 110 4172
79.148698 110 4172
80.024782 110 4172
80.112627 110 4172
80.244648 110 4172
81.032664 110 4172
81.120588 110 4172
82.044688 110 4172
82.132677 110 4172
82.876662 110 4172
83.008556 110 4172
83.136742 110 4172
83.639833 1198 4172
83.639899 1198 4172
83.639933 1198 4172
83.639963 1198 4172
83.639992 1198 4172
83.640022 1198 4172
83.640050 558 4172
83.652104 1198 4172
83.652137 1198 4172
83.652174 1198 4172
83.652202 1198 4172
83.652231 1198 4172
83.652260 1198 4172
83.652288 590 4172
83.664654 1198 4172
83.664684 1198 4172
83.664731 1198 4172
83.664768 1198 4172
83.664796 1198 4172
83.664822 1198 4172
83.664851 574 4172
83.672596 1198 4172
83.672629 1198 4172
83.672662 1198 4172
83.672695 1198 4172
83.672728 1198 4172
83.680659 1198 4172
83.680702 974 4172
83.688515 1198 4172
83.688553 1198 4172
83.696950 1198 4172
83.696990 1198 4172
83.704587 1198 4172
83.704605 60 60000
83.704626 1198 4172
83.708475 670 4172
83.708583 1198 4172
83.720511 1198 4172
83.728513 1198 4172
83.728547 1198 4172
83.736537 1086 4172
83.736574 1198 4172
83.744552 1198 4172
83.752499 1198 4172
83.752542 1198 4172
83.752574 1198 4172
83.760530 1198 4172
83.760565 494 4172
83.768557 1198 4172
83.768594 1198 4172
83.776640 1198 4172
83.776693 1198 4172
83.784594 1198 4172
83.784626 1198 4172
83.792559 414 4172
83.792600 1198 4172
83.796493 1198 4172
83.796537 1198 4172
83.808602 1198 4172
83.808669 1198 4172
83.816650 1198 4172
83.816685 238 4172
83.816715 1198 4172
83.824664 1198 4172
83.824704 1198 4172
83.824764 1198 4172
83.832517 1198 4172
83.832574 1198 4172
83.840527 1198 4172
83.840580 574 4172
83.848549 1198 4172
83.848580 1198 4172
83.848614 1198 4172
83.856632 1198 4172
83.856676 1198 4172
83.864597 1198 4172
83.864639 990 4172
83.872655 1198 4172
83.872696 1198 4172
83.880600 1198 4172
83.880659 1198 4172
83.880702 1198 4172
83.884554 1198 4172
83.884670 190 4172
83.884703 1198 4172
83.896576 1198 4172
83.896717 1198 4172
83.904550 1198 4172
83.904582 1198 4172
83.912540 1198 4172
83.912615 382 4172
83.912647 1198 4172
83.920506 1198 4172
83.920555 1198 4172
83.928484 1198 4172
83.928517 1198 4172
83.936535 110 4172
83.936571 1198 4172
83.936602 174 4172
83.936631 1198 4172
83.944617 1198 4172
83.944653 1198 4172
83.952541 1198 4172
83.952591 1198 4172
83.952631 1198 4172
83.960598 622 4172
83.960631 1198 4172
83.960663 1198 4172
83.969356 1198 4172
83.969393 526 4172
83.972423 398 4172
83.972460 270 4172
83.972490 254 4172
83.972517 270 4172
83.972543 318 4172
83.972569 222 4172
83.972595 222 4172
83.976449 222 4172
83.976478 222 4172
83.976506 222 4172
83.976533 222 4172
83.976559 238 4172
83.976588 270 4172
83.976610 334 4172
83.988541 238 4172
83.988574 270 4172
83.988605 1198 4172
83.988633 1198 4172
83.988659 1198 4172
83.996589 1198 4172
83.996620 1198 4172
84.006243 1198 4172
84.019451 606 4172
84.021225 1198 4172
84.021424 1198 4172
84.072282 1198 4172
84.073163 1198 4172
84.073190 110 4172
84.073222 670 4172
84.073252 126 4172
84.073295 174 4172
84.096822 158 4172
84.096846 158 4172
84.096872 158 4172
84.096899 158 4172
84.096927 158 4172
84.096953 158 4172
84.096981 158 4172
84.097006 126 4172
84.097033 398 4172
84.107735 126 4172
84.120854 110 4172
84.142010 1198 4172
84.142051 1198 4172
84.142078 1198 4172
84.142104 446 4172
84.142131 398 4172
84.142156 510 4172
84.142181 462 4172
84.142205 398 4172
84.142229 414 4172
84.144614 446 4172
84.144651 526 4172
84.144678 414 4172
84.144703 382 4172
84.144729 382 4172
84.144755 430 4172
84.144779 462 4172
84.153122 478 4172
84.153160 462 4172
84.153194 1198 4172
84.153223 1198 4172
84.153251 1198 4172
84.153279 1198 4172
84.153310 1198 4172
84.153337 302 4172
84.168654 382 4172
84.176942 126 4172
84.177297 1198 4172
84.177850 1198 4172
84.177902 1198 4172
84.177932 814 4172
84.177958 462 4172
84.177984 478 4172
84.178011 462 4172
84.178036 430 4172
84.203372 510 4172
84.203496 446 4172
84.203497 462 4172
84.203526 446 4172
84.203553 414 4172
84.203582 462 4172
84.203609 494 4172
84.203637 446 4172
84.203670 430 4172
84.203703 446 4172
84.203733 1198 4172
84.203763 1198 4172
84.203792 1198 4172
84.203824 1198 4172
84.203851 174 4172
84.207826 110 4172
84.207865 1198 4172
84.207894 1198 4172
84.207921 1198 4172
84.207947 1198 4172
84.207975 1198 4172
84.207999 1198 4172
84.208024 574 4172
84.214812 110 4172
84.221358 1198 4172
84.221407 1198 4172
84.221437 1198 4172
84.221466 1198 4172
84.221497 1198 4172
84.233612 1198 4172
84.233696 814 4172
84.234568 1198 4172
84.236535 1198 4172
84.248210 1198 4172
84.250029 1198 4172
84.250577 1198 4172
84.251271 414 4172
84.267818 1198 4172
84.267864 1198 4172
84.281373 1198 4172
84.281408 1198 4172
84.282464 1198 4172
84.283325 990 4172
84.285364 1198 4172
84.291435 1198 4172
84.291491 1198 4172
84.291519 1198 4172
84.291546 1198 4172
84.291570 1198 4172
84.291596 1198 4172
84.301040 1198 4172
84.301132 1198 4172
84.301147 526 4172
84.308555 1198 4172
84.308591 1198 4172
84.308625 1198 4172
84.318567 1198 4172
84.318794 1198 4172
84.324683 1198 4172
84.324734 110 4172
84.324763 238 4172
84.324791 1198 4172
84.332586 1198 4172
84.332622 1198 4172
84.332655 1198 4172
84.340531 1198 4172
84.340571 734 4172
84.340600 1198 4172
84.348911 1198 4172
84.348999 1198 4172
84.356561 1198 4172
84.356606 1198 4172
84.356633 1022 4172
84.372938 1198 4172
84.373024 1198 4172
84.379551 1198 4172
84.379615 1198 4172
84.379655 1198 4172
84.379692 1198 4172
84.379719 1198 4172
84.387430 1198 4172
84.388532 398 4172
84.388567 1198 4172
84.397639 1198 4172
84.397681 1198 4172
84.397746 1198 4172
84.404614 1198 4172
84.404658 1198 4172
84.419833 1006 4172
84.419909 1198 4172
84.419937 1198 4172
84.420550 110 4172
84.420580 1198 4172
84.420606 1198 4172
84.438757 1198 4172
84.439484 1198 4172
84.439521 1198 4172
84.445635 1198 4172
84.445704 1198 4172
84.445742 1198 4172
84.445772 1198 4172
84.453625 1198 4172
84.469459 1198 4172
84.469512 1182 4172
84.469544 1198 4172
84.469570 1198 4172
84.479967 1198 4172
84.485640 110 4172
84.485836 1198 4172
84.485874 1198 4172
84.485909 702 4172
84.485938 1198 4172
84.485965 158 4172
84.486009 1198 4172
84.495074 1198 4172
84.495123 1198 4172
84.495159 1198 4172
84.495190 1198 4172
84.501453 1150 4172
84.501493 1198 4172
84.501525 1198 4172
84.508565 1198 4172
84.508608 1198 4172
84.517237 1198 4172
84.517426 1198 4172
84.517458 126 4172
84.517555 1198 4172
84.525640 1198 4172
84.525719 1198 4172
84.539975 1198 4172
84.540334 1182 4172
84.540499 1198 4172
84.540549 1198 4172
84.544585 766 4172
84.544616 174 4172
84.544647 174 4172
84.544677 174 4172
84.544706 1198 4172
84.544735 638 4172
84.549214 60 60000
84.552536 1198 4172
84.552572 1198 4172
84.560539 1198 4172
84.560582 238 4172
84.560616 1198 4172
84.560648 1198 4172
84.572300 1198 4172
84.572343 302 4172
84.572600 1198 4172
84.572709 1198 4172
84.576570 1198 4172
84.584542 366 4172
84.584594 1198 4172
84.584625 1198 4172
84.591829 1198 4172
84.591870 398 4172
84.591904 1198 4172
84.591935 1198 4172
84.604609 1198 4172
84.604783 478 4172
84.604810 1198 4172
84.604845 1198 4172
84.612500 1198 4172
84.612535 1118 4172
84.612570 1198 4172
84.620570 1198 4172
84.620609 1198 4172
84.632078 1198 4172
84.632102 670 4172
84.632135 1198 4172
84.632506 1198 4172
84.632545 1198 4172
84.646969 1118 4172
84.647002 1198 4172
84.647033 1198 4172
84.652584 1198 4172
84.652632 254 4172
84.652663 174 4172
84.652692 1198 4172
84.677706 1198 4172
84.677792 814 4172
84.677822 286 4172
84.677855 846 4172
84.721384 174 4172
84.762984 110 4172
84.764511 558 4172
84.809722 1134 4172
84.852659 414 4172
84.852692 174 4172
84.852727 1198 4172
84.852764 398 4172
84.852795 238 4172
84.898109 174 4172
84.898218 1198 4172
84.898235 590 4172
84.930795 1198 4172
84.930880 926 4172
84.940805 1198 4172
84.940943 1198 4172
84.940981 974 4172
84.969486 366 4172
84.973818 174 4172
84.973855 174 4172
84.973886 174 4172
84.977281 174 4172
84.977316 174 4172
84.977339 174 4172
84.977366 174 4172
84.981030 174 4172
84.981059 174 4172
84.981088 174 4172
84.981114 174 4172
84.984396 174 4172
84.984425 174 4172
84.984453 174 4172
84.988877 1198 4172
84.988917 1198 4172
84.988947 942 4172
85.004848 1198 4172
85.004934 1198 4172
85.004935 1198 4172
85.004966 1198 4172
85.005005 1198 4172
85.005038 334 4172
85.028568 110 4172
85.028572 110 4172
85.072501 174 4172
85.072578 174 4172
85.072579 174 4172
85.076436 174 4172
85.076483 174 4172
85.076517 174 4172
85.080735 174 4172
85.080775 174 4172
85.080806 174 4172
85.080837 174 4172
85.084895 174 4172
85.084932 174 4172
85.084964 174 4172
85.090900 174 4172
85.090929 174 4172
85.090967 1198 4172
85.091000 1198 4172
85.091028 942 4172
85.094544 1198 4172
85.094583 1198 4172
85.094612 1198 4172
85.094648 1198 4172
85.094679 1198 4172
85.094710 334 4172
85.107779 1198 4172
85.107835 894 4172
85.248552 110 4172
85.292822 110 4172
85.374885 174 4172
85.380533 958 4172
85.494919 1134 4172
85.501226 1198 4172
85.501276 206 4172
85.512518 1198 4172
85.512563 1198 4172
85.512600 990 4172
85.521209 1198 4172
85.521301 926 4172
85.533245 1198 4172
85.533332 1086 4172
85.533336 1198 4172
85.541149 1198 4172
85.541194 1198 4172
85.541231 382 4172
85.541268 110 4172
85.549275 1198 4172
85.549321 1198 4172
85.549359 206 4172
85.556493 1198 4172
85.556541 1198 4172
85.556580 894 4172
85.569206 1198 4172
85.569250 1198 4172
85.569292 1198 4172
85.569328 1198 4172
85.569364 926 4172
85.581337 1198 4172
85.581427 1198 4172
85.581429 1198 4172
85.581465 1198 4172
85.581503 1198 4172
85.581540 1198 4172
85.581576 142 4172
85.589158 1198 4172
85.589200 1198 4172
85.589240 1198 4172
85.589276 366 4172
85.600453 1198 4172
85.600558 1198 4172
85.600572 1198 4172
85.600617 1198 4172
85.600660 366 4172
85.610800 990 4172
85.617175 1198 4172
85.617223 430 4172
85.629499 1198 4172
85.641477 1198 4172
85.641521 1198 4172
85.641558 478 4172
85.644691 1198 4172
85.644737 1198 4172
85.644773 814 4172
85.661553 1198 4172
85.661564 1198 4172
85.661641 1198 4172
85.661642 494 4172
85.669541 1198 4172
85.669593 1198 4172
85.669630 1198 4172
85.669665 926 4172
85.677802 1198 4172
85.677844 1198 4172
85.677896 1198 4172
85.677940 1198 4172
85.677979 830 4172
85.688519 1198 4172
85.688565 1198 4172
85.688596 1198 4172
85.688627 1198 4172
85.688657 1198 4172
85.688686 1198 4172
85.688715 238 4172
85.697642 1198 4172
85.697683 1198 4172
85.697718 1198 4172
85.697752 1198 4172
85.697783 1198 4172
85.697814 1198 4172
85.697845 1198 4172
85.697877 478 4172
85.709743 1198 4172
85.709792 1198 4172
85.709836 1198 4172
85.709875 1198 4172
85.709917 1198 4172
85.709954 1198 4172
85.709990 350 4172
85.716576 1198 4172
85.716619 1198 4172
85.716654 1198 4172
85.716688 1198 4172
85.716722 1198 4172
85.716756 1198 4172
85.716789 1198 4172
85.724681 1198 4172
85.724725 286 4172
85.724783 1198 4172
85.730923 158 4172
85.732487 1198 4172
85.732542 1198 4172
85.732580 190 4172
85.753558 1198 4172
85.753606 1198 4172
85.753644 1198 4172
85.753685 142 4172
85.761516 1198 4172
85.761568 1198 4172
85.761619 1198 4172
85.761662 974 4172
85.769520 1198 4172
85.769568 1198 4172
85.769614 1198 4172
85.769654 1198 4172
85.769691 206 4172
85.776600 1198 4172
85.776640 1198 4172
85.776672 1198 4172
85.776702 1198 4172
85.784525 558 4172
85.784565 1198 4172
85.784602 1198 4172
85.792603 1198 4172
85.792649 1198 4172
85.800558 110 4172
85.800608 110 4172
85.800643 110 4172
85.800677 942 4172
85.800712 1198 4172
85.800744 1198 4172
85.808620 1198 4172
85.808664 1198 4172
85.808711 1198 4172
85.816573 254 4172
85.816640 1198 4172
85.816684 1198 4172
85.820921 1198 4172
85.820960 1198 4172
85.832542 1198 4172
85.832638 782 4172
85.840564 1198 4172
85.840605 1198 4172
85.840641 1198 4172
85.848612 1198 4172
85.848651 1198 4172
85.856560 1198 4172
85.856611 1198 4172
85.856651 1198 4172
85.864490 1198 4172
85.864573 1198 4172
85.864616 958 4172
85.872585 1198 4172
85.872638 430 4172
85.872682 1198 4172
85.877249 206 4172
85.877298 1198 4172
85.889333 1198 4172
85.889477 654 4172
85.897290 1198 4172
85.897335 814 4172
85.908569 1198 4172
85.908615 782 4172
85.917350 1198 4172
85.917395 1198 4172
85.917437 126 4172
85.917476 766 4172
85.929284 1198 4172
85.929372 606 4172
85.936996 1198 4172
85.937050 814 4172
85.952554 286 4172
86.040640 110 4172
86.084665 110 4172
86.084820 110 4172
86.084823 110 4172
86.128637 110 4172
86.348964 110 4172
86.349043 110 4172
86.349051 110 4172
86.612575 110 4172
86.612710 110 4172
86.612721 110 4172
86.876936 110 4172
87.008506 110 4172
87.140628 110 4172
87.184659 110 4172
87.448631 110 4172
87.712486 110 4172
87.976712 110 4172
88.020483 110 4172
88.108626 110 4172
88.240551 110 4172
89.032526 110 4172
89.120512 110 4172
90.044868 110 4172
90.132526 110 4172
91.012438 110 4172
91.144580 110 4172
91.188485 110 4172
92.024635 110 4172
92.112448 110 4172
93.032475 110 4172
93.120434 110 4172
94.044562 110 4172
94.132408 110 4172
95.012370 110 4172
96.108255 110 4172
96.592480 110 4172
97.032486 110 4172
97.120392 110 4172
98.040376 110 4172
98.128384 110 4172
99.008219 110 4172
99.140403 110 4172
99.272331 110 4172
100.108192 110 4172
101.032310 110 4172
101.120357 110 4172
101.956386 110 4172
102.128360 110 4172
103.140353 110 4172
104.020337 110 4172
104.152309 110 4172
104.636609 110 4172
104.744071 1198 4172
104.744075 1198 4172
104.744156 1198 4172
104.744157 1198 4172
104.744183 1198 4172
104.744220 1198 4172
104.744251 414 4172
104.744300 1198 4172
104.759861 1198 4172
104.759898 1198 4172
104.759923 1198 4172
104.759953 1198 4172
104.759976 1198 4172
104.760006 1198 4172
104.760037 254 4172
104.760109 1198 4172
104.772189 1198 4172
104.772268 1198 4172
104.772299 1198 4172
104.772336 1198 4172
104.772357 1198 4172
104.772386 1198 4172
104.772411 1198 4172
104.772442 190 4172
104.772472 1198 4172
104.772501 1198 4172
104.772528 1198 4172
104.772556 1198 4172
104.772584 1198 4172
104.772611 1198 4172
104.772639 718 4172
104.784564 1198 4172
104.784604 1198 4172
104.784625 1198 4172
104.784651 1198 4172
104.784676 1198 4172
104.788278 1198 4172
104.788315 1198 4172
104.796305 1198 4172
104.796386 190 4172
104.796420 1198 4172
104.796463 1198 4172
104.804181 1198 4172
104.804220 1198 4172
104.808271 60 60000
104.812208 1198 4172
104.812248 1198 4172
104.812283 1198 4172
104.816150 1198 4172
104.816196 1198 4172
104.828271 1198 4172
104.828297 1198 4172
104.828328 1198 4172
104.837285 1198 4172
104.837327 1198 4172
104.837978 430 4172
104.838012 1198 4172
104.846351 542 4172
104.846579 1198 4172
104.846711 1198 4172
104.852234 1198 4172
104.852265 1198 4172
104.852300 1198 4172
104.864423 1198 4172
104.864456 782 4172
104.864484 1198 4172
104.868209 1198 4172
104.868266 1198 4172
104.868302 1198 4172
104.876354 1198 4172
104.876391 1198 4172
104.884289 1198 4172
104.884330 686 4172
104.884372 1198 4172
104.884409 1198 4172
104.893598 1198 4172
104.893627 1198 4172
104.900298 1198 4172
104.900397 1198 4172
104.900445 1198 4172
104.910468 990 4172
104.910507 1198 4172
104.910535 1198 4172
104.916280 1198 4172
104.916320 1198 4172
104.916360 1198 4172
104.924440 1198 4172
104.924510 1198 4172
104.924606 1198 4172
104.932276 174 4172
104.932306 1198 4172
104.932343 1198 4172
104.940352 1198 4172
104.940371 1198 4172
104.940409 1198 4172
104.948407 1198 4172
104.948457 734 4172
104.948490 1198 4172
104.952464 1198 4172
104.952557 1198 4172
104.952594 1198 4172
104.964432 1198 4172
104.964471 1198 4172
104.964514 526 4172
104.973303 1198 4172
104.973320 1198 4172
104.973347 1198 4172
104.980320 1198 4172
104.980390 1198 4172
104.990205 846 4172
104.990236 1198 4172
104.990272 1198 4172
104.996156 1198 4172
104.996221 1198 4172
104.996257 1198 4172
105.004369 1198 4172
105.004409 1198 4172
105.004453 1198 4172
105.012237 526 4172
105.012269 1198 4172
105.012302 1198 4172
105.020276 1198 4172
105.020311 110 4172
105.028246 1038 4172
105.028278 1198 4172
105.036469 1198 4172
105.036519 1198 4172
105.040157 1198 4172
105.052350 1198 4172
105.052411 542 4172
105.060864 158 4172
105.060891 158 4172
105.060921 158 4172
105.060949 158 4172
105.060975 158 4172
105.061003 158 4172
105.064281 158 4172
105.064311 158 4172
105.064342 158 4172
105.064369 158 4172
105.064393 158 4172
105.064420 158 4172
105.064445 158 4172
105.064472 158 4172
105.072319 158 4172
105.072353 1198 4172
105.072382 1198 4172
105.072409 1198 4172
105.080220 606 4172
105.080255 382 4172
105.084190 142 4172
105.125733 110 4172
105.128218 158 4172
105.169329 110 4172
105.173246 270 4172
105.173275 254 4172
105.173307 270 4172
105.173335 222 4172
105.173362 222 4172
105.176921 126 4172
105.184536 222 4172
105.184574 222 4172
105.184600 222 4172
105.184625 238 4172
105.184652 270 4172
105.184680 334 4172
105.207196 238 4172
105.208989 270 4172
105.209027 1198 4172
105.209090 1198 4172
105.209313 1198 4172
105.209355 1198 4172
105.209849 1198 4172
105.209886 974 4172
105.213952 222 4172
105.216242 1198 4172
105.216486 1198 4172
105.224998 1198 4172
105.231105 990 4172
105.231120 1198 4172
105.231151 1198 4172
105.231179 1198 4172
105.231205 1198 4172
105.231231 1102 4172
105.231282 1198 4172
105.235669 1198 4172
105.235705 1198 4172
105.235733 110 4172
105.235760 1198 4172
105.261846 1198 4172
105.261987 1198 4172
105.262563 1198 4172
105.269360 734 4172
105.269413 1198 4172
105.269483 1198 4172
105.269589 1198 4172
105.276460 1198 4172
105.276498 1198 4172
105.284310 1198 4172
105.284359 926 4172
105.293904 1198 4172
105.300256 1198 4172
105.300285 1198 4172
105.312328 1198 4172
105.316294 1198 4172
105.325957 222 4172
105.326010 110 4172
105.326038 1198 4172
105.332274 1198 4172
105.341674 1198 4172
105.345784 1198 4172
105.346291 1198 4172
105.348571 1198 4172
105.368578 1198 4172
105.372813 318 4172
105.373478 1198 4172
105.374048 446 4172
105.386503 1198 4172
105.386899 1198 4172
105.386961 1198 4172
105.389085 1198 4172
105.389404 1198 4172
105.395128 1198 4172
105.395166 1006 4172
105.404565 1198 4172
105.404616 1198 4172
105.412242 1198 4172
105.420585 110 4172
105.420623 1198 4172
105.420651 1198 4172
105.428308 1118 4172
105.428336 1198 4172
105.437745 1198 4172
105.444232 1198 4172
105.444263 1198 4172
105.452259 1198 4172
105.452303 606 4172
105.460403 1198 4172
105.460443 1198 4172
105.468943 1198 4172
105.468985 1198 4172
105.476343 1198 4172
105.480645 1198 4172
105.480832 1198 4172
105.493056 494 4172
105.493149 1198 4172
105.500991 1198 4172
105.501041 1198 4172
105.508204 1198 4172
105.508239 1198 4172
105.517484 1198 4172
105.524275 414 4172
105.524435 1198 4172
105.524531 1198 4172
105.542757 1198 4172
105.544779 1198 4172
105.558709 1198 4172
105.558746 990 4172
105.558776 1198 4172
105.573390 1198 4172
105.573412 1198 4172
105.573443 1198 4172
105.580294 1198 4172
105.580335 1198 4172
105.580365 878 4172
105.580395 1198 4172
105.588295 1198 4172
105.588328 1198 4172
105.593090 1198 4172
105.593125 1198 4172
105.608557 1198 4172
105.616447 542 4172
105.620224 1198 4172
105.620262 1198 4172
105.620294 1198 4172
105.628223 1198 4172
105.628264 1198 4172
105.636195 1198 4172
105.636236 430 4172
105.638382 60 60000
105.644224 1198 4172
105.652630 1198 4172
105.652880 1198 4172
105.667279 1198 4172
105.667349 1198 4172
105.668199 718 4172
105.668237 1198 4172
105.677316 1198 4172
105.726867 110 4172
105.727326 1198 4172
105.727358 1198 4172
105.732497 366 4172
105.732534 174 4172
105.732567 174 4172
105.732599 718 4172
105.732626 1198 4172
105.732657 1198 4172
105.732685 1198 4172
105.732713 862 4172
105.732742 1198 4172
105.732770 1198 4172
105.732799 1198 4172
105.732828 910 4172
105.732857 1198 4172
105.732885 1198 4172
105.748244 238 4172
105.748273 1198 4172
105.748300 398 4172
105.748330 1198 4172
105.756379 1198 4172
105.764279 1198 4172
105.764352 1198 4172
105.769705 1022 4172
105.769748 1198 4172
105.780217 1198 4172
105.780255 1198 4172
105.788766 1198 4172
105.789081 1198 4172
105.796212 1198 4172
105.807698 1198 4172
105.810670 1198 4172
105.812233 1198 4172
105.821481 1198 4172
105.821566 958 4172
105.821610 1198 4172
105.828224 1198 4172
105.828254 1198 4172
105.836472 1198 4172
105.836528 1118 4172
105.844230 1198 4172
105.853344 1198 4172
105.853379 1198 4172
105.856551 1198 4172
105.856591 686 4172
105.869613 1198 4172
105.869657 1198 4172
105.876236 1198 4172
105.876275 1198 4172
105.887917 494 4172
105.888506 1198 4172
105.888559 1198 4172
105.892282 1198 4172
105.900587 894 4172
105.900625 174 4172
105.900653 174 4172
105.900682 1198 4172
105.908191 1198 4172
105.908244 814 4172
105.916784 510 4172
105.921661 1198 4172
105.921741 1198 4172
105.924363 1198 4172
105.937426 1198 4172
105.937481 1198 4172
105.940159 366 4172
105.940208 110 4172
105.940244 382 4172
105.940276 174 4172
105.940309 1198 4172
105.944123 1198 4172
105.944167 1198 4172
105.956228 1198 4172
105.962045 366 4172
105.962097 238 4172
105.970201 1198 4172
105.970280 1198 4172
105.988151 398 4172
106.007947 1198 4172
106.007984 1182 4172
106.010082 110 4172
106.027086 1198 4172
106.029156 1198 4172
106.029197 830 4172
106.032133 1198 4172
106.032173 1198 4172
106.032206 1198 4172
106.032239 1198 4172
106.032268 1198 4172
106.032304 126 4172
106.045704 1198 4172
106.045803 1198 4172
106.045828 1198 4172
106.045859 1198 4172
106.045888 1198 4172
106.052194 1198 4172
106.060869 1198 4172
106.061202 1198 4172
106.068338 1198 4172
106.068396 158 4172
106.068431 1198 4172
106.077695 1198 4172
106.077978 1198 4172
106.084317 1198 4172
106.092676 1198 4172
106.092733 1198 4172
106.100316 1198 4172
106.100457 1198 4172
106.108353 190 4172
106.108413 1198 4172
106.108455 1198 4172
106.116246 1198 4172
106.120221 110 4172
106.120346 1198 4172
106.120373 1198 4172
106.132291 1198 4172
106.132330 1198 4172
106.141123 1198 4172
106.141163 302 4172
106.141217 1198 4172
106.148254 1198 4172
106.156453 1198 4172
106.156502 1198 4172
106.164273 1198 4172
106.164316 1198 4172
106.172713 1198 4172
106.172767 1054 4172
106.180257 1198 4172
106.180301 1198 4172
106.188381 1198 4172
106.196255 1198 4172
106.196300 1198 4172
106.204424 1198 4172
106.204467 110 4172
106.204505 1086 4172
106.208098 1198 4172
106.208160 1198 4172
106.220419 1198 4172
106.220474 110 4172
106.228244 1198 4172
106.228299 1198 4172
106.236279 1198 4172
106.244272 862 4172
106.244326 1198 4172
106.252437 1198 4172
106.252493 1198 4172
106.260340 1198 4172
106.260382 1198 4172
106.268421 1198 4172
106.268465 1198 4172
106.276193 1198 4172
106.284395 1198 4172
106.284437 430 4172
106.284495 1198 4172
106.292292 1198 4172
106.296251 1198 4172
106.308246 1198 4172
106.308293 1198 4172
106.316558 1198 4172
106.316604 878 4172
106.324282 1198 4172
106.325172 1198 4172
106.332368 1198 4172
106.332412 1198 4172
106.340274 1198 4172
106.340312 1198 4172
106.348438 1198 4172
106.348489 942 4172
106.356243 1198 4172
106.356294 1198 4172
106.364355 1198 4172
106.372320 1198 4172
106.372355 1150 4172
106.384292 142 4172
106.472348 110 4172
106.496758 142 4172
106.509036 174 4172
106.516228 1022 4172
106.530645 1134 4172
106.540670 1198 4172
106.540715 1198 4172
106.540753 1198 4172
106.552736 478 4172
106.560321 174 4172
106.572784 158 4172
106.584767 174 4172
106.592756 158 4172
106.604628 158 4172
106.604671 990 4172
106.612659 142 4172
106.625448 142 4172
106.637317 1198 4172
106.637367 1198 4172
106.637408 174 4172
106.645246 1198 4172
106.645295 1006 4172
106.648187 1198 4172
106.648233 670 4172
106.661033 1198 4172
106.661124 414 4172
106.680681 1198 4172
106.680819 126 4172
106.689386 398 4172
106.692189 1198 4172
106.692233 782 4172
106.709517 1198 4172
106.709567 910 4172
106.721547 1198 4172
106.721665 1198 4172
106.721668 222 4172
106.733654 1198 4172
106.733702 1198 4172
106.733740 382 4172
106.736179 1198 4172
106.736217 1198 4172
106.736255 558 4172
106.736290 110 4172
106.736325 110 4172
106.736359 110 4172
106.753661 1198 4172
106.753676 1198 4172
106.753755 414 4172
106.765726 1198 4172
106.765816 1198 4172
106.765818 510 4172
106.777532 1198 4172
106.777581 1198 4172
106.777624 1198 4172
106.777663 174 4172
106.780387 1198 4172
106.780439 1198 4172
106.780481 974 4172
106.797641 1198 4172
106.797714 1198 4172
106.797752 430 4172
106.808988 1198 4172
106.809128 862 4172
106.822601 1198 4172
106.822700 142 4172
106.824118 1198 4172
106.824170 414 4172
106.848315 1198 4172
106.848453 1198 4172
106.848499 494 4172
106.848540 446 4172
106.848576 286 4172
106.867285 990 4172
106.868121 1198 4172
106.868145 974 4172
106.868173 318 4172
106.873053 958 4172
106.873093 1198 4172
106.873121 1198 4172
106.873149 1198 4172
106.873173 1198 4172
106.873202 798 4172
106.880242 1198 4172
106.880299 1198 4172
106.880344 1198 4172
106.880383 1198 4172
106.880422 718 4172
106.888279 1198 4172
106.888319 1198 4172
106.888355 1198 4172
106.888390 1198 4172
106.896328 1198 4172
106.896371 1198 4172
106.904246 1198 4172
106.904290 1198 4172
106.912249 1198 4172
106.912306 1198 4172
106.920245 1198 4172
106.920280 302 4172
106.920315 1198 4172
106.928296 638 4172
106.928342 1198 4172
106.936235 1198 4172
106.936274 1198 4172
106.944240 1198 4172
106.944289 1198 4172
106.952275 750 4172
106.952316 1198 4172
106.956357 1198 4172
106.956406 1198 4172
106.968223 1198 4172
106.968430 1198 4172
106.976248 1198 4172
106.984230 158 4172
106.984277 1198 4172
106.984316 1198 4172
106.992444 1198 4172
106.992495 1198 4172
107.000221 110 4172
107.000264 110 4172
107.000304 110 4172
107.000341 1198 4172
107.008129 1198 4172
107.008171 510 4172
107.008215 1198 4172
107.016224 110 4172
107.016274 1198 4172
107.016312 1198 4172
107.024277 1198 4172
107.032225 1198 4172
107.032263 1102 4172
107.040304 1198 4172
107.040409 1198 4172
107.044216 1198 4172
107.044261 1198 4172
107.056258 1198 4172
107.056440 558 4172
107.064225 1198 4172
107.064263 1198 4172
107.072329 1198 4172
107.072368 1198 4172
107.080228 766 4172
107.080284 1198 4172
107.088168 1198 4172
107.088210 1198 4172
107.096232 174 4172
107.096275 1198 4172
107.096312 1198 4172
107.104323 1198 4172
107.104364 766 4172
107.112229 1198 4172
107.112277 1198 4172
107.120252 1198 4172
107.120294 1198 4172
107.128235 110 4172
107.128278 1102 4172
107.128316 1198 4172
107.132444 1198 4172
107.144298 1198 4172
107.144300 1198 4172
107.152251 1086 4172
107.152394 1198 4172
107.160259 1198 4172
107.160302 1198 4172
107.168269 1198 4172
107.168309 478 4172
107.176182 1198 4172
107.184252 1198 4172
107.184337 1102 4172
107.192334 1198 4172
107.192475 1198 4172
107.200394 174 4172
107.200439 1198 4172
107.208257 1198 4172
107.208304 1198 4172
107.216232 1198 4172
107.220184 1198 4172
107.220230 1054 4172
107.232245 1198 4172
107.232329 1198 4172
107.240213 1198 4172
107.240257 1198 4172
107.248243 910 4172
107.248290 1198 4172
107.256248 1198 4172
107.256297 1198 4172
107.264260 1198 4172
107.264304 494 4172
107.272227 110 4172
107.272271 110 4172
107.272308 110 4172
107.272344 1198 4172
107.272378 1198 4172
107.280265 1198 4172
107.280302 990 4172
107.288236 1198 4172
107.288286 1198 4172
107.296284 1198 4172
107.296330 110 4172
107.304257 1198 4172
107.304308 254 4172
107.308679 1198 4172
107.308735 1198 4172
107.320255 1150 4172
107.320348 814 4172
107.328252 1198 4172
107.328293 510 4172
107.328331 1198 4172
107.336230 1198 4172
107.344291 1198 4172
107.344344 1198 4172
107.352237 1198 4172
107.352293 350 4172
107.352360 1198 4172
107.360238 1198 4172
107.360288 1198 4172
107.368289 1198 4172
107.376245 622 4172
107.376345 1198 4172
107.376347 1198 4172
107.384268 1198 4172
107.384315 190 4172
107.392364 1198 4172
107.392408 1198 4172
107.396176 1198 4172
107.396215 1198 4172
107.408378 1198 4172
107.408460 1198 4172
107.416226 542 4172
107.416275 1198 4172
107.424299 1198 4172
107.424347 1198 4172
107.432289 398 4172
107.432386 334 4172
107.432429 1198 4172
107.440282 1198 4172
107.440324 1198 4172
107.448277 702 4172
107.448318 1198 4172
107.456280 1198 4172
107.456320 1198 4172
107.464315 1198 4172
107.464362 1198 4172
107.472225 958 4172
107.472268 1198 4172
107.480231 1198 4172
107.480278 414 4172
107.484362 1198 4172
107.484416 430 4172
107.484460 1198 4172
107.496279 142 4172
107.496406 1198 4172
107.504233 430 4172
107.504277 398 4172
107.504321 1198 4172
107.504358 1198 4172
107.509432 478 4172
107.516744 1198 4172
107.516798 1198 4172
107.524333 670 4172
107.524380 1198 4172
107.524416 1198 4172
107.528167 1198 4172
107.540275 1198 4172
107.540313 110 4172
107.540350 110 4172
107.540387 110 4172
107.540427 318 4172
107.548542 1198 4172
107.548595 1198 4172
107.556239 1198 4172
107.556286 1198 4172
107.564573 734 4172
107.564614 1198 4172
107.572228 1198 4172
107.580360 1198 4172
107.580438 1006 4172
107.588226 1198 4172
107.588276 1198 4172
107.596361 1198 4172
107.596414 1198 4172
107.604241 1198 4172
107.604284 638 4172
107.612356 1198 4172
107.612407 1198 4172
107.616127 1198 4172
107.616187 1198 4172
107.628445 1054 4172
107.628449 1198 4172
107.636231 1198 4172
107.644650 1198 4172
107.644709 1198 4172
107.652235 430 4172
107.652284 1198 4172
107.652322 1198 4172
107.660393 1198 4172
107.660440 1070 4172
107.668234 1198 4172
107.668274 1198 4172
107.676578 1198 4172
107.684307 222 4172
107.684310 1198 4172
107.684385 862 4172
107.692564 1198 4172
107.692601 430 4172
107.692642 1198 4172
107.700235 1198 4172
107.700275 174 4172
107.700312 1198 4172
107.704189 1198 4172
107.716222 1198 4172
107.716269 446 4172
107.716308 1198 4172
107.724512 1198 4172
107.724560 1198 4172
107.748270 638 4172
107.748286 174 4172
107.836478 110 4172
107.836580 110 4172
107.836582 110 4172
108.012496 110 4172
108.100270 110 4172
108.100274 110 4172
108.100358 110 4172
108.144386 110 4172
108.364521 110 4172
108.364620 110 4172
108.364622 110 4172
108.628290 110 4172
108.628465 110 4172
108.628510 110 4172
108.892685 110 4172
109.024325 110 4172
109.112193 110 4172
109.156282 110 4172
109.420344 110 4172
109.684318 110 4172
109.948836 110 4172
110.036282 110 4172
110.124714 110 4172
110.212289 110 4172
110.477009 110 4172
111.048256 110 4172
111.136260 110 4172
112.016152 110 4172
112.148274 110 4172
113.024479 110 4172
113.112120 110 4172
113.156218 110 4172
114.036198 110 4172
114.124249 110 4172
115.044212 110 4172
115.132093 110 4172
116.052187 110 4172
116.140182 110 4172
117.020093 110 4172
117.152158 110 4172
118.032694 110 4172
118.120063 110 4172
118.516007 110 4172
119.044268 110 4172
119.132128 110 4172
120.048151 110 4172
120.132105 110 4172
121.012040 110 4172
121.144044 110 4172
121.188152 110 4172
122.020013 110 4172
122.152121 110 4172
123.111997 110 4172
123.856064 110 4172
124.032111 110 4172
124.120003 110 4172
125.040161 110 4172
125.128034 110 4172
125.892974 60 60000
125.904105 270 4172
125.904108 254 4172
125.904184 270 4172
125.908040 318 4172
125.908075 222 4172
125.908106 302 4172
125.908135 334 4172
125.908163 222 4172
125.919899 222 4172
125.919944 238 4172
125.919979 270 4172
125.920087 334 4172
125.920120 254 4172
125.920150 270 4172
125.920180 430 4172
125.920210 558 4172
125.963905 222 4172
126.051915 110 4172
126.060681 158 4172
126.068351 174 4172
126.080408 174 4172
126.088391 174 4172
126.095856 414 4172
126.108134 174 4172
126.108195 222 4172
126.108322 174 4172
126.139917 110 4172
126.229016 110 4172
126.272251 174 4172
126.284747 158 4172
126.298137 142 4172
126.304809 142 4172
126.304856 1198 4172
126.304882 1198 4172
126.304914 1198 4172
126.304944 174 4172
126.304973 1086 4172
126.305020 1150 4172
126.305050 846 4172
126.305073 926 4172
126.305101 862 4172
126.305125 1198 4172
126.305159 1198 4172
126.305183 1198 4172
126.311953 1006 4172
126.311990 1198 4172
126.312018 910 4172
126.312046 126 4172
126.317822 158 4172
126.317867 110 4172
126.317922 398 4172
126.360591 382 4172
126.377831 1198 4172
126.377867 1198 4172
126.377905 1198 4172
126.377940 1198 4172
126.377974 1198 4172
126.378007 1198 4172
126.378046 814 4172
126.387552 126 4172
126.387580 1198 4172
126.387617 1198 4172
126.387653 1198 4172
126.387686 1198 4172
126.387720 1198 4172
126.387753 1198 4172
126.387846 606 4172
126.387913 1198 4172
126.401365 1198 4172
126.402513 1198 4172
126.402599 1198 4172
126.403335 1198 4172
126.405255 1198 4172
126.416184 1198 4172
126.418782 1198 4172
126.424867 1198 4172
126.425352 1198 4172
126.425849 1198 4172
126.433528 1198 4172
126.433562 1070 4172
126.442674 1198 4172
126.442697 1198 4172
126.448005 494 4172
126.448067 1198 4172
126.448100 1198 4172
126.457310 1198 4172
126.464933 1198 4172
126.465022 1198 4172
126.471979 958 4172
126.472014 1198 4172
126.479948 1198 4172
126.479989 1198 4172
126.487940 1198 4172
126.487974 1198 4172
126.504162 1198 4172
126.504258 1198 4172
126.510257 1198 4172
126.510296 1198 4172
126.510348 1198 4172
126.519953 1198 4172
126.519980 1070 4172
126.532699 110 4172
126.532739 1198 4172
126.532765 1198 4172
126.536819 1198 4172
126.536992 1198 4172
126.549500 1198 4172
126.550573 862 4172
126.551922 1198 4172
126.551954 1198 4172
126.574743 1198 4172
126.574845 1198 4172
126.575911 1198 4172
126.575948 1198 4172
126.575974 1198 4172
126.583968 1198 4172
126.583973 174 4172
126.584023 1198 4172
126.600366 1198 4172
126.601144 1198 4172
126.608025 1198 4172
126.608044 1198 4172
126.608075 1198 4172
126.608099 894 4172
126.615973 1198 4172
126.615989 1198 4172
126.624428 1198 4172
126.624455 1198 4172
126.632709 1198 4172
126.640019 1198 4172
126.640053 910 4172
126.648065 1198 4172
126.648894 1198 4172
126.655966 1198 4172
126.655997 1198 4172
126.660066 60 60000
126.660565 1198 4172
126.660621 1198 4172
126.671956 1198 4172
126.671993 142 4172
126.672026 1198 4172
126.679925 1198 4172
126.679960 1198 4172
126.688033 1198 4172
126.695984 1198 4172
126.696025 1198 4172
126.703933 126 4172
126.703962 1198 4172
126.704003 1198 4172
126.711920 1198 4172
126.711956 1198 4172
126.719935 1198 4172
126.719968 1198 4172
126.727930 286 4172
126.727963 1198 4172
126.736072 1198 4172
126.736109 1198 4172
126.743975 1198 4172
126.744029 1198 4172
126.747996 1198 4172
126.748052 462 4172
126.760026 1198 4172
126.760090 1198 4172
126.769454 1198 4172
126.769508 1198 4172
126.775918 1022 4172
126.775947 606 4172
126.783950 110 4172
126.783985 270 4172
126.784015 1198 4172
126.784051 1198 4172
126.792588 1198 4172
126.792627 1198 4172
126.802758 1198 4172
126.802812 366 4172
126.807974 1198 4172
126.808005 1198 4172
126.815956 1198 4172
126.815978 1198 4172
126.823999 1198 4172
126.824022 1198 4172
126.831936 1198 4172
126.831955 542 4172
126.835909 1198 4172
126.835945 1198 4172
126.848049 1198 4172
126.848092 1198 4172
126.855915 1198 4172
126.855954 1198 4172
126.863957 1038 4172
126.873008 1198 4172
126.873117 1198 4172
126.879926 1198 4172
126.892465 1198 4172
126.892600 1198 4172
126.895910 1198 4172
126.895952 1198 4172
126.903998 1198 4172
126.904043 558 4172
126.914055 1198 4172
126.914092 1198 4172
126.919975 1198 4172
126.920004 1198 4172
126.931415 1198 4172
126.931498 1198 4172
126.936191 1198 4172
126.936334 1198 4172
126.943944 1198 4172
126.943976 782 4172
126.951903 1198 4172
126.951944 1198 4172
126.960252 1198 4172
126.965144 1198 4172
126.965239 1198 4172
126.969980 1198 4172
126.974325 1198 4172
126.984045 1198 4172
126.984224 334 4172
126.985979 1198 4172
126.995615 1198 4172
126.997589 1198 4172
127.000823 1198 4172
127.008875 1198 4172
127.008914 1198 4172
127.030194 1198 4172
127.031732 1198 4172
127.031887 1198 4172
127.040243 1198 4172
127.040281 1198 4172
127.040321 110 4172
127.040358 1198 4172
127.040393 1198 4172
127.040428 1198 4172
127.050432 1198 4172
127.065588 110 4172
127.065712 1198 4172
127.078638 1198 4172
127.078705 1198 4172
127.078754 1198 4172
127.078816 1198 4172
127.079878 894 4172
127.079939 1198 4172
127.092581 1198 4172
127.092670 1198 4172
127.095864 1198 4172
127.095898 1198 4172
127.101556 1198 4172
127.101592 1198 4172
127.111903 910 4172
127.111972 1198 4172
127.131283 1198 4172
127.143239 1198 4172
127.143264 110 4172
127.143313 1198 4172
127.143381 1198 4172
127.143435 1198 4172
127.150888 686 4172
127.159216 1198 4172
127.160743 1198 4172
127.175472 1198 4172
127.175499 1198 4172
127.175529 1198 4172
127.175557 1070 4172
127.175587 1198 4172
127.175842 1198 4172
127.175873 1198 4172
127.188755 1198 4172
127.188814 1198 4172
127.191950 1070 4172
127.191983 1198 4172
127.206427 1198 4172
127.207929 1198 4172
127.207964 1198 4172
127.220854 1198 4172
127.220879 1198 4172
127.223948 798 4172
127.223989 1198 4172
127.241195 110 4172
127.241225 1198 4172
127.241257 1198 4172
127.247950 1198 4172
127.247985 1198 4172
127.248015 926 4172
127.248045 606 4172
127.256053 1198 4172
127.256086 1022 4172
127.263960 1198 4172
127.263987 1198 4172
127.267891 1198 4172
127.267922 1198 4172
127.279940 1198 4172
127.280009 526 4172
127.287912 1198 4172
127.287931 1198 4172
127.295894 1198 4172
127.295935 1198 4172
127.303903 1198 4172
127.303934 1198 4172
127.311870 110 4172
127.311911 1198 4172
127.311946 590 4172
127.319858 1198 4172
127.327954 1198 4172
127.327984 1198 4172
127.335902 1198 4172
127.335949 1198 4172
127.343909 1198 4172
127.351904 1070 4172
127.351944 1198 4172
127.356105 1198 4172
127.356172 1198 4172
127.368029 1198 4172
127.368081 1198 4172
127.376023 1198 4172
127.376045 1198 4172
127.383974 1198 4172
127.384039 1198 4172
127.392056 606 4172
127.392098 1198 4172
127.399929 1198 4172
127.399969 1198 4172
127.407998 1198 4172
127.408059 1198 4172
127.415954 1198 4172
127.416002 1198 4172
127.424045 1198 4172
127.431963 798 4172
127.432016 1198 4172
127.432062 1198 4172
127.439973 1198 4172
127.443922 1198 4172
127.443959 1198 4172
127.456027 1198 4172
127.456113 1198 4172
127.463951 1198 4172
127.463992 382 4172
127.464030 1198 4172
127.471954 1198 4172
127.479968 1198 4172
127.480048 1198 4172
127.487959 1198 4172
127.495954 1198 4172
127.496007 1198 4172
127.503953 142 4172
127.504002 1198 4172
127.504037 1198 4172
127.511867 1198 4172
127.511912 1198 4172
127.519964 1198 4172
127.528047 1198 4172
127.528089 1198 4172
127.532109 1198 4172
127.532155 142 4172
127.532193 1198 4172
127.543957 1198 4172
127.543996 1198 4172
127.551960 1198 4172
127.552014 1198 4172
127.559995 1198 4172
127.567962 910 4172
127.568110 1198 4172
127.568200 1198 4172
127.575883 1198 4172
127.584084 1198 4172
127.584215 110 4172
127.584309 1198 4172
127.592000 1198 4172
127.592043 942 4172
127.599968 1198 4172
127.600004 1198 4172
127.607956 1198 4172
127.608098 1198 4172
127.615960 1198 4172
127.616012 1198 4172
127.619949 686 4172
127.619983 1198 4172
127.631957 1198 4172
127.632025 1198 4172
127.640006 1198 4172
127.640045 1198 4172
127.648098 1070 4172
127.648147 1198 4172
127.656042 1198 4172
127.656104 1198 4172
127.663952 1198 4172
127.671998 1198 4172
127.672064 1070 4172
127.679948 1198 4172
127.679992 1198 4172
127.687952 1198 4172
127.688006 1198 4172
127.695970 1198 4172
127.696012 1198 4172
127.703963 814 4172
127.703997 1198 4172
127.707947 1198 4172
127.707982 1198 4172
127.719991 1198 4172
127.720120 1198 4172
127.727898 1102 4172
127.727930 1198 4172
127.736013 1198 4172
127.736053 1198 4172
127.743956 1198 4172
127.743987 1102 4172
127.751929 1198 4172
127.759977 1198 4172
127.760020 1198 4172
127.767956 1198 4172
127.767997 1198 4172
127.775945 718 4172
127.775990 1198 4172
127.783844 1198 4172
127.783885 1198 4172
127.792009 1198 4172
127.792062 1198 4172
127.795788 1198 4172
127.795827 1198 4172
127.807868 1166 4172
127.807910 1198 4172
127.815952 1198 4172
127.815991 1198 4172
127.823947 1198 4172
127.823998 1198 4172
127.831828 1198 4172
127.831871 1198 4172
127.839979 1198 4172
127.847972 110 4172
127.848013 798 4172
127.848049 1198 4172
127.848100 1198 4172
127.855862 1198 4172
127.863950 1198 4172
127.863990 1198 4172
127.872034 1198 4172
127.872064 1198 4172
127.880040 1198 4172
127.880088 1198 4172
127.884101 526 4172
127.884144 1198 4172
127.884181 1198 4172
127.895950 1198 4172
127.903952 1198 4172
127.903993 1198 4172
127.911845 1198 4172
127.911881 1198 4172
127.920023 1198 4172
127.920119 1198 4172
127.927947 670 4172
127.935966 1198 4172
127.936011 1198 4172
127.943973 1198 4172
127.951973 1198 4172
127.959958 1198 4172
127.959997 1102 4172
127.967944 1198 4172
127.968000 1198 4172
127.971910 1198 4172
127.971961 1198 4172
127.983939 1198 4172
127.984088 1198 4172
127.992965 1198 4172
127.993045 1198 4172
127.999995 1198 4172
128.007924 1198 4172
128.007978 1198 4172
128.015942 846 4172
128.015983 1198 4172
128.016023 1198 4172
128.023996 110 4172
128.024037 1198 4172
128.031954 1198 4172
128.031996 1198 4172
128.039939 1198 4172
128.048009 718 4172
128.048057 1198 4172
128.055827 1198 4172
128.055879 1198 4172
128.060223 1198 4172
128.060267 1198 4172
128.071978 1198 4172
128.071995 1198 4172
128.080075 1198 4172
128.080141 238 4172
128.080188 1198 4172
128.087894 1198 4172
128.087940 1198 4172
128.095936 1198 4172
128.095979 1198 4172
128.103975 1198 4172
128.111945 1198 4172
128.111991 318 4172
128.112037 110 4172
128.112077 1198 4172
128.119865 1198 4172
128.119912 1198 4172
128.127945 1198 4172
128.127985 110 4172
128.128042 1198 4172
128.135939 1198 4172
128.135979 1166 4172
128.144059 1198 4172
128.147851 1198 4172
128.147946 1198 4172
128.160045 1198 4172
128.160225 1198 4172
128.167843 1198 4172
128.167886 238 4172
128.167935 1198 4172
128.175937 1198 4172
128.175981 1198 4172
128.183962 1198 4172
128.184004 1198 4172
128.191984 1198 4172
128.192018 206 4172
128.199981 1198 4172
128.200030 1198 4172
128.208101 1198 4172
128.208246 1198 4172
128.215989 1198 4172
128.216028 1198 4172
128.223866 110 4172
128.223918 1150 4172
128.223966 1198 4172
128.231965 1198 4172
128.232012 558 4172
128.236098 126 4172
128.236147 126 4172
128.252532 126 4172
128.260393 126 4172
128.272407 126 4172
128.279918 126 4172
128.288341 126 4172
128.312306 126 4172
128.323792 126 4172
128.341036 126 4172
128.350764 1198 4172
128.350767 1198 4172
128.350768 1198 4172
128.350768 1198 4172
128.350769 1198 4172
128.350770 1198 4172
128.350771 366 4172
128.352387 1198 4172
128.352423 1198 4172
128.352467 1198 4172
128.352506 1006 4172
128.360360 126 4172
128.360404 126 4172
128.367929 862 4172
128.376432 126 4172
128.376469 110 4172
128.389858 126 4172
128.401935 1198 4172
128.402021 1198 4172
128.402051 1198 4172
128.402087 1086 4172
128.412271 1198 4172
128.412321 1198 4172
128.412366 1198 4172
128.412401 734 4172
128.426103 1198 4172
128.426190 1198 4172
128.426229 1198 4172
128.426271 1198 4172
128.426306 590 4172
128.428288 1198 4172
128.428335 1198 4172
128.428375 1198 4172
128.428414 1198 4172
128.428454 126 4172
128.437842 1198 4172
128.449756 1198 4172
128.449794 1198 4172
128.449835 1198 4172
128.449874 1102 4172
128.455993 1198 4172
128.456034 1198 4172
128.456075 1198 4172
128.456122 558 4172
128.469769 1198 4172
128.469920 1198 4172
128.469953 1198 4172
128.469989 190 4172
128.481737 1198 4172
128.481790 1198 4172
128.481833 1198 4172
128.481873 366 4172
128.493778 1198 4172
128.493819 1198 4172
128.493858 206 4172
128.499890 1198 4172
128.499943 1198 4172
128.499986 622 4172
128.505575 1198 4172
128.513717 1198 4172
128.513769 1198 4172
128.513811 606 4172
128.519927 1198 4172
128.519972 1198 4172
128.520012 1198 4172
128.525403 382 4172
128.531940 1198 4172
128.531991 1198 4172
128.532033 1198 4172
128.540079 1198 4172
128.543882 830 4172
128.543926 1198 4172
128.543963 414 4172
128.561836 1198 4172
128.561873 1198 4172
128.561912 110 4172
128.574208 1198 4172
128.574325 1198 4172
128.574386 1198 4172
128.574453 590 4172
128.579834 1198 4172
128.579882 1198 4172
128.579923 1198 4172
128.588091 1198 4172
128.588134 1198 4172
128.596000 1198 4172
128.596056 350 4172
128.604265 1198 4172
128.604313 1198 4172
128.611963 1198 4172
128.612011 1198 4172
128.620033 1198 4172
128.620087 1198 4172
128.627970 1198 4172
128.628016 110 4172
128.628056 1198 4172
128.631871 1198 4172
128.631914 1198 4172
128.643950 1198 4172
128.644002 110 4172
128.644046 110 4172
128.644083 110 4172
128.644121 1198 4172
128.652045 1198 4172
128.652088 974 4172
128.660020 1198 4172
128.660056 1198 4172
128.668208 1198 4172
128.668308 1198 4172
128.676009 1198 4172
128.676043 1198 4172
128.684198 494 4172
128.684245 1198 4172
128.691981 1198 4172
128.692024 1198 4172
128.700083 1198 4172
128.700128 1198 4172
128.708078 1198 4172
128.708134 318 4172
128.708179 1198 4172
128.716109 1198 4172
128.716149 1198 4172
128.719803 1198 4172
128.719856 1198 4172
128.732047 702 4172
128.732090 1198 4172
128.732125 1198 4172
128.739933 1198 4172
128.739985 1198 4172
128.748087 1198 4172
128.748132 206 4172
128.755956 1198 4172
128.755990 1198 4172
128.764238 1198 4172
128.764287 1198 4172
128.771987 1198 4172
128.772022 558 4172
128.772064 1198 4172
128.780148 1198 4172
128.780189 1198 4172
128.787920 1198 4172
128.787975 1198 4172
128.796123 286 4172
128.796215 1198 4172
128.796245 1198 4172
128.803940 1198 4172
128.803992 1198 4172
128.807893 334 4172
128.807940 1198 4172
128.819956 1198 4172
128.828065 1198 4172
128.828151 462 4172
128.828197 1198 4172
128.835956 1198 4172
128.835989 1198 4172
128.844293 1198 4172
128.851918 1198 4172
128.852016 430 4172
128.852104 1198 4172
128.860242 1198 4172
128.860283 1070 4172
128.868038 1198 4172
128.868077 1198 4172
128.876241 1182 4172
128.876280 1198 4172
128.883941 1198 4172
128.883986 1198 4172
128.892039 574 4172
128.892082 1198 4172
128.895865 1198 4172
128.895907 1198 4172
128.908103 1198 4172
128.908190 1198 4172
128.915924 110 4172
128.915955 110 4172
128.915993 110 4172
128.916032 814 4172
128.916073 1198 4172
128.924016 1198 4172
128.924066 1198 4172
128.931935 1198 4172
128.931988 1198 4172
128.940235 1198 4172
128.947960 1198 4172
128.948002 1198 4172
128.956071 638 4172
128.956111 1198 4172
128.963965 1198 4172
128.964019 1198 4172
128.972089 1198 4172
128.972144 1198 4172
128.979934 1198 4172
128.979972 1198 4172
128.983882 1198 4172
128.983933 1198 4172
128.995898 1198 4172
128.995936 1198 4172
129.004107 430 4172
129.004159 1198 4172
129.004198 1198 4172
129.011808 1198 4172
129.011864 1198 4172
129.020227 1198 4172
129.020320 1198 4172
129.027921 1198 4172
129.027964 1198 4172
129.036067 1198 4172
129.036118 1198 4172
129.043908 1198 4172
129.051962 1198 4172
129.051997 1198 4172
129.060022 1198 4172
129.060065 1198 4172
129.068236 1198 4172
129.068277 1198 4172
129.071905 1198 4172
129.071967 1198 4172
129.084129 830 4172
129.084178 1198 4172
129.084218 1198 4172
129.092024 1198 4172
129.092074 1198 4172
129.100172 1198 4172
129.100214 1198 4172
129.108035 1198 4172
129.108098 1198 4172
129.116040 1198 4172
129.116098 958 4172
129.123982 1198 4172
129.124023 1198 4172
129.132022 1198 4172
129.132067 110 4172
129.132105 1198 4172
129.139974 1198 4172
129.140016 1198 4172
129.148155 1198 4172
129.148208 1198 4172
129.155997 1198 4172
129.156041 318 4172
129.156079 1198 4172
129.159961 1198 4172
129.160004 1198 4172
129.171914 1198 4172
129.171955 110 4172
129.171992 110 4172
129.172031 1198 4172
129.180252 1198 4172
129.187822 1198 4172
129.187971 1198 4172
129.187999 782 4172
129.196062 1198 4172
129.203924 1198 4172
129.204050 1198 4172
129.212191 1198 4172
129.212236 1198 4172
129.219993 1198 4172
129.220098 1198 4172
129.228031 1198 4172
129.228081 206 4172
129.228119 1198 4172
129.235855 286 4172
129.235912 1198 4172
129.235953 1198 4172
129.244068 1198 4172
129.244112 1198 4172
129.247878 1198 4172
129.247932 1198 4172
129.260180 1198 4172
129.260236 1198 4172
129.267971 862 4172
129.268017 1198 4172
129.276242 1198 4172
129.276289 1198 4172
129.283912 1198 4172
129.283963 1198 4172
129.292149 1198 4172
129.292291 1198 4172
129.299835 254 4172
129.299888 1198 4172
129.299929 1198 4172
129.308204 1198 4172
129.308273 1198 4172
129.315958 1198 4172
129.316004 1198 4172
129.324234 1198 4172
129.324319 334 4172
129.324405 1198 4172
129.331931 1198 4172
129.331987 1198 4172
129.335948 1198 4172
129.335990 1198 4172
129.348608 1198 4172
129.348611 1198 4172
129.357703 1198 4172
129.357736 494 4172
129.363875 1198 4172
129.363910 1198 4172
129.363943 590 4172
129.372277 414 4172
129.372312 1198 4172
129.379829 1198 4172
129.379866 1198 4172
129.379895 1198 4172
129.388118 1198 4172
129.388153 990 4172
129.395886 1198 4172
129.395899 1198 4172
129.404153 1198 4172
129.404235 1198 4172
129.412036 1198 4172
129.412075 1198 4172
129.420086 1198 4172
129.420126 1198 4172
129.424071 1102 4172
129.468205 110 4172
129.468216 110 4172
129.468324 110 4172
129.731907 110 4172
129.731947 110 4172
129.731982 110 4172
129.992133 110 4172
129.992139 110 4172
129.992175 110 4172
130.035936 110 4172
130.124359 110 4172
130.252079 110 4172
130.515901 110 4172
130.779991 110 4172
131.044041 110 4172
131.087902 110 4172
131.132091 110 4172
131.351958 110 4172
131.616202 110 4172
131.879902 110 4172
132.012124 110 4172
132.127877 110 4172
132.404051 110 4172
133.015840 110 4172
133.148059 110 4172
134.011798 110 4172
134.140085 110 4172
135.043839 110 4172
135.051768 110 4172
135.140090 110 4172
136.011755 110 4172
136.143750 110 4172
137.023904 110 4172
137.151801 110 4172
137.715701 110 4172
138.023814 110 4172
138.111680 110 4172
139.031733 110 4172
139.119773 110 4172
140.035784 110 4172
140.123690 110 4172
140.387783 110 4172
141.047698 110 4172
141.135772 110 4172
142.043677 110 4172
142.127800 110 4172
143.047617 110 4172
143.047679 110 4172
144.015646 110 4172
144.147730 110 4172
145.023730 110 4172
145.111610 110 4172
145.723690 110 4172
146.031598 110 4172
146.119555 110 4172
146.848259 1198 4172
146.848292 1198 4172
146.848331 1198 4172
146.848369 1198 4172
146.848402 1198 4172
146.848437 1198 4172
146.848468 1198 4172
146.848502 830 4172
146.865594 1198 4172
146.865599 1198 4172
146.865608 1198 4172
146.865676 1198 4172
146.865678 1198 4172
146.865697 1198 4172
146.865732 1198 4172
146.865754 478 4172
146.867589 1198 4172
146.867619 1198 4172
146.867650 1198 4172
146.867682 1198 4172
146.867713 1198 4172
146.867743 1198 4172
146.875700 830 4172
146.875735 1198 4172
146.883620 1198 4172
146.883659 1198 4172
146.883688 1198 4172
146.891901 1198 4172
146.892010 1198 4172
146.899585 1038 4172
146.899632 1198 4172
146.907691 1198 4172
146.907717 1198 4172
146.915632 1198 4172
146.915668 1198 4172
146.923832 1198 4172
146.923879 1198 4172
146.931605 1198 4172
146.931649 734 4172
146.939686 1198 4172
146.939731 1198 4172
146.947711 1198 4172
146.947746 1198 4172
146.951651 1198 4172
146.951692 1198 4172
146.963669 1198 4172
146.963704 1198 4172
146.978177 718 4172
146.978233 1198 4172
146.978265 1198 4172
146.981552 1198 4172
146.981590 1198 4172
146.988422 126 4172
146.988475 1198 4172
146.988511 1198 4172
146.995628 1198 4172
146.995676 1198 4172
147.005455 942 4172
147.005500 1198 4172
147.011597 1198 4172
147.011626 1198 4172
147.019653 110 4172
147.019689 1198 4172
147.019720 1198 4172
147.027651 1198 4172
147.027688 1198 4172
147.035744 110 4172
147.035781 1198 4172
147.035812 1198 4172
147.043635 350 4172
147.043671 1198 4172
147.043700 1198 4172
147.047777 1198 4172
147.047835 1198 4172
147.059679 1198 4172
147.059711 1198 4172
147.067751 1198 4172
147.067779 1198 4172
147.075629 1198 4172
147.075659 638 4172
147.083635 1198 4172
147.083679 1198 4172
147.091698 1198 4172
147.102699 1198 4172
147.102746 1198 4172
147.102777 1198 4172
147.107710 1198 4172
147.107752 1198 4172
147.115704 414 4172
147.115749 1198 4172
147.123654 1198 4172
147.123702 1198 4172
147.132152 1198 4172
147.132196 110 4172
147.132222 1198 4172
147.136307 1198 4172
147.136343 1198 4172
147.147658 1198 4172
147.147712 1198 4172
147.147751 1198 4172
147.155761 350 4172
147.155797 1198 4172
147.168459 1198 4172
147.168505 1198 4172
147.168540 1198 4172
147.171592 1198 4172
147.179725 1054 4172
147.179766 1198 4172
147.187672 1198 4172
147.187715 1198 4172
147.196029 1198 4172
147.196115 1198 4172
147.203663 1182 4172
147.203693 1198 4172
147.211738 1198 4172
147.211762 1198 4172
147.219659 1198 4172
147.224146 1198 4172
147.224263 1022 4172
147.224343 1198 4172
147.235634 1198 4172
147.235656 1198 4172
147.248412 1198 4172
147.248442 1198 4172
147.251620 1198 4172
147.251650 830 4172
147.251679 1198 4172
147.259728 1198 4172
147.259770 1198 4172
147.267638 1198 4172
147.267700 1054 4172
147.273194 574 4172
147.273231 158 4172
147.273272 158 4172
147.273301 158 4172
147.279621 1198 4172
147.279652 1198 4172
147.279684 1134 4172
147.287581 1198 4172
147.287612 1198 4172
147.295625 158 4172
147.295654 1198 4172
147.295682 110 4172
147.295712 702 4172
147.303625 1198 4172
147.303652 1198 4172
147.311627 1198 4172
147.311667 798 4172
147.311696 1198 4172
147.319599 1198 4172
147.319629 1198 4172
147.327655 718 4172
147.327679 1198 4172
147.335576 1198 4172
147.335607 1198 4172
147.335639 990 4172
147.343626 1198 4172
147.343652 1198 4172
147.351592 1198 4172
147.351626 1198 4172
147.356253 1198 4172
147.356282 702 4172
147.356310 1198 4172
147.367597 1198 4172
147.367629 1198 4172
147.375618 478 4172
147.375639 158 4172
147.375671 158 4172
147.375702 158 4172
147.375732 1198 4172
147.383607 174 4172
147.383639 1198 4172
147.383667 1198 4172
147.391811 798 4172
147.391847 670 4172
147.391880 1198 4172
147.399902 1198 4172
147.399936 174 4172
147.399965 174 4172
147.400001 862 4172
147.411021 190 4172
147.411069 190 4172
147.411099 190 4172
147.411127 190 4172
147.411155 158 4172
147.418194 158 4172
147.432642 1198 4172
147.432672 350 4172
147.432704 158 4172
147.432729 1198 4172
147.432755 382 4172
147.464276 158 4172
147.464324 158 4172
147.464356 158 4172
147.464387 158 4172
147.464415 1198 4172
147.464445 1198 4172
147.464475 1150 4172
147.464503 878 4172
147.474207 1198 4172
147.474249 1198 4172
147.474279 1198 4172
147.474308 398 4172
147.474338 1198 4172
147.474367 1198 4172
147.474396 1198 4172
147.474425 1198 4172
147.474453 1198 4172
147.474481 1198 4172
147.474509 1102 4172
147.479559 1198 4172
147.479593 1198 4172
147.479620 1198 4172
147.490258 1198 4172
147.496261 1198 4172
147.496296 1198 4172
147.505933 1198 4172
147.505960 1198 4172
147.511587 1198 4172
147.511618 862 4172
147.519661 1198 4172
147.519702 1198 4172
147.519733 1198 4172
147.527631 1198 4172
147.527675 1198 4172
147.538563 1198 4172
147.538599 1198 4172
147.543575 1198 4172
147.543611 1198 4172
147.543637 1198 4172
147.553927 1198 4172
147.553960 126 4172
147.553989 1198 4172
147.557777 1198 4172
147.557816 1198 4172
147.567604 1198 4172
147.567638 1198 4172
147.575600 1198 4172
147.575627 1198 4172
147.575654 1198 4172
147.583600 1198 4172
147.583641 1022 4172
147.591698 1198 4172
147.591736 1198 4172
147.600139 1198 4172
147.600177 1198 4172
147.600204 1198 4172
147.605092 1198 4172
147.605134 1198 4172
147.616231 1198 4172
147.616234 1198 4172
147.623580 1198 4172
147.623614 1198 4172
147.623645 1198 4172
147.631632 1198 4172
147.631673 734 4172
147.639614 1198 4172
147.639651 1198 4172
147.639678 1198 4172
147.648232 1198 4172
147.648235 1198 4172
147.656310 1198 4172
147.656343 1198 4172
147.663642 1198 4172
147.663679 1198 4172
147.663714 1198 4172
147.671333 1198 4172
147.671388 1198 4172
147.680331 1198 4172
147.680363 1198 4172
147.687596 1198 4172
147.687630 1198 4172
147.695673 1198 4172
147.695703 1198 4172
147.695733 1198 4172
147.703622 174 4172
147.703660 1198 4172
147.703695 814 4172
147.712007 1198 4172
147.712384 1198 4172
147.712427 1198 4172
147.719610 1198 4172
147.719642 1198 4172
147.727629 1134 4172
147.727717 1198 4172
147.735671 1198 4172
147.735841 1198 4172
147.735879 1198 4172
147.743667 1198 4172
147.743699 1086 4172
147.751617 302 4172
147.751653 814 4172
147.751685 1198 4172
147.756025 1198 4172
147.756051 622 4172
147.756081 1198 4172
147.767641 670 4172
147.767733 1198 4172
147.767771 718 4172
147.775624 1038 4172
147.775651 990 4172
147.775684 1198 4172
147.783644 366 4172
147.783681 1198 4172
147.783711 1198 4172
147.791656 1198 4172
147.791687 142 4172
147.791719 1198 4172
147.799616 1198 4172
147.799660 1198 4172
147.809587 302 4172
147.809613 174 4172
147.809636 158 4172
147.809664 334 4172
147.809694 702 4172
147.827649 798 4172
147.827699 1054 4172
147.827747 526 4172
147.827778 974 4172
147.843645 110 4172
147.843686 1022 4172
147.887576 462 4172
147.887612 494 4172
147.887641 798 4172
147.932252 142 4172
148.008288 142 4172
148.019588 110 4172
148.063554 142 4172
148.107616 110 4172
148.151581 110 4172
148.193978 622 4172
148.195511 446 4172
148.229582 110 4172
148.239581 318 4172
148.272287 270 4172
148.272309 254 4172
148.272344 270 4172
148.272373 942 4172
148.276091 222 4172
148.276374 238 4172
148.276426 238 4172
148.276500 238 4172
148.280789 238 4172
148.280830 222 4172
148.280872 238 4172
148.280905 270 4172
148.280930 334 4172
148.280965 254 4172
148.280992 270 4172
148.283526 1198 4172
148.283560 1198 4172
148.283592 1198 4172
148.283621 1198 4172
148.283650 1198 4172
148.283682 1198 4172
148.283710 1198 4172
148.283739 462 4172
148.292886 1198 4172
148.292920 1198 4172
148.292952 1198 4172
148.292980 1198 4172
148.293009 1198 4172
148.293039 1198 4172
148.293076 958 4172
148.308283 398 4172
148.327610 110 4172
148.339994 270 4172
148.340026 254 4172
148.340056 270 4172
148.340087 1198 4172
148.340116 1198 4172
148.340141 478 4172
148.343548 222 4172
148.343582 238 4172
148.343610 238 4172
148.343637 238 4172
148.348224 238 4172
148.348287 222 4172
148.348317 238 4172
148.348344 270 4172
148.348382 334 4172
148.348411 254 4172
148.348450 270 4172
148.358331 1198 4172
148.358362 1198 4172
148.358390 1198 4172
148.358416 1198 4172
148.358448 1198 4172
148.358480 1198 4172
148.358509 1198 4172
148.358538 462 4172
148.361581 1198 4172
148.361625 1198 4172
148.361658 1198 4172
148.361690 1198 4172
148.361720 110 4172
148.361750 1198 4172
148.361779 1198 4172
148.361811 958 4172
148.371579 126 4172
148.408278 126 4172
148.415558 110 4172
148.460493 350 4172
148.460539 318 4172
148.460576 126 4172
148.503554 126 4172
148.530296 110 4172
148.531583 1198 4172
148.531626 1198 4172
148.531658 398 4172
148.531689 1198 4172
148.531720 1198 4172
148.531751 1198 4172
148.531781 206 4172
148.531812 1198 4172
148.531859 1198 4172
148.531892 1198 4172
148.531921 1198 4172
148.539665 1198 4172
148.539710 1198 4172
148.547514 318 4172
148.547558 1134 4172
148.547593 126 4172
148.572541 270 4172
148.572544 254 4172
148.579702 270 4172
148.579744 1198 4172
148.579778 1198 4172
148.579809 1198 4172
148.579839 654 4172
148.583941 1198 4172
148.583981 1198 4172
148.584014 1198 4172
148.584046 1198 4172
148.584076 270 4172
148.584108 1198 4172
148.584137 1198 4172
148.584166 1198 4172
148.584194 1182 4172
148.588375 1198 4172
148.588446 1198 4172
148.588481 1198 4172
148.588510 462 4172
148.588538 1198 4172
148.588566 686 4172
148.588593 1198 4172
148.588620 238 4172
148.588649 222 4172
148.588676 238 4172
148.591560 270 4172
148.591602 334 4172
148.603605 254 4172
148.603713 270 4172
148.603715 1198 4172
148.603753 1198 4172
148.611676 1198 4172
148.611711 1198 4172
148.619582 1198 4172
148.619670 1198 4172
148.619673 110 4172
148.619700 1198 4172
148.627596 462 4172
148.627648 1198 4172
148.635587 1198 4172
148.635623 110 4172
148.635654 110 4172
148.635688 110 4172
148.635721 1198 4172
148.643622 1198 4172
148.643669 1198 4172
148.643708 1198 4172
148.664476 958 4172
148.664517 126 4172
148.679611 126 4172
148.723611 110 4172
148.808426 126 4172
148.811506 110 4172
148.855517 126 4172
148.899530 110 4172
148.899608 110 4172
148.899627 110 4172
148.943536 462 4172
148.943578 126 4172
148.987623 366 4172
148.987666 126 4172
