0.038598 110 4172
0.048885 1198 4172
0.048944 190 4172
0.048985 462 4172
0.049022 190 4172
0.049061 638 4172
0.049096 478 4172
0.049132 414 4172
0.049170 1198 4172
0.049208 350 4172
0.049242 142 4172
0.049279 510 4172
0.081391 1198 4172
0.081552 1198 4172
0.081553 1198 4172
0.081579 1198 4172
0.081612 1198 4172
0.081647 318 4172
0.081681 1198 4172
0.081713 1198 4172
0.081745 1198 4172
0.081778 366 4172
0.081810 990 4172
0.081850 1198 4172
0.081882 1198 4172
0.081913 1198 4172
0.081944 1198 4172
0.081976 1198 4172
0.082007 1198 4172
0.082038 1198 4172
0.082069 1198 4172
0.082101 1198 4172
0.082132 542 4172
0.082162 1198 4172
0.082194 1198 4172
0.082225 1198 4172
0.082255 1198 4172
0.082286 798 4172
0.082317 1198 4172
0.082350 1198 4172
0.082381 1198 4172
0.082413 1198 4172
0.082444 1118 4172
0.082475 1198 4172
0.082506 942 4172
0.082538 622 4172
0.082569 462 4172
0.092723 126 4172
0.092777 1198 4172
0.092819 1198 4172
0.092857 1198 4172
0.092893 1198 4172
0.141080 1198 4172
0.141109 430 4172
0.141144 1198 4172
0.141178 1198 4172
0.141210 1038 4172
0.141245 1182 4172
0.141276 1198 4172
0.141308 1198 4172
0.141338 1198 4172
0.141408 1198 4172
0.141450 1198 4172
0.141487 1198 4172
0.141519 302 4172
0.141557 1198 4172
0.141588 1198 4172
0.141620 1198 4172
0.141667 1198 4172
0.141708 606 4172
0.141746 1198 4172
0.141784 1198 4172
0.141819 1198 4172
0.141856 1198 4172
0.141891 622 4172
0.141927 590 4172
0.141964 142 4172
0.142000 814 4172
0.174812 1198 4172
0.174827 462 4172
0.174869 1198 4172
0.174903 1198 4172
0.174936 942 4172
0.174971 190 4172
0.175081 1198 4172
0.175115 1198 4172
0.175150 1198 4172
0.175183 1198 4172
0.175276 270 4172
0.175317 1198 4172
0.175352 1198 4172
0.175385 1198 4172
0.175418 702 4172
0.175452 1198 4172
0.175486 1198 4172
0.175519 1198 4172
0.175551 910 4172
0.175597 990 4172
0.175708 1086 4172
0.175748 1198 4172
0.176770 1198 4172
0.176810 174 4172
0.176848 1198 4172
0.176924 1198 4172
0.176965 558 4172
0.177000 1198 4172
0.177033 174 4172
0.177072 1198 4172
0.177107 1198 4172
0.177141 1198 4172
0.177171 270 4172
0.177212 1198 4172
0.177249 1166 4172
0.184851 1198 4172
0.184932 1198 4172
0.184968 1198 4172
0.185001 558 4172
0.185034 1198 4172
0.185065 894 4172
0.185100 1198 4172
0.185131 1198 4172
0.210290 1198 4172
0.228872 718 4172
0.228876 1198 4172
0.228966 1198 4172
0.228967 334 4172
0.229004 1198 4172
0.229041 206 4172
0.229076 1198 4172
0.229113 1198 4172
0.229148 1198 4172
0.229185 718 4172
0.229225 1198 4172
0.229260 398 4172
0.229296 766 4172
0.237981 1198 4172
0.238021 670 4172
0.268926 558 4172
0.269008 1198 4172
0.269025 1198 4172
0.269072 1198 4172
0.269110 190 4172
0.269149 1198 4172
0.269185 1198 4172
0.269221 382 4172
0.269259 1198 4172
0.269296 1198 4172
0.269333 174 4172
0.269371 1198 4172
0.269409 1198 4172
0.269444 1086 4172
0.269481 158 4172
0.272672 110 4172
0.316927 110 4172
0.404913 110 4172
0.580800 110 4172
0.580886 110 4172
0.580899 110 4172
0.613374 1198 4172
0.613462 1198 4172
0.613491 1198 4172
0.613520 1198 4172
0.613550 1198 4172
0.613582 1198 4172
0.613611 1198 4172
0.613638 1198 4172
0.613671 158 4172
0.620836 1198 4172
0.620872 1198 4172
0.620898 1198 4172
0.620921 1198 4172
0.620951 1198 4172
0.620975 1198 4172
0.621000 1198 4172
0.624797 1198 4172
0.624841 1198 4172
0.624880 1198 4172
0.624917 1198 4172
0.624953 1198 4172
0.624990 862 4172
0.636830 1198 4172
0.636873 1198 4172
0.636900 1198 4172
0.636927 1198 4172
0.636953 1198 4172
0.636980 1198 4172
0.644864 1198 4172
0.644924 1198 4172
0.644965 1198 4172
0.645003 1198 4172
0.652819 1198 4172
0.652865 1198 4172
0.660861 798 4172
0.660914 1198 4172
0.660957 1198 4172
0.660995 1198 4172
0.668807 1198 4172
0.668854 1198 4172
0.668896 1198 4172
0.676717 1198 4172
0.676769 1198 4172
0.676810 1198 4172
0.684806 1198 4172
0.684861 1198 4172
0.684906 1198 4172
0.692835 222 4172
0.692882 1198 4172
0.692919 1198 4172
0.700897 1198 4172
0.700953 1198 4172
0.701038 1198 4172
0.708839 1198 4172
0.708890 1198 4172
0.708951 1198 4172
0.708992 1198 4172
0.712811 1198 4172
0.712899 1198 4172
0.724938 1198 4172
0.724955 1198 4172
0.725000 1198 4172
0.732935 1198 4172
0.732975 1198 4172
0.733015 1198 4172
0.740854 1198 4172
0.740911 718 4172
0.740956 1198 4172
0.748801 1198 4172
0.748854 1198 4172
0.748899 1198 4172
0.756890 1198 4172
0.756934 1198 4172
0.756975 1198 4172
0.764886 1198 4172
0.764945 1198 4172
0.764990 1198 4172
0.772797 1198 4172
0.772853 1198 4172
0.772896 1198 4172
0.780912 1198 4172
0.780953 1198 4172
0.780980 1198 4172
0.781013 1198 4172
0.788861 1198 4172
0.788916 1198 4172
0.796873 1198 4172
0.796876 1198 4172
0.796903 1198 4172
0.800800 110 4172
0.800847 1198 4172
0.800884 558 4172
0.800927 1198 4172
0.812916 1198 4172
0.812960 830 4172
0.813004 798 4172
0.820829 894 4172
0.820873 318 4172
0.820918 158 4172
0.820957 1198 4172
0.821000 1198 4172
0.821049 1198 4172
0.828828 1198 4172
0.828867 1198 4172
0.828902 1198 4172
0.836880 750 4172
0.836927 1198 4172
0.836968 1198 4172
0.844811 1198 4172
0.844845 766 4172
0.844883 1198 4172
0.844925 1198 4172
0.852737 1198 4172
0.852780 1198 4172
0.852818 1198 4172
0.860928 1198 4172
0.860983 1198 4172
0.861022 1198 4172
0.868867 1198 4172
0.868908 1198 4172
0.868971 1198 4172
0.876903 1198 4172
0.876938 1198 4172
0.884868 110 4172
0.885002 1198 4172
0.885061 1198 4172
0.885103 1198 4172
0.888787 1198 4172
0.888822 1198 4172
0.888858 1198 4172
0.888908 1198 4172
0.900915 1198 4172
0.901797 1198 4172
0.901827 1198 4172
0.908862 1198 4172
0.908916 1198 4172
0.908961 1198 4172
0.916854 1198 4172
0.916898 1198 4172
0.916933 1070 4172
0.924825 1198 4172
0.924864 1198 4172
0.924901 1198 4172
0.932915 1198 4172
0.932955 1198 4172
0.933005 1198 4172
0.940769 1198 4172
0.940832 1198 4172
0.940875 1198 4172
0.940911 1198 4172
0.948839 1198 4172
0.948889 1198 4172
0.948933 990 4172
0.956820 1198 4172
0.956862 1198 4172
0.956900 1198 4172
0.964833 1198 4172
0.964884 1198 4172
0.972844 1198 4172
0.972874 1198 4172
0.972912 1198 4172
0.976800 1198 4172
0.976857 1198 4172
0.976900 1198 4172
0.976939 1198 4172
0.988958 1198 4172
0.989048 1198 4172
0.989084 1198 4172
0.996832 1198 4172
0.996877 1198 4172
0.996915 1198 4172
1.004904 1198 4172
1.004935 1198 4172
1.004968 1198 4172
1.012858 1198 4172
1.012904 1198 4172
1.012946 1198 4172
1.020854 1198 4172
1.020895 1198 4172
1.020936 1198 4172
1.028774 1198 4172
1.028816 1198 4172
1.036873 1198 4172
1.036918 1198 4172
1.036959 1198 4172
1.044833 718 4172
1.044877 1198 4172
1.044921 1198 4172
1.044958 1198 4172
1.052734 1198 4172
1.052781 1198 4172
1.060745 1198 4172
1.060798 1198 4172
1.060837 1198 4172
1.064699 1198 4172
1.064742 1198 4172
1.064772 110 4172
1.064804 702 4172
1.076759 1198 4172
1.076804 1198 4172
1.076838 1198 4172
1.084717 1198 4172
1.084757 1198 4172
1.084788 1198 4172
1.092720 1198 4172
1.092758 1198 4172
1.092789 1198 4172
1.100830 1198 4172
1.100869 1198 4172
1.100897 1198 4172
1.108813 110 4172
1.108852 462 4172
1.108888 414 4172
1.108923 1198 4172
1.108957 238 4172
1.109014 158 4172
1.109058 158 4172
1.109094 158 4172
1.109137 158 4172
1.109182 158 4172
1.109220 1198 4172
1.116812 142 4172
1.116846 686 4172
1.116886 1198 4172
1.116920 846 4172
1.152820 174 4172
1.152878 206 4172
1.152918 142 4172
1.152956 926 4172
1.153004 478 4172
1.153041 574 4172
1.240891 206 4172
1.240988 542 4172
1.284774 110 4172
1.368932 110 4172
1.369077 110 4172
1.369172 110 4172
1.412854 110 4172
1.500854 190 4172
1.628872 110 4172
1.628961 110 4172
1.628978 110 4172
1.874825 110 4172
1.888864 190 4172
2.108861 190 4172
2.152779 110 4172
2.284868 110 4172
2.396959 110 4172
2.416794 110 4172
2.676712 142 4172
2.892822 142 4172
2.936897 110 4172
3.112895 142 4172
3.200861 110 4172
3.288807 110 4172
3.420781 110 4172
3.464978 110 4172
3.728838 110 4172
3.992938 110 4172
4.297297 110 4172
4.340849 142 4172
4.340872 142 4172
4.384787 110 4172
4.516816 142 4172
4.604847 142 4172
4.736767 142 4172
4.912806 142 4172
5.300842 110 4172
5.344805 142 4172
5.344901 142 4172
5.388842 110 4172
5.520861 142 4172
5.520870 142 4172
5.960910 142 4172
5.961063 142 4172
6.176819 142 4172
6.176823 142 4172
6.304788 110 4172
6.392766 110 4172
6.656836 110 4172
7.008834 142 4172
7.008933 142 4172
7.140819 142 4172
7.140905 142 4172
7.316721 110 4172
7.404733 110 4172
7.800815 142 4172
7.800890 142 4172
8.016721 142 4172
8.016804 142 4172
8.316860 110 4172
8.377617 142 4172
8.404681 110 4172
8.620818 142 4172
9.012820 142 4172
9.012873 142 4172
9.184821 142 4172
9.272637 142 4172
9.316785 110 4172
9.360817 110 4172
9.404649 110 4172
9.448869 142 4172
9.620755 142 4172
10.012721 142 4172
10.012749 142 4172
10.232846 142 4172
10.232975 142 4172
10.320734 110 4172
10.408794 110 4172
10.848743 142 4172
10.848925 142 4172
11.244772 142 4172
11.244859 142 4172
11.288723 110 4172
11.332827 142 4172
11.332881 142 4172
11.420700 110 4172
11.464787 142 4172
11.464943 142 4172
11.508772 110 4172
11.596770 110 4172
12.032671 110 4172
12.076779 142 4172
12.076883 142 4172
12.252725 142 4172
12.252951 142 4172
12.296752 110 4172
12.384737 110 4172
12.868668 142 4172
12.868722 142 4172
13.088839 142 4172
13.088886 142 4172
13.304795 110 4172
13.392752 110 4172
13.692754 142 4172
13.692937 142 4172
13.912743 142 4172
13.912816 142 4172
14.277773 142 4172
14.277802 142 4172
14.304597 110 4172
14.392803 110 4172
14.480713 142 4172
14.674694 110 4172
14.700743 142 4172
15.096761 142 4172
15.096883 142 4172
15.140575 142 4172
15.277655 142 4172
15.277753 142 4172
15.316743 110 4172
15.404725 110 4172
15.708686 142 4172
15.708790 142 4172
15.884693 142 4172
15.884816 142 4172
16.276645 142 4172
16.276727 142 4172
16.320633 110 4172
16.408688 110 4172
16.540697 142 4172
16.540801 142 4172
16.936578 142 4172
16.936624 142 4172
17.112681 142 4172
17.112763 142 4172
17.376667 110 4172
17.420622 110 4172
17.508639 142 4172
17.768671 142 4172
18.160668 142 4172
18.160721 142 4172
18.292679 110 4172
18.336715 142 4172
18.336757 142 4172
18.556721 142 4172
18.772619 142 4172
19.168718 142 4172
19.168817 142 4172
19.300734 110 4172
19.344693 142 4172
19.344777 142 4172
19.388637 110 4172
19.784661 142 4172
19.784775 142 4172
19.960756 142 4172
19.960921 142 4172
20.048703 110 4172
20.312766 110 4172
20.400637 110 4172
20.556825 60 60000
20.616619 142 4172
20.616699 142 4172
20.707038 142 4172
20.713165 174 4172
20.713204 350 4172
20.713236 606 4172
20.713268 158 4172
20.713298 158 4172
20.713327 158 4172
20.713357 430 4172
20.713385 158 4172
20.756603 126 4172
20.780518 1198 4172
20.791472 958 4172
20.791483 1198 4172
20.791562 1198 4172
20.791575 1198 4172
20.791604 1198 4172
20.791633 1198 4172
20.791659 1198 4172
20.791688 1198 4172
20.791717 1198 4172
20.791744 1198 4172
20.791772 318 4172
20.801800 1198 4172
20.801866 1198 4172
20.801894 1198 4172
20.801924 1198 4172
20.801951 1198 4172
20.801976 1198 4172
20.802003 1198 4172
20.802029 1198 4172
20.802059 862 4172
20.810568 1198 4172
20.810905 1198 4172
20.810933 1054 4172
20.810962 1198 4172
20.810989 1198 4172
20.811016 1198 4172
20.811043 1198 4172
20.811069 1198 4172
20.811095 1198 4172
20.811122 1198 4172
20.816731 1198 4172
20.816769 1198 4172
20.816796 1198 4172
20.816822 1198 4172
20.826157 1198 4172
20.826285 206 4172
20.826751 1198 4172
20.826785 1198 4172
20.833025 1198 4172
20.833060 1198 4172
20.833093 1198 4172
20.855496 1198 4172
20.856799 1198 4172
20.856875 1198 4172
20.856923 1198 4172
20.864635 1198 4172
20.864667 606 4172
20.864703 1198 4172
20.864752 1198 4172
20.864789 1198 4172
20.864818 1198 4172
20.864847 1198 4172
20.864874 1198 4172
20.886462 126 4172
20.892431 1198 4172
20.894088 1198 4172
20.894806 1118 4172
20.896918 1198 4172
20.906960 1198 4172
20.907005 1198 4172
20.907037 1198 4172
20.907070 1198 4172
20.907102 1198 4172
20.907145 1198 4172
20.913704 1198 4172
20.913737 1198 4172
20.920687 1198 4172
20.920730 670 4172
20.920767 1198 4172
20.931272 1198 4172
20.931313 1198 4172
20.934779 1198 4172
20.934818 1198 4172
20.944664 1198 4172
20.944709 1198 4172
20.953606 1198 4172
20.953706 1198 4172
20.960592 1198 4172
20.960637 1198 4172
20.972025 574 4172
20.972394 1198 4172
20.972476 1198 4172
20.972523 1198 4172
20.976626 1198 4172
20.984767 1198 4172
20.992647 1198 4172
20.992691 1198 4172
21.008497 1198 4172
21.008720 1198 4172
21.008765 1198 4172
21.019923 718 4172
21.019969 1198 4172
21.019999 1198 4172
21.024401 1198 4172
21.025129 1198 4172
21.034957 1198 4172
21.035003 1198 4172
21.041121 1198 4172
21.041162 1198 4172
21.050764 1198 4172
21.051787 1198 4172
21.055071 1198 4172
21.055115 1198 4172
21.055147 638 4172
21.073763 798 4172
21.073800 510 4172
21.073833 542 4172
21.073861 510 4172
21.081618 1198 4172
21.081683 1198 4172
21.083341 1198 4172
21.083459 1198 4172
21.088684 1198 4172
21.088722 782 4172
21.088750 254 4172
21.093332 190 4172
21.093375 190 4172
21.093404 110 4172
21.093430 190 4172
21.093455 190 4172
21.093480 190 4172
21.093505 190 4172
21.093536 190 4172
21.093561 190 4172
21.106454 190 4172
21.106499 526 4172
21.106534 430 4172
21.108576 542 4172
21.108613 478 4172
21.108660 1198 4172
21.108694 1198 4172
21.116749 1198 4172
21.116781 910 4172
21.116818 862 4172
21.122218 190 4172
21.122256 254 4172
21.122289 190 4172
21.122321 190 4172
21.122351 190 4172
21.122379 190 4172
21.122408 190 4172
21.122485 190 4172
21.124898 190 4172
21.124931 190 4172
21.124965 190 4172
21.124995 190 4172
21.125024 190 4172
21.138570 190 4172
21.152918 190 4172
21.152965 1198 4172
21.152990 1198 4172
21.153021 190 4172
21.156577 1166 4172
21.156612 254 4172
21.156646 190 4172
21.156673 190 4172
21.156701 190 4172
21.156732 190 4172
21.156758 190 4172
21.156787 190 4172
21.156816 190 4172
21.156844 190 4172
21.156872 190 4172
21.156901 190 4172
21.156929 190 4172
21.156957 190 4172
21.156986 190 4172
21.157015 190 4172
21.157044 1198 4172
21.162034 1198 4172
21.162078 1198 4172
21.172634 1198 4172
21.172674 1198 4172
21.180664 366 4172
21.180737 606 4172
21.180772 174 4172
21.180803 174 4172
21.180832 174 4172
21.180860 174 4172
21.180889 174 4172
21.184573 174 4172
21.184880 174 4172
21.184944 1198 4172
21.184996 1198 4172
21.193858 718 4172
21.193904 1198 4172
21.202704 1198 4172
21.202762 782 4172
21.202796 1198 4172
21.204519 446 4172
21.204558 174 4172
21.204592 174 4172
21.204622 174 4172
21.204648 174 4172
21.204677 174 4172
21.204706 1198 4172
21.218832 1198 4172
21.218880 1198 4172
21.218957 60 60000
21.232448 1198 4172
21.232758 1198 4172
21.233191 1198 4172
21.240604 1198 4172
21.240656 1198 4172
21.240692 1198 4172
21.248624 1198 4172
21.248674 1198 4172
21.260326 654 4172
21.260429 510 4172
21.260498 1198 4172
21.260550 1198 4172
21.272810 1198 4172
21.272895 1198 4172
21.280596 1198 4172
21.280635 1198 4172
21.288878 846 4172
21.288923 110 4172
21.288954 1198 4172
21.288980 1198 4172
21.294523 1198 4172
21.294575 1038 4172
21.336849 126 4172
21.365530 110 4172
21.377412 1198 4172
21.377461 126 4172
21.380544 1198 4172
21.380587 494 4172
21.380620 110 4172
21.412538 174 4172
21.412617 174 4172
21.412644 174 4172
21.412671 174 4172
21.412699 174 4172
21.412753 174 4172
21.412781 174 4172
21.412808 1198 4172
21.412833 1198 4172
21.412858 1198 4172
21.412884 542 4172
21.418917 1198 4172
21.418964 1198 4172
21.418992 1198 4172
21.419017 686 4172
21.419045 1198 4172
21.419073 894 4172
21.419099 174 4172
21.419125 174 4172
21.419150 174 4172
21.419175 174 4172
21.421494 1198 4172
21.421531 1198 4172
21.421559 1198 4172
21.421595 1198 4172
21.421622 654 4172
21.424516 1198 4172
21.424575 1198 4172
21.440635 174 4172
21.440675 1198 4172
21.440705 1198 4172
21.440736 1198 4172
21.440773 1198 4172
21.440803 1198 4172
21.468789 1198 4172
21.468804 430 4172
21.468883 1198 4172
21.468898 190 4172
21.468928 1198 4172
21.506681 1198 4172
21.506692 1198 4172
21.506729 1198 4172
21.506757 1198 4172
21.506786 126 4172
21.513581 1198 4172
21.513636 1198 4172
21.513673 366 4172
21.513707 302 4172
21.513738 1198 4172
21.513764 1198 4172
21.513793 1198 4172
21.513821 1134 4172
21.513850 238 4172
21.556650 1198 4172
21.556713 1198 4172
21.556747 158 4172
21.600670 1166 4172
21.616661 1198 4172
21.616701 1086 4172
21.634489 110 4172
21.634524 110 4172
21.634562 110 4172
21.644580 1198 4172
21.644634 414 4172
21.680941 1198 4172
21.681015 1198 4172
21.681017 350 4172
21.681049 318 4172
21.681087 174 4172
21.681121 174 4172
21.681154 174 4172
21.684684 174 4172
21.684718 1198 4172
21.684755 1198 4172
21.684789 1198 4172
21.684823 542 4172
21.684856 1198 4172
21.684890 1198 4172
21.684923 1198 4172
21.684962 1198 4172
21.684996 894 4172
21.685029 174 4172
21.689563 174 4172
21.689599 174 4172
21.689631 174 4172
21.689656 174 4172
21.689689 174 4172
21.689727 1198 4172
21.689759 1198 4172
21.689790 1198 4172
21.689820 734 4172
21.696618 1198 4172
21.696667 1198 4172
21.696708 1198 4172
21.705192 686 4172
21.705266 1198 4172
21.705314 1198 4172
21.712625 1198 4172
21.712661 1198 4172
21.720788 1198 4172
21.720826 1198 4172
21.732621 526 4172
21.732734 126 4172
21.770931 126 4172
21.776635 126 4172
21.908639 110 4172
21.908647 110 4172
21.908727 110 4172
21.950925 1166 4172
21.952606 1198 4172
21.952609 366 4172
21.965499 1198 4172
21.965586 1198 4172
21.965588 1198 4172
21.965633 126 4172
21.977337 1198 4172
21.977387 1198 4172
21.977430 1198 4172
21.977467 1150 4172
21.989454 1198 4172
21.989500 1198 4172
21.989537 158 4172
21.989573 1198 4172
21.996572 1198 4172
21.996611 414 4172
22.041008 1198 4172
22.041082 1166 4172
22.172591 110 4172
22.172683 110 4172
22.172700 110 4172
22.304710 110 4172
22.392789 110 4172
22.436628 110 4172
22.436701 110 4172
22.436739 110 4172
22.700651 110 4172
23.008888 110 4172
23.272818 110 4172
23.316660 110 4172
23.404722 110 4172
23.536627 110 4172
23.801009 110 4172
24.060771 110 4172
24.280996 110 4172
24.324633 110 4172
24.412691 110 4172
25.288769 110 4172
25.420643 110 4172
26.296781 110 4172
26.384605 110 4172
27.000604 110 4172
27.308519 110 4172
27.396643 110 4172
28.320646 110 4172
28.408543 110 4172
29.284503 110 4172
29.416566 110 4172
29.680617 110 4172
30.296617 110 4172
30.384523 110 4172
31.304721 110 4172
31.392583 110 4172
32.312606 110 4172
32.356610 110 4172
32.400538 110 4172
33.280448 110 4172
33.412654 110 4172
34.292475 110 4172
34.380491 110 4172
35.036553 110 4172
35.300595 110 4172
35.388613 110 4172
36.312570 110 4172
36.400692 110 4172
37.320591 110 4172
37.408531 110 4172
37.748357 110 4172
38.320598 110 4172
38.408582 110 4172
39.284404 110 4172
39.416346 110 4172
40.292427 110 4172
40.377994 110 4172
40.380424 110 4172
41.292503 110 4172
41.355968 1198 4172
41.356008 1198 4172
41.356038 1198 4172
41.356067 1198 4172
41.356096 1198 4172
41.356131 1198 4172
41.356159 1198 4172
41.356188 1198 4172
41.356220 1198 4172
41.356250 1198 4172
41.356276 1198 4172
41.356317 542 4172
41.364393 1198 4172
41.364428 1198 4172
41.364458 1198 4172
41.364491 1198 4172
41.364524 1198 4172
41.375316 1198 4172
41.375442 1198 4172
41.375459 1198 4172
41.375486 1198 4172
41.375514 1198 4172
41.380333 1198 4172
41.380385 1198 4172
41.380415 174 4172
41.380444 1198 4172
41.380470 1198 4172
41.388633 110 4172
41.388669 1198 4172
41.396332 1198 4172
41.396359 1198 4172
41.404420 1198 4172
41.404453 1198 4172
41.404482 1198 4172
41.412312 1198 4172
41.412351 1198 4172
41.420369 238 4172
41.420410 1198 4172
41.420444 1198 4172
41.424261 1198 4172
41.424299 1198 4172
41.439119 1198 4172
41.439216 1198 4172
41.439253 1198 4172
41.444318 1198 4172
41.444357 1198 4172
41.452405 1198 4172
41.452454 686 4172
41.452498 1198 4172
41.460343 1198 4172
41.460383 1198 4172
41.468443 1198 4172
41.468504 1198 4172
41.476444 1198 4172
41.476445 60 60000
41.476488 1198 4172
41.476524 1198 4172
41.484399 1198 4172
41.484444 1198 4172
41.492340 1198 4172
41.492401 942 4172
41.492446 1198 4172
41.500412 1198 4172
41.500455 1198 4172
41.508518 1198 4172
41.512460 1198 4172
41.512540 1198 4172
41.524441 1198 4172
41.524522 766 4172
41.532412 1198 4172
41.532454 1198 4172
41.532492 1198 4172
41.540358 1198 4172
41.540398 1198 4172
41.548433 1198 4172
41.548476 1198 4172
41.556389 1198 4172
41.556432 1198 4172
41.556472 1198 4172
41.564381 1054 4172
41.564432 1198 4172
41.572393 1198 4172
41.572430 1198 4172
41.580381 1198 4172
41.580418 1198 4172
41.588386 1198 4172
41.588427 1198 4172
41.596361 1198 4172
41.596405 1198 4172
41.600329 1198 4172
41.600373 1198 4172
41.612429 718 4172
41.612503 1198 4172
41.620432 1198 4172
41.628444 1198 4172
41.636413 1198 4172
41.636487 1198 4172
41.644377 1198 4172
41.652396 1198 4172
41.652454 1198 4172
41.660437 1198 4172
41.660482 1198 4172
41.660520 430 4172
41.668413 1198 4172
41.668456 1198 4172
41.676376 1198 4172
41.676428 1198 4172
41.684383 1198 4172
41.684415 1198 4172
41.688364 1198 4172
41.688404 1198 4172
41.700413 1198 4172
41.700451 110 4172
41.700482 1198 4172
41.700511 1198 4172
41.708369 1198 4172
41.708408 1198 4172
41.716352 478 4172
41.716404 1198 4172
41.724372 1198 4172
41.724412 1198 4172
41.732350 1198 4172
41.732388 1198 4172
41.740364 1198 4172
41.740401 1198 4172
41.748429 1198 4172
41.748456 1198 4172
41.760221 558 4172
41.760505 1198 4172
41.763377 1198 4172
41.763485 1198 4172
41.764368 1198 4172
41.772433 1198 4172
41.776818 1198 4172
41.788459 1198 4172
41.796390 1022 4172
41.796435 1198 4172
41.796477 1198 4172
41.817316 1198 4172
41.817364 1198 4172
41.820504 1198 4172
41.820543 1198 4172
41.820576 1198 4172
41.828356 1198 4172
41.828394 686 4172
41.828427 1198 4172
41.844095 1198 4172
41.844420 1198 4172
41.844471 1198 4172
41.859661 1198 4172
41.859711 1198 4172
41.859738 1198 4172
41.860379 126 4172
41.860409 1198 4172
41.860435 1198 4172
41.860461 894 4172
41.869725 1198 4172
41.869772 1198 4172
41.872807 1198 4172
41.872846 1198 4172
41.888578 1198 4172
41.890626 1198 4172
41.892493 1198 4172
41.892522 1198 4172
41.892548 1198 4172
41.900561 1198 4172
41.900605 1198 4172
41.913543 510 4172
41.913643 1198 4172
41.913681 1198 4172
41.916361 1198 4172
41.916402 1198 4172
41.944695 1198 4172
41.945271 702 4172
41.948417 1198 4172
41.948448 1198 4172
41.948482 1198 4172
41.948513 1198 4172
41.948542 1198 4172
41.948571 1198 4172
41.956781 1198 4172
41.956821 1134 4172
41.973141 1198 4172
41.974047 110 4172
41.974144 1198 4172
41.990280 1198 4172
41.990720 1198 4172
41.990767 1198 4172
41.990835 1198 4172
42.003512 382 4172
42.004225 1198 4172
42.007690 1198 4172
42.008045 1198 4172
42.008099 1198 4172
42.012453 910 4172
42.012499 1198 4172
42.012528 1198 4172
42.012556 1198 4172
42.020540 1198 4172
42.020623 1198 4172
42.028538 1198 4172
42.028590 478 4172
42.028655 1198 4172
42.036500 1198 4172
42.036536 1198 4172
42.044373 1198 4172
42.044416 1198 4172
42.044449 1198 4172
42.052403 1198 4172
42.052446 798 4172
42.060980 1198 4172
42.061248 1198 4172
42.061251 1198 4172
42.072362 1198 4172
42.072417 1198 4172
42.076455 542 4172
42.076495 1198 4172
42.076535 1198 4172
42.083448 1198 4172
42.083499 1198 4172
42.092448 1198 4172
42.092491 142 4172
42.092519 1198 4172
42.102048 1198 4172
42.102095 1198 4172
42.112696 1198 4172
42.112786 1102 4172
42.112816 1198 4172
42.116446 1198 4172
42.116499 1198 4172
42.124480 1198 4172
42.124522 1198 4172
42.132377 670 4172
42.132425 1198 4172
42.132459 1198 4172
42.145002 558 4172
42.145614 1198 4172
42.145656 1198 4172
42.148388 1198 4172
42.148429 1198 4172
42.161115 1198 4172
42.161154 1150 4172
42.161184 1198 4172
42.164324 1198 4172
42.164361 1198 4172
42.177008 1198 4172
42.181667 1198 4172
42.181719 910 4172
42.181754 1198 4172
42.190822 1198 4172
42.191603 1198 4172
42.196373 1198 4172
42.196408 1198 4172
42.209083 526 4172
42.209087 1198 4172
42.212368 1198 4172
42.212404 1198 4172
42.227341 1198 4172
42.227434 1198 4172
42.227459 1198 4172
42.228381 110 4172
42.228418 894 4172
42.228453 1198 4172
42.242223 1198 4172
42.242294 1198 4172
42.242331 1198 4172
42.244363 1198 4172
42.244457 926 4172
42.252428 1198 4172
42.252472 1198 4172
42.260193 60 60000
42.260322 1198 4172
42.260375 1198 4172
42.260391 1198 4172
42.268744 1198 4172
42.268829 766 4172
42.276369 1198 4172
42.276595 1198 4172
42.277890 1198 4172
42.284462 1198 4172
42.284502 862 4172
42.289072 414 4172
42.289120 110 4172
42.289148 270 4172
42.289174 174 4172
42.289201 174 4172
42.289229 174 4172
42.289254 174 4172
42.292745 174 4172
42.292778 174 4172
42.292808 1086 4172
42.292836 1198 4172
42.292864 206 4172
42.297217 734 4172
42.297260 174 4172
42.297284 174 4172
42.297313 174 4172
42.297337 174 4172
42.304370 1198 4172
42.304409 1198 4172
42.312356 302 4172
42.312404 334 4172
42.312434 1198 4172
42.368703 286 4172
42.368821 174 4172
42.412360 110 4172
42.470506 1198 4172
42.470582 1198 4172
42.470605 1038 4172
42.477948 1022 4172
42.477992 126 4172
42.501498 110 4172
42.501527 110 4172
42.542917 174 4172
42.542934 1198 4172
42.543021 1198 4172
42.543053 1198 4172
42.543085 1198 4172
42.543115 654 4172
42.544236 1198 4172
42.544273 1198 4172
42.544304 366 4172
42.544336 302 4172
42.544367 1198 4172
42.544393 158 4172
42.544422 238 4172
42.578008 1198 4172
42.578084 302 4172
42.588324 110 4172
42.632617 766 4172
42.638241 1198 4172
42.672314 654 4172
42.702527 110 4172
42.720457 318 4172
42.752554 366 4172
42.764393 110 4172
42.774130 190 4172
42.802945 110 4172
42.808570 1134 4172
42.940404 926 4172
42.977272 1198 4172
42.984544 974 4172
43.001349 1198 4172
43.001409 398 4172
43.014725 1198 4172
43.014807 126 4172
43.021241 1198 4172
43.021304 1166 4172
43.021352 110 4172
43.028353 1198 4172
43.028407 494 4172
43.072487 286 4172
43.292566 110 4172
43.292604 110 4172
43.292645 110 4172
43.380462 110 4172
43.592805 110 4172
43.812477 110 4172
44.120788 110 4172
44.296542 110 4172
44.384303 110 4172
44.644487 110 4172
44.904666 110 4172
45.168688 110 4172
45.300439 110 4172
45.388513 110 4172
46.312609 110 4172
46.400468 110 4172
47.280370 110 4172
47.852473 110 4172
48.288352 110 4172
48.420351 110 4172
49.300373 110 4172
49.388280 110 4172
50.304380 110 4172
50.392477 110 4172
50.524417 110 4172
51.316321 110 4172
51.404214 110 4172
52.320292 110 4172
52.816589 366 4172
52.816615 174 4172
52.816645 174 4172
52.820322 174 4172
52.820357 174 4172
52.820385 174 4172
52.825408 174 4172
52.825442 1086 4172
52.825472 1198 4172
52.825504 206 4172
52.829361 734 4172
52.829404 174 4172
52.829439 174 4172
52.832947 174 4172
52.832987 174 4172
52.833021 174 4172
52.836250 270 4172
52.848192 1198 4172
52.848249 1198 4172
52.848295 750 4172
52.936283 494 4172
52.936346 1198 4172
52.936393 1198 4172
53.024345 1198 4172
53.068348 1198 4172
53.068421 1198 4172
53.068423 1198 4172
53.068479 366 4172
53.080768 1102 4172
53.094712 382 4172
53.100947 1198 4172
53.101007 1198 4172
53.101056 574 4172
53.112274 1198 4172
53.120821 1198 4172
53.120891 1198 4172
53.120893 110 4172
53.128603 750 4172
53.138447 206 4172
53.140304 942 4172
53.150319 142 4172
53.156287 1198 4172
53.156321 142 4172
53.166572 1198 4172
53.166614 398 4172
53.200400 1198 4172
53.200443 110 4172
53.278048 1198 4172
53.288443 110 4172
53.416317 110 4172
53.460429 110 4172
53.720382 110 4172
53.984425 110 4172
54.244199 110 4172
54.288259 110 4172
54.416290 110 4172
54.504754 110 4172
55.292323 110 4172
55.380278 110 4172
56.388231 110 4172
57.216293 110 4172
57.304288 110 4172
57.392363 110 4172
58.172327 222 4172
58.216275 110 4172
58.300401 110 4172
58.388149 110 4172
58.436381 174 4172
58.449935 126 4172
58.480235 414 4172
58.544690 110 4172
58.628135 1198 4172
58.628148 1198 4172
58.628178 334 4172
58.632670 318 4172
58.632698 174 4172
58.632727 174 4172
58.637593 190 4172
58.637639 110 4172
58.637670 190 4172
58.637701 190 4172
58.640905 1198 4172
58.640942 846 4172
58.640979 1198 4172
58.641012 1198 4172
58.641042 1118 4172
58.644334 1198 4172
58.644363 190 4172
58.644393 190 4172
58.648530 190 4172
58.648562 158 4172
58.648592 158 4172
58.652073 158 4172
58.652120 126 4172
58.652159 1198 4172
58.652190 1198 4172
58.652220 1198 4172
58.652257 1198 4172
58.652289 734 4172
58.656155 1198 4172
58.656186 1198 4172
58.656238 1198 4172
58.656283 1198 4172
58.656324 1198 4172
58.656364 1198 4172
58.656403 1198 4172
58.656441 1198 4172
58.656479 526 4172
58.688440 1198 4172
58.688543 766 4172
58.700171 126 4172
58.768701 1198 4172
58.768782 1198 4172
58.768826 1198 4172
58.768869 526 4172
58.776930 1182 4172
58.788229 1166 4172
58.797292 110 4172
58.797348 366 4172
58.810524 1198 4172
58.810617 414 4172
58.832254 1198 4172
58.832337 1166 4172
58.876331 1198 4172
59.096170 110 4172
59.316321 110 4172
59.360175 110 4172
59.404177 110 4172
59.624273 110 4172
59.888226 110 4172
60.152463 110 4172
60.280139 110 4172
60.412301 110 4172
61.288144 110 4172
61.420120 110 4172
62.292251 110 4172
62.351039 1198 4172
62.351097 1198 4172
62.351124 1198 4172
62.351153 1198 4172
62.351184 1198 4172
62.351210 1198 4172
62.351239 1198 4172
62.351267 1198 4172
62.351300 1198 4172
62.351325 1198 4172
62.351354 1198 4172
62.351381 526 4172
62.358903 1198 4172
62.358942 1198 4172
62.358975 1198 4172
62.359005 1198 4172
62.359034 1198 4172
62.359064 1198 4172
62.367175 766 4172
62.367203 1198 4172
62.367235 1198 4172
62.367265 1198 4172
62.372226 1198 4172
62.372253 1198 4172
62.372294 1198 4172
62.380330 1198 4172
62.380370 1198 4172
62.384098 110 4172
62.384133 1198 4172
62.384164 430 4172
62.384192 1198 4172
62.399371 1198 4172
62.399450 1198 4172
62.404851 1198 4172
62.404884 1198 4172
62.404915 1198 4172
62.412296 1198 4172
62.412326 1198 4172
62.420226 1086 4172
62.420271 1198 4172
62.428154 1198 4172
62.428217 1198 4172
62.428262 1198 4172
62.436262 1198 4172
62.436308 1198 4172
62.444320 1198 4172
62.444372 1198 4172
62.444412 1198 4172
62.452174 1198 4172
62.452208 654 4172
62.460166 1198 4172
62.460199 1198 4172
62.468301 1198 4172
62.468346 1198 4172
62.472216 1198 4172
62.484228 1198 4172
62.484290 350 4172
62.484336 1198 4172
62.484383 1198 4172
62.492221 1198 4172
62.492334 1198 4172
62.500181 1198 4172
62.500225 1198 4172
62.508146 1198 4172
62.508200 1198 4172
62.516065 878 4172
62.516166 60 60000
62.524215 1198 4172
62.524265 1198 4172
62.524304 1198 4172
62.532161 1198 4172
62.532197 1198 4172
62.540198 1198 4172
62.540246 1198 4172
62.548212 1198 4172
62.548290 1198 4172
62.548332 1198 4172
62.558335 1198 4172
62.558706 862 4172
62.560097 1198 4172
62.560132 1198 4172
62.560191 1198 4172
62.572306 1198 4172
62.572371 1198 4172
62.580220 1198 4172
62.580256 110 4172
62.580292 1198 4172
62.588321 1198 4172
62.588380 1198 4172
62.588433 1198 4172
62.596144 1198 4172
62.596203 574 4172
62.596253 1198 4172
62.605428 1198 4172
62.605514 1198 4172
62.612277 1198 4172
62.620254 1198 4172
62.620312 1198 4172
62.620358 1198 4172
62.628111 1198 4172
62.628162 1198 4172
62.638297 430 4172
62.638349 1198 4172
62.644188 1198 4172
62.644220 1198 4172
62.648191 1198 4172
62.648242 1198 4172
62.660195 1198 4172
62.660240 1198 4172
62.668213 894 4172
62.668268 1198 4172
62.668312 1198 4172
62.676212 1198 4172
62.676264 1198 4172
62.684190 1198 4172
62.684223 1198 4172
62.684262 1198 4172
62.692163 1198 4172
62.692210 1198 4172
62.700375 1198 4172
62.700428 1198 4172
62.700478 958 4172
62.708210 1198 4172
62.708251 1198 4172
62.716196 1198 4172
62.716253 1198 4172
62.716300 1198 4172
62.724238 1198 4172
62.724264 1198 4172
62.732268 1198 4172
62.732305 590 4172
62.732343 1198 4172
62.736193 1198 4172
62.736228 1198 4172
62.736266 1198 4172
62.749260 1198 4172
62.749313 1198 4172
62.756110 1198 4172
62.756160 1198 4172
62.764340 286 4172
62.764386 1198 4172
62.764423 1198 4172
62.764461 1198 4172
62.772216 1198 4172
62.772274 1198 4172
62.780162 1198 4172
62.780223 894 4172
62.788184 1198 4172
62.788249 1198 4172
62.796714 1198 4172
62.796764 1198 4172
62.796793 1198 4172
62.804153 1198 4172
62.804179 1198 4172
62.812335 1198 4172
62.812424 1198 4172
62.820219 942 4172
62.820261 1198 4172
62.820296 1198 4172
62.824117 1198 4172
62.824168 1198 4172
62.824231 1198 4172
62.836235 1198 4172
62.836344 1198 4172
62.844276 1198 4172
62.844306 1198 4172
62.852217 110 4172
62.852252 1198 4172
62.852283 1198 4172
62.860251 1198 4172
62.860293 1198 4172
62.868203 1198 4172
62.868263 1198 4172
62.868299 1198 4172
62.878019 1198 4172
62.878045 1198 4172
62.884232 1102 4172
62.884267 1198 4172
62.884303 1102 4172
62.892266 1198 4172
62.892289 1198 4172
62.900698 1198 4172
62.900801 1198 4172
62.900832 1198 4172
62.912190 126 4172
62.912275 1198 4172
62.912315 1198 4172
62.924246 1198 4172
62.924283 1198 4172
62.924323 446 4172
62.932364 1198 4172
62.932398 1198 4172
62.932430 1198 4172
62.942931 1198 4172
62.945001 1198 4172
62.947164 1198 4172
62.951701 1198 4172
62.951741 1198 4172
62.956819 1198 4172
62.956857 1198 4172
62.964208 1198 4172
62.964230 1198 4172
62.964263 1198 4172
62.981426 510 4172
62.981525 1198 4172
62.981554 1198 4172
62.988250 1198 4172
62.988276 1198 4172
62.988311 1198 4172
62.988344 1198 4172
62.988377 1198 4172
62.996259 1198 4172
62.996309 1198 4172
63.002940 1198 4172
63.003015 1198 4172
63.003200 1198 4172
63.014532 1166 4172
63.016556 1198 4172
63.016634 1198 4172
63.020301 1198 4172
63.020353 1198 4172
63.028284 1198 4172
63.028322 1198 4172
63.037512 1198 4172
63.037548 1198 4172
63.037584 1198 4172
63.045934 1198 4172
63.046509 622 4172
63.046552 1198 4172
63.053009 1198 4172
63.053027 1198 4172
63.053062 1198 4172
63.060337 1198 4172
63.060368 1198 4172
63.069521 1198 4172
63.069606 1198 4172
63.069640 1198 4172
63.076411 1038 4172
63.092526 1198 4172
63.093613 1198 4172
63.094392 1198 4172
63.109024 1198 4172
63.110142 1198 4172
63.112648 1198 4172
63.112696 1198 4172
63.112746 1198 4172
63.123081 558 4172
63.124271 1198 4172
63.124304 1198 4172
63.124770 1198 4172
63.124826 1198 4172
63.132318 110 4172
63.132352 1198 4172
63.132385 1198 4172
63.132417 1198 4172
63.140235 1198 4172
63.140278 1198 4172
63.140310 1198 4172
63.150810 1198 4172
63.150854 1198 4172
63.157860 1198 4172
63.157904 398 4172
63.157938 1198 4172
63.157969 1198 4172
63.164337 1198 4172
63.164374 1198 4172
63.169424 1198 4172
63.169477 1198 4172
63.169532 1198 4172
63.183072 1198 4172
63.183200 1198 4172
63.188228 1198 4172
63.188253 1198 4172
63.188283 1198 4172
63.196687 766 4172
63.196728 1198 4172
63.196760 1198 4172
63.205082 1198 4172
63.205121 1198 4172
63.205157 1198 4172
63.213294 1198 4172
63.213387 1198 4172
63.220227 1198 4172
63.220259 1198 4172
63.229175 1198 4172
63.229232 1198 4172
63.237706 1198 4172
63.244551 1198 4172
63.244582 1198 4172
63.244648 1198 4172
63.244679 1198 4172
63.244711 1198 4172
63.253056 1198 4172
63.253081 1198 4172
63.260232 1198 4172
63.260273 1198 4172
63.260306 766 4172
63.271585 1198 4172
63.271640 1198 4172
63.271672 1198 4172
63.272350 1198 4172
63.272384 1198 4172
63.301489 1198 4172
63.301529 1198 4172
63.301566 1198 4172
63.301599 1198 4172
63.301631 110 4172
63.301666 1198 4172
63.301698 574 4172
63.301750 1198 4172
63.317342 1198 4172
63.317408 1198 4172
63.317440 1198 4172
63.317473 1198 4172
63.317523 1198 4172
63.323197 1198 4172
63.323240 1198 4172
63.323276 1198 4172
63.323311 222 4172
63.323343 1198 4172
63.333027 1198 4172
63.333089 1198 4172
63.333124 1198 4172
63.342586 1198 4172
63.342623 1198 4172
63.342657 1198 4172
63.348199 1198 4172
63.348234 1198 4172
63.375015 1198 4172
63.376009 1198 4172
63.376121 174 4172
63.376163 1198 4172
63.376211 1198 4172
63.384166 1198 4172
63.384196 1054 4172
63.384232 366 4172
63.384267 174 4172
63.384299 174 4172
63.384332 174 4172
63.384362 174 4172
63.384393 174 4172
63.384424 1198 4172
63.384455 1198 4172
63.384489 910 4172
63.384520 1198 4172
63.384550 1198 4172
63.385957 60 60000
63.392246 350 4172
63.392277 1198 4172
63.392309 110 4172
63.392340 110 4172
63.392371 1198 4172
63.400213 910 4172
63.400252 1198 4172
63.400285 1198 4172
63.408621 926 4172
63.408751 1198 4172
63.408782 1198 4172
63.417128 686 4172
63.417166 1198 4172
63.417205 1198 4172
63.425273 206 4172
63.425314 1198 4172
63.425347 574 4172
63.425380 174 4172
63.425410 174 4172
63.425440 174 4172
63.429715 206 4172
63.429749 446 4172
63.429777 1198 4172
63.429812 590 4172
63.568846 1198 4172
63.585954 1198 4172
63.586172 1198 4172
63.586818 1198 4172
63.587000 878 4172
63.593321 1198 4172
63.593353 1198 4172
63.593390 1198 4172
63.593425 1198 4172
63.593498 606 4172
63.604962 1198 4172
63.604990 1198 4172
63.605015 798 4172
63.605048 1134 4172
63.615664 1198 4172
63.615706 1198 4172
63.615763 542 4172
63.615797 1198 4172
63.630562 494 4172
63.638093 126 4172
63.652192 302 4172
63.702537 1198 4172
63.702615 766 4172
63.738749 398 4172
63.738799 174 4172
63.738829 1198 4172
63.738871 1198 4172
63.738901 126 4172
63.738940 158 4172
63.744923 1198 4172
63.744958 1198 4172
63.744994 1198 4172
63.745027 1198 4172
63.745090 1198 4172
63.745123 1198 4172
63.745153 1198 4172
63.745184 142 4172
63.752708 1198 4172
63.752753 1198 4172
63.752795 1198 4172
63.752839 1198 4172
63.752875 1198 4172
63.752906 430 4172
63.760794 1198 4172
63.760830 1198 4172
63.760864 1198 4172
63.760898 1198 4172
63.760946 1198 4172
63.760979 1198 4172
63.761014 1198 4172
63.761039 782 4172
63.768256 1198 4172
63.768278 1198 4172
63.768311 1198 4172
63.776189 1198 4172
63.776250 1198 4172
63.784132 1198 4172
63.784186 1198 4172
63.784224 1198 4172
63.788863 1198 4172
63.788894 1198 4172
63.788930 1198 4172
63.800238 542 4172
63.800271 1198 4172
63.800304 1198 4172
63.808183 1198 4172
63.808216 1198 4172
63.808251 1198 4172
63.816219 1198 4172
63.816249 1198 4172
63.824304 1198 4172
63.824350 1198 4172
63.824384 798 4172
63.832042 1198 4172
63.832094 1198 4172
63.832136 1198 4172
63.840248 1198 4172
63.840312 1198 4172
63.848099 878 4172
63.848146 1198 4172
63.848189 1198 4172
63.853737 1198 4172
63.853787 798 4172
63.853835 126 4172
63.870524 126 4172
63.920511 126 4172
63.934796 110 4172
63.964104 1198 4172
63.964193 1198 4172
63.964241 1198 4172
63.964279 1198 4172
63.964317 1198 4172
63.964354 270 4172
63.970651 126 4172
64.008084 638 4172
64.140070 1198 4172
64.140123 718 4172
64.156575 1198 4172
64.156618 1150 4172
64.169391 126 4172
64.177656 1198 4172
64.177699 1198 4172
64.177739 1198 4172
64.177774 750 4172
64.184166 1198 4172
64.184216 1198 4172
64.184257 1198 4172
64.184295 270 4172
64.196922 1198 4172
64.197052 1198 4172
64.197125 110 4172
64.197175 110 4172
64.204906 1198 4172
64.204962 334 4172
64.216760 1198 4172
64.216819 478 4172
64.225601 382 4172
64.228033 1198 4172
64.228099 1198 4172
64.228150 1198 4172
64.228193 462 4172
64.272108 222 4172
64.316221 110 4172
64.400451 110 4172
64.488220 110 4172
64.488333 110 4172
64.488442 110 4172
64.752301 110 4172
65.012328 110 4172
65.276104 110 4172
65.320241 110 4172
65.408236 110 4172
65.580258 110 4172
65.796052 110 4172
66.104251 110 4172
66.280139 110 4172
66.368390 110 4172
66.412136 110 4172
66.632227 110 4172
66.896479 110 4172
67.292059 110 4172
67.380142 110 4172
68.296093 110 4172
68.384331 110 4172
69.308091 110 4172
69.568082 110 4172
70.308153 110 4172
70.396048 110 4172
71.304047 110 4172
71.392238 110 4172
72.260121 110 4172
72.304103 110 4172
72.392388 110 4172
73.312166 110 4172
73.396019 110 4172
74.316059 110 4172
74.404160 110 4172
74.972149 110 4172
75.280063 110 4172
75.412138 110 4172
76.288000 110 4172
77.292067 110 4172
77.380031 110 4172
77.592125 110 4172
78.296034 110 4172
78.383988 110 4172
79.304104 110 4172
79.392116 110 4172
80.312417 110 4172
80.312469 110 4172
80.400027 110 4172
81.320047 110 4172
81.408035 110 4172
82.288041 110 4172
82.420071 110 4172
83.027958 110 4172
83.283954 110 4172
83.416443 110 4172
83.523799 1198 4172
83.523829 1198 4172
83.523886 1198 4172
83.523930 1198 4172
83.523964 1198 4172
83.523998 1198 4172
83.524034 910 4172
83.524088 1198 4172
83.535167 1198 4172
83.535225 1198 4172
83.535264 1198 4172
83.535297 1198 4172
83.535331 542 4172
83.547497 1198 4172
83.547582 1198 4172
83.547596 1198 4172
83.547632 1198 4172
83.547676 1198 4172
83.547699 1198 4172
83.547726 446 4172
83.547854 1198 4172
83.547885 1198 4172
83.547907 1198 4172
83.547932 1198 4172
83.547956 1198 4172
83.547980 1198 4172
83.564559 1198 4172
83.564562 526 4172
83.564657 1198 4172
83.564679 1198 4172
83.564705 1198 4172
83.564730 1198 4172
83.568201 1198 4172
83.568241 1198 4172
83.568264 1198 4172
83.575997 814 4172
83.576053 1198 4172
83.576167 1198 4172
83.584142 1198 4172
83.584186 1198 4172
83.592037 1198 4172
83.592068 1198 4172
83.592103 638 4172
83.604330 1198 4172
83.604366 1198 4172
83.604399 1198 4172
83.608023 1198 4172
83.608123 1198 4172
83.608173 1198 4172
83.616507 158 4172
83.616542 1198 4172
83.616580 1198 4172
83.624068 1198 4172
83.624099 1198 4172
83.624138 1198 4172
83.632073 1198 4172
83.632109 318 4172
83.632149 1198 4172
83.635944 1198 4172
83.635982 1198 4172
83.636013 1198 4172
83.636531 60 60000
83.648175 1198 4172
83.648210 1198 4172
83.655929 174 4172
83.655965 1198 4172
83.655994 1198 4172
83.656022 1198 4172
83.665901 1198 4172
83.665929 1198 4172
83.672028 1198 4172
83.672080 526 4172
83.672127 1198 4172
83.672167 1198 4172
83.680113 1198 4172
83.680133 1198 4172
83.687995 1198 4172
83.688040 286 4172
83.688087 1198 4172
83.695965 1198 4172
83.696003 1198 4172
83.703968 1198 4172
83.704007 1198 4172
83.704050 1198 4172
83.712094 558 4172
83.712136 1198 4172
83.712174 1198 4172
83.720065 1198 4172
83.720104 1198 4172
83.720148 1198 4172
83.724044 1198 4172
83.724087 1070 4172
83.736206 1198 4172
83.736230 1198 4172
83.736334 1198 4172
83.748845 1198 4172
83.748859 1198 4172
83.748944 1038 4172
83.751974 1198 4172
83.752006 1198 4172
83.752042 1198 4172
83.760822 1198 4172
83.760850 1198 4172
83.767976 1038 4172
83.768006 1198 4172
83.768044 1198 4172
83.776670 1198 4172
83.776693 1198 4172
83.785548 1198 4172
83.785573 110 4172
83.785606 1198 4172
83.785635 1198 4172
83.792130 334 4172
83.792160 1198 4172
83.792193 1198 4172
83.800117 1198 4172
83.800148 1198 4172
83.800194 1086 4172
83.808010 1198 4172
83.808053 1198 4172
83.808093 1198 4172
83.811866 1198 4172
83.811905 1198 4172
83.824496 1198 4172
83.824522 718 4172
83.824549 1198 4172
83.831956 1198 4172
83.832028 1198 4172
83.832113 1198 4172
83.840085 1198 4172
83.840111 1198 4172
83.847976 1006 4172
83.848012 1198 4172
83.848050 1198 4172
83.855997 1198 4172
83.856029 1198 4172
83.856105 1198 4172
83.863981 1198 4172
83.864004 1166 4172
83.872569 1198 4172
83.872597 1198 4172
83.872626 1198 4172
83.879964 1198 4172
83.880009 1198 4172
83.880044 1198 4172
83.888007 222 4172
83.888027 1198 4172
83.895959 1198 4172
83.895991 1198 4172
83.896026 1198 4172
83.899904 1198 4172
83.899978 1198 4172
83.911953 1198 4172
83.911985 126 4172
83.912019 1198 4172
83.912050 1198 4172
83.920073 1198 4172
83.920113 1198 4172
83.920148 1198 4172
83.927978 1198 4172
83.928007 1198 4172
83.936303 574 4172
83.936418 1198 4172
83.936558 1198 4172
83.948122 1198 4172
83.948186 1198 4172
83.948309 1198 4172
83.952226 1198 4172
83.952253 494 4172
83.952315 1198 4172
83.961086 1198 4172
83.961126 1198 4172
83.961159 1198 4172
83.968730 1198 4172
83.968893 1182 4172
83.976369 1198 4172
83.976433 126 4172
83.976461 1198 4172
83.976493 1198 4172
83.984917 1198 4172
83.985642 1198 4172
83.995075 1198 4172
83.995102 1198 4172
83.995131 1198 4172
83.997146 270 4172
83.997173 1198 4172
83.997203 1198 4172
84.005619 1198 4172
84.008049 1198 4172
84.008077 1198 4172
84.016679 1198 4172
84.016717 1182 4172
84.016751 1198 4172
84.028312 1198 4172
84.028485 1198 4172
84.044536 1198 4172
84.044564 1198 4172
84.044598 1198 4172
84.048984 1198 4172
84.049023 382 4172
84.049061 1198 4172
84.049129 110 4172
84.049196 1198 4172
84.049228 1198 4172
84.049258 1198 4172
84.056026 1198 4172
84.056046 1198 4172
84.064049 526 4172
84.064090 1198 4172
84.064121 1198 4172
84.064150 1198 4172
84.072803 1198 4172
84.072820 1198 4172
84.083860 1198 4172
84.083972 494 4172
84.084005 1198 4172
84.084043 1198 4172
84.088008 1198 4172
84.088051 1198 4172
84.092772 1198 4172
84.092808 1198 4172
84.092861 622 4172
84.114425 1198 4172
84.115574 1198 4172
84.115628 1198 4172
84.120582 1198 4172
84.120610 1198 4172
84.120647 1198 4172
84.120680 1198 4172
84.120716 254 4172
84.120745 1198 4172
84.130254 1198 4172
84.130287 1198 4172
84.136184 1198 4172
84.136202 1022 4172
84.136233 1198 4172
84.148463 558 4172
84.148477 1198 4172
84.148585 1198 4172
84.151960 1198 4172
84.152235 1198 4172
84.152274 1198 4172
84.162254 1198 4172
84.162356 542 4172
84.162381 1198 4172
84.173053 1198 4172
84.174022 1198 4172
84.174052 1198 4172
84.188948 1198 4172
84.189984 958 4172
84.190622 1198 4172
84.191519 1198 4172
84.192573 1198 4172
84.199079 1198 4172
84.199118 1198 4172
84.199152 1198 4172
84.199185 1198 4172
84.199217 1198 4172
84.208091 1198 4172
84.208121 1198 4172
84.208151 1198 4172
84.216296 718 4172
84.216321 1198 4172
84.224150 1198 4172
84.231971 206 4172
84.232006 1198 4172
84.232042 1198 4172
84.232072 1198 4172
84.246402 958 4172
84.247912 1198 4172
84.247936 1198 4172
84.247975 1198 4172
84.256261 1198 4172
84.256265 1198 4172
84.256283 1198 4172
84.263962 974 4172
84.263991 1198 4172
84.272173 1198 4172
84.272445 1198 4172
84.280024 1198 4172
84.280057 750 4172
84.280090 1198 4172
84.288099 1198 4172
84.288119 110 4172
84.288149 1198 4172
84.288180 1198 4172
84.294922 1102 4172
84.294962 1198 4172
84.304570 1198 4172
84.304589 1198 4172
84.312059 1198 4172
84.312107 110 4172
84.312134 1198 4172
84.312162 1198 4172
84.320538 1198 4172
84.320592 1086 4172
84.320628 1198 4172
84.328042 1198 4172
84.337833 1198 4172
84.349045 1198 4172
84.349431 1198 4172
84.349473 1198 4172
84.361014 302 4172
84.361566 1198 4172
84.361609 1198 4172
84.361640 1198 4172
84.361669 1198 4172
84.377332 1198 4172
84.379155 1198 4172
84.379472 1198 4172
84.379513 334 4172
84.379547 1198 4172
84.386254 1198 4172
84.386625 1198 4172
84.387113 1198 4172
84.387147 1198 4172
84.387181 1198 4172
84.387208 622 4172
84.392187 1198 4172
84.392207 1198 4172
84.392237 1198 4172
84.399084 1198 4172
84.399118 1198 4172
84.399151 1198 4172
84.408746 1198 4172
84.408931 1150 4172
84.426614 1198 4172
84.426843 1198 4172
84.426868 1198 4172
84.433215 1198 4172
84.433268 1198 4172
84.444704 1118 4172
84.444736 1198 4172
84.444773 1198 4172
84.444820 1198 4172
84.449743 1198 4172
84.450494 1198 4172
84.450657 1198 4172
84.450701 142 4172
84.450820 1198 4172
84.450853 1198 4172
84.455959 1198 4172
84.455981 1198 4172
84.456011 1198 4172
84.474632 222 4172
84.474663 398 4172
84.474703 254 4172
84.474728 190 4172
84.474756 190 4172
84.474797 1198 4172
84.479912 302 4172
84.479946 1198 4172
84.479984 1198 4172
84.480019 958 4172
84.480053 1198 4172
84.480085 1198 4172
84.480123 990 4172
84.494834 1198 4172
84.494935 110 4172
84.494962 1198 4172
84.494993 1022 4172
84.495947 1198 4172
84.495981 1198 4172
84.496016 1038 4172
84.503937 1198 4172
84.503966 1198 4172
84.503999 1006 4172
84.511933 1198 4172
84.511962 1198 4172
84.519994 1198 4172
84.520056 142 4172
84.520090 1198 4172
84.520123 1198 4172
84.527913 1198 4172
84.527939 382 4172
84.527975 1198 4172
84.528007 1198 4172
84.536017 1198 4172
84.536032 126 4172
84.536063 1198 4172
84.544313 1198 4172
84.544346 638 4172
84.544374 190 4172
84.544403 190 4172
84.548349 1198 4172
84.548384 126 4172
84.548421 398 4172
84.548451 174 4172
84.548482 174 4172
84.548520 174 4172
84.548547 1198 4172
84.548576 334 4172
84.553057 60 60000
84.553155 1198 4172
84.553219 1198 4172
84.564106 1198 4172
84.564108 990 4172
84.573209 1198 4172
84.573231 1198 4172
84.573435 1022 4172
84.579998 110 4172
84.580023 1198 4172
84.580051 1198 4172
84.580079 1038 4172
84.588149 1198 4172
84.588190 110 4172
84.588224 1198 4172
84.588269 1070 4172
84.596094 1198 4172
84.596880 1198 4172
84.596919 1070 4172
84.604551 1198 4172
84.604570 1198 4172
84.604604 1198 4172
84.613291 270 4172
84.613328 1198 4172
84.613440 1198 4172
84.620963 1198 4172
84.621000 574 4172
84.621035 1198 4172
84.631102 1198 4172
84.631255 1198 4172
84.631279 286 4172
84.631309 1198 4172
84.636090 1198 4172
84.636108 718 4172
84.636139 174 4172
84.636168 174 4172
84.640129 1198 4172
84.640156 254 4172
84.683902 110 4172
84.707683 126 4172
84.712325 1198 4172
84.720673 126 4172
84.728587 126 4172
84.738213 126 4172
84.772865 126 4172
84.776491 206 4172
84.776521 126 4172
84.803901 1198 4172
84.820331 1198 4172
84.820401 366 4172
84.820456 302 4172
84.820495 126 4172
84.820534 238 4172
84.864350 110 4172
84.864411 126 4172
84.878656 126 4172
84.901939 110 4172
84.907935 654 4172
84.951984 1102 4172
84.978685 126 4172
84.996034 110 4172
85.038839 846 4172
85.040167 1054 4172
85.127967 110 4172
85.128049 110 4172
85.128152 110 4172
85.197129 110 4172
85.209033 1166 4172
85.216495 1182 4172
85.229214 1198 4172
85.237241 1198 4172
85.237292 318 4172
85.249241 1198 4172
85.249338 1198 4172
85.249381 894 4172
85.259992 1198 4172
85.260072 1198 4172
85.260107 222 4172
85.260147 366 4172
85.272855 1198 4172
85.272955 910 4172
85.273028 1198 4172
85.278453 1134 4172
85.282341 110 4172
85.288530 1198 4172
85.301003 1086 4172
85.303949 1198 4172
85.303993 1198 4172
85.304032 142 4172
85.317210 1198 4172
85.317255 1198 4172
85.317301 910 4172
85.329308 1198 4172
85.329397 1198 4172
85.329428 1198 4172
85.329467 366 4172
85.329504 222 4172
85.337306 1198 4172
85.337355 1198 4172
85.337394 1198 4172
85.337441 654 4172
85.345589 1198 4172
85.345640 1198 4172
85.345686 1198 4172
85.345732 286 4172
85.347942 1198 4172
85.347990 1198 4172
85.348035 1198 4172
85.348073 1198 4172
85.348111 1198 4172
85.348148 1198 4172
85.348184 414 4172
85.357618 1198 4172
85.369576 1198 4172
85.369671 1198 4172
85.369706 1198 4172
85.369738 1198 4172
85.369773 1198 4172
85.369809 1198 4172
85.369843 158 4172
85.378620 1198 4172
85.378668 1198 4172
85.378708 1198 4172
85.378746 1198 4172
85.378785 110 4172
85.378822 110 4172
85.378859 110 4172
85.378897 1198 4172
85.378934 1198 4172
85.378972 126 4172
85.381295 110 4172
85.388775 1198 4172
85.388835 1198 4172
85.388874 1198 4172
85.388923 1198 4172
85.388951 1198 4172
85.388988 1198 4172
85.389024 1102 4172
85.392080 974 4172
85.408693 1198 4172
85.408784 558 4172
85.417278 1198 4172
85.417330 670 4172
85.425464 1198 4172
85.425526 1198 4172
85.425565 798 4172
85.436073 1198 4172
85.436112 1198 4172
85.436149 1198 4172
85.436187 494 4172
85.449706 1198 4172
85.449745 1198 4172
85.449806 1198 4172
85.449851 1038 4172
85.461733 1198 4172
85.461736 1198 4172
85.461777 1198 4172
85.461813 1198 4172
85.461851 366 4172
85.473915 1198 4172
85.473962 1198 4172
85.474004 1198 4172
85.474043 1198 4172
85.474090 942 4172
85.478519 1198 4172
85.478568 1198 4172
85.478609 1198 4172
85.478651 1198 4172
85.478693 1198 4172
85.478732 1198 4172
85.478767 462 4172
85.479929 110 4172
85.493778 1198 4172
85.493806 1198 4172
85.493846 1198 4172
85.493884 1198 4172
85.493924 1198 4172
85.493961 1198 4172
85.493998 542 4172
85.505718 1198 4172
85.505767 1198 4172
85.505824 1198 4172
85.505873 1198 4172
85.505906 606 4172
85.516745 1198 4172
85.516835 1198 4172
85.516865 1198 4172
85.516914 1198 4172
85.516941 1198 4172
85.516978 766 4172
85.517016 1198 4172
85.523975 1198 4172
85.524015 126 4172
85.536838 1198 4172
85.536975 1198 4172
85.537010 334 4172
85.548851 1198 4172
85.548899 174 4172
85.560788 1198 4172
85.560881 494 4172
85.568118 926 4172
85.612080 110 4172
85.656052 110 4172
85.656186 110 4172
85.700057 110 4172
85.920315 110 4172
85.920349 110 4172
85.920388 110 4172
86.180099 110 4172
86.180185 110 4172
86.180225 110 4172
86.312116 110 4172
86.400269 110 4172
86.444031 110 4172
86.708030 110 4172
87.012028 110 4172
87.271974 110 4172
87.315989 110 4172
87.404028 110 4172
87.536242 110 4172
87.800062 110 4172
88.283915 110 4172
88.327981 110 4172
88.416302 110 4172
89.287788 110 4172
89.419954 110 4172
90.299901 110 4172
90.387906 110 4172
91.304272 110 4172
91.391944 110 4172
92.311927 110 4172
92.399816 110 4172
93.279936 110 4172
93.411987 110 4172
93.719956 110 4172
94.419908 110 4172
95.184431 366 4172
95.184497 174 4172
95.184576 174 4172
95.189812 1198 4172
95.189846 1198 4172
95.189874 1198 4172
95.189904 1054 4172
95.192553 1198 4172
95.192585 1022 4172
95.198133 1198 4172
95.198170 1198 4172
95.198202 1038 4172
95.198233 334 4172
95.198264 1198 4172
95.198294 1198 4172
95.200060 1198 4172
95.200102 1198 4172
95.200129 1070 4172
95.203939 1198 4172
95.203973 1198 4172
95.204003 1198 4172
95.204033 1198 4172
95.204063 270 4172
95.209113 1198 4172
95.209148 1198 4172
95.209180 638 4172
95.209210 1070 4172
95.209240 1198 4172
95.209269 1198 4172
95.209298 1198 4172
95.209326 270 4172
95.211826 1198 4172
95.211864 1198 4172
95.211896 718 4172
95.211927 174 4172
95.211958 1198 4172
95.215944 174 4172
95.215983 190 4172
95.223845 1198 4172
95.223884 1198 4172
95.243879 1198 4172
95.244041 1198 4172
95.244083 1150 4172
95.287850 110 4172
95.331875 1086 4172
95.349323 830 4172
95.360962 1054 4172
95.368937 1166 4172
95.380909 110 4172
95.392975 638 4172
95.404997 990 4172
95.416974 1198 4172
95.417154 158 4172
95.419834 1102 4172
95.424742 558 4172
95.432284 766 4172
95.446155 190 4172
95.452481 1198 4172
95.452531 1198 4172
95.452574 142 4172
95.463834 798 4172
95.472910 846 4172
95.478627 1086 4172
95.480986 110 4172
95.492936 1198 4172
95.493076 158 4172
95.504904 750 4172
95.507826 974 4172
95.528981 1198 4172
95.529038 558 4172
95.537075 1198 4172
95.537118 862 4172
95.544862 1198 4172
95.544910 462 4172
95.551820 1198 4172
95.551871 286 4172
95.566067 158 4172
95.576511 942 4172
95.584990 1102 4172
95.585071 110 4172
95.593106 1198 4172
95.593161 510 4172
95.595836 1198 4172
95.595873 1086 4172
95.617066 1198 4172
95.617208 1198 4172
95.617289 350 4172
95.625050 1198 4172
95.625100 238 4172
95.637236 1198 4172
95.637323 558 4172
95.639845 1198 4172
95.639903 1198 4172
95.657190 1198 4172
95.657278 1198 4172
95.657316 974 4172
95.665056 1198 4172
95.665100 1198 4172
95.665139 590 4172
95.671854 1198 4172
95.671904 1198 4172
95.671943 382 4172
95.678030 446 4172
95.683859 1198 4172
95.683904 142 4172
95.683941 110 4172
95.691867 1198 4172
95.697196 174 4172
95.703868 1198 4172
95.703918 1198 4172
95.711869 782 4172
95.719871 1198 4172
95.727877 1198 4172
95.735906 1198 4172
95.743903 494 4172
95.743999 1198 4172
95.751847 1198 4172
95.759947 1198 4172
95.767923 1038 4172
95.771890 1198 4172
95.783933 1198 4172
95.791923 574 4172
95.792014 1198 4172
95.799900 110 4172
95.807943 1198 4172
95.808024 974 4172
95.815863 1198 4172
95.823832 1198 4172
95.831872 110 4172
95.831926 110 4172
95.831969 110 4172
95.832008 1198 4172
95.840029 1198 4172
95.847959 126 4172
95.848043 1198 4172
95.855878 1198 4172
95.859852 1198 4172
95.871907 1198 4172
95.887907 110 4172
95.887947 1198 4172
95.895868 1198 4172
95.903957 1198 4172
95.911921 750 4172
95.912003 1198 4172
95.919886 1198 4172
95.927910 414 4172
95.927995 1198 4172
95.935857 894 4172
95.943855 1198 4172
95.947807 398 4172
95.947858 1198 4172
95.959958 1198 4172
95.967913 1198 4172
95.975913 1198 4172
95.983895 366 4172
95.991868 110 4172
95.991948 1198 4172
95.999917 1198 4172
96.007884 1198 4172
96.015923 1198 4172
96.016003 942 4172
96.023747 1198 4172
96.031880 1198 4172
96.035848 1198 4172
96.047931 1198 4172
96.055929 1198 4172
96.063915 1198 4172
96.071858 462 4172
96.071941 1198 4172
96.079868 1198 4172
96.087908 1198 4172
96.095937 1198 4172
96.103898 110 4172
96.103974 110 4172
96.104011 110 4172
96.111877 1198 4172
96.119849 1198 4172
96.120001 510 4172
96.123737 1198 4172
96.135875 1198 4172
96.143869 1198 4172
96.151904 1198 4172
96.159941 1198 4172
96.167949 590 4172
96.168001 1198 4172
96.175876 1198 4172
96.183845 1198 4172
96.191859 110 4172
96.191942 1198 4172
96.200217 1198 4172
96.207990 766 4172
96.211845 1198 4172
96.256072 110 4172
96.299916 110 4172
96.343942 1198 4172
96.378694 110 4172
96.378775 110 4172
96.378813 110 4172
96.387834 110 4172
96.519930 110 4172
96.651989 110 4172
96.652118 110 4172
96.915947 110 4172
97.179892 110 4172
97.311788 110 4172
97.400062 110 4172
97.707862 110 4172
98.015864 110 4172
98.235973 110 4172
98.279830 110 4172
98.411845 110 4172
98.543847 110 4172
99.287897 110 4172
99.420201 110 4172
100.295850 110 4172
100.383789 110 4172
101.176172 110 4172
101.307826 110 4172
101.395883 110 4172
102.319827 110 4172
102.407797 110 4172
103.287778 110 4172
103.419853 110 4172
103.859836 110 4172
104.299972 110 4172
104.387785 110 4172
104.811897 60 60000
104.816347 254 4172
104.816389 270 4172
104.816431 318 4172
104.816471 222 4172
104.819747 302 4172
104.819835 334 4172
104.819878 222 4172
104.819919 222 4172
104.819951 238 4172
104.819987 270 4172
104.820019 286 4172
104.827637 238 4172
104.827673 270 4172
104.827709 222 4172
104.827742 366 4172
104.827778 270 4172
104.827816 222 4172
105.003676 142 4172
105.047835 142 4172
105.047910 174 4172
105.176700 142 4172
105.179706 142 4172
105.200230 142 4172
105.204757 142 4172
105.213230 1198 4172
105.213271 1198 4172
105.213303 1198 4172
105.213333 174 4172
105.221707 1086 4172
105.221839 1198 4172
105.221871 894 4172
105.221904 958 4172
105.221930 878 4172
105.221957 1198 4172
105.221986 1198 4172
105.223807 1198 4172
105.223843 1038 4172
105.239937 222 4172
105.239978 1198 4172
105.276641 926 4172
105.276686 382 4172
105.287433 1198 4172
105.287478 1198 4172
105.287509 1198 4172
105.287537 1198 4172
105.287574 1198 4172
105.287651 1198 4172
105.287693 798 4172
105.301704 110 4172
105.313123 1198 4172
105.313618 1198 4172
105.319738 1198 4172
105.319780 1198 4172
105.319815 1198 4172
105.327770 1198 4172
105.335901 510 4172
105.335932 1198 4172
105.346544 1198 4172
105.353409 1198 4172
105.380012 126 4172
105.380075 1198 4172
105.380107 734 4172
105.383821 1198 4172
105.395743 1198 4172
105.395904 110 4172
105.396037 1198 4172
105.399794 1198 4172
105.407927 1198 4172
105.416145 1198 4172
105.425459 1198 4172
105.431902 1198 4172
105.437321 766 4172
105.437365 1198 4172
105.447830 110 4172
105.447909 1198 4172
105.464600 1198 4172
105.464686 1198 4172
105.471764 1198 4172
105.471807 1198 4172
105.480917 926 4172
105.487830 1198 4172
105.497062 1198 4172
105.504858 110 4172
105.504952 1198 4172
105.512821 1198 4172
105.512932 1198 4172
105.520875 558 4172
105.520920 1198 4172
105.529772 1198 4172
105.544609 1198 4172
105.544679 1198 4172
105.553035 1198 4172
105.559805 750 4172
105.559847 1198 4172
105.576806 1198 4172
105.592758 1198 4172
105.592798 1198 4172
105.592858 1198 4172
105.608928 334 4172
105.609156 110 4172
105.609201 1198 4172
105.609251 1198 4172
105.614292 60 60000
105.614367 1198 4172
105.614408 1198 4172
105.624337 1198 4172
105.632686 1198 4172
105.644014 414 4172
105.650808 1198 4172
105.655699 1198 4172
105.663668 1198 4172
105.663711 1198 4172
105.671705 894 4172
105.679796 1198 4172
105.687820 1198 4172
105.695925 1198 4172
105.695969 1198 4172
105.703752 1198 4172
105.710190 1198 4172
105.719829 110 4172
105.719889 574 4172
105.719930 1198 4172
105.728209 1198 4172
105.739421 1198 4172
105.748565 1198 4172
105.751736 1198 4172
105.759758 1198 4172
105.759800 366 4172
105.768584 1198 4172
105.775752 1198 4172
105.775792 1198 4172
105.783779 1198 4172
105.792142 1198 4172
105.797478 1198 4172
105.811343 190 4172
105.812765 1198 4172
105.823922 1198 4172
105.826998 1198 4172
105.832881 1038 4172
105.842828 1198 4172
105.847762 1198 4172
105.855788 1198 4172
105.865425 1198 4172
105.865464 990 4172
105.874118 1198 4172
105.881377 1198 4172
105.891412 1198 4172
105.895955 1198 4172
105.910364 414 4172
105.910616 286 4172
105.910656 270 4172
105.912747 174 4172
105.912800 590 4172
105.912861 1198 4172
105.922407 1198 4172
105.922453 1022 4172
105.927759 1198 4172
105.937963 1198 4172
105.940123 1038 4172
105.943889 1198 4172
105.959785 1198 4172
105.967981 398 4172
105.968045 1198 4172
105.975724 1198 4172
105.984195 1198 4172
105.988161 862 4172
105.988228 110 4172
105.988260 1198 4172
106.000211 1198 4172
106.007724 1198 4172
106.016130 1198 4172
106.023715 942 4172
106.031955 1198 4172
106.032059 1198 4172
106.039710 1198 4172
106.048001 862 4172
106.055854 1198 4172
106.055898 1198 4172
106.064059 1198 4172
106.071797 974 4172
106.075734 1198 4172
106.087816 1198 4172
106.096350 1198 4172
106.096433 782 4172
106.103751 1198 4172
106.112850 1198 4172
106.119799 1198 4172
106.119822 558 4172
106.128002 1198 4172
106.135932 1198 4172
106.143973 1102 4172
106.144017 1198 4172
106.151843 1198 4172
106.160891 190 4172
106.160960 174 4172
106.161005 1198 4172
106.163636 1198 4172
106.176171 238 4172
106.176226 446 4172
106.176334 1198 4172
106.183803 1198 4172
106.191982 286 4172
106.192028 302 4172
106.199763 1086 4172
106.199827 1198 4172
106.215803 1198 4172
106.223975 1198 4172
106.231777 1198 4172
106.231818 334 4172
106.240323 1198 4172
106.247777 1198 4172
106.247834 1198 4172
106.251744 1198 4172
106.263770 110 4172
106.263855 1198 4172
106.271906 1038 4172
106.279792 1198 4172
106.287911 1198 4172
106.287957 1198 4172
106.295756 1198 4172
106.304033 1198 4172
106.311776 1118 4172
106.319909 1198 4172
106.327789 1198 4172
106.327829 1198 4172
106.335955 1198 4172
106.339757 1198 4172
106.351950 494 4172
106.352081 1198 4172
106.359771 1198 4172
106.367916 1198 4172
106.375808 1198 4172
106.383971 1198 4172
106.391839 174 4172
106.391842 110 4172
106.391886 1198 4172
106.400124 1198 4172
106.400169 1198 4172
106.407801 1198 4172
106.416044 366 4172
106.416085 1198 4172
106.423753 1198 4172
106.427798 1198 4172
106.439870 1198 4172
106.448094 1198 4172
106.455767 126 4172
106.455850 1198 4172
106.464025 1198 4172
106.464066 1198 4172
106.471757 1198 4172
106.480056 1198 4172
106.487733 782 4172
106.487775 1198 4172
106.496014 1198 4172
106.503833 1198 4172
106.512000 1198 4172
106.515767 1198 4172
106.528180 302 4172
106.528230 1198 4172
106.535821 110 4172
106.535892 1198 4172
106.535997 1198 4172
106.544072 1198 4172
106.551774 958 4172
106.567936 1198 4172
106.567994 1198 4172
106.575926 142 4172
106.575958 238 4172
106.576000 1198 4172
106.603942 286 4172
106.604010 1198 4172
106.708253 654 4172
106.720226 254 4172
106.728165 270 4172
106.735898 990 4172
106.752392 350 4172
106.764265 638 4172
106.776286 334 4172
106.779719 638 4172
106.796235 462 4172
106.804243 142 4172
106.804292 110 4172
106.816372 494 4172
106.823741 782 4172
106.836387 814 4172
106.860645 510 4172
106.867880 1134 4172
106.880117 654 4172
106.888148 206 4172
106.900709 638 4172
106.912066 830 4172
106.912112 686 4172
106.920759 926 4172
106.932764 1054 4172
106.944872 1118 4172
106.952787 126 4172
106.955706 1118 4172
106.976850 1166 4172
106.984738 1022 4172
106.996754 1006 4172
106.999711 830 4172
106.999777 1198 4172
107.016565 734 4172
107.028500 974 4172
107.040216 414 4172
107.043612 334 4172
107.060715 1198 4172
107.068813 1198 4172
107.068891 126 4172
107.068926 110 4172
107.068967 110 4172
107.069001 110 4172
107.080858 1198 4172
107.080900 350 4172
107.088083 1198 4172
107.088133 574 4172
107.100928 1198 4172
107.100970 750 4172
107.108931 1198 4172
107.108982 622 4172
107.120901 1198 4172
107.120959 670 4172
107.128841 1198 4172
107.128888 478 4172
107.131720 1198 4172
107.131761 270 4172
107.148567 1038 4172
107.156611 1054 4172
107.168907 1198 4172
107.169005 126 4172
107.175738 1198 4172
107.184953 1198 4172
107.185017 942 4172
107.193103 1198 4172
107.193152 1198 4172
107.193191 222 4172
107.205062 1198 4172
107.205168 1198 4172
107.205211 398 4172
107.205254 798 4172
107.217064 1198 4172
107.217153 1198 4172
107.217193 558 4172
107.219707 1198 4172
107.219796 1198 4172
107.219845 446 4172
107.237126 1198 4172
107.237160 510 4172
107.249071 1198 4172
107.249115 190 4172
107.260777 1198 4172
107.260829 1038 4172
107.263958 1198 4172
107.264013 670 4172
107.264059 1198 4172
107.268855 1198 4172
107.278777 1198 4172
107.278823 446 4172
107.280666 110 4172
107.292926 1198 4172
107.293067 494 4172
107.300974 1198 4172
107.301020 1198 4172
107.301060 526 4172
107.307713 1198 4172
107.307749 1198 4172
107.313145 718 4172
107.319773 1198 4172
107.319812 1198 4172
107.328168 1198 4172
107.335795 222 4172
107.335916 110 4172
107.335961 110 4172
107.336002 110 4172
107.336041 1198 4172
107.343948 1198 4172
107.351705 1198 4172
107.360149 430 4172
107.361221 1198 4172
107.367785 1198 4172
107.376099 1198 4172
107.376146 558 4172
107.383652 1198 4172
107.391974 1198 4172
107.392007 1198 4172
107.395705 366 4172
107.395741 110 4172
107.395775 1198 4172
107.407885 1198 4172
107.415793 1198 4172
107.423979 718 4172
107.424022 1198 4172
107.431696 1198 4172
107.440153 1198 4172
107.447768 190 4172
107.447795 1198 4172
107.447826 1198 4172
107.456070 1006 4172
107.463726 1198 4172
107.472107 1198 4172
107.472135 446 4172
107.479724 1198 4172
107.479750 830 4172
107.483656 110 4172
107.483692 1198 4172
107.495755 1198 4172
107.504085 1198 4172
107.504111 382 4172
107.511719 1198 4172
107.511754 1198 4172
107.519952 1198 4172
107.527751 638 4172
107.527787 1198 4172
107.535939 1198 4172
107.543751 1198 4172
107.552097 1198 4172
107.552124 190 4172
107.552154 1198 4172
107.559728 1198 4172
107.567941 1198 4172
107.571675 1198 4172
107.583890 670 4172
107.591703 1198 4172
107.599868 110 4172
107.599903 110 4172
107.599941 110 4172
107.599976 110 4172
107.600009 1198 4172
107.607663 1198 4172
107.607700 958 4172
107.615933 1198 4172
107.623674 1198 4172
107.631887 1198 4172
107.631923 1198 4172
107.639726 1198 4172
107.647889 670 4172
107.647925 1198 4172
107.655723 1198 4172
107.659687 1198 4172
107.671781 1198 4172
107.671831 1006 4172
107.679938 1198 4172
107.687788 1198 4172
107.696133 110 4172
107.696177 1198 4172
107.696217 1198 4172
107.703764 398 4172
107.703815 1198 4172
107.711929 1198 4172
107.719715 1198 4172
107.727790 1070 4172
107.727872 1198 4172
107.735793 1198 4172
107.744425 1198 4172
107.747676 142 4172
107.791890 110 4172
107.878810 110 4172
107.878875 110 4172
107.878919 110 4172
107.879688 110 4172
108.143929 110 4172
108.144036 110 4172
108.144085 110 4172
108.315695 110 4172
108.391706 110 4172
108.403719 110 4172
108.403771 110 4172
108.403811 110 4172
108.667887 110 4172
108.931737 110 4172
109.191735 110 4172
109.280055 110 4172
109.408092 110 4172
109.495745 110 4172
109.760148 110 4172
110.019780 110 4172
110.415970 110 4172
111.295939 110 4172
111.383694 110 4172
112.303809 110 4172
112.391791 110 4172
112.699878 110 4172
112.852889 366 4172
112.852899 174 4172
112.852931 718 4172
112.857654 1198 4172
112.857705 1198 4172
112.857738 1054 4172
112.857771 1198 4172
112.857802 1198 4172
112.857834 1006 4172
112.863746 1198 4172
112.863789 1198 4172
112.875722 478 4172
112.875852 1198 4172
112.875855 1198 4172
112.887726 1198 4172
112.887775 782 4172
112.887813 1198 4172
112.896454 1198 4172
112.896502 1198 4172
112.903734 1198 4172
112.911665 974 4172
112.911712 1198 4172
112.919706 1198 4172
112.928001 1198 4172
112.935755 862 4172
112.935867 1198 4172
112.943746 1198 4172
112.951701 1198 4172
112.959757 990 4172
112.959817 1198 4172
112.963653 1198 4172
112.975739 1198 4172
112.983742 782 4172
112.983825 1198 4172
112.991718 1198 4172
112.991762 1198 4172
112.999734 526 4172
113.007660 1198 4172
113.007753 1198 4172
113.015713 1022 4172
113.023617 1198 4172
113.023662 1198 4172
113.031728 158 4172
113.031781 174 4172
113.031829 270 4172
113.039707 1198 4172
113.039758 1198 4172
113.047772 734 4172
113.047828 1198 4172
113.051640 1198 4172
113.095720 830 4172
113.178361 382 4172
113.183658 1198 4172
113.183711 1198 4172
113.183758 1198 4172
113.183795 1086 4172
113.200952 1198 4172
113.201036 302 4172
113.208784 1198 4172
113.208833 1198 4172
113.208873 1198 4172
113.208911 670 4172
113.221005 1198 4172
113.221060 1198 4172
113.221107 718 4172
113.227651 1198 4172
113.227695 1198 4172
113.227733 1198 4172
113.227771 1022 4172
113.227809 110 4172
113.235710 1198 4172
113.235780 1198 4172
113.235826 1198 4172
113.243699 1198 4172
113.251686 558 4172
113.251776 1198 4172
113.259716 1198 4172
113.259761 958 4172
113.267793 1198 4172
113.271634 1198 4172
113.283736 1198 4172
113.291757 798 4172
113.291806 110 4172
113.291847 1198 4172
113.299758 1198 4172
113.307719 1198 4172
113.307765 878 4172
113.315638 990 4172
113.323722 1198 4172
113.323768 1198 4172
113.331695 1198 4172
113.339696 670 4172
113.339781 1198 4172
113.347705 1198 4172
113.355708 1198 4172
113.355795 462 4172
113.359681 702 4172
113.376246 1198 4172
113.376366 558 4172
113.384653 606 4172
113.384739 110 4172
113.396713 1150 4172
113.403652 1198 4172
113.408750 206 4172
113.420835 1198 4172
113.420891 334 4172
113.428892 1198 4172
113.428945 542 4172
113.440846 1198 4172
113.440917 734 4172
113.447706 1198 4172
113.447750 606 4172
113.460804 1198 4172
113.460897 670 4172
113.468723 1198 4172
113.468768 462 4172
113.478897 1198 4172
113.478964 238 4172
113.480692 110 4172
113.480737 110 4172
113.491666 1022 4172
113.512251 1198 4172
113.512333 142 4172
113.520824 398 4172
113.532775 1198 4172
113.532822 766 4172
113.535771 1198 4172
113.535818 894 4172
113.535865 1022 4172
113.549084 1198 4172
113.549178 1198 4172
113.549180 174 4172
113.561071 1198 4172
113.561169 1198 4172
113.561172 366 4172
113.568996 1198 4172
113.569045 558 4172
113.578878 1198 4172
113.578924 1198 4172
113.578963 414 4172
113.579664 110 4172
113.592923 1198 4172
113.592971 1198 4172
113.593014 478 4172
113.604905 1198 4172
113.605006 1198 4172
113.605043 158 4172
113.605083 1198 4172
113.616772 1198 4172
113.616831 1006 4172
113.623663 1198 4172
113.623708 654 4172
113.633964 1198 4172
113.634050 414 4172
113.640876 1198 4172
113.640919 398 4172
113.652902 1198 4172
113.652997 1198 4172
113.653036 478 4172
113.665137 1198 4172
113.665227 1198 4172
113.665230 670 4172
113.667661 1198 4172
113.667724 1198 4172
113.667768 1198 4172
113.667805 190 4172
113.679738 1198 4172
113.679821 1198 4172
113.679858 1198 4172
113.679898 366 4172
113.687675 110 4172
113.687716 1198 4172
113.687752 1198 4172
113.695680 1198 4172
113.703669 542 4172
113.703754 1198 4172
113.711744 1198 4172
113.719697 1198 4172
113.727780 1198 4172
113.735714 1198 4172
113.735876 1198 4172
113.745357 1198 4172
113.751735 1198 4172
113.755660 1198 4172
113.767794 302 4172
113.767898 110 4172
113.767979 110 4172
113.768023 110 4172
113.768066 142 4172
113.768104 1198 4172
113.775696 1198 4172
113.783695 702 4172
113.783743 958 4172
113.791730 1198 4172
113.791777 1198 4172
113.799751 414 4172
113.799787 110 4172
113.799826 1198 4172
113.807706 862 4172
113.815672 1198 4172
113.815726 1198 4172
113.823693 110 4172
113.823743 1198 4172
113.831675 1198 4172
113.831713 1198 4172
113.839730 446 4172
113.839762 1198 4172
113.843650 1198 4172
113.855725 1198 4172
113.863700 638 4172
113.863745 1198 4172
113.871707 1198 4172
113.871750 1198 4172
113.887860 110 4172
113.887877 318 4172
113.887955 1198 4172
113.895700 1198 4172
113.903749 1198 4172
113.903819 1198 4172
113.911740 734 4172
113.919778 1198 4172
113.919922 1198 4172
113.927687 1198 4172
113.931673 1198 4172
113.931720 1198 4172
113.943729 1006 4172
113.951843 1198 4172
113.951898 1198 4172
113.959739 1198 4172
113.967759 1198 4172
113.975644 638 4172
113.975721 1198 4172
113.983696 1198 4172
113.983735 1198 4172
113.991699 110 4172
113.991734 1198 4172
113.999782 1054 4172
114.007693 1198 4172
114.007738 1198 4172
114.015736 1198 4172
114.019545 1198 4172
114.031684 430 4172
114.031740 110 4172
114.031776 110 4172
114.031815 110 4172
114.031854 1198 4172
114.039720 1198 4172
114.039765 1198 4172
114.047712 1070 4172
114.055779 1198 4172
114.063696 1198 4172
114.063752 1198 4172
114.078986 222 4172
114.107663 110 4172
114.196079 110 4172
114.283649 110 4172
114.327761 110 4172
114.327869 110 4172
114.327917 110 4172
114.587863 110 4172
114.587866 110 4172
114.587906 110 4172
114.851779 110 4172
114.851906 110 4172
114.851922 110 4172
115.115815 110 4172
115.291766 110 4172
115.379108 110 4172
115.379511 110 4172
115.643675 110 4172
115.907759 110 4172
116.215730 110 4172
116.303708 110 4172
116.435742 110 4172
117.311782 110 4172
117.399654 110 4172
118.279706 110 4172
118.411727 110 4172
119.155742 110 4172
119.287670 110 4172
119.419698 110 4172
120.295645 110 4172
120.383801 110 4172
121.307633 110 4172
121.835706 110 4172
122.319651 110 4172
122.407725 110 4172
123.283597 110 4172
123.415652 110 4172
124.291607 110 4172
124.379473 110 4172
124.507684 110 4172
125.299736 110 4172
125.387550 110 4172
125.787386 1198 4172
125.787449 1198 4172
125.787500 1198 4172
125.787540 1198 4172
125.787579 1198 4172
125.787617 1198 4172
125.787655 1070 4172
125.787712 1198 4172
125.799081 1198 4172
125.799106 1198 4172
125.799138 1198 4172
125.803657 1198 4172
125.803708 1198 4172
125.811642 494 4172
125.811688 1198 4172
125.811726 1198 4172
125.819592 1198 4172
125.827607 1198 4172
125.827650 1198 4172
125.835616 1198 4172
125.839582 254 4172
125.839692 1198 4172
125.851595 1198 4172
125.859616 1198 4172
125.867599 1198 4172
125.871622 60 60000
125.875525 1198 4172
125.875564 478 4172
125.883467 1198 4172
125.883522 1198 4172
125.909846 1198 4172
125.909884 1198 4172
125.915583 1198 4172
125.923638 206 4172
125.923658 1198 4172
125.927564 1198 4172
125.927614 1198 4172
125.939616 1198 4172
125.947603 1198 4172
125.947659 1198 4172
125.955578 1198 4172
125.963567 542 4172
125.963608 1198 4172
125.971590 1198 4172
125.979494 1198 4172
125.979534 1198 4172
125.987624 1198 4172
125.995686 1198 4172
126.003662 398 4172
126.003698 1198 4172
126.011559 1198 4172
126.015530 1198 4172
126.027558 1198 4172
126.035564 1198 4172
126.043619 814 4172
126.051610 1198 4172
126.059602 1198 4172
126.059660 1198 4172
126.067663 1198 4172
126.075571 1198 4172
126.083532 110 4172
126.083564 1198 4172
126.091560 1198 4172
126.099684 1198 4172
126.099733 414 4172
126.103551 1198 4172
126.115611 1198 4172
126.115657 1198 4172
126.123586 1198 4172
126.131550 1198 4172
126.139542 1198 4172
126.147531 702 4172
126.147617 1198 4172
126.155552 1198 4172
126.163528 1198 4172
126.171533 1198 4172
126.171567 1198 4172
126.179575 1198 4172
126.187531 654 4172
126.187560 1198 4172
126.191497 1198 4172
126.203546 1198 4172
126.211563 1198 4172
126.219554 1198 4172
126.219575 1198 4172
126.227544 126 4172
126.227579 1198 4172
126.235743 1198 4172
126.244971 1198 4172
126.252176 1198 4172
126.252214 1198 4172
126.261860 1198 4172
126.267603 142 4172
126.267651 1198 4172
126.276181 1198 4172
126.276279 1198 4172
126.281245 1198 4172
126.292391 110 4172
126.293898 1198 4172
126.300872 1198 4172
126.309232 510 4172
126.309272 1198 4172
126.319124 1198 4172
126.319170 1198 4172
126.330342 1198 4172
126.331524 1198 4172
126.340112 1198 4172
126.340159 286 4172
126.347900 1198 4172
126.347930 1198 4172
126.360072 110 4172
126.361508 1198 4172
126.363542 1198 4172
126.371666 1198 4172
126.398397 382 4172
126.398421 110 4172
126.398508 1198 4172
126.413395 1198 4172
126.413824 1198 4172
126.413857 1198 4172
126.416599 1198 4172
126.416636 478 4172
126.428967 1198 4172
126.429065 1198 4172
126.435590 1198 4172
126.454126 1198 4172
126.463245 830 4172
126.465544 1198 4172
126.468926 1198 4172
126.470057 1198 4172
126.470097 222 4172
126.471392 126 4172
126.472764 1198 4172
126.476131 1198 4172
126.485835 1198 4172
126.485882 1198 4172
126.491706 1198 4172
126.500751 1198 4172
126.508620 1198 4172
126.508651 398 4172
126.515619 1198 4172
126.515657 1198 4172
126.527201 1198 4172
126.530248 1198 4172
126.530286 1198 4172
126.539548 1198 4172
126.551623 414 4172
126.551682 1198 4172
126.555514 1198 4172
126.555551 1198 4172
126.563588 1198 4172
126.571559 1198 4172
126.580062 1198 4172
126.580108 446 4172
126.580136 1198 4172
126.587545 1198 4172
126.597207 1198 4172
126.603632 1198 4172
126.603646 1182 4172
126.621931 110 4172
126.621976 1198 4172
126.637290 1198 4172
126.637323 1198 4172
126.637356 1198 4172
126.643870 1150 4172
126.643923 1198 4172
126.651656 1198 4172
126.668353 1198 4172
126.668631 1054 4172
126.684120 1198 4172
126.684219 1198 4172
126.684258 1198 4172
126.694349 1198 4172
126.695575 1198 4172
126.695647 1198 4172
126.695822 206 4172
126.699895 1198 4172
126.710613 1198 4172
126.715578 1198 4172
126.715606 1198 4172
126.725144 1198 4172
126.731568 1198 4172
126.731607 126 4172
126.731641 1198 4172
126.739665 1198 4172
126.749701 1198 4172
126.753979 60 60000
126.754078 1198 4172
126.754120 1198 4172
126.763528 222 4172
126.763560 1198 4172
126.771911 1198 4172
126.771953 1198 4172
126.780606 1198 4172
126.826209 1198 4172
126.835547 1166 4172
126.835642 1198 4172
126.835665 1198 4172
126.835710 1198 4172
126.835736 1198 4172
126.835767 1198 4172
126.835801 1198 4172
126.835832 206 4172
126.835869 1198 4172
126.843556 1198 4172
126.843590 1198 4172
126.851468 1198 4172
126.851503 1198 4172
126.859527 1038 4172
126.867605 1198 4172
126.867641 1198 4172
126.875569 1198 4172
126.880379 1198 4172
126.880412 1198 4172
126.891540 110 4172
126.891575 1198 4172
126.899594 126 4172
126.899628 1198 4172
126.910403 1198 4172
126.910442 1198 4172
126.915622 1198 4172
126.923491 1006 4172
126.923527 302 4172
126.923559 270 4172
126.936515 1198 4172
126.940038 1198 4172
126.947618 542 4172
126.947657 1198 4172
126.955516 1198 4172
126.955550 1198 4172
126.963548 1198 4172
126.967474 798 4172
126.967533 1198 4172
126.979536 1198 4172
126.987548 1198 4172
126.987585 1198 4172
126.995560 1198 4172
127.016664 1022 4172
127.016717 1198 4172
127.019507 1198 4172
127.019569 1198 4172
127.019608 1198 4172
127.028428 1086 4172
127.035608 1198 4172
127.035672 1198 4172
127.044647 1198 4172
127.063551 1198 4172
127.064729 1198 4172
127.067600 206 4172
127.067665 1198 4172
127.067703 1198 4172
127.075550 1198 4172
127.075602 1198 4172
127.083674 1150 4172
127.103301 1198 4172
127.103327 1198 4172
127.106297 1198 4172
127.122593 1198 4172
127.124069 1198 4172
127.124119 1198 4172
127.124145 1198 4172
127.131543 1198 4172
127.151129 1198 4172
127.162702 1198 4172
127.162772 1198 4172
127.162808 1198 4172
127.163480 110 4172
127.163519 1086 4172
127.179809 638 4172
127.179841 1198 4172
127.187178 1198 4172
127.187228 750 4172
127.187272 1198 4172
127.195367 1198 4172
127.195393 574 4172
127.206843 1198 4172
127.213373 1198 4172
127.213698 1198 4172
127.218660 1198 4172
127.218748 494 4172
127.229346 1198 4172
127.229397 1198 4172
127.234656 1198 4172
127.245491 1198 4172
127.245589 382 4172
127.250700 1198 4172
127.261395 1198 4172
127.266736 1198 4172
127.267000 1198 4172
127.274404 1198 4172
127.281058 1198 4172
127.281108 1198 4172
127.290441 590 4172
127.290480 110 4172
127.298708 1198 4172
127.298742 1198 4172
127.306635 366 4172
127.306691 1198 4172
127.315015 1198 4172
127.315068 734 4172
127.322425 398 4172
127.322463 1198 4172
127.330914 1070 4172
127.330958 1198 4172
127.338411 1198 4172
127.338457 1198 4172
127.354361 1198 4172
127.354408 1198 4172
127.366606 1198 4172
127.366662 910 4172
127.379243 1198 4172
127.379291 1198 4172
127.386388 1198 4172
127.394692 1198 4172
127.402443 110 4172
127.402501 1198 4172
127.410646 1134 4172
127.410757 1198 4172
127.418356 1198 4172
127.418401 1198 4172
127.426606 1198 4172
127.434562 1198 4172
127.434665 238 4172
127.442745 110 4172
127.442786 1198 4172
127.450432 1198 4172
127.454376 1198 4172
127.454428 1198 4172
127.466425 414 4172
127.466543 1198 4172
127.474733 1198 4172
127.474772 1198 4172
127.490600 1198 4172
127.498454 110 4172
127.498489 142 4172
127.498525 1198 4172
127.506718 1198 4172
127.506749 1198 4172
127.514437 1198 4172
127.522709 1182 4172
127.522767 1198 4172
127.530466 1198 4172
127.538876 1198 4172
127.542367 750 4172
127.542427 1198 4172
127.554698 782 4172
127.554820 1198 4172
127.562440 1198 4172
127.570620 1198 4172
127.570665 1198 4172
127.578428 1198 4172
127.578468 670 4172
127.586712 1198 4172
127.594447 1198 4172
127.602927 1198 4172
127.602975 110 4172
127.610609 1198 4172
127.610771 1198 4172
127.618565 1198 4172
127.618610 1198 4172
127.626418 510 4172
127.626491 1198 4172
127.630419 1198 4172
127.642436 1198 4172
127.642478 590 4172
127.650716 1198 4172
127.650757 1198 4172
127.658431 1198 4172
127.658516 366 4172
127.666882 1198 4172
127.666963 1198 4172
127.674431 1198 4172
127.682613 1198 4172
127.682654 366 4172
127.682738 1198 4172
127.690416 1198 4172
127.698926 1198 4172
127.698968 110 4172
127.699008 1198 4172
127.706465 590 4172
127.706508 1198 4172
127.718535 766 4172
127.718633 110 4172
127.718675 254 4172
127.806486 110 4172
127.842992 750 4172
127.850381 126 4172
127.858942 126 4172
127.870902 222 4172
127.879065 126 4172
127.882854 110 4172
127.894433 126 4172
127.906991 126 4172
127.914926 126 4172
127.926879 126 4172
127.938788 126 4172
127.950716 126 4172
127.958765 126 4172
127.970993 126 4172
127.978789 126 4172
127.978832 110 4172
127.978912 110 4172
127.978952 110 4172
127.982365 126 4172
128.003188 1198 4172
128.003279 1198 4172
128.003281 1198 4172
128.003320 1198 4172
128.003358 1166 4172
128.010745 606 4172
128.019633 206 4172
128.026404 1070 4172
128.039936 1198 4172
128.039948 398 4172
128.047871 1198 4172
128.047926 574 4172
128.055921 910 4172
128.068051 1198 4172
128.068171 862 4172
128.070295 1198 4172
128.070340 686 4172
128.078965 1198 4172
128.087850 110 4172
128.087908 1198 4172
128.087951 526 4172
128.099856 1198 4172
128.099955 174 4172
128.107864 1118 4172
128.114601 1198 4172
128.131826 1150 4172
128.151864 862 4172
128.158350 1150 4172
128.175072 1198 4172
128.175191 1198 4172
128.175193 1198 4172
128.175231 1198 4172
128.175269 1102 4172
128.179033 366 4172
128.179091 910 4172
128.200007 1198 4172
128.200018 446 4172
128.202307 1198 4172
128.202371 142 4172
128.220156 1198 4172
128.220233 1198 4172
128.220235 414 4172
128.228211 1198 4172
128.228258 1198 4172
128.228298 782 4172
128.240007 1198 4172
128.240104 798 4172
128.240108 110 4172
128.240148 110 4172
128.240186 1198 4172
128.246388 1198 4172
128.246436 1198 4172
128.246470 558 4172
128.246511 1198 4172
128.260019 1198 4172
128.260068 1198 4172
128.260107 542 4172
128.267929 1198 4172
128.267976 1150 4172
128.278981 1198 4172
128.279026 926 4172
128.287914 110 4172
128.287962 1198 4172
128.288000 1006 4172
128.290493 1198 4172
128.290539 894 4172
128.307919 1198 4172
128.308017 318 4172
128.320021 1198 4172
128.320036 334 4172
128.331566 1198 4172
128.331654 782 4172
128.334382 1198 4172
128.334441 430 4172
128.352224 1198 4172
128.352368 1198 4172
128.352370 110 4172
128.360265 1198 4172
128.360312 1198 4172
128.360350 1198 4172
128.360387 590 4172
128.372414 1198 4172
128.372495 1198 4172
128.372503 1198 4172
128.372541 1086 4172
128.378394 1198 4172
128.378443 1198 4172
128.378489 1198 4172
128.378526 1198 4172
128.378563 734 4172
128.392329 110 4172
128.392415 1198 4172
128.392461 1198 4172
128.392500 1198 4172
128.392538 1198 4172
128.392575 590 4172
128.398365 1198 4172
128.398412 1198 4172
128.398455 1198 4172
128.406426 1198 4172
128.414489 1198 4172
128.414536 1198 4172
128.422354 1198 4172
128.422403 1102 4172
128.430412 1198 4172
128.438415 1198 4172
128.438461 1198 4172
128.446391 126 4172
128.446442 558 4172
128.446488 1198 4172
128.454417 1198 4172
128.462380 1198 4172
128.462471 190 4172
128.466627 1198 4172
128.466683 1198 4172
128.478483 366 4172
128.478487 1198 4172
128.486357 1198 4172
128.486413 1198 4172
128.494416 206 4172
128.494461 110 4172
128.494495 1198 4172
128.502576 1198 4172
128.502618 1198 4172
128.510356 110 4172
128.510406 110 4172
128.510455 110 4172
128.510496 622 4172
128.510536 1198 4172
128.518492 1198 4172
128.518540 606 4172
128.526554 1198 4172
128.526601 1198 4172
128.534430 1198 4172
128.534484 382 4172
128.534532 1198 4172
128.542435 1198 4172
128.550339 142 4172
128.550387 1198 4172
128.554355 1198 4172
128.566523 574 4172
128.566653 1198 4172
128.566655 1198 4172
128.574390 1198 4172
128.574433 1198 4172
128.582403 1198 4172
128.590413 1198 4172
128.590463 814 4172
128.598331 110 4172
128.598378 1198 4172
128.606398 1198 4172
128.606441 1198 4172
128.614638 1198 4172
128.622353 1198 4172
128.622398 350 4172
128.622437 1198 4172
128.630374 1198 4172
128.638393 1198 4172
128.638441 1198 4172
128.642525 1198 4172
128.654406 1198 4172
128.662444 110 4172
128.662575 1198 4172
128.670410 1198 4172
128.670460 1198 4172
128.678420 1198 4172
128.686396 1198 4172
128.686443 1198 4172
128.694424 110 4172
128.694467 1198 4172
128.702547 974 4172
128.702601 1198 4172
128.710396 1198 4172
128.710444 1198 4172
128.718408 1198 4172
128.718458 1198 4172
128.726424 1198 4172
128.730402 1198 4172
128.730445 494 4172
128.730485 1198 4172
128.744703 1198 4172
128.750437 1198 4172
128.750479 1198 4172
128.758416 1198 4172
128.758466 1198 4172
128.766506 110 4172
128.766554 110 4172
128.766592 110 4172
128.766632 318 4172
128.766672 1198 4172
128.774380 1198 4172
128.774426 1198 4172
128.782397 1198 4172
128.782451 1198 4172
128.790402 1198 4172
128.798471 110 4172
128.798519 1198 4172
128.806418 1198 4172
128.806464 1198 4172
128.814388 1198 4172
128.814442 206 4172
128.814492 1198 4172
128.818461 1198 4172
128.830463 702 4172
128.830516 1198 4172
128.838429 1198 4172
128.838483 1198 4172
128.846399 558 4172
128.846450 1198 4172
128.846499 1198 4172
128.854371 1198 4172
128.862438 1198 4172
128.862541 1198 4172
128.870337 286 4172
128.870384 1198 4172
128.870426 1198 4172
128.878344 1198 4172
128.886428 1198 4172
128.886479 334 4172
128.886523 1198 4172
128.894414 1198 4172
128.894468 1198 4172
128.902468 110 4172
128.902522 1198 4172
128.906376 462 4172
128.906426 1198 4172
128.906469 1198 4172
128.918468 1198 4172
128.918587 1198 4172
128.926454 1198 4172
128.935397 1198 4172
128.935467 1198 4172
128.942396 1070 4172
128.942450 1198 4172
128.950433 1198 4172
128.950482 1198 4172
128.958358 1198 4172
128.966517 430 4172
128.966645 1198 4172
128.966659 990 4172
128.982334 1198 4172
128.982381 1198 4172
128.990422 1198 4172
128.994474 110 4172
128.994531 1198 4172
128.994577 1198 4172
129.006338 1198 4172
129.006385 1198 4172
129.014412 1198 4172
129.022324 1102 4172
129.022380 1198 4172
129.022424 1198 4172
129.038404 1198 4172
129.038468 1198 4172
129.046447 1198 4172
129.046478 110 4172
129.046508 110 4172
129.046538 110 4172
129.046569 1198 4172
129.054419 1198 4172
129.054456 1198 4172
129.062396 1198 4172
129.070375 1198 4172
129.070429 1198 4172
129.078409 1198 4172
129.078443 1198 4172
129.082282 1198 4172
129.094428 638 4172
129.094459 1198 4172
129.094489 110 4172
129.094518 1198 4172
129.102418 1198 4172
129.110418 1198 4172
129.118364 430 4172
129.118407 1198 4172
129.118445 1198 4172
129.126410 1198 4172
129.126446 1198 4172
129.134433 1198 4172
129.142415 1198 4172
129.142449 1198 4172
129.150394 1198 4172
129.150434 1198 4172
129.158455 1198 4172
129.158501 1198 4172
129.166481 286 4172
129.166519 1198 4172
129.170564 1198 4172
129.182373 1198 4172
129.182422 1198 4172
129.190414 1198 4172
129.190460 1198 4172
129.198437 110 4172
129.198477 1198 4172
129.198514 1198 4172
129.206430 830 4172
129.206470 1198 4172
129.214495 1198 4172
129.214537 1198 4172
129.222366 1198 4172
129.222414 1198 4172
129.230432 1198 4172
129.238433 1198 4172
129.238465 1198 4172
129.246353 1198 4172
129.246392 1198 4172
129.254342 958 4172
129.254390 1198 4172
129.258305 1198 4172
129.258339 1198 4172
129.270384 1198 4172
129.270499 1198 4172
129.278385 1198 4172
129.278420 1198 4172
129.286418 1198 4172
129.286455 1198 4172
129.294392 318 4172
129.294439 110 4172
129.294476 1198 4172
129.302492 1198 4172
129.302543 1198 4172
129.310390 1198 4172
129.310440 1198 4172
129.318406 1198 4172
129.318456 1198 4172
129.326375 1198 4172
129.334430 110 4172
129.334480 110 4172
129.334517 110 4172
129.334551 782 4172
129.334583 1198 4172
129.342345 1198 4172
129.342395 1198 4172
129.346641 1198 4172
129.346717 1198 4172
129.358434 1198 4172
129.358479 1198 4172
129.366421 1198 4172
129.366475 1198 4172
129.374357 206 4172
129.374411 1198 4172
129.382434 1198 4172
129.382474 1198 4172
129.390402 1198 4172
129.390459 110 4172
129.390501 1198 4172
129.398407 1198 4172
129.398461 1198 4172
129.406364 1198 4172
129.406410 862 4172
129.414415 1198 4172
129.422331 1198 4172
129.422376 1198 4172
129.430351 1198 4172
129.434424 1198 4172
129.434467 1198 4172
129.446429 1198 4172
129.446500 254 4172
129.446548 1198 4172
129.454333 1198 4172
129.454390 1198 4172
129.462343 1198 4172
129.462393 1198 4172
129.470331 1198 4172
129.478425 1198 4172
129.478488 334 4172
129.478535 1198 4172
129.486378 1198 4172
129.486426 1198 4172
129.494368 1198 4172
129.494411 1198 4172
129.502415 1198 4172
129.502480 110 4172
129.510445 1198 4172
129.510495 1198 4172
129.518385 494 4172
129.518439 1198 4172
129.518484 1198 4172
129.522650 590 4172
129.610608 110 4172
129.610662 110 4172
129.610702 110 4172
129.694623 110 4172
129.870305 110 4172
129.870378 110 4172
129.870421 110 4172
130.134323 110 4172
130.134398 110 4172
130.134452 110 4172
130.306571 110 4172
130.394477 110 4172
130.438375 110 4172
130.702329 110 4172
130.966367 110 4172
131.230389 110 4172
131.314631 110 4172
131.402644 110 4172
131.490754 110 4172
131.754497 110 4172
132.018636 110 4172
132.279140 110 4172
132.282364 110 4172
132.414773 110 4172
133.282339 110 4172
133.414397 110 4172
134.290359 110 4172
134.422301 110 4172
135.034359 110 4172
135.294296 110 4172
135.382294 110 4172
136.306353 110 4172
136.394330 110 4172
137.318796 110 4172
137.406275 110 4172
137.714380 110 4172
138.286220 110 4172
138.418236 110 4172
139.382315 110 4172
140.306548 110 4172
140.379407 110 4172
140.394223 110 4172
141.314217 110 4172
141.402298 110 4172
142.322310 110 4172
142.410313 110 4172
143.058240 110 4172
143.322259 110 4172
143.410599 110 4172
144.282187 110 4172
144.410569 110 4172
145.282183 110 4172
145.410219 110 4172
145.714287 110 4172
146.282174 110 4172
146.414573 110 4172
147.018380 270 4172
147.022501 254 4172
147.022540 270 4172
147.022580 318 4172
147.022617 222 4172
147.022651 222 4172
147.022685 222 4172
147.022720 222 4172
147.022751 222 4172
147.022782 222 4172
147.027920 238 4172
147.027973 270 4172
147.028013 334 4172
147.028061 238 4172
147.028104 270 4172
147.028135 334 4172
147.030095 1198 4172
147.030133 1198 4172
147.030163 1198 4172
147.030193 1086 4172
147.166917 126 4172
147.166931 1198 4172
147.167011 190 4172
147.210223 142 4172
147.220010 1198 4172
147.220049 1198 4172
147.220084 1198 4172
147.220159 1198 4172
147.220170 1198 4172
147.220197 1198 4172
147.220226 1198 4172
147.220252 206 4172
147.227422 1198 4172
147.227457 1198 4172
147.227493 1198 4172
147.227524 1198 4172
147.227576 1198 4172
147.227618 1198 4172
147.236457 1198 4172
147.236516 1198 4172
147.236554 1198 4172
147.242266 1198 4172
147.242311 398 4172
147.242345 1198 4172
147.242384 1198 4172
147.250255 1198 4172
147.250295 1198 4172
147.254756 1198 4172
147.254806 1054 4172
147.269650 1198 4172
147.269741 1198 4172
147.274217 1198 4172
147.282272 1198 4172
147.282316 1198 4172
147.290223 1198 4172
147.290272 110 4172
147.290301 910 4172
147.298308 1198 4172
147.298351 1198 4172
147.306221 1198 4172
147.306262 1198 4172
147.314837 1198 4172
147.322390 1198 4172
147.322430 1198 4172
147.330301 1134 4172
147.330347 1198 4172
147.338201 1198 4172
147.342152 110 4172
147.342192 1198 4172
147.342234 1198 4172
147.354229 1198 4172
147.354335 1198 4172
147.362206 1198 4172
147.370244 494 4172
147.370335 1198 4172
147.380404 1198 4172
147.386241 1198 4172
147.386293 1198 4172
147.394281 110 4172
147.394337 1198 4172
147.394387 1198 4172
147.402250 142 4172
147.402297 1198 4172
147.411739 1198 4172
147.411857 1198 4172
147.418245 1198 4172
147.418280 1198 4172
147.426225 1198 4172
147.426267 1198 4172
147.430198 1198 4172
147.430237 334 4172
147.442223 702 4172
147.442308 942 4172
147.442333 1198 4172
147.450176 1198 4172
147.450214 1198 4172
147.458196 1198 4172
147.458233 1198 4172
147.466173 1198 4172
147.466207 222 4172
147.474195 1198 4172
147.474228 1198 4172
147.482172 1198 4172
147.482207 1198 4172
147.490176 1198 4172
147.490214 1198 4172
147.498144 606 4172
147.498182 1198 4172
147.506233 1198 4172
147.506266 1198 4172
147.514145 1198 4172
147.514183 1198 4172
147.518139 1198 4172
147.518169 270 4172
147.518201 1198 4172
147.530629 1198 4172
147.530648 1198 4172
147.538305 1198 4172
147.538345 1198 4172
147.546422 1198 4172
147.547055 1198 4172
147.557825 1134 4172
147.557967 1198 4172
147.579894 1198 4172
147.580026 1198 4172
147.594078 1198 4172
147.594239 1198 4172
147.594271 1198 4172
147.594313 254 4172
147.601776 1198 4172
147.601817 1198 4172
147.601859 1198 4172
147.601888 1198 4172
147.610207 110 4172
147.610242 1198 4172
147.625186 1198 4172
147.625223 1198 4172
147.625251 1182 4172
147.626658 1198 4172
147.626696 1198 4172
147.641654 1198 4172
147.643054 1198 4172
147.643102 1198 4172
147.651054 1198 4172
147.651135 1198 4172
147.651220 1198 4172
147.655622 702 4172
147.655660 1198 4172
147.655690 1198 4172
147.672750 1198 4172
147.672884 1198 4172
147.675441 1198 4172
147.675482 1198 4172
147.683052 1198 4172
147.683127 1198 4172
147.692597 1198 4172
147.699020 1198 4172
147.699088 558 4172
147.704160 1022 4172
147.704209 1198 4172
147.704252 350 4172
147.708603 1198 4172
147.708652 1198 4172
147.711652 1198 4172
147.711699 1198 4172
147.723473 1038 4172
147.723550 1198 4172
147.731287 1198 4172
147.731434 1198 4172
147.731482 1198 4172
147.740311 1198 4172
147.740351 1198 4172
147.750838 1198 4172
147.750964 1198 4172
147.756430 718 4172
147.756468 1198 4172
147.762234 1198 4172
147.762273 1198 4172
147.770248 174 4172
147.770287 1198 4172
147.770321 926 4172
147.770356 1198 4172
147.781031 1198 4172
147.786200 1198 4172
147.786308 1198 4172
147.794576 1198 4172
147.798770 1198 4172
147.804591 1198 4172
147.810427 1198 4172
147.810564 1198 4172
147.818233 1198 4172
147.818289 1198 4172
147.826333 1198 4172
147.826374 1198 4172
147.834287 462 4172
147.834341 1198 4172
147.834379 1198 4172
147.842311 1166 4172
147.842360 1198 4172
147.850232 1198 4172
147.850299 1198 4172
147.858291 1198 4172
147.858335 1198 4172
147.866227 1198 4172
147.874240 1198 4172
147.874382 1198 4172
147.882220 110 4172
147.882263 1198 4172
147.882320 1198 4172
147.886147 1198 4172
147.886204 1198 4172
147.886247 1198 4172
147.898228 1102 4172
147.898401 1198 4172
147.906265 1198 4172
147.906307 990 4172
147.914231 1198 4172
147.914273 1198 4172
147.914315 1198 4172
147.922212 942 4172
147.922291 1198 4172
147.930156 1198 4172
147.930221 1198 4172
147.938337 1198 4172
147.938640 430 4172
147.938698 1198 4172
147.946209 1198 4172
147.946263 1198 4172
147.954250 1198 4172
147.954296 382 4172
147.962243 1198 4172
147.962279 1198 4172
147.962318 830 4172
147.971908 302 4172
147.971974 1198 4172
147.974159 1198 4172
147.974212 1198 4172
147.974260 1198 4172
147.986256 1198 4172
147.986439 1102 4172
147.994245 1198 4172
147.994296 1118 4172
148.002753 926 4172
148.002807 814 4172
148.002851 1006 4172
148.010241 1198 4172
148.010379 1198 4172
148.010424 270 4172
148.010466 1198 4172
148.018189 878 4172
148.018244 1198 4172
148.026197 926 4172
148.026247 1198 4172
148.026289 1198 4172
148.034194 1198 4172
148.034272 1198 4172
148.042217 1198 4172
148.042270 1198 4172
148.050195 862 4172
148.050250 1198 4172
148.058196 1198 4172
148.058244 1198 4172
148.062229 750 4172
148.062281 1198 4172
148.062327 1198 4172
148.074186 1198 4172
148.074279 302 4172
148.082242 1198 4172
148.090300 1198 4172
148.090412 478 4172
148.090465 1198 4172
148.098312 686 4172
148.098360 318 4172
148.098416 1198 4172
148.106237 1198 4172
148.106285 1198 4172
148.114210 1198 4172
148.122133 1198 4172
148.122196 494 4172
148.122244 846 4172
148.122287 1198 4172
148.130201 1198 4172
148.130251 1198 4172
148.139179 174 4172
148.139244 1198 4172
148.139267 862 4172
148.139307 1102 4172
148.146241 1198 4172
148.146286 1198 4172
148.150137 110 4172
148.238490 1198 4172
148.310813 1198 4172
148.310910 1198 4172
148.310953 1198 4172
148.310996 1022 4172
148.318730 142 4172
148.326209 142 4172
148.326259 846 4172
148.335146 142 4172
148.341157 1198 4172
148.341210 1198 4172
148.341252 734 4172
148.370179 958 4172
148.379311 1198 4172
148.379359 862 4172
148.398261 110 4172
148.414319 110 4172
148.502226 110 4172
148.537168 1198 4172
148.537195 894 4172
148.546157 1038 4172
148.579306 1198 4172
148.579362 654 4172
148.579406 1198 4172
148.579449 1070 4172
148.590211 110 4172
148.590312 1198 4172
148.634153 1198 4172
148.634254 1198 4172
148.638143 462 4172
148.671189 334 4172
148.671286 302 4172
148.671329 1198 4172
148.671371 1198 4172
148.671410 894 4172
148.682132 1198 4172
148.682178 1198 4172
148.682214 606 4172
148.682247 110 4172
148.750798 430 4172
148.750832 1198 4172
148.750869 1198 4172
148.750906 1054 4172
148.750944 1198 4172
148.750984 1198 4172
148.751024 1038 4172
148.751061 1198 4172
148.751097 1198 4172
148.751139 302 4172
148.770380 1198 4172
148.770471 1198 4172
148.770531 1198 4172
148.770576 494 4172
148.770617 510 4172
148.770653 1198 4172
148.770691 1070 4172
148.807751 1198 4172
148.807789 110 4172
148.807826 1198 4172
148.807865 1198 4172
148.807903 1198 4172
148.807940 782 4172
148.807978 1198 4172
148.808020 1198 4172
148.814124 1198 4172
148.814166 1198 4172
148.814214 1198 4172
148.814254 846 4172
148.902366 1198 4172
148.902462 1198 4172
148.905991 1198 4172
148.906033 878 4172
148.938858 1198 4172
148.938988 1198 4172
148.938992 798 4172
148.950143 142 4172
148.950223 110 4172
148.950262 110 4172
148.950301 110 4172
148.994268 142 4172
