0.077438 1198 4172
0.077610 1198 4172
0.077657 1198 4172
0.077695 910 4172
0.077732 238 4172
0.209345 110 4172
0.469295 110 4172
0.601238 1198 4172
0.601321 1198 4172
0.601323 1198 4172
0.601347 1198 4172
0.601371 254 4172
0.601397 1102 4172
0.601425 1198 4172
0.601449 1022 4172
0.601473 686 4172
0.601498 638 4172
0.645447 1198 4172
0.645478 1038 4172
0.645509 398 4172
0.645539 174 4172
0.645569 158 4172
0.672675 670 4172
0.673950 1198 4172
0.673996 1198 4172
0.674028 1198 4172
0.674063 1198 4172
0.674098 1198 4172
0.674132 1198 4172
0.674164 1198 4172
0.674197 974 4172
0.681397 1198 4172
0.681443 1198 4172
0.681490 1198 4172
0.681520 1198 4172
0.681551 1198 4172
0.681579 1198 4172
0.681609 1198 4172
0.681638 1198 4172
0.681668 1198 4172
0.681695 894 4172
0.681725 1198 4172
0.681754 1198 4172
0.681781 1198 4172
0.681808 1198 4172
0.681842 1198 4172
0.681870 1198 4172
0.681898 1198 4172
0.681927 1198 4172
0.681956 1198 4172
0.681984 1198 4172
0.682012 1198 4172
0.682041 1198 4172
0.689347 590 4172
0.689387 1198 4172
0.689418 1198 4172
0.689447 1198 4172
0.689476 1198 4172
0.689506 1198 4172
0.689535 1198 4172
0.689564 1198 4172
0.689593 1198 4172
0.689624 1198 4172
0.689652 558 4172
0.689681 1198 4172
0.689710 1198 4172
0.697362 1198 4172
0.697412 1198 4172
0.697443 1198 4172
0.697471 1198 4172
0.697498 1198 4172
0.697538 1198 4172
0.697570 1198 4172
0.705384 1198 4172
0.705408 1198 4172
0.705444 1198 4172
0.705486 1198 4172
0.705519 1198 4172
0.705553 1198 4172
0.705584 1198 4172
0.713393 622 4172
0.713435 1198 4172
0.713472 1198 4172
0.713507 1198 4172
0.713541 1198 4172
0.713574 1198 4172
0.721339 1198 4172
0.721377 1198 4172
0.721417 1198 4172
0.721450 1198 4172
0.721487 1198 4172
0.729382 1198 4172
0.729503 1198 4172
0.729547 894 4172
0.729588 1198 4172
0.729626 1198 4172
0.733153 1198 4172
0.733185 1198 4172
0.733218 350 4172
0.745396 1198 4172
0.745436 1198 4172
0.745472 958 4172
0.745508 382 4172
0.745547 1198 4172
0.745585 222 4172
0.745619 1198 4172
0.753365 1198 4172
0.753407 1198 4172
0.753445 1198 4172
0.753480 1118 4172
0.753515 1198 4172
0.753550 1198 4172
0.761430 1198 4172
0.761471 1198 4172
0.761511 1198 4172
0.761547 1198 4172
0.761584 1198 4172
0.769299 1198 4172
0.769337 1198 4172
0.777300 1198 4172
0.777352 1198 4172
0.785294 734 4172
0.785330 1198 4172
0.793368 1198 4172
0.793421 1198 4172
0.801310 1198 4172
0.801346 1198 4172
0.809323 1198 4172
0.809366 1198 4172
0.817297 1198 4172
0.817338 1198 4172
0.821291 1118 4172
0.821326 1198 4172
0.833319 1198 4172
0.833396 1198 4172
0.841277 1198 4172
0.841412 1198 4172
0.849320 1198 4172
0.857346 1198 4172
0.857400 1054 4172
0.857434 1198 4172
0.865259 1198 4172
0.865318 1198 4172
0.873328 1198 4172
0.881238 1198 4172
0.881270 110 4172
0.881310 1198 4172
0.889394 1198 4172
0.889546 1198 4172
0.897305 1198 4172
0.897349 1198 4172
0.905337 1198 4172
0.905380 1198 4172
0.909251 510 4172
0.909297 1198 4172
0.909331 1198 4172
0.921425 1198 4172
0.921460 1198 4172
0.930124 1198 4172
0.930204 1198 4172
0.937328 1198 4172
0.937370 1198 4172
0.945347 1198 4172
0.945393 1198 4172
0.953353 1198 4172
0.953391 1198 4172
0.961391 1198 4172
0.961531 1198 4172
0.969405 1198 4172
0.969451 558 4172
0.977377 110 4172
0.977420 110 4172
0.977456 830 4172
0.977498 334 4172
0.977538 862 4172
0.985316 174 4172
0.985367 158 4172
0.985408 158 4172
0.985445 1054 4172
0.985481 158 4172
0.985516 158 4172
0.985551 158 4172
0.985586 158 4172
0.985625 142 4172
0.997226 414 4172
0.997273 206 4172
1.041354 286 4172
1.217368 142 4172
1.261204 110 4172
1.521323 110 4172
1.781388 110 4172
1.826664 142 4172
1.826738 142 4172
1.869298 110 4172
2.001202 142 4172
2.045353 110 4172
2.221214 142 4172
2.293277 142 4172
2.309196 110 4172
2.441307 142 4172
2.613302 110 4172
2.862523 110 4172
2.873156 110 4172
3.005308 110 4172
3.137380 110 4172
3.401398 110 4172
3.445274 142 4172
3.445448 142 4172
3.649414 142 4172
3.649583 142 4172
3.665204 110 4172
3.881176 110 4172
3.969130 110 4172
4.273253 142 4172
4.493299 142 4172
4.867157 110 4172
4.889382 142 4172
4.889473 142 4172
4.977264 110 4172
5.109353 142 4172
5.109478 142 4172
5.493263 142 4172
5.493354 142 4172
5.669268 142 4172
5.669402 142 4172
5.889264 110 4172
5.977372 110 4172
6.317293 142 4172
6.329269 110 4172
6.417303 142 4172
6.505273 142 4172
6.505289 142 4172
6.725284 142 4172
6.901199 110 4172
6.989279 110 4172
7.341375 142 4172
7.341529 142 4172
7.517152 142 4172
7.517246 142 4172
7.869233 110 4172
7.913305 142 4172
7.913353 142 4172
8.001110 110 4172
8.089297 430 4172
8.089343 334 4172
8.133283 142 4172
8.133339 142 4172
8.573140 142 4172
8.573185 142 4172
8.749135 142 4172
8.749180 142 4172
8.881257 110 4172
8.969226 110 4172
9.057195 110 4172
9.361212 142 4172
9.361304 142 4172
9.537257 142 4172
9.537354 142 4172
9.885194 110 4172
9.966986 110 4172
9.973203 142 4172
10.189307 142 4172
10.577243 142 4172
10.577331 142 4172
10.793825 142 4172
10.881182 110 4172
10.967173 110 4172
10.969228 142 4172
11.057065 142 4172
11.189268 142 4172
11.621275 142 4172
11.621434 142 4172
11.709210 110 4172
11.797138 142 4172
11.797190 142 4172
11.885235 110 4172
11.973241 110 4172
12.409270 142 4172
12.409373 142 4172
12.625178 142 4172
12.625213 142 4172
13.021336 142 4172
13.021410 142 4172
13.241163 142 4172
13.417222 142 4172
13.857187 142 4172
13.857277 142 4172
13.901083 110 4172
13.989283 110 4172
14.077239 142 4172
14.077351 142 4172
14.429154 110 4172
14.473150 142 4172
14.473219 142 4172
14.649200 142 4172
14.649294 142 4172
14.869196 110 4172
15.001199 110 4172
15.305160 142 4172
15.481177 142 4172
15.866980 110 4172
15.873048 142 4172
15.873112 142 4172
16.005235 110 4172
16.093229 142 4172
16.093303 142 4172
16.485168 142 4172
16.485339 142 4172
16.705179 142 4172
16.705224 142 4172
16.881192 110 4172
16.969180 110 4172
17.101249 110 4172
17.541234 142 4172
17.541316 142 4172
17.717184 142 4172
17.717299 142 4172
17.893158 110 4172
17.977279 110 4172
18.325153 142 4172
18.325286 142 4172
18.501241 142 4172
18.501244 142 4172
18.893320 110 4172
18.937107 142 4172
18.937249 142 4172
18.981221 110 4172
19.157205 142 4172
19.157240 142 4172
19.549216 142 4172
19.549351 142 4172
19.765227 142 4172
19.765262 142 4172
19.769043 110 4172
19.897195 110 4172
19.981249 110 4172
20.377038 142 4172
20.377207 142 4172
20.569250 60 60000
20.597097 142 4172
20.597100 142 4172
20.739126 174 4172
20.739171 158 4172
20.739201 158 4172
20.739227 158 4172
20.739253 158 4172
20.739288 158 4172
20.739311 158 4172
20.739336 158 4172
20.779549 1198 4172
20.779572 1198 4172
20.779609 1198 4172
20.779643 1198 4172
20.779674 1198 4172
20.779708 1198 4172
20.779739 1198 4172
20.779768 1198 4172
20.779798 782 4172
20.782341 1198 4172
20.782377 1198 4172
20.782414 1198 4172
20.782453 1198 4172
20.782483 1198 4172
20.782513 1198 4172
20.793186 1198 4172
20.793271 1198 4172
20.793313 1198 4172
20.804069 190 4172
20.804103 1198 4172
20.804134 1198 4172
20.804163 1198 4172
20.809079 1198 4172
20.809229 1198 4172
20.817752 1198 4172
20.817804 1198 4172
20.825583 286 4172
20.825659 1198 4172
20.825688 1198 4172
20.833839 1198 4172
20.833906 1198 4172
20.841127 1198 4172
20.841179 1198 4172
20.863723 558 4172
20.865080 1198 4172
20.865251 1198 4172
20.865301 1198 4172
20.873094 1198 4172
20.873123 1198 4172
20.873155 1198 4172
20.873184 1198 4172
20.873215 1198 4172
20.881076 126 4172
20.881105 110 4172
20.881135 1198 4172
20.881169 1198 4172
20.889112 1198 4172
20.889142 1198 4172
20.899039 142 4172
20.899082 1198 4172
20.899117 1198 4172
20.907465 1198 4172
20.913847 1198 4172
20.913959 1198 4172
20.914003 1198 4172
20.921784 1198 4172
20.922317 1198 4172
20.929685 846 4172
20.929723 1198 4172
20.937398 1198 4172
20.937431 1198 4172
20.941293 1198 4172
20.941332 1198 4172
20.954616 1198 4172
20.954767 1198 4172
20.961322 1198 4172
20.961354 1198 4172
20.969199 142 4172
20.977077 110 4172
20.977114 1198 4172
20.977147 1198 4172
20.985089 1198 4172
20.985124 1198 4172
20.993218 1198 4172
20.993262 1198 4172
21.001069 1198 4172
21.011892 1198 4172
21.011935 1198 4172
21.017128 1198 4172
21.017158 1198 4172
21.025150 1198 4172
21.030364 1198 4172
21.030405 1198 4172
21.030438 1198 4172
21.041086 1198 4172
21.041120 1198 4172
21.049096 734 4172
21.049119 1198 4172
21.058446 1198 4172
21.058470 1198 4172
21.058506 558 4172
21.065183 1198 4172
21.065215 1198 4172
21.073169 1198 4172
21.073202 1198 4172
21.077293 1198 4172
21.077319 1198 4172
21.091366 1198 4172
21.091399 1198 4172
21.098815 1198 4172
21.098844 1198 4172
21.106356 110 4172
21.106391 1198 4172
21.106420 766 4172
21.106449 1198 4172
21.113043 1198 4172
21.113072 1198 4172
21.123388 1198 4172
21.125370 1198 4172
21.125404 1198 4172
21.137235 1198 4172
21.137338 1198 4172
21.137532 1198 4172
21.145069 1006 4172
21.145129 1198 4172
21.153094 1198 4172
21.153125 1198 4172
21.164619 1198 4172
21.164663 1198 4172
21.169070 1198 4172
21.169101 1198 4172
21.169136 1198 4172
21.177092 1198 4172
21.177134 1198 4172
21.192935 798 4172
21.193140 1198 4172
21.193181 1198 4172
21.201085 1198 4172
21.201113 1198 4172
21.201144 1198 4172
21.201172 1198 4172
21.209105 1198 4172
21.209134 1198 4172
21.217136 334 4172
21.217195 1198 4172
21.217227 1198 4172
21.218197 60 60000
21.221615 1198 4172
21.221646 1198 4172
21.221683 1198 4172
21.241105 1198 4172
21.241206 1198 4172
21.249079 1198 4172
21.249105 1198 4172
21.249139 830 4172
21.249170 1198 4172
21.249202 1198 4172
21.265130 1166 4172
21.265160 1198 4172
21.276515 750 4172
21.276771 174 4172
21.278018 174 4172
21.278068 174 4172
21.278116 174 4172
21.281065 174 4172
21.281103 174 4172
21.281132 174 4172
21.281165 1198 4172
21.281194 478 4172
21.281222 1198 4172
21.289278 558 4172
21.289316 910 4172
21.293578 174 4172
21.294790 174 4172
21.294837 174 4172
21.294884 1198 4172
21.297208 1198 4172
21.297235 1198 4172
21.307576 174 4172
21.307615 174 4172
21.307648 1198 4172
21.307679 1198 4172
21.313806 830 4172
21.313839 494 4172
21.313875 1198 4172
21.313906 1198 4172
21.321100 1198 4172
21.321130 1198 4172
21.329165 1198 4172
21.329201 1198 4172
21.358919 334 4172
21.401185 110 4172
21.472583 1198 4172
21.472687 1198 4172
21.472729 1198 4172
21.472758 1198 4172
21.472789 1198 4172
21.472820 1198 4172
21.472851 430 4172
21.472969 1198 4172
21.473002 1198 4172
21.481913 318 4172
21.489632 1086 4172
21.498162 1086 4172
21.552136 1198 4172
21.552179 110 4172
21.565769 1198 4172
21.576999 1198 4172
21.577043 478 4172
21.577084 958 4172
21.621065 1198 4172
21.621098 1198 4172
21.621130 302 4172
21.621163 238 4172
21.665166 110 4172
21.709801 366 4172
21.885276 110 4172
21.929075 110 4172
21.973092 110 4172
22.193193 110 4172
22.453096 110 4172
22.717319 110 4172
22.893318 110 4172
22.981244 110 4172
23.025104 110 4172
23.289106 110 4172
23.553239 110 4172
23.817186 110 4172
23.905133 110 4172
23.993444 110 4172
24.081145 110 4172
24.869057 110 4172
25.001061 110 4172
25.881050 110 4172
25.969040 110 4172
26.753086 110 4172
26.885090 110 4172
26.973112 110 4172
27.885066 110 4172
27.973046 110 4172
28.897477 110 4172
28.985175 110 4172
29.425038 110 4172
29.864992 110 4172
29.997013 110 4172
30.876958 110 4172
30.965000 110 4172
31.885101 110 4172
31.973082 110 4172
32.141113 110 4172
32.888942 110 4172
32.976997 110 4172
33.889090 110 4172
33.976974 110 4172
34.805267 110 4172
34.889084 110 4172
34.977063 110 4172
35.897186 110 4172
35.985158 110 4172
36.864919 110 4172
36.997020 110 4172
37.524998 110 4172
37.876974 110 4172
37.964959 110 4172
38.889057 110 4172
38.976951 110 4172
39.897003 110 4172
39.985059 110 4172
40.249018 110 4172
40.864904 110 4172
40.996985 110 4172
41.314636 1198 4172
41.314658 1198 4172
41.314683 1198 4172
41.314710 1198 4172
41.314736 1198 4172
41.314761 1198 4172
41.314791 286 4172
41.318543 1198 4172
41.318580 1198 4172
41.318609 1198 4172
41.318634 174 4172
41.318660 1198 4172
41.318689 1198 4172
41.318716 1198 4172
41.318738 430 4172
41.321156 1198 4172
41.321189 1198 4172
41.321215 1198 4172
41.321240 1198 4172
41.321265 206 4172
41.331407 1198 4172
41.331423 1198 4172
41.331498 1198 4172
41.336938 1198 4172
41.336975 1198 4172
41.337002 1198 4172
41.337028 574 4172
41.337056 1198 4172
41.347660 1198 4172
41.347738 1198 4172
41.349380 1198 4172
41.349419 462 4172
41.349452 1198 4172
41.364253 1198 4172
41.364282 1198 4172
41.368931 1198 4172
41.368965 430 4172
41.369002 1198 4172
41.376888 1198 4172
41.376929 1198 4172
41.376961 1198 4172
41.384807 1198 4172
41.384848 334 4172
41.384884 1198 4172
41.392987 1198 4172
41.393024 1198 4172
41.400969 1198 4172
41.401010 1198 4172
41.401051 1198 4172
41.408997 1198 4172
41.409031 206 4172
41.416918 1198 4172
41.416961 1198 4172
41.424956 1198 4172
41.424994 1198 4172
41.425027 206 4172
41.432920 1198 4172
41.432959 1198 4172
41.432998 1198 4172
41.436910 1198 4172
41.437019 1198 4172
41.448946 1198 4172
41.449004 190 4172
41.449048 1198 4172
41.456952 1198 4172
41.457000 1198 4172
41.457036 1198 4172
41.464925 1198 4172
41.464968 494 4172
41.472986 1198 4172
41.473020 1198 4172
41.476809 60 60000
41.480849 1198 4172
41.480903 174 4172
41.480944 1198 4172
41.488882 1198 4172
41.488921 1198 4172
41.488982 718 4172
41.496821 1198 4172
41.496855 1198 4172
41.496888 1198 4172
41.504897 830 4172
41.504931 1198 4172
41.512953 1198 4172
41.513017 1198 4172
41.513064 1198 4172
41.520913 1198 4172
41.520950 638 4172
41.524865 478 4172
41.524933 1198 4172
41.524966 1198 4172
41.524996 1198 4172
41.536974 1198 4172
41.537069 1198 4172
41.544902 1198 4172
41.544951 1166 4172
41.552861 110 4172
41.552901 1198 4172
41.552945 1198 4172
41.552983 1198 4172
41.561047 1198 4172
41.561099 1198 4172
41.568890 1198 4172
41.568944 1198 4172
41.576837 350 4172
41.576880 1198 4172
41.576914 1198 4172
41.584959 1198 4172
41.585006 1198 4172
41.585042 1198 4172
41.592936 1198 4172
41.592995 1198 4172
41.600882 478 4172
41.600923 1198 4172
41.600985 1198 4172
41.608857 1198 4172
41.608893 1198 4172
41.608925 1198 4172
41.612822 1198 4172
41.625003 846 4172
41.625049 1198 4172
41.625087 1198 4172
41.632980 1198 4172
41.640990 1198 4172
41.641052 1198 4172
41.648923 1198 4172
41.648981 1198 4172
41.649023 174 4172
41.649063 1198 4172
41.656844 1198 4172
41.656886 1198 4172
41.664929 1198 4172
41.664985 1198 4172
41.672928 1198 4172
41.672966 1198 4172
41.673007 1198 4172
41.680965 798 4172
41.681007 1198 4172
41.681042 1198 4172
41.688870 1198 4172
41.688926 1198 4172
41.696939 1198 4172
41.696980 1198 4172
41.697032 686 4172
41.700783 1198 4172
41.700823 1198 4172
41.712993 1198 4172
41.712998 1198 4172
41.713137 1198 4172
41.720960 1198 4172
41.721003 718 4172
41.721040 1198 4172
41.729092 1198 4172
41.729128 1198 4172
41.736870 1198 4172
41.736919 1198 4172
41.744815 1198 4172
41.744849 1198 4172
41.752994 862 4172
41.753046 1198 4172
41.753077 1198 4172
41.760896 1198 4172
41.760931 1198 4172
41.768894 1198 4172
41.768929 1198 4172
41.768960 1198 4172
41.776879 1198 4172
41.776911 782 4172
41.776969 1198 4172
41.784920 1198 4172
41.784949 1198 4172
41.788789 1198 4172
41.788825 1198 4172
41.800917 1198 4172
41.800944 1038 4172
41.808920 1198 4172
41.808937 1198 4172
41.808966 1198 4172
41.822916 1198 4172
41.827432 1198 4172
41.827837 1198 4172
41.832862 110 4172
41.832905 1198 4172
41.832939 222 4172
41.832976 1198 4172
41.833016 1198 4172
41.833048 1198 4172
41.841960 1198 4172
41.842640 1198 4172
41.848890 1198 4172
41.848923 846 4172
41.858755 1198 4172
41.858795 1198 4172
41.858826 1198 4172
41.864872 1198 4172
41.864908 1198 4172
41.864938 1198 4172
41.876410 110 4172
41.876459 878 4172
41.876492 1198 4172
41.881175 1198 4172
41.881287 1198 4172
41.881318 1198 4172
41.894737 1198 4172
41.894824 1198 4172
41.896892 1198 4172
41.896926 1198 4172
41.896980 494 4172
41.897009 1198 4172
41.913879 1198 4172
41.913883 1198 4172
41.920150 1198 4172
41.920176 1198 4172
41.920205 574 4172
41.920233 1198 4172
41.920260 1198 4172
41.924974 1198 4172
41.925006 1198 4172
41.932945 1198 4172
41.932987 926 4172
41.933020 1198 4172
41.941904 334 4172
41.941942 1198 4172
41.941971 1198 4172
41.952637 1198 4172
41.954537 1198 4172
41.954972 1198 4172
41.955081 1198 4172
41.960383 318 4172
41.960424 1198 4172
41.965000 1198 4172
41.965040 1198 4172
41.965071 1198 4172
41.970917 110 4172
41.970962 1198 4172
41.970998 1198 4172
41.982093 1198 4172
41.982178 190 4172
41.982266 1198 4172
41.982296 1198 4172
41.989477 1198 4172
41.989518 1198 4172
42.001745 1198 4172
42.012704 1198 4172
42.017030 1198 4172
42.020872 1198 4172
42.020909 1198 4172
42.020967 1198 4172
42.020999 1198 4172
42.021038 1198 4172
42.021068 1198 4172
42.021096 270 4172
42.021141 1198 4172
42.033659 1198 4172
42.040557 1198 4172
42.041758 910 4172
42.058176 1198 4172
42.058921 1198 4172
42.075911 1198 4172
42.075958 686 4172
42.075993 1198 4172
42.077550 1198 4172
42.088271 1198 4172
42.088357 1198 4172
42.088359 1198 4172
42.088387 1198 4172
42.088414 1198 4172
42.088438 286 4172
42.088466 1198 4172
42.088492 1198 4172
42.088519 1198 4172
42.088546 1198 4172
42.088573 126 4172
42.088599 110 4172
42.088624 110 4172
42.088648 1198 4172
42.089609 1198 4172
42.089642 1198 4172
42.089671 1198 4172
42.103038 1198 4172
42.103217 1198 4172
42.103419 1198 4172
42.108936 1198 4172
42.108967 1198 4172
42.109003 782 4172
42.116866 1198 4172
42.116906 1198 4172
42.116940 1198 4172
42.124948 670 4172
42.124991 1198 4172
42.125024 1198 4172
42.135662 1198 4172
42.135705 1086 4172
42.146375 1198 4172
42.146446 1198 4172
42.146466 1198 4172
42.148901 1198 4172
42.148935 1198 4172
42.148965 1198 4172
42.157599 1198 4172
42.157645 206 4172
42.157677 1198 4172
42.165612 1198 4172
42.165648 1198 4172
42.165679 1198 4172
42.178288 110 4172
42.178485 1198 4172
42.178512 1198 4172
42.178538 558 4172
42.181724 1198 4172
42.181755 1198 4172
42.181784 1198 4172
42.186471 1198 4172
42.186521 1198 4172
42.186551 1198 4172
42.197407 238 4172
42.197451 1198 4172
42.197478 1198 4172
42.204919 1198 4172
42.204969 1198 4172
42.205004 1198 4172
42.213694 1198 4172
42.213730 494 4172
42.213765 1198 4172
42.221651 1198 4172
42.221696 1198 4172
42.221726 1198 4172
42.229015 1198 4172
42.229053 1198 4172
42.229083 1070 4172
42.245992 1198 4172
42.246581 1198 4172
42.246622 1198 4172
42.268463 254 4172
42.269863 190 4172
42.277545 190 4172
42.277590 190 4172
42.277620 190 4172
42.277650 190 4172
42.277679 190 4172
42.277710 190 4172
42.277756 190 4172
42.294132 190 4172
42.294168 190 4172
42.294197 190 4172
42.294248 190 4172
42.294278 190 4172
42.294308 190 4172
42.294338 1198 4172
42.294367 1198 4172
42.294397 526 4172
42.294425 510 4172
42.294455 254 4172
42.294481 190 4172
42.294511 190 4172
42.294538 190 4172
42.294566 190 4172
42.294594 190 4172
42.294622 190 4172
42.294671 110 4172
42.294700 1150 4172
42.294749 1198 4172
42.294783 174 4172
42.294812 798 4172
42.294840 190 4172
42.294868 190 4172
42.294896 190 4172
42.298463 574 4172
42.354789 190 4172
42.355434 190 4172
42.355870 1198 4172
42.356051 1198 4172
42.356087 686 4172
42.356116 254 4172
42.356406 190 4172
42.356455 190 4172
42.356579 190 4172
42.356762 190 4172
42.357733 190 4172
42.358210 190 4172
42.359045 1198 4172
42.360493 158 4172
42.360527 526 4172
42.360559 830 4172
42.360595 190 4172
42.360625 190 4172
42.360659 190 4172
42.360687 190 4172
42.362576 190 4172
42.362615 1198 4172
42.362650 1198 4172
42.362687 814 4172
42.362730 414 4172
42.362779 174 4172
42.385155 174 4172
42.385191 174 4172
42.385219 174 4172
42.385254 174 4172
42.385281 174 4172
42.385309 174 4172
42.385355 1198 4172
42.385401 174 4172
42.385431 1198 4172
42.385459 558 4172
42.385488 846 4172
42.385534 174 4172
42.385567 174 4172
42.385594 174 4172
42.385622 174 4172
42.385649 174 4172
42.385679 110 4172
42.385712 1198 4172
42.385742 814 4172
42.385774 1198 4172
42.385803 126 4172
42.425628 60 60000
42.428963 1198 4172
42.537336 126 4172
42.545365 126 4172
42.553206 766 4172
42.566112 126 4172
42.568774 1198 4172
42.568823 1198 4172
42.568858 1198 4172
42.568896 1198 4172
42.568928 1070 4172
42.585520 1198 4172
42.585560 510 4172
42.612841 1198 4172
42.612884 1198 4172
42.612918 318 4172
42.612968 990 4172
42.631027 110 4172
42.631053 110 4172
42.656863 1198 4172
42.656895 158 4172
42.663348 1134 4172
42.701084 1198 4172
42.701194 1198 4172
42.701226 366 4172
42.701276 302 4172
42.701317 1198 4172
42.701344 622 4172
42.872904 110 4172
42.916961 110 4172
42.917025 110 4172
42.917065 110 4172
43.005116 110 4172
43.181099 110 4172
43.444913 110 4172
43.705155 110 4172
43.880927 110 4172
43.963255 110 4172
43.968844 110 4172
44.228990 110 4172
44.536980 110 4172
44.801404 110 4172
44.888941 110 4172
44.976963 110 4172
45.064890 110 4172
45.328960 110 4172
45.901091 110 4172
45.989028 110 4172
46.864822 110 4172
46.996934 110 4172
47.876902 110 4172
47.964915 110 4172
48.008882 110 4172
48.888911 110 4172
48.977134 110 4172
49.901249 110 4172
49.988942 110 4172
50.648883 110 4172
50.868788 110 4172
51.001160 110 4172
51.872809 110 4172
52.004931 110 4172
52.884913 110 4172
52.972683 110 4172
53.320842 110 4172
53.888838 110 4172
53.976840 110 4172
54.900818 110 4172
54.984884 110 4172
55.993018 110 4172
55.996765 110 4172
56.872737 110 4172
57.004811 110 4172
57.880725 110 4172
57.968737 110 4172
58.009804 174 4172
58.009835 174 4172
58.020012 174 4172
58.020042 174 4172
58.021647 174 4172
58.021682 174 4172
58.021715 174 4172
58.021748 174 4172
58.021777 174 4172
58.021808 174 4172
58.025639 174 4172
58.025673 174 4172
58.025705 174 4172
58.031648 174 4172
58.031686 174 4172
58.031727 286 4172
58.061023 1198 4172
58.061124 1198 4172
58.061231 1198 4172
58.061275 1198 4172
58.061316 1198 4172
58.061360 542 4172
58.161199 1198 4172
58.161262 1198 4172
58.161310 558 4172
58.171047 590 4172
58.183126 1198 4172
58.183218 302 4172
58.192806 1198 4172
58.192852 558 4172
58.236793 1198 4172
58.236883 1198 4172
58.236989 350 4172
58.456823 110 4172
58.720806 110 4172
58.896783 110 4172
58.984785 110 4172
58.984883 110 4172
59.904784 110 4172
59.992847 110 4172
60.872719 110 4172
61.004887 110 4172
61.664731 110 4172
61.884609 110 4172
61.972709 110 4172
62.641310 270 4172
62.641330 254 4172
62.641367 270 4172
62.641398 318 4172
62.641428 238 4172
62.641461 254 4172
62.644696 302 4172
62.644731 414 4172
62.644764 238 4172
62.644794 238 4172
62.644826 238 4172
62.644855 270 4172
62.644887 334 4172
62.672746 238 4172
62.672804 270 4172
62.672849 318 4172
62.672905 462 4172
62.676598 60 60000
62.797577 158 4172
62.804658 174 4172
62.817185 174 4172
62.834709 174 4172
62.848614 174 4172
62.848684 350 4172
62.848749 222 4172
62.848801 430 4172
62.892742 110 4172
62.981679 110 4172
63.001013 190 4172
63.013164 158 4172
63.025406 174 4172
63.034151 174 4172
63.049341 1198 4172
63.049379 1198 4172
63.049413 1198 4172
63.049443 174 4172
63.049474 1086 4172
63.049508 1150 4172
63.057687 814 4172
63.057737 926 4172
63.057788 862 4172
63.057885 1198 4172
63.057928 1198 4172
63.057965 1198 4172
63.058088 1006 4172
63.058118 1198 4172
63.063693 142 4172
63.063826 366 4172
63.070754 126 4172
63.079954 1198 4172
63.079996 1198 4172
63.080034 1198 4172
63.080072 1198 4172
63.080107 1198 4172
63.080142 1198 4172
63.080176 1198 4172
63.080209 1182 4172
63.095718 1198 4172
63.095798 1198 4172
63.095828 1198 4172
63.095875 1198 4172
63.095910 1198 4172
63.095944 1198 4172
63.095978 1198 4172
63.096031 750 4172
63.104856 910 4172
63.104917 1198 4172
63.105064 1198 4172
63.105137 1198 4172
63.105169 1198 4172
63.105199 1198 4172
63.105230 1198 4172
63.105261 1198 4172
63.105290 894 4172
63.105322 1198 4172
63.105351 1198 4172
63.105381 1198 4172
63.105410 1198 4172
63.105443 1198 4172
63.112933 1198 4172
63.112976 1166 4172
63.113008 1198 4172
63.128212 1198 4172
63.129331 1198 4172
63.129956 1198 4172
63.137892 1198 4172
63.137941 1198 4172
63.137974 1198 4172
63.138004 1198 4172
63.138040 382 4172
63.138071 1198 4172
63.144681 1198 4172
63.144714 1198 4172
63.144746 1198 4172
63.152719 1198 4172
63.152754 1198 4172
63.156644 1198 4172
63.156676 1198 4172
63.156711 414 4172
63.156741 1198 4172
63.170910 1198 4172
63.170999 1198 4172
63.171031 1198 4172
63.176744 1198 4172
63.176774 1198 4172
63.187454 1102 4172
63.188397 1198 4172
63.192914 1198 4172
63.203405 1198 4172
63.203482 1198 4172
63.203673 1198 4172
63.204041 1198 4172
63.204081 718 4172
63.204607 1198 4172
63.204647 1198 4172
63.204680 1198 4172
63.219925 1198 4172
63.220006 1198 4172
63.220035 1198 4172
63.224756 1198 4172
63.224789 110 4172
63.224819 1198 4172
63.233090 1198 4172
63.234554 1198 4172
63.234584 478 4172
63.234614 1198 4172
63.240848 1198 4172
63.240892 1198 4172
63.240922 1198 4172
63.250445 1198 4172
63.250485 1198 4172
63.257672 1198 4172
63.257993 830 4172
63.269629 1198 4172
63.269675 1198 4172
63.269746 1198 4172
63.273789 1198 4172
63.273828 1198 4172
63.273863 1198 4172
63.281020 1198 4172
63.281115 1198 4172
63.281149 830 4172
63.288689 1198 4172
63.288723 1198 4172
63.288754 1198 4172
63.297149 1198 4172
63.297326 1198 4172
63.297358 1198 4172
63.302457 1198 4172
63.302510 1198 4172
63.302559 366 4172
63.313202 1198 4172
63.313392 1198 4172
63.320691 1198 4172
63.320720 1198 4172
63.320757 1198 4172
63.335362 766 4172
63.335578 1198 4172
63.335704 1198 4172
63.373773 1198 4172
63.376761 1198 4172
63.376794 1198 4172
63.376826 1198 4172
63.376858 1118 4172
63.376893 1198 4172
63.376923 1198 4172
63.376953 1198 4172
63.376981 1198 4172
63.377011 1198 4172
63.377040 1198 4172
63.377076 1198 4172
63.377104 1198 4172
63.377132 574 4172
63.377163 1198 4172
63.377190 1198 4172
63.377222 1198 4172
63.377254 1198 4172
63.384709 1198 4172
63.384752 1038 4172
63.384784 446 4172
63.384820 270 4172
63.384853 190 4172
63.394064 190 4172
63.394099 190 4172
63.394133 190 4172
63.394160 1198 4172
63.394197 1198 4172
63.394223 398 4172
63.401992 1198 4172
63.402033 1198 4172
63.402070 446 4172
63.402103 1198 4172
63.412933 1198 4172
63.412968 830 4172
63.412998 1198 4172
63.413035 1198 4172
63.413064 958 4172
63.421692 1198 4172
63.421756 1198 4172
63.423874 766 4172
63.429022 1198 4172
63.429107 462 4172
63.441391 1198 4172
63.441427 238 4172
63.441468 190 4172
63.441500 190 4172
63.441529 190 4172
63.441560 1198 4172
63.441590 1198 4172
63.444722 1198 4172
63.444757 574 4172
63.444796 686 4172
63.446692 60 60000
63.453249 222 4172
63.453277 174 4172
63.453315 174 4172
63.453349 174 4172
63.453384 174 4172
63.453418 1198 4172
63.453455 1198 4172
63.453487 814 4172
63.461212 1198 4172
63.461232 1198 4172
63.461273 1198 4172
63.469713 1198 4172
63.469742 1198 4172
63.484408 1198 4172
63.515660 126 4172
63.520076 1198 4172
63.520126 1198 4172
63.524672 334 4172
63.524707 1198 4172
63.524737 1198 4172
63.524776 1070 4172
63.524807 1198 4172
63.524837 110 4172
63.524867 1198 4172
63.524897 494 4172
63.524929 1198 4172
63.524959 510 4172
63.524990 174 4172
63.525036 174 4172
63.525068 174 4172
63.525096 1198 4172
63.525128 1198 4172
63.525157 1198 4172
63.525187 734 4172
63.525216 1198 4172
63.525249 1198 4172
63.525277 1198 4172
63.525306 1198 4172
63.525365 318 4172
63.525423 1198 4172
63.532637 590 4172
63.532671 1198 4172
63.532705 1198 4172
63.541215 1054 4172
63.541248 1198 4172
63.541284 1198 4172
63.548776 1198 4172
63.548806 1198 4172
63.556696 1198 4172
63.556726 1198 4172
63.556763 942 4172
63.564708 1198 4172
63.564732 1198 4172
63.564764 1198 4172
63.572717 1198 4172
63.572743 1198 4172
63.580780 1198 4172
63.580808 1198 4172
63.580840 558 4172
63.580872 1198 4172
63.586914 1198 4172
63.586963 1198 4172
63.597996 1198 4172
63.598034 1198 4172
63.598071 1198 4172
63.604697 190 4172
63.604727 1198 4172
63.604762 1198 4172
63.613222 1198 4172
63.613260 1198 4172
63.613294 590 4172
63.613326 1198 4172
63.630625 1198 4172
63.630654 398 4172
63.630696 334 4172
63.662571 174 4172
63.662598 126 4172
63.672675 126 4172
63.748756 126 4172
63.761904 110 4172
63.794601 158 4172
63.808993 158 4172
63.852721 1198 4172
63.852759 1198 4172
63.852796 366 4172
63.852832 302 4172
63.852892 126 4172
63.852923 238 4172
63.894811 126 4172
63.894847 110 4172
63.896573 990 4172
63.940742 622 4172
63.968964 110 4172
63.973482 1198 4172
63.973524 1198 4172
63.973567 174 4172
63.973605 318 4172
63.973644 174 4172
63.973681 174 4172
63.973719 174 4172
63.978119 1198 4172
63.978152 1198 4172
63.978187 910 4172
63.978227 1198 4172
63.978260 1198 4172
63.978294 526 4172
63.982375 1198 4172
63.982409 1198 4172
63.982443 1198 4172
63.982475 542 4172
63.982508 1198 4172
63.982541 1198 4172
63.982571 1198 4172
63.982603 846 4172
63.984535 1198 4172
63.984577 1198 4172
63.984609 254 4172
63.984640 1198 4172
63.984675 1198 4172
63.984707 494 4172
63.988840 1198 4172
63.988871 526 4172
63.988906 174 4172
63.988942 1198 4172
63.988973 174 4172
64.000796 1198 4172
64.000831 1198 4172
64.000864 1198 4172
64.000899 830 4172
64.000932 1198 4172
64.000966 1198 4172
64.000999 1198 4172
64.001031 1198 4172
64.008674 1198 4172
64.008715 1198 4172
64.008758 350 4172
64.029919 174 4172
64.029951 638 4172
64.063431 110 4172
64.063477 110 4172
64.063521 110 4172
64.063561 990 4172
64.068100 110 4172
64.068780 1198 4172
64.068819 1198 4172
64.068864 174 4172
64.072613 318 4172
64.072656 174 4172
64.072698 174 4172
64.072741 174 4172
64.077387 1198 4172
64.077420 1198 4172
64.077459 942 4172
64.077498 1198 4172
64.077535 1198 4172
64.077570 638 4172
64.081485 1198 4172
64.081523 1198 4172
64.081563 1198 4172
64.081600 654 4172
64.081636 1198 4172
64.081674 1198 4172
64.081718 1198 4172
64.081751 974 4172
64.085006 1198 4172
64.085040 1198 4172
64.085077 1198 4172
64.085111 382 4172
64.085144 1198 4172
64.085178 1198 4172
64.085211 558 4172
64.085247 1198 4172
64.085279 526 4172
64.090933 174 4172
64.090977 174 4172
64.091013 174 4172
64.091047 1198 4172
64.091081 1198 4172
64.091115 1198 4172
64.091148 862 4172
64.096743 1198 4172
64.096791 1198 4172
64.096829 1198 4172
64.096865 1198 4172
64.096900 1198 4172
64.116674 1198 4172
64.116732 542 4172
64.116779 350 4172
64.204961 110 4172
64.261038 238 4172
64.269197 126 4172
64.269241 110 4172
64.277197 174 4172
64.289111 1198 4172
64.289148 430 4172
64.292691 302 4172
64.309248 190 4172
64.309337 110 4172
64.309381 110 4172
64.309422 110 4172
64.321130 318 4172
64.333147 350 4172
64.336574 350 4172
64.353617 1198 4172
64.353669 1198 4172
64.353712 1198 4172
64.353752 1198 4172
64.353797 622 4172
64.363290 1198 4172
64.363338 1198 4172
64.363378 238 4172
64.365243 110 4172
64.373477 1198 4172
64.373521 670 4172
64.380846 1006 4172
64.393012 1198 4172
64.393065 334 4172
64.401525 302 4172
64.413746 1198 4172
64.413885 1198 4172
64.413925 894 4172
64.421828 1198 4172
64.421874 1198 4172
64.421920 606 4172
64.424647 1198 4172
64.424689 1198 4172
64.424738 1198 4172
64.424780 1198 4172
64.424821 1198 4172
64.424860 158 4172
64.441419 1198 4172
64.441470 1198 4172
64.441515 1198 4172
64.441557 1198 4172
64.441595 1198 4172
64.441635 766 4172
64.451057 1198 4172
64.451109 158 4172
64.461782 574 4172
64.468669 1198 4172
64.468759 478 4172
64.468829 110 4172
64.512762 1198 4172
64.512803 1198 4172
64.512849 350 4172
64.556828 1198 4172
64.600757 110 4172
64.600804 110 4172
64.600847 110 4172
64.600897 110 4172
64.684907 110 4172
64.861090 110 4172
64.861128 110 4172
64.861191 110 4172
64.904697 110 4172
65.124705 110 4172
65.124817 110 4172
65.124864 110 4172
65.388996 110 4172
65.649014 110 4172
65.868846 110 4172
65.912697 110 4172
66.176886 110 4172
66.440752 110 4172
66.749132 110 4172
66.880708 110 4172
66.968676 110 4172
67.012679 110 4172
67.888960 110 4172
67.976811 110 4172
68.041390 174 4172
68.041434 174 4172
68.041472 174 4172
68.045382 174 4172
68.045428 174 4172
68.045465 174 4172
68.048815 174 4172
68.048843 174 4172
68.048870 174 4172
68.053561 174 4172
68.053590 174 4172
68.053619 174 4172
68.053648 174 4172
68.059391 174 4172
68.059426 174 4172
68.059465 382 4172
68.064628 1198 4172
68.064681 1198 4172
68.064721 1198 4172
68.064766 1198 4172
68.064812 1198 4172
68.064854 1198 4172
68.064896 510 4172
68.108973 350 4172
68.271032 1198 4172
68.271119 1198 4172
68.271153 718 4172
68.283026 1198 4172
68.283072 558 4172
68.284781 1198 4172
68.284827 1198 4172
68.284881 350 4172
68.328867 110 4172
68.589017 110 4172
68.852707 110 4172
68.896751 110 4172
68.984665 110 4172
69.156780 110 4172
69.904676 110 4172
69.993006 110 4172
70.868628 110 4172
71.000665 110 4172
71.863530 110 4172
71.864599 110 4172
71.996619 110 4172
72.876608 110 4172
73.876737 110 4172
73.964612 110 4172
74.528765 110 4172
74.876951 110 4172
74.964631 110 4172
75.880597 110 4172
75.968611 110 4172
76.884728 110 4172
76.972582 110 4172
77.188566 110 4172
77.884684 110 4172
77.972503 110 4172
78.892506 110 4172
78.980567 110 4172
79.863590 110 4172
79.892482 110 4172
79.980685 110 4172
80.892456 110 4172
80.980428 110 4172
81.892614 110 4172
81.976560 110 4172
82.580581 110 4172
82.884518 110 4172
82.972385 110 4172
83.580497 1198 4172
83.580542 1198 4172
83.580581 1198 4172
83.580631 1198 4172
83.580672 1198 4172
83.580712 1198 4172
83.580769 1198 4172
83.580809 1198 4172
83.580879 1198 4172
83.580971 462 4172
83.601214 1198 4172
83.601255 1198 4172
83.601308 1198 4172
83.601350 1198 4172
83.601387 1198 4172
83.601423 1198 4172
83.601461 1198 4172
83.601495 1198 4172
83.614304 1198 4172
83.614329 1198 4172
83.614360 1198 4172
83.614387 1198 4172
83.614416 1198 4172
83.614448 1198 4172
83.614470 1198 4172
83.614496 782 4172
83.628000 1198 4172
83.628003 1198 4172
83.628041 1198 4172
83.628086 1198 4172
83.628120 1198 4172
83.628150 1198 4172
83.628180 1198 4172
83.628206 1038 4172
83.632660 894 4172
83.632681 1198 4172
83.632730 1198 4172
83.632784 1198 4172
83.632833 1198 4172
83.632885 1198 4172
83.632936 1198 4172
83.640433 1198 4172
83.640494 286 4172
83.640569 1198 4172
83.640627 1198 4172
83.648529 1198 4172
83.648554 1198 4172
83.648588 1198 4172
83.656522 1198 4172
83.656580 1198 4172
83.656624 1198 4172
83.664539 158 4172
83.664572 1198 4172
83.664609 1198 4172
83.664649 1198 4172
83.668368 1198 4172
83.668407 1198 4172
83.668440 1198 4172
83.680535 1198 4172
83.680577 1198 4172
83.680615 1198 4172
83.688524 1198 4172
83.688569 1198 4172
83.696494 1198 4172
83.704502 1198 4172
83.704545 1198 4172
83.704562 60 60000
83.712495 1198 4172
83.720439 1198 4172
83.720489 1198 4172
83.728585 654 4172
83.728623 1198 4172
83.736468 1198 4172
83.736505 1198 4172
83.744471 1198 4172
83.752487 1198 4172
83.752541 1198 4172
83.756953 1198 4172
83.768432 974 4172
83.776510 1198 4172
83.776559 1198 4172
83.784428 1198 4172
83.784470 1198 4172
83.792492 1198 4172
83.800417 1198 4172
83.800468 1198 4172
83.808572 1198 4172
83.808589 1198 4172
83.816410 1150 4172
83.824495 1198 4172
83.824532 1198 4172
83.832507 1198 4172
83.840493 1198 4172
83.840540 1198 4172
83.844432 1198 4172
83.844470 1198 4172
83.856478 1198 4172
83.864464 1022 4172
83.864497 1198 4172
83.873393 1198 4172
83.873423 110 4172
83.873479 1198 4172
83.880426 1198 4172
83.888393 1198 4172
83.888444 1198 4172
83.896534 110 4172
83.896575 1198 4172
83.896608 798 4172
83.904549 1198 4172
83.904609 1198 4172
83.912401 1198 4172
83.920519 1198 4172
83.920561 1198 4172
83.928497 1198 4172
83.928601 846 4172
83.933583 1198 4172
83.934479 1198 4172
83.944479 1198 4172
83.952513 1198 4172
83.952589 1198 4172
83.960564 1198 4172
83.968473 606 4172
83.968516 1198 4172
83.968548 1198 4172
83.976404 1198 4172
83.984468 1198 4172
83.984510 110 4172
83.984540 1198 4172
83.992519 1198 4172
84.000484 1198 4172
84.000512 750 4172
84.008484 1198 4172
84.008505 1198 4172
84.018990 1198 4172
84.019480 1198 4172
84.025221 1198 4172
84.032486 1198 4172
84.032528 1198 4172
84.040517 1198 4172
84.040537 1198 4172
84.049721 238 4172
84.049752 1198 4172
84.058046 1198 4172
84.058103 1198 4172
84.065664 1198 4172
84.070612 1198 4172
84.070658 1198 4172
84.093586 462 4172
84.093939 190 4172
84.093973 158 4172
84.094043 158 4172
84.094076 158 4172
84.094109 158 4172
84.094140 174 4172
84.101357 254 4172
84.101400 158 4172
84.101437 158 4172
84.101472 158 4172
84.101512 158 4172
84.101545 158 4172
84.101578 158 4172
84.101612 158 4172
84.101643 1198 4172
84.101679 1198 4172
84.101714 1198 4172
84.101747 1198 4172
84.111191 1150 4172
84.112691 462 4172
84.112725 318 4172
84.112756 1198 4172
84.143241 158 4172
84.143355 1198 4172
84.143453 1198 4172
84.143557 206 4172
84.148618 158 4172
84.148646 1134 4172
84.148683 830 4172
84.148712 158 4172
84.148740 814 4172
84.148770 1198 4172
84.148804 1198 4172
84.158046 1198 4172
84.168580 446 4172
84.168626 1198 4172
84.168652 878 4172
84.173045 110 4172
84.173091 1198 4172
84.173127 1198 4172
84.181629 1198 4172
84.190724 1198 4172
84.192186 126 4172
84.193034 1198 4172
84.196481 1198 4172
84.211841 1198 4172
84.212045 222 4172
84.212621 1198 4172
84.212667 1198 4172
84.220567 1198 4172
84.220599 1198 4172
84.232835 1198 4172
84.233511 1198 4172
84.241765 1198 4172
84.244461 110 4172
84.244503 1198 4172
84.244532 1198 4172
84.261690 1198 4172
84.262136 1198 4172
84.268008 1198 4172
84.268054 1198 4172
84.268098 1198 4172
84.279891 430 4172
84.279958 1198 4172
84.284565 1198 4172
84.284601 1198 4172
84.292799 1198 4172
84.292836 1198 4172
84.301815 1198 4172
84.308633 1198 4172
84.308664 654 4172
84.318952 1198 4172
84.319030 1198 4172
84.324495 1198 4172
84.341330 1198 4172
84.351193 1198 4172
84.351235 1198 4172
84.351274 1198 4172
84.351305 142 4172
84.356458 1198 4172
84.356496 1198 4172
84.364958 1198 4172
84.365022 1198 4172
84.372657 1198 4172
84.380577 1198 4172
84.380648 1198 4172
84.388764 446 4172
84.388800 1198 4172
84.407579 1198 4172
84.408103 1198 4172
84.413505 1198 4172
84.413576 1198 4172
84.413643 1198 4172
84.437216 510 4172
84.438670 1198 4172
84.439656 1198 4172
84.442658 1198 4172
84.454055 1198 4172
84.454109 110 4172
84.454141 1198 4172
84.454172 1198 4172
84.458656 526 4172
84.458701 1198 4172
84.458737 1198 4172
84.458767 1198 4172
84.476523 1198 4172
84.476562 1198 4172
84.476593 1198 4172
84.476622 1198 4172
84.485151 1198 4172
84.497262 110 4172
84.497310 1198 4172
84.497335 1198 4172
84.502207 1198 4172
84.508568 1198 4172
84.508613 1198 4172
84.517081 1198 4172
84.517218 1198 4172
84.525473 366 4172
84.525546 1198 4172
84.533298 1198 4172
84.542950 1198 4172
84.542992 1198 4172
84.549210 1198 4172
84.549252 1198 4172
84.549875 60 60000
84.560144 942 4172
84.560197 1198 4172
84.568928 1198 4172
84.572410 1198 4172
84.572444 1198 4172
84.580419 1198 4172
84.580449 1198 4172
84.588438 1198 4172
84.596449 254 4172
84.596491 1198 4172
84.596521 1198 4172
84.604419 1198 4172
84.604454 1198 4172
84.612458 1198 4172
84.616455 542 4172
84.628817 1198 4172
84.628840 1198 4172
84.636846 1198 4172
84.636875 1198 4172
84.644705 1198 4172
84.656675 1198 4172
84.658191 654 4172
84.660559 1198 4172
84.660597 1198 4172
84.668893 1198 4172
84.668932 1198 4172
84.676644 1198 4172
84.684837 1198 4172
84.684878 1198 4172
84.692561 110 4172
84.692590 1070 4172
84.692626 1198 4172
84.700906 1198 4172
84.704507 1198 4172
84.704554 1198 4172
84.718505 1070 4172
84.718538 222 4172
84.718568 270 4172
84.724909 174 4172
84.725311 174 4172
84.725350 174 4172
84.725385 1198 4172
84.725443 1198 4172
84.732798 1198 4172
84.740461 302 4172
84.740505 1198 4172
84.740551 1198 4172
84.748931 1198 4172
84.757060 238 4172
84.757099 1198 4172
84.757131 1198 4172
84.764553 1198 4172
84.772478 654 4172
84.772521 1198 4172
84.780877 1198 4172
84.782678 1198 4172
84.784569 718 4172
84.788615 1198 4172
84.795307 1198 4172
84.795366 1198 4172
84.804507 606 4172
84.804533 1198 4172
84.814377 1198 4172
84.817900 1198 4172
84.817976 798 4172
84.820500 1198 4172
84.830265 1198 4172
84.836532 1198 4172
84.836538 286 4172
84.836565 1198 4172
84.844799 1198 4172
84.852475 974 4172
84.852504 1198 4172
84.860672 174 4172
84.860731 174 4172
84.860772 1198 4172
84.868472 1198 4172
84.876688 238 4172
84.876753 446 4172
84.876843 1198 4172
84.883093 110 4172
84.883244 1198 4172
84.883283 334 4172
84.883315 302 4172
84.883358 1198 4172
84.900464 1198 4172
84.900489 110 4172
84.900522 238 4172
84.900556 238 4172
84.900587 1198 4172
84.908773 1198 4172
84.916470 1198 4172
84.916518 158 4172
84.916571 1198 4172
84.924666 1198 4172
84.930698 350 4172
84.962458 1198 4172
84.968414 1198 4172
84.968463 910 4172
84.968502 110 4172
85.012516 1198 4172
85.012547 1006 4172
85.037909 1198 4172
85.037968 1198 4172
85.038013 1198 4172
85.056393 846 4172
85.056521 1006 4172
85.100648 1198 4172
85.100687 1198 4172
85.100751 606 4172
85.144381 766 4172
85.188420 766 4172
85.276778 110 4172
85.333268 1198 4172
85.333352 1198 4172
85.333388 542 4172
85.345334 974 4172
85.353463 1198 4172
85.353516 174 4172
85.364489 398 4172
85.377466 1198 4172
85.377552 654 4172
85.389506 1198 4172
85.389561 494 4172
85.401325 1198 4172
85.401370 414 4172
85.401410 1198 4172
85.408353 1198 4172
85.408395 350 4172
85.420989 830 4172
85.429152 510 4172
85.438811 1118 4172
85.449329 1198 4172
85.449410 446 4172
85.452582 1198 4172
85.452665 446 4172
85.465512 1198 4172
85.465556 894 4172
85.477624 1198 4172
85.477722 1198 4172
85.477772 158 4172
85.489631 1198 4172
85.489671 1198 4172
85.489711 350 4172
85.496490 1198 4172
85.496540 1198 4172
85.496578 254 4172
85.509514 1198 4172
85.509603 1198 4172
85.509654 190 4172
85.509687 110 4172
85.509725 110 4172
85.509762 110 4172
85.521297 1198 4172
85.521396 1182 4172
85.533053 1198 4172
85.533095 142 4172
85.540372 814 4172
85.550857 974 4172
85.557532 1198 4172
85.557577 1198 4172
85.557617 174 4172
85.569584 1198 4172
85.569625 1182 4172
85.581738 1198 4172
85.581796 1198 4172
85.581839 718 4172
85.584345 1198 4172
85.584394 1198 4172
85.584438 1198 4172
85.584479 142 4172
85.597798 1198 4172
85.597839 1198 4172
85.597880 1198 4172
85.597917 350 4172
85.609723 1198 4172
85.609816 1198 4172
85.609859 1198 4172
85.609897 222 4172
85.617623 1198 4172
85.617675 1198 4172
85.617716 1198 4172
85.617755 142 4172
85.628810 1198 4172
85.628841 1198 4172
85.628883 990 4172
85.641111 1198 4172
85.641164 830 4172
85.649237 1134 4172
85.661160 1198 4172
85.661208 142 4172
85.669584 814 4172
85.672380 1198 4172
85.672428 1198 4172
85.672472 862 4172
85.689865 1198 4172
85.689920 1198 4172
85.689968 1198 4172
85.690018 750 4172
85.698029 1198 4172
85.698066 1198 4172
85.698116 1198 4172
85.698158 1198 4172
85.698201 350 4172
85.710096 1198 4172
85.710142 1198 4172
85.710181 1198 4172
85.710221 1198 4172
85.710263 702 4172
85.716383 1198 4172
85.716437 1198 4172
85.716477 1198 4172
85.716518 1198 4172
85.721853 430 4172
85.728505 1198 4172
85.728551 1198 4172
85.736384 1198 4172
85.744398 1198 4172
85.744452 446 4172
85.752442 1198 4172
85.752488 1198 4172
85.760579 1198 4172
85.760615 1166 4172
85.768518 1198 4172
85.776395 1198 4172
85.776454 526 4172
85.776501 110 4172
85.776542 110 4172
85.776582 110 4172
85.784410 1198 4172
85.784460 398 4172
85.784510 1198 4172
85.792471 510 4172
85.792519 1198 4172
85.800461 1198 4172
85.804582 878 4172
85.804647 1054 4172
85.816504 1198 4172
85.816650 206 4172
85.816693 750 4172
85.821231 1038 4172
85.829096 1198 4172
85.829145 750 4172
85.841550 958 4172
85.848340 1198 4172
85.848391 1198 4172
85.848435 1134 4172
85.863717 1198 4172
85.863808 494 4172
85.892430 110 4172
85.976616 110 4172
86.064384 110 4172
86.064436 110 4172
86.064481 110 4172
86.328655 110 4172
86.328764 110 4172
86.328861 110 4172
86.588656 110 4172
86.588784 110 4172
86.852449 110 4172
86.852537 110 4172
86.852582 110 4172
86.896430 110 4172
86.984798 110 4172
87.116776 110 4172
87.380443 110 4172
87.640463 110 4172
87.904370 110 4172
87.992655 110 4172
88.168418 110 4172
88.428829 110 4172
88.864328 110 4172
88.996483 110 4172
89.872346 110 4172
90.004381 110 4172
90.872322 110 4172
91.004468 110 4172
91.132321 110 4172
91.872373 110 4172
92.004494 110 4172
92.864295 110 4172
92.992507 110 4172
93.820586 110 4172
93.864329 110 4172
94.864259 110 4172
94.996422 110 4172
95.868350 110 4172
96.000698 110 4172
96.480692 110 4172
96.876313 110 4172
97.004553 110 4172
97.876325 110 4172
97.964264 110 4172
98.880417 110 4172
98.968418 110 4172
99.144472 110 4172
99.888522 110 4172
99.976449 110 4172
100.892532 110 4172
100.980509 110 4172
101.804374 110 4172
101.892735 110 4172
101.980386 110 4172
102.900423 110 4172
102.988406 110 4172
103.864183 110 4172
103.996363 110 4172
104.480421 110 4172
104.719912 1198 4172
104.719947 1198 4172
104.719983 1198 4172
104.720017 1198 4172
104.720049 1198 4172
104.720080 1198 4172
104.720126 1198 4172
104.720158 782 4172
104.720206 1198 4172
104.728433 1198 4172
104.728471 1198 4172
104.728506 1198 4172
104.728541 1198 4172
104.728572 1198 4172
104.728605 1198 4172
104.732369 334 4172
104.741650 1198 4172
104.741680 1198 4172
104.741705 1198 4172
104.748409 1198 4172
104.748448 1198 4172
104.756411 1198 4172
104.756448 958 4172
104.764321 1198 4172
104.764427 1198 4172
104.772394 1198 4172
104.776292 1198 4172
104.776350 1198 4172
104.788382 1198 4172
104.788427 1198 4172
104.796373 1198 4172
104.804351 1198 4172
104.804409 1198 4172
104.805000 60 60000
104.812412 1198 4172
104.820284 1198 4172
104.820317 1198 4172
104.828355 1198 4172
104.828395 574 4172
104.836415 126 4172
104.836472 1198 4172
104.836511 1198 4172
104.844324 1198 4172
104.844362 1198 4172
104.852277 1198 4172
104.860537 1198 4172
104.864157 894 4172
104.864212 1198 4172
104.876396 1198 4172
104.884626 1198 4172
104.884705 110 4172
104.884743 1198 4172
104.892449 1198 4172
104.892495 1198 4172
104.900371 1198 4172
104.908306 1198 4172
104.908336 686 4172
104.908375 1198 4172
104.916356 1198 4172
104.924343 1198 4172
104.924415 1198 4172
104.932290 1198 4172
104.940336 1198 4172
104.940367 1198 4172
104.948414 990 4172
104.948447 1198 4172
104.952233 1198 4172
104.952281 1198 4172
104.964234 1198 4172
104.974512 110 4172
104.974587 1198 4172
104.974590 1198 4172
104.980195 1198 4172
104.980225 926 4172
104.988368 1198 4172
104.996299 1198 4172
104.996351 1198 4172
105.004324 1198 4172
105.004362 110 4172
105.004398 1198 4172
105.013311 1198 4172
105.020410 1198 4172
105.020444 1198 4172
105.028326 222 4172
105.028373 1198 4172
105.028404 1198 4172
105.038220 1198 4172
105.040233 1198 4172
105.040278 1198 4172
105.052395 1198 4172
105.052481 1198 4172
105.060307 1102 4172
105.068338 1198 4172
105.068365 1198 4172
105.076269 1198 4172
105.076318 110 4172
105.076352 1198 4172
105.084273 1198 4172
105.092334 1198 4172
105.092379 1198 4172
105.100495 142 4172
105.100531 1198 4172
105.108392 1198 4172
105.108421 1198 4172
105.117260 1198 4172
105.124303 1198 4172
105.124339 958 4172
105.130170 1198 4172
105.140935 1198 4172
105.141007 1198 4172
105.148301 1198 4172
105.148320 1198 4172
105.157271 1198 4172
105.166861 1198 4172
105.168886 510 4172
105.170982 1198 4172
105.177589 1198 4172
105.185777 1198 4172
105.185914 1198 4172
105.185958 1198 4172
105.189070 1198 4172
105.209058 1118 4172
105.209145 1198 4172
105.219608 1198 4172
105.219694 1198 4172
105.219722 158 4172
105.219749 126 4172
105.219795 1198 4172
105.220228 1198 4172
105.228536 782 4172
105.228579 1198 4172
105.236357 1198 4172
105.236393 1198 4172
105.244338 1198 4172
105.253376 958 4172
105.254877 1198 4172
105.264029 1198 4172
105.264125 1198 4172
105.264268 1198 4172
105.268317 1198 4172
105.276392 1198 4172
105.284309 590 4172
105.284406 110 4172
105.284449 1198 4172
105.311202 1198 4172
105.311684 1198 4172
105.312751 1198 4172
105.312971 1198 4172
105.313124 1198 4172
105.313178 526 4172
105.313205 1198 4172
105.313234 1198 4172
105.353225 1198 4172
105.358522 1198 4172
105.358622 1198 4172
105.358682 1198 4172
105.358712 910 4172
105.358742 1198 4172
105.358768 1198 4172
105.358796 1198 4172
105.364999 1198 4172
105.365065 1198 4172
105.373658 1198 4172
105.373760 686 4172
105.394828 1198 4172
105.411334 1198 4172
105.411463 1198 4172
105.412439 1198 4172
105.412473 1198 4172
105.413683 350 4172
105.414161 1198 4172
105.414235 1198 4172
105.414267 1198 4172
105.416709 1198 4172
105.416712 1198 4172
105.431698 270 4172
105.431721 1198 4172
105.437037 1198 4172
105.437082 1198 4172
105.444297 1198 4172
105.444363 1150 4172
105.460849 1198 4172
105.460896 1198 4172
105.469039 1198 4172
105.469087 1198 4172
105.476404 1198 4172
105.476434 1054 4172
105.488944 1198 4172
105.492369 1198 4172
105.492390 1198 4172
105.505589 1198 4172
105.505623 1198 4172
105.508341 1198 4172
105.508383 654 4172
105.516752 1198 4172
105.517224 1198 4172
105.524882 1198 4172
105.524913 1198 4172
105.542935 1198 4172
105.558405 110 4172
105.558429 750 4172
105.558517 1198 4172
105.558537 1198 4172
105.558577 1198 4172
105.561843 1198 4172
105.561893 1198 4172
105.561921 1198 4172
105.573483 174 4172
105.573509 1198 4172
105.573539 1198 4172
105.583287 1198 4172
105.583584 1198 4172
105.588384 1198 4172
105.596455 1198 4172
105.596459 382 4172
105.596489 1198 4172
105.605568 1198 4172
105.612404 1198 4172
105.612426 1198 4172
105.621501 1198 4172
105.621525 1198 4172
105.637292 254 4172
105.639526 1198 4172
105.644752 1198 4172
105.644787 1198 4172
105.644819 1198 4172
105.644849 1198 4172
105.653840 1198 4172
105.661228 382 4172
105.661296 1198 4172
105.662714 1198 4172
105.674420 1198 4172
105.680263 318 4172
105.680288 270 4172
105.680325 254 4172
105.680355 190 4172
105.680388 1198 4172
105.680421 1198 4172
105.693756 366 4172
105.698798 1198 4172
105.698943 1198 4172
105.704422 1198 4172
105.704467 526 4172
105.704498 1198 4172
105.706625 60 60000
105.708597 1198 4172
105.708623 1198 4172
105.722511 542 4172
105.722642 1198 4172
105.728395 1198 4172
105.728418 1198 4172
105.736290 590 4172
105.736336 1198 4172
105.744303 1198 4172
105.744347 1198 4172
105.755998 590 4172
105.756032 1198 4172
105.760556 1198 4172
105.760574 1198 4172
105.772067 558 4172
105.772572 1198 4172
105.772606 1198 4172
105.776322 1198 4172
105.784407 542 4172
105.784825 1198 4172
105.794662 1198 4172
105.794690 1198 4172
105.796399 638 4172
105.796435 1198 4172
105.808767 1198 4172
105.808782 1198 4172
105.816359 878 4172
105.816361 110 4172
105.816384 1198 4172
105.825101 1198 4172
105.832273 1198 4172
105.832296 750 4172
105.843925 1198 4172
105.843962 1198 4172
105.846284 1198 4172
105.846334 782 4172
105.856285 1198 4172
105.856309 1198 4172
105.864300 1198 4172
105.872341 974 4172
105.872389 110 4172
105.872422 190 4172
105.872450 1198 4172
105.880285 1198 4172
105.880316 126 4172
105.880350 446 4172
105.880379 174 4172
105.888284 174 4172
105.888308 1198 4172
105.888339 1198 4172
105.896305 430 4172
105.896347 1198 4172
105.904426 1198 4172
105.904548 1198 4172
105.912283 558 4172
105.912313 1198 4172
105.920743 1198 4172
105.920840 1198 4172
105.928311 590 4172
105.928349 1198 4172
105.933379 1198 4172
105.941225 1198 4172
105.944241 622 4172
105.944273 1198 4172
105.953877 1198 4172
105.953899 1198 4172
105.960291 638 4172
105.960321 1198 4172
105.970204 1198 4172
105.976251 1198 4172
105.976278 606 4172
105.976314 110 4172
105.976346 1198 4172
105.984363 1198 4172
105.992283 1198 4172
105.992323 606 4172
105.992358 1198 4172
106.002775 1198 4172
106.008304 1198 4172
106.008320 718 4172
106.017378 1198 4172
106.017381 1198 4172
106.024310 1198 4172
106.024334 1022 4172
106.032277 1198 4172
106.032317 1198 4172
106.040306 1198 4172
106.048321 910 4172
106.048343 1198 4172
106.056417 1198 4172
106.056464 1198 4172
106.061271 894 4172
106.061328 1198 4172
106.072388 1198 4172
106.072477 1198 4172
106.080437 1118 4172
106.080469 110 4172
106.080510 110 4172
106.088336 174 4172
106.088387 1198 4172
106.088429 1198 4172
106.096303 254 4172
106.096338 1198 4172
106.096379 1198 4172
106.104334 286 4172
106.104383 302 4172
106.104423 1198 4172
106.112336 1198 4172
106.112372 894 4172
106.120285 1198 4172
106.128442 1198 4172
106.128477 1198 4172
106.136253 542 4172
106.136298 1198 4172
106.136347 1198 4172
106.148312 574 4172
106.148355 1198 4172
106.160447 1198 4172
106.168234 590 4172
106.168265 1198 4172
106.176331 1198 4172
106.176391 1198 4172
106.184403 606 4172
106.184462 110 4172
106.184509 1198 4172
106.192371 1198 4172
106.192453 1198 4172
106.200297 1198 4172
106.200346 1198 4172
106.208266 1198 4172
106.216324 1198 4172
106.216373 1198 4172
106.224316 574 4172
106.224359 1198 4172
106.232305 1198 4172
106.232369 1198 4172
106.237063 574 4172
106.237113 686 4172
106.237164 1198 4172
106.248288 1198 4172
106.256343 1198 4172
106.256393 974 4172
106.264325 1198 4172
106.264379 1198 4172
106.272391 1198 4172
106.272442 926 4172
106.280258 1198 4172
106.280325 1198 4172
106.288345 1198 4172
106.288398 830 4172
106.296307 1198 4172
106.296367 1198 4172
106.304315 1198 4172
106.312306 1070 4172
106.312353 238 4172
106.312400 1198 4172
106.320320 1198 4172
106.324249 558 4172
106.324305 270 4172
106.368258 110 4172
106.412515 1198 4172
106.468795 270 4172
106.476739 126 4172
106.484685 126 4172
106.496761 126 4172
106.500279 126 4172
106.520763 126 4172
106.528707 126 4172
106.540875 126 4172
106.544244 126 4172
106.560765 142 4172
106.572812 126 4172
106.585036 126 4172
106.588469 670 4172
106.604808 1198 4172
106.604909 110 4172
106.613021 206 4172
106.621331 654 4172
106.621383 110 4172
106.632259 430 4172
106.641357 494 4172
106.653483 558 4172
106.665367 574 4172
106.676310 558 4172
106.685427 622 4172
106.697395 766 4172
106.705434 958 4172
106.717480 894 4172
106.720250 942 4172
106.733190 894 4172
106.742685 1134 4172
106.753073 1198 4172
106.753133 542 4172
106.764670 814 4172
106.777353 526 4172
106.785393 638 4172
106.797455 766 4172
106.805370 750 4172
106.808258 750 4172
106.829621 878 4172
106.837414 1166 4172
106.849497 1198 4172
106.849539 414 4172
106.852142 1198 4172
106.852192 126 4172
106.869464 1198 4172
106.869508 382 4172
106.869548 110 4172
106.877119 1198 4172
106.877166 606 4172
106.890678 990 4172
106.890725 110 4172
106.890764 110 4172
106.890800 110 4172
106.896295 1198 4172
106.909431 1006 4172
106.921330 830 4172
106.929474 894 4172
106.940615 1118 4172
106.953507 1118 4172
106.961523 1150 4172
106.961571 878 4172
106.973614 1198 4172
106.973661 302 4172
106.973702 110 4172
106.981630 1198 4172
106.981671 766 4172
106.984167 1198 4172
106.984211 1198 4172
106.984253 238 4172
107.005746 1198 4172
107.005889 942 4172
107.013742 1198 4172
107.013797 1198 4172
107.013834 414 4172
107.025115 1198 4172
107.025169 1198 4172
107.025208 446 4172
107.028275 158 4172
107.045074 1198 4172
107.045130 1198 4172
107.045169 702 4172
107.053554 1198 4172
107.053592 238 4172
107.063940 1198 4172
107.063996 334 4172
107.064034 1198 4172
107.065394 110 4172
107.072299 1198 4172
107.072342 622 4172
107.081563 1198 4172
107.081610 862 4172
107.089533 1198 4172
107.089576 942 4172
107.101708 1198 4172
107.101794 1006 4172
107.113807 1198 4172
107.113846 1198 4172
107.113884 254 4172
107.116393 1198 4172
107.116444 1198 4172
107.116484 942 4172
107.133793 1198 4172
107.133846 1198 4172
107.133887 1198 4172
107.141847 1198 4172
107.141894 1198 4172
107.141942 894 4172
107.153986 1198 4172
107.154073 1198 4172
107.154110 1198 4172
107.154154 942 4172
107.154190 110 4172
107.154227 110 4172
107.154264 110 4172
107.156173 1198 4172
107.156221 1198 4172
107.156258 1198 4172
107.156295 1198 4172
107.156331 206 4172
107.160244 750 4172
107.165137 110 4172
107.172966 1198 4172
107.173012 526 4172
107.181285 846 4172
107.193637 1102 4172
107.201763 1198 4172
107.201817 1198 4172
107.201858 494 4172
107.204157 1198 4172
107.204194 1198 4172
107.204241 1086 4172
107.221860 1198 4172
107.221955 1198 4172
107.221987 1198 4172
107.222023 670 4172
107.233932 1198 4172
107.234074 1198 4172
107.234112 1198 4172
107.234155 814 4172
107.241875 1198 4172
107.241923 1198 4172
107.241969 1198 4172
107.242006 1134 4172
107.248270 1198 4172
107.248313 1198 4172
107.248353 1198 4172
107.248391 1198 4172
107.248428 414 4172
107.260363 1198 4172
107.260410 1198 4172
107.260447 1198 4172
107.266178 1166 4172
107.266223 110 4172
107.272335 1198 4172
107.272376 1198 4172
107.280377 1198 4172
107.288300 1198 4172
107.288348 1198 4172
107.292425 1198 4172
107.292487 1118 4172
107.304353 1198 4172
107.304477 1198 4172
107.312317 1198 4172
107.320289 606 4172
107.320433 1198 4172
107.328331 1198 4172
107.328410 1198 4172
107.336286 1198 4172
107.336326 1198 4172
107.344302 974 4172
107.352262 1198 4172
107.360337 1198 4172
107.360388 1198 4172
107.368317 1198 4172
107.368357 1198 4172
107.380305 382 4172
107.380398 110 4172
107.380440 1198 4172
107.424373 110 4172
107.424537 110 4172
107.424575 110 4172
107.468449 110 4172
107.512322 1198 4172
107.596622 110 4172
107.684393 110 4172
107.728439 110 4172
107.728551 110 4172
107.728642 110 4172
107.904346 110 4172
107.992373 110 4172
107.992452 110 4172
107.992499 110 4172
108.256416 110 4172
108.256537 110 4172
108.256639 110 4172
108.516400 110 4172
108.780545 110 4172
108.868280 110 4172
109.000315 110 4172
109.044348 110 4172
109.308704 110 4172
109.572377 110 4172
109.864008 110 4172
109.880231 110 4172
109.968203 110 4172
110.892463 110 4172
110.980481 110 4172
111.900303 110 4172
111.988317 110 4172
112.516432 110 4172
113.000264 110 4172
113.876171 110 4172
114.004293 110 4172
114.880217 110 4172
114.968213 110 4172
115.188377 110 4172
115.888142 110 4172
115.976225 110 4172
116.900195 110 4172
116.988220 110 4172
117.868202 110 4172
118.000245 110 4172
118.880166 110 4172
118.968190 110 4172
120.588283 110 4172
120.892223 110 4172
120.980216 110 4172
121.900241 110 4172
121.988256 110 4172
122.868136 110 4172
123.000187 110 4172
123.260445 110 4172
123.872101 110 4172
124.884120 110 4172
124.972214 110 4172
125.880231 110 4172
125.880319 1198 4172
125.880345 1198 4172
125.880372 1198 4172
125.880401 1198 4172
125.880429 1198 4172
125.880458 1198 4172
125.880486 910 4172
125.880527 1198 4172
125.891494 1198 4172
125.891591 1198 4172
125.891620 1198 4172
125.891647 1198 4172
125.891676 1198 4172
125.891705 590 4172
125.904374 1198 4172
125.904426 1198 4172
125.904461 1198 4172
125.904498 1198 4172
125.904528 1198 4172
125.904559 302 4172
125.912041 1198 4172
125.912077 1198 4172
125.912108 1198 4172
125.912138 1198 4172
125.920210 1198 4172
125.928144 110 4172
125.928197 942 4172
125.928246 1198 4172
125.933163 1198 4172
125.936381 1198 4172
125.944144 1198 4172
125.944192 1198 4172
125.952114 926 4172
125.952158 1198 4172
125.960159 1198 4172
125.960212 1198 4172
125.964176 1198 4172
125.964294 60 60000
125.976090 1054 4172
125.976185 1198 4172
125.984096 1198 4172
125.984121 110 4172
125.984150 1198 4172
125.992126 1198 4172
125.992162 1198 4172
126.000201 1054 4172
126.000234 1198 4172
126.008133 1198 4172
126.016109 1198 4172
126.016146 1198 4172
126.024135 1198 4172
126.024194 1198 4172
126.031999 286 4172
126.032037 1198 4172
126.032074 1198 4172
126.040135 1198 4172
126.048079 1198 4172
126.048129 1198 4172
126.048159 1198 4172
126.051994 1198 4172
126.064126 1198 4172
126.064144 1198 4172
126.072198 1198 4172
126.072251 1198 4172
126.080053 1198 4172
126.080094 1198 4172
126.087999 206 4172
126.088044 1198 4172
126.088087 1198 4172
126.096196 1198 4172
126.096246 1198 4172
126.104115 1198 4172
126.104161 1198 4172
126.112146 430 4172
126.112175 1198 4172
126.112211 1198 4172
126.120309 1198 4172
126.120344 1198 4172
126.128269 1198 4172
126.128308 926 4172
126.136055 1198 4172
126.136097 1198 4172
126.140167 1198 4172
126.140201 1198 4172
126.152241 1198 4172
126.152287 622 4172
126.152325 1198 4172
126.160148 1198 4172
126.160187 1198 4172
126.168089 1198 4172
126.168120 1198 4172
126.176094 1198 4172
126.176125 1150 4172
126.184045 1198 4172
126.184073 1198 4172
126.192069 1198 4172
126.192105 110 4172
126.192138 1198 4172
126.200145 1198 4172
126.200177 1198 4172
126.208247 558 4172
126.208282 1198 4172
126.216155 1198 4172
126.216186 1198 4172
126.221400 158 4172
126.221431 414 4172
126.221463 270 4172
126.221492 254 4172
126.221519 270 4172
126.221548 318 4172
126.221574 222 4172
126.228029 222 4172
126.228096 222 4172
126.228131 222 4172
126.228161 222 4172
126.228191 238 4172
126.228228 1198 4172
126.236439 270 4172
126.236513 334 4172
126.236563 238 4172
126.236598 270 4172
126.236630 334 4172
126.236657 222 4172
126.244112 1198 4172
126.244154 1198 4172
126.244185 1198 4172
126.252108 1198 4172
126.252139 398 4172
126.272851 126 4172
126.364226 174 4172
126.364258 158 4172
126.364293 158 4172
126.364320 158 4172
126.364348 158 4172
126.364378 158 4172
126.364405 158 4172
126.364434 1198 4172
126.364462 766 4172
126.373329 126 4172
126.415354 1198 4172
126.415372 1198 4172
126.415405 1198 4172
126.415429 1198 4172
126.415459 1198 4172
126.415505 1198 4172
126.415537 398 4172
126.416025 1198 4172
126.416064 1198 4172
126.416092 1198 4172
126.416122 1198 4172
126.416148 1198 4172
126.416178 350 4172
126.440790 158 4172
126.440815 1198 4172
126.440843 1198 4172
126.440874 1198 4172
126.440904 1198 4172
126.440933 1198 4172
126.440961 1198 4172
126.441129 1198 4172
126.441172 1198 4172
126.441204 670 4172
126.459891 1198 4172
126.477743 1198 4172
126.478084 1198 4172
126.478121 1198 4172
126.478152 1198 4172
126.478201 1198 4172
126.480248 814 4172
126.480299 110 4172
126.480332 1198 4172
126.480362 1198 4172
126.480402 1198 4172
126.480421 1198 4172
126.480449 1198 4172
126.480477 1198 4172
126.480506 590 4172
126.488560 1198 4172
126.488600 1198 4172
126.488627 1198 4172
126.496377 1198 4172
126.496467 1198 4172
126.505065 590 4172
126.506339 126 4172
126.506378 1198 4172
126.515912 1198 4172
126.523514 1198 4172
126.523558 1198 4172
126.523607 1198 4172
126.537610 510 4172
126.539021 1198 4172
126.539399 1198 4172
126.545438 1198 4172
126.545866 1198 4172
126.545989 1198 4172
126.546078 286 4172
126.546108 1198 4172
126.552841 1198 4172
126.552879 1198 4172
126.561188 1198 4172
126.561266 1198 4172
126.573323 1198 4172
126.573359 670 4172
126.573387 1198 4172
126.576141 1198 4172
126.576191 1198 4172
126.584083 1198 4172
126.584121 1198 4172
126.592097 1198 4172
126.592135 1054 4172
126.600108 1198 4172
126.600137 1198 4172
126.600172 1198 4172
126.608096 1198 4172
126.608135 1198 4172
126.612299 1198 4172
126.612372 574 4172
126.612406 1198 4172
126.624086 1198 4172
126.624119 1198 4172
126.632082 1198 4172
126.632109 1198 4172
126.647608 1166 4172
126.648085 1198 4172
126.648133 1198 4172
126.656139 1198 4172
126.656175 1198 4172
126.656204 1198 4172
126.656244 1182 4172
126.664114 1198 4172
126.664153 1198 4172
126.677161 1198 4172
126.677208 1198 4172
126.680080 1198 4172
126.680115 1198 4172
126.697851 366 4172
126.699202 1198 4172
126.699244 1198 4172
126.715858 1198 4172
126.715890 1198 4172
126.718304 1198 4172
126.718490 1198 4172
126.718522 478 4172
126.718567 1198 4172
126.720417 1198 4172
126.720446 1198 4172
126.720476 1198 4172
126.720502 1054 4172
126.728282 270 4172
126.728319 110 4172
126.728354 1198 4172
126.736089 1198 4172
126.736123 1182 4172
126.736150 1198 4172
126.744086 1198 4172
126.744127 1198 4172
126.776150 1198 4172
126.778179 158 4172
126.799344 1198 4172
126.801774 286 4172
126.809146 1198 4172
126.809211 1198 4172
126.809244 1198 4172
126.809273 254 4172
126.809302 1198 4172
126.809331 1198 4172
126.809359 1198 4172
126.809388 1198 4172
126.809414 190 4172
126.809441 1198 4172
126.809468 1198 4172
126.809498 1198 4172
126.809524 1198 4172
126.809552 286 4172
126.809577 1198 4172
126.809604 1198 4172
126.809630 1198 4172
126.820662 1198 4172
126.820757 238 4172
126.820782 1198 4172
126.824011 1198 4172
126.824048 1198 4172
126.837232 222 4172
126.837276 1198 4172
126.837309 1198 4172
126.840010 1198 4172
126.840050 1198 4172
126.848237 142 4172
126.848273 1198 4172
126.848302 1198 4172
126.851546 60 60000
126.860354 1198 4172
126.860398 1198 4172
126.864059 1182 4172
126.864100 1198 4172
126.873087 1198 4172
126.873134 1198 4172
126.873168 1118 4172
126.880072 110 4172
126.880110 1198 4172
126.888575 1198 4172
126.888630 1054 4172
126.896211 1198 4172
126.896235 1198 4172
126.904071 1038 4172
126.904110 1198 4172
126.908224 1198 4172
126.908262 1198 4172
126.921011 1198 4172
126.921044 1038 4172
126.921076 1198 4172
126.928164 1198 4172
126.928203 1198 4172
126.936216 1102 4172
126.936299 1198 4172
126.947922 1198 4172
126.947975 1198 4172
126.948016 1198 4172
126.953754 1198 4172
126.953797 558 4172
126.964180 446 4172
126.964226 206 4172
126.964259 1198 4172
126.964291 1198 4172
126.968105 1198 4172
126.968149 542 4172
126.968203 1198 4172
126.976165 1198 4172
126.976198 1198 4172
126.984105 1198 4172
126.984137 110 4172
126.984165 798 4172
126.984197 1198 4172
126.992162 1198 4172
126.992199 1198 4172
126.996009 110 4172
126.996055 1198 4172
126.996086 1022 4172
127.008633 1198 4172
127.008728 1198 4172
127.008753 1198 4172
127.016128 1198 4172
127.016172 1086 4172
127.028704 1198 4172
127.029349 1198 4172
127.029381 1198 4172
127.032205 1198 4172
127.032238 1198 4172
127.041028 206 4172
127.041079 1198 4172
127.041107 1198 4172
127.048114 1198 4172
127.048148 1198 4172
127.056084 1166 4172
127.056129 1198 4172
127.064125 1198 4172
127.064166 1198 4172
127.072068 1102 4172
127.072108 1198 4172
127.072136 1198 4172
127.080548 1198 4172
127.080725 1198 4172
127.088450 110 4172
127.088502 1198 4172
127.088534 766 4172
127.088561 1198 4172
127.096235 1198 4172
127.096271 1198 4172
127.110519 1198 4172
127.110618 638 4172
127.111532 1198 4172
127.112028 1198 4172
127.112099 1198 4172
127.120891 1198 4172
127.121088 574 4172
127.121127 1198 4172
127.128221 1198 4172
127.128268 1198 4172
127.142871 1198 4172
127.142914 494 4172
127.142976 1198 4172
127.144021 1198 4172
127.144082 1198 4172
127.144115 1198 4172
127.159903 382 4172
127.162938 1198 4172
127.163006 1198 4172
127.163105 1198 4172
127.178451 1198 4172
127.178631 366 4172
127.178659 1198 4172
127.178687 1198 4172
127.189388 1198 4172
127.189439 110 4172
127.189467 1198 4172
127.189496 590 4172
127.189609 1198 4172
127.189639 1070 4172
127.189665 398 4172
127.195875 1198 4172
127.198483 1198 4172
127.208480 1198 4172
127.208558 1198 4172
127.221570 302 4172
127.221912 1198 4172
127.221977 1198 4172
127.222012 1198 4172
127.222040 1198 4172
127.236863 1198 4172
127.236939 878 4172
127.236977 1198 4172
127.237018 1198 4172
127.237036 1198 4172
127.249549 1198 4172
127.249601 1198 4172
127.249634 1198 4172
127.249665 126 4172
127.249699 1198 4172
127.249725 1198 4172
127.261207 1198 4172
127.261370 1198 4172
127.268085 1198 4172
127.268124 1198 4172
127.268152 110 4172
127.268180 1198 4172
127.268212 1198 4172
127.268246 1198 4172
127.276312 1198 4172
127.276630 110 4172
127.276673 1198 4172
127.289573 1198 4172
127.290313 654 4172
127.290346 1198 4172
127.292286 1198 4172
127.292713 478 4172
127.292746 1198 4172
127.309366 1198 4172
127.310116 1198 4172
127.316321 1198 4172
127.316384 350 4172
127.316426 1198 4172
127.316479 1198 4172
127.316508 1198 4172
127.316560 1198 4172
127.338277 1198 4172
127.338352 1198 4172
127.342990 158 4172
127.343034 1198 4172
127.343069 1198 4172
127.343099 1198 4172
127.343127 1198 4172
127.352821 622 4172
127.352864 1198 4172
127.356635 1198 4172
127.359120 1198 4172
127.365491 1198 4172
127.365568 1198 4172
127.374364 1198 4172
127.374421 414 4172
127.374453 1198 4172
127.376834 1198 4172
127.376895 1198 4172
127.382902 1198 4172
127.388750 1198 4172
127.388782 110 4172
127.390090 382 4172
127.390122 1198 4172
127.390156 1198 4172
127.396934 1198 4172
127.396980 1198 4172
127.406279 1198 4172
127.414678 286 4172
127.414713 1198 4172
127.414757 1198 4172
127.420494 1198 4172
127.420596 1198 4172
127.420631 1070 4172
127.420662 1198 4172
127.428178 1198 4172
127.428217 1198 4172
127.428299 1198 4172
127.439080 1054 4172
127.439120 1198 4172
127.440058 1198 4172
127.440090 1198 4172
127.440117 1198 4172
127.455313 1198 4172
127.455333 398 4172
127.455361 1198 4172
127.460108 1198 4172
127.460137 1198 4172
127.469063 1198 4172
127.469132 1198 4172
127.469182 1198 4172
127.476110 382 4172
127.476139 110 4172
127.476167 1198 4172
127.476196 1198 4172
127.484366 1198 4172
127.484460 1198 4172
127.492016 1198 4172
127.492075 1166 4172
127.492128 1198 4172
127.500835 126 4172
127.500918 1198 4172
127.500974 1198 4172
127.508164 1198 4172
127.508235 1198 4172
127.517067 1198 4172
127.517113 542 4172
127.517156 1198 4172
127.524107 1198 4172
127.524165 110 4172
127.524213 1198 4172
127.524259 1198 4172
127.528103 1198 4172
127.528166 1198 4172
127.540179 990 4172
127.540240 1198 4172
127.540289 1198 4172
127.548367 1198 4172
127.548399 1198 4172
127.556064 1198 4172
127.556092 1198 4172
127.556119 1150 4172
127.564460 1198 4172
127.564477 1198 4172
127.572185 1198 4172
127.572228 1198 4172
127.572282 1198 4172
127.580298 1198 4172
127.580337 718 4172
127.580373 1198 4172
127.588085 1198 4172
127.588117 1198 4172
127.596628 1198 4172
127.596670 1198 4172
127.596709 1198 4172
127.604120 494 4172
127.604174 1198 4172
127.604215 1198 4172
127.612281 1198 4172
127.612315 1198 4172
127.616083 1198 4172
127.616129 846 4172
127.616167 1198 4172
127.628691 1198 4172
127.628748 1198 4172
127.628795 1198 4172
127.636111 1198 4172
127.636147 574 4172
127.636184 1198 4172
127.644217 1198 4172
127.644255 1198 4172
127.652021 1198 4172
127.652069 1198 4172
127.652109 574 4172
127.660482 1198 4172
127.660527 1198 4172
127.660570 1198 4172
127.668120 1198 4172
127.668161 1198 4172
127.676157 430 4172
127.676199 1198 4172
127.676237 1198 4172
127.684026 1198 4172
127.684078 1198 4172
127.684122 1166 4172
127.692474 1198 4172
127.700125 1198 4172
127.700162 1198 4172
127.700203 1118 4172
127.704090 1198 4172
127.704134 1198 4172
127.716112 1198 4172
127.716311 1198 4172
127.716337 1198 4172
127.724332 1198 4172
127.724376 1198 4172
127.732113 1198 4172
127.732162 1198 4172
127.740541 1198 4172
127.740641 1198 4172
127.740669 1198 4172
127.748171 1198 4172
127.748221 1198 4172
127.756472 510 4172
127.756516 510 4172
127.756553 1198 4172
127.756589 1198 4172
127.764125 1198 4172
127.764167 1198 4172
127.772299 414 4172
127.772349 1070 4172
127.772397 478 4172
127.772448 910 4172
127.780131 1198 4172
127.780180 670 4172
127.780241 1198 4172
127.788304 174 4172
127.788344 1198 4172
127.788382 1198 4172
127.788424 110 4172
127.788470 286 4172
127.792069 1198 4172
127.792107 1198 4172
127.792142 654 4172
127.804392 1198 4172
127.804420 1198 4172
127.804455 350 4172
127.804494 1198 4172
127.812138 1006 4172
127.812179 1198 4172
127.820250 1198 4172
127.820285 494 4172
127.820326 1198 4172
127.836088 1198 4172
127.836160 1198 4172
127.836232 1054 4172
127.880001 110 4172
127.909333 1198 4172
127.909423 126 4172
127.921258 1198 4172
127.921295 126 4172
127.924036 958 4172
127.945279 734 4172
127.952854 878 4172
127.964499 1198 4172
127.964535 190 4172
127.968052 110 4172
127.968101 1198 4172
127.968141 126 4172
127.981684 126 4172
127.992621 1198 4172
127.992701 942 4172
127.992741 1198 4172
128.000575 126 4172
128.015937 126 4172
128.016024 1198 4172
128.025764 1198 4172
128.025869 766 4172
128.037469 1198 4172
128.037559 1198 4172
128.037591 478 4172
128.049383 1198 4172
128.049444 1198 4172
128.049470 110 4172
128.057186 1198 4172
128.057236 974 4172
128.057277 110 4172
128.057315 110 4172
128.057353 110 4172
128.060455 1198 4172
128.060503 222 4172
128.064114 1198 4172
128.064164 1198 4172
128.064204 846 4172
128.064242 366 4172
128.064282 286 4172
128.099193 110 4172
128.102087 1198 4172
128.102140 1182 4172
128.103925 1198 4172
128.103979 1198 4172
128.104028 590 4172
128.124574 1198 4172
128.124670 1198 4172
128.124708 1198 4172
128.124745 1198 4172
128.124782 1198 4172
128.124820 1198 4172
128.132018 1198 4172
128.132061 1198 4172
128.132099 1198 4172
128.132136 1198 4172
128.132179 1198 4172
128.132212 1198 4172
128.132248 558 4172
128.136580 1198 4172
128.136631 1198 4172
128.147941 1198 4172
128.148039 1198 4172
128.148068 1198 4172
128.148107 1198 4172
128.148141 1198 4172
128.148179 1006 4172
128.160699 1198 4172
128.160785 1198 4172
128.160820 1198 4172
128.160859 1198 4172
128.160896 1198 4172
128.160935 1198 4172
128.160973 1166 4172
128.168115 1198 4172
128.168163 1198 4172
128.168205 1198 4172
128.168239 1198 4172
128.176134 110 4172
128.176181 1198 4172
128.176219 1198 4172
128.176256 1198 4172
128.184006 718 4172
128.184039 1198 4172
128.184105 1198 4172
128.192093 1198 4172
128.192137 1198 4172
128.200121 1198 4172
128.200163 1198 4172
128.200197 478 4172
128.200231 1198 4172
128.208022 1198 4172
128.208074 1198 4172
128.216100 1198 4172
128.216146 1198 4172
128.216186 846 4172
128.224034 1198 4172
128.224073 1198 4172
128.224112 1198 4172
128.232082 1198 4172
128.232120 1198 4172
128.232155 574 4172
128.236218 1198 4172
128.236271 1198 4172
128.236314 1198 4172
128.248108 1198 4172
128.248163 1198 4172
128.256061 590 4172
128.256104 1198 4172
128.256142 1198 4172
128.256180 1198 4172
128.264140 1198 4172
128.264190 1198 4172
128.272142 446 4172
128.272179 110 4172
128.272219 1198 4172
128.272255 1198 4172
128.279990 1198 4172
128.280037 1198 4172
128.280075 1182 4172
128.288028 1198 4172
128.288074 1198 4172
128.288112 1198 4172
128.296152 1198 4172
128.296191 1134 4172
128.304161 1198 4172
128.304204 1198 4172
128.304239 1198 4172
128.311997 1198 4172
128.312046 1198 4172
128.312089 542 4172
128.320046 110 4172
128.320117 110 4172
128.320188 110 4172
128.320273 1198 4172
128.320331 1198 4172
128.324163 1198 4172
128.324217 782 4172
128.324271 1198 4172
128.336116 1198 4172
128.336187 1198 4172
128.344024 1198 4172
128.344081 1198 4172
128.344129 1198 4172
128.353089 510 4172
128.353193 958 4172
128.353199 734 4172
128.364438 878 4172
128.367936 110 4172
128.367993 1198 4172
128.368042 1198 4172
128.368091 1198 4172
128.368148 1198 4172
128.368194 1198 4172
128.368245 1198 4172
128.368300 1198 4172
128.380526 1198 4172
128.380573 1198 4172
128.392569 190 4172
128.392619 1198 4172
128.392663 1198 4172
128.392782 542 4172
128.392840 526 4172
128.405631 126 4172
128.412502 1198 4172
128.412590 942 4172
128.420528 126 4172
128.433646 126 4172
128.441585 1198 4172
128.441648 1198 4172
128.441694 766 4172
128.449459 1198 4172
128.449509 1198 4172
128.449555 478 4172
128.456040 1198 4172
128.456090 1198 4172
128.456131 110 4172
128.464155 1198 4172
128.464215 974 4172
128.469182 110 4172
128.481573 1198 4172
128.481673 222 4172
128.493293 1198 4172
128.493403 1006 4172
128.500073 1198 4172
128.500148 126 4172
128.513689 1198 4172
128.513791 1198 4172
128.513875 142 4172
128.521726 1198 4172
128.521776 958 4172
128.533317 1198 4172
128.533378 1198 4172
128.533418 478 4172
128.542478 1198 4172
128.542529 1198 4172
128.544036 1198 4172
128.544085 302 4172
128.562061 1198 4172
128.562140 446 4172
128.564189 1198 4172
128.564252 1198 4172
128.564307 1198 4172
128.564354 398 4172
128.573756 110 4172
128.573821 318 4172
128.581739 1198 4172
128.581792 1198 4172
128.581870 414 4172
128.588271 1198 4172
128.588324 1198 4172
128.588382 782 4172
128.588446 110 4172
128.588473 110 4172
128.588512 110 4172
128.606121 1198 4172
128.606124 1198 4172
128.606198 1198 4172
128.606199 1198 4172
128.606236 542 4172
128.613943 1198 4172
128.613996 1198 4172
128.614038 1198 4172
128.614079 1150 4172
128.621915 1198 4172
128.621965 1198 4172
128.622005 1198 4172
128.622046 830 4172
128.632093 1198 4172
128.632134 1198 4172
128.632174 414 4172
128.641860 1198 4172
128.641959 1198 4172
128.641961 766 4172
128.644375 1198 4172
128.644425 1198 4172
128.644468 1198 4172
128.644508 366 4172
128.653802 1198 4172
128.664140 1198 4172
128.664193 1198 4172
128.664234 734 4172
128.673858 110 4172
128.673918 1198 4172
128.673962 1198 4172
128.674008 1198 4172
128.674049 718 4172
128.675939 1198 4172
128.675988 1198 4172
128.676028 1198 4172
128.676067 622 4172
128.693392 1198 4172
128.693401 1198 4172
128.693487 1198 4172
128.693490 1198 4172
128.693528 398 4172
128.702506 1198 4172
128.702553 1198 4172
128.702596 718 4172
128.713502 1198 4172
128.713559 558 4172
128.720091 1198 4172
128.720135 110 4172
128.734170 1198 4172
128.734187 1198 4172
128.734277 1198 4172
128.734279 1198 4172
128.734317 1198 4172
128.734354 478 4172
128.736316 1198 4172
128.736365 1198 4172
128.736408 1086 4172
128.746018 1198 4172
128.754421 1198 4172
128.754466 1198 4172
128.754517 1198 4172
128.754567 1198 4172
128.754609 734 4172
128.756309 1198 4172
128.756355 1198 4172
128.756394 1198 4172
128.756434 1198 4172
128.756474 1198 4172
128.756514 1198 4172
128.756554 942 4172
128.764656 1198 4172
128.774247 110 4172
128.774294 1198 4172
128.774340 1198 4172
128.774395 1198 4172
128.774439 1198 4172
128.774479 1198 4172
128.774520 1198 4172
128.774560 382 4172
128.782358 1198 4172
128.782398 1198 4172
128.782444 1198 4172
128.782485 1198 4172
128.782526 1198 4172
128.782565 990 4172
128.793978 1198 4172
128.794025 1198 4172
128.794076 1198 4172
128.794116 1198 4172
128.794157 1198 4172
128.794195 462 4172
128.802290 1198 4172
128.802335 1198 4172
128.802382 1198 4172
128.802426 1198 4172
128.802468 462 4172
128.808281 1198 4172
128.808323 1198 4172
128.808368 1198 4172
128.816163 1198 4172
128.816210 1198 4172
128.816253 558 4172
128.824104 1198 4172
128.824153 1198 4172
128.824195 1198 4172
128.832148 1198 4172
128.832197 462 4172
128.832239 1198 4172
128.840096 1198 4172
128.840141 1198 4172
128.840184 1198 4172
128.848091 1198 4172
128.848132 1198 4172
128.848173 110 4172
128.848219 110 4172
128.848260 110 4172
128.852066 1198 4172
128.852108 1198 4172
128.852146 1198 4172
128.864140 1198 4172
128.864182 1198 4172
128.864216 1038 4172
128.872109 1198 4172
128.872169 1198 4172
128.872214 1198 4172
128.879994 1198 4172
128.880049 1198 4172
128.880092 1198 4172
128.887986 110 4172
128.888046 814 4172
128.888090 1198 4172
128.888139 1198 4172
128.896179 1198 4172
128.896220 958 4172
128.896261 1198 4172
128.904082 1198 4172
128.904134 350 4172
128.904177 1198 4172
128.912078 1198 4172
128.912113 1198 4172
128.912150 574 4172
128.920158 1198 4172
128.920201 1198 4172
128.920243 1198 4172
128.928029 1198 4172
128.928080 1198 4172
128.928127 1198 4172
128.936113 1198 4172
128.936155 1198 4172
128.936197 606 4172
128.940603 1198 4172
128.940658 1198 4172
128.952123 1198 4172
128.952289 1198 4172
128.952293 1198 4172
128.960152 350 4172
128.960209 1198 4172
128.960256 1198 4172
128.968127 1198 4172
128.968169 1198 4172
128.968210 1198 4172
128.976116 110 4172
128.976161 1198 4172
128.976203 1198 4172
128.976245 1198 4172
128.984180 110 4172
128.984220 1198 4172
128.984268 1198 4172
128.992086 1198 4172
128.992144 1198 4172
128.992183 1198 4172
129.000110 1198 4172
129.000155 1198 4172
129.000204 1198 4172
129.008135 1198 4172
129.008191 1198 4172
129.008239 126 4172
129.016100 1198 4172
129.016145 1198 4172
129.016193 1198 4172
129.024133 1198 4172
129.024178 1198 4172
129.024215 1198 4172
129.028091 1198 4172
129.028161 1198 4172
129.028208 1198 4172
129.040099 446 4172
129.040241 1198 4172
129.040245 1198 4172
129.048015 1198 4172
129.048060 1198 4172
129.056124 1198 4172
129.056177 1198 4172
129.056230 1198 4172
129.072082 1198 4172
129.072198 1198 4172
129.072247 1198 4172
129.080009 110 4172
129.080056 1198 4172
129.080096 1198 4172
129.080139 1198 4172
129.088005 1198 4172
129.088061 1198 4172
129.088105 750 4172
129.096204 1102 4172
129.096243 1198 4172
129.096282 1198 4172
129.104093 1198 4172
129.104151 1198 4172
129.104195 1198 4172
129.112080 1198 4172
129.112122 1198 4172
129.116198 110 4172
129.116245 110 4172
129.116283 110 4172
129.116331 1198 4172
129.116373 398 4172
129.116424 1198 4172
129.116465 1198 4172
129.128271 1198 4172
129.128313 1198 4172
129.136098 1198 4172
129.136142 1198 4172
129.144089 1198 4172
129.144154 1198 4172
129.144197 206 4172
129.144240 1198 4172
129.152193 1198 4172
129.152239 1198 4172
129.152282 1198 4172
129.160153 1198 4172
129.160211 1198 4172
129.168127 1198 4172
129.168177 1198 4172
129.168229 286 4172
129.168265 1198 4172
129.176000 1198 4172
129.176061 846 4172
129.176108 110 4172
129.176150 1198 4172
129.184167 1198 4172
129.184208 1198 4172
129.184247 702 4172
129.192099 1198 4172
129.192144 1198 4172
129.192195 1198 4172
129.198161 1198 4172
129.198212 766 4172
129.198255 174 4172
129.204078 1198 4172
129.204124 1198 4172
129.204165 1198 4172
129.212428 1198 4172
129.212473 1198 4172
129.222865 990 4172
129.222917 1198 4172
129.222953 366 4172
129.228257 1198 4172
129.228294 1198 4172
129.228347 1198 4172
129.228382 1198 4172
129.228418 1198 4172
129.236093 1198 4172
129.236149 1198 4172
129.244187 1198 4172
129.244240 1198 4172
129.244277 638 4172
129.248033 1198 4172
129.248084 1198 4172
129.248126 1198 4172
129.260240 1198 4172
129.260288 1198 4172
129.260333 1198 4172
129.268128 1198 4172
129.268174 1198 4172
129.268216 1198 4172
129.280662 110 4172
129.280708 430 4172
129.280749 398 4172
129.289122 798 4172
129.292274 1198 4172
129.292325 1134 4172
129.309627 1198 4172
129.309737 254 4172
129.321440 1198 4172
129.321505 1198 4172
129.321547 1198 4172
129.321589 382 4172
129.335948 1198 4172
129.336004 1198 4172
129.336045 1198 4172
129.336086 782 4172
129.379978 110 4172
129.424029 110 4172
129.424070 110 4172
129.424105 110 4172
129.468543 1198 4172
129.644205 110 4172
129.644328 110 4172
129.644341 110 4172
129.908132 110 4172
129.952213 110 4172
129.952216 110 4172
129.952291 110 4172
129.996255 110 4172
130.216165 110 4172
130.216179 110 4172
130.216285 110 4172
130.479961 110 4172
130.788132 110 4172
130.876221 110 4172
131.000262 110 4172
131.316107 110 4172
131.580350 110 4172
131.840181 110 4172
131.884176 110 4172
131.972082 110 4172
132.104156 110 4172
132.412474 110 4172
132.892062 110 4172
132.980190 110 4172
133.900105 110 4172
133.988136 110 4172
134.904074 110 4172
134.988126 110 4172
135.075955 110 4172
135.904331 110 4172
135.992187 110 4172
137.004013 110 4172
137.748078 110 4172
137.879943 110 4172
137.968013 110 4172
138.883998 110 4172
138.972035 110 4172
139.883936 110 4172
139.971978 110 4172
140.496142 110 4172
140.892018 110 4172
140.980005 110 4172
141.896120 110 4172
141.984117 110 4172
142.892116 110 4172
142.980024 110 4172
143.156069 110 4172
143.903970 110 4172
143.991986 110 4172
144.871967 110 4172
145.003996 110 4172
145.835978 110 4172
145.879818 110 4172
145.967921 110 4172
146.888317 110 4172
146.976190 110 4172
147.020307 1198 4172
147.020341 1198 4172
147.020370 1198 4172
147.020399 1198 4172
147.020425 1198 4172
147.020453 1198 4172
147.020486 1198 4172
147.020513 798 4172
147.032171 1198 4172
147.032264 1198 4172
147.032294 1198 4172
147.032327 1198 4172
147.032358 1198 4172
147.032388 1198 4172
147.032419 1134 4172
147.047289 1198 4172
147.047328 1198 4172
147.047354 1198 4172
147.047382 1198 4172
147.047407 1198 4172
147.047432 1198 4172
147.047457 142 4172
147.048851 1198 4172
147.048949 1198 4172
147.048991 1198 4172
147.049030 1198 4172
147.049067 1198 4172
147.049103 1166 4172
147.060649 1198 4172
147.060697 1198 4172
147.060737 1198 4172
147.060775 1198 4172
147.060811 1198 4172
147.060847 1198 4172
147.060887 862 4172
147.063889 1198 4172
147.063938 1198 4172
147.063982 1198 4172
147.064027 1198 4172
147.064069 1198 4172
147.064118 1198 4172
147.064179 990 4172
147.079863 1198 4172
147.079910 1198 4172
147.079951 1198 4172
147.079990 1198 4172
147.080029 1198 4172
147.086165 1198 4172
147.086198 942 4172
147.091970 1198 4172
147.092026 1198 4172
147.092066 1198 4172
147.099981 1198 4172
147.100018 1198 4172
147.107944 1198 4172
147.107990 1198 4172
147.108040 494 4172
147.116078 1198 4172
147.116117 1198 4172
147.123854 1198 4172
147.123896 1198 4172
147.123928 1198 4172
147.136808 1198 4172
147.136970 270 4172
147.137513 1198 4172
147.137555 1198 4172
147.139912 1198 4172
147.139946 1198 4172
147.139991 1198 4172
147.148486 1198 4172
147.148513 1198 4172
147.152664 110 4172
147.152686 1198 4172
147.152722 1198 4172
147.152751 1198 4172
147.168822 126 4172
147.168940 1198 4172
147.169035 1198 4172
147.169120 1198 4172
147.172892 1198 4172
147.172924 1198 4172
147.172966 334 4172
147.173001 1198 4172
147.180746 1198 4172
147.180769 1198 4172
147.187897 190 4172
147.187935 1198 4172
147.187967 1198 4172
147.187999 1198 4172
147.200010 142 4172
147.200060 1198 4172
147.200099 1198 4172
147.200134 1198 4172
147.203838 1198 4172
147.203873 1198 4172
147.203910 750 4172
147.212035 1198 4172
147.212063 1198 4172
147.212098 1198 4172
147.219906 1198 4172
147.219953 1198 4172
147.220009 734 4172
147.220048 1198 4172
147.228042 1198 4172
147.228073 1198 4172
147.228113 1198 4172
147.235955 1198 4172
147.235980 1134 4172
147.236023 1198 4172
147.244005 1198 4172
147.244043 1198 4172
147.244082 1198 4172
147.251893 478 4172
147.251933 494 4172
147.251974 1198 4172
147.252011 1198 4172
147.260235 1198 4172
147.260295 1198 4172
147.260332 1198 4172
147.269012 1070 4172
147.269054 126 4172
147.269092 1198 4172
147.269129 1198 4172
147.275973 1198 4172
147.276006 1198 4172
147.276039 1198 4172
147.285446 1198 4172
147.285499 1198 4172
147.285534 926 4172
147.297373 1198 4172
147.297402 1198 4172
147.297438 1198 4172
147.299918 1198 4172
147.299956 1198 4172
147.299994 1198 4172
147.311873 1198 4172
147.312017 862 4172
147.312110 1198 4172
147.316034 1198 4172
147.316063 1198 4172
147.316094 1198 4172
147.324076 1198 4172
147.324126 1198 4172
147.324187 1198 4172
147.332070 1134 4172
147.332132 1198 4172
147.340112 1198 4172
147.340162 1198 4172
147.343869 1198 4172
147.343935 1198 4172
147.348064 974 4172
147.358835 1198 4172
147.358936 1198 4172
147.358960 1198 4172
147.363892 1198 4172
147.363948 1198 4172
147.363987 1198 4172
147.364019 1198 4172
147.375510 1198 4172
147.375564 670 4172
147.375611 1198 4172
147.375734 1198 4172
147.375786 1198 4172
147.379864 1198 4172
147.379959 1198 4172
147.387992 1198 4172
147.388160 1198 4172
147.388210 1198 4172
147.392014 1198 4172
147.392062 286 4172
147.392124 1198 4172
147.392159 1198 4172
147.406957 1198 4172
147.407003 1198 4172
147.407026 1198 4172
147.412699 110 4172
147.412777 1198 4172
147.412847 1198 4172
147.424672 702 4172
147.424758 1198 4172
147.424832 1198 4172
147.427924 1198 4172
147.427958 1198 4172
147.427983 1198 4172
147.436262 1198 4172
147.437216 1198 4172
147.437281 1022 4172
147.443847 1198 4172
147.443878 1198 4172
147.443909 1198 4172
147.443939 1198 4172
147.451871 1198 4172
147.451925 1198 4172
147.451953 1198 4172
147.460291 1198 4172
147.460322 1198 4172
147.460350 1198 4172
147.467892 1182 4172
147.467928 1198 4172
147.467962 1198 4172
147.475867 1198 4172
147.475893 1198 4172
147.479801 1198 4172
147.479850 1198 4172
147.479879 958 4172
147.479908 1198 4172
147.491850 1198 4172
147.491878 1198 4172
147.491908 1198 4172
147.500508 1198 4172
147.500569 1198 4172
147.500613 1198 4172
147.507806 126 4172
147.507836 1198 4172
147.507867 1198 4172
147.507896 142 4172
147.507925 1198 4172
147.515846 1198 4172
147.515901 1198 4172
147.515956 1198 4172
147.515987 1198 4172
147.523818 1198 4172
147.523846 894 4172
147.523878 1198 4172
147.531953 1198 4172
147.531989 1198 4172
147.532030 1198 4172
147.532059 1198 4172
147.540012 1198 4172
147.540045 1198 4172
147.540076 206 4172
147.540104 1198 4172
147.548273 1198 4172
147.548310 1198 4172
147.548397 1198 4172
147.555796 1198 4172
147.555833 1198 4172
147.565386 1086 4172
147.565434 1198 4172
147.565512 1198 4172
147.565548 1198 4172
147.568129 1198 4172
147.568157 286 4172
147.568184 382 4172
147.568213 1198 4172
147.568236 1198 4172
147.583746 1198 4172
147.583830 1198 4172
147.583934 1198 4172
147.587942 1198 4172
147.587975 1198 4172
147.596026 1198 4172
147.596083 1006 4172
147.596120 1198 4172
147.596149 1198 4172
147.604229 1182 4172
147.604255 1198 4172
147.604290 1198 4172
147.621820 1198 4172
147.621861 1022 4172
147.621892 1198 4172
147.621917 1198 4172
147.634856 1198 4172
147.634878 1198 4172
147.634968 1198 4172
147.634993 1198 4172
147.635024 1198 4172
147.635057 1198 4172
147.635084 1198 4172
147.635951 1198 4172
147.635990 1198 4172
147.636023 542 4172
147.636054 1198 4172
147.650200 1198 4172
147.650247 1198 4172
147.650272 574 4172
147.650301 1198 4172
147.651849 1198 4172
147.651882 1198 4172
147.651919 1198 4172
147.673627 126 4172
147.673659 1198 4172
147.673688 1198 4172
147.673721 1198 4172
147.673747 1198 4172
147.681976 1182 4172
147.682015 142 4172
147.682044 606 4172
147.682072 1166 4172
147.682099 110 4172
147.682126 126 4172
147.682155 1198 4172
147.682181 1198 4172
147.682209 1198 4172
147.682235 1198 4172
147.683843 1198 4172
147.683880 1198 4172
147.683913 1198 4172
147.696491 1150 4172
147.696516 1198 4172
147.696550 1198 4172
147.696581 1198 4172
147.700798 1198 4172
147.700834 1198 4172
147.700867 1198 4172
147.704076 1198 4172
147.704106 1198 4172
147.704135 350 4172
147.704164 1198 4172
147.715855 1198 4172
147.715889 1198 4172
147.715915 1198 4172
147.715945 1198 4172
147.732450 1198 4172
147.732467 1198 4172
147.732561 1086 4172
147.745428 1198 4172
147.745456 1198 4172
147.745483 1198 4172
147.745511 1198 4172
147.745539 1198 4172
147.745569 1198 4172
147.745598 1198 4172
147.751166 1198 4172
147.751201 718 4172
147.751235 1198 4172
147.751263 1198 4172
147.756506 1198 4172
147.756582 1198 4172
147.756727 1198 4172
147.763885 1198 4172
147.763943 1198 4172
147.763972 1198 4172
147.764006 382 4172
147.764038 1198 4172
147.775141 1198 4172
147.775178 1198 4172
147.775206 1198 4172
147.779848 1198 4172
147.779873 1198 4172
147.779905 1198 4172
147.779936 878 4172
147.792419 1198 4172
147.792444 1198 4172
147.792474 1198 4172
147.795900 1198 4172
147.795930 1198 4172
147.795963 1198 4172
147.795993 1198 4172
147.800656 1198 4172
147.800697 590 4172
147.800730 1198 4172
147.800760 1198 4172
147.811918 1198 4172
147.811946 1198 4172
147.811976 1198 4172
147.823482 1198 4172
147.823505 1198 4172
147.823534 1198 4172
147.823563 494 4172
147.827854 1198 4172
147.827883 1198 4172
147.827913 1198 4172
147.827945 1198 4172
147.836993 1198 4172
147.837041 1198 4172
147.837080 1198 4172
147.843811 1198 4172
147.843853 622 4172
147.843886 1198 4172
147.843914 1198 4172
147.853728 1198 4172
147.853777 1198 4172
147.853808 1198 4172
147.853834 1198 4172
147.860604 1198 4172
147.860633 1198 4172
147.860666 1198 4172
147.872139 542 4172
147.872178 1198 4172
147.872213 1198 4172
147.872244 1198 4172
147.875870 110 4172
147.875919 1198 4172
147.875958 1198 4172
147.875992 1198 4172
147.883882 1198 4172
147.883921 1198 4172
147.883954 1198 4172
147.883990 366 4172
147.884028 1198 4172
147.889919 1198 4172
147.889957 1198 4172
147.889998 1198 4172
147.899973 1198 4172
147.900017 1198 4172
147.900048 1198 4172
147.900086 622 4172
147.907955 1198 4172
147.907996 1198 4172
147.916096 1198 4172
147.916120 1198 4172
147.916156 1198 4172
147.916189 1198 4172
147.923977 142 4172
147.924021 1198 4172
147.924058 1198 4172
147.924089 1198 4172
147.931971 1198 4172
147.932014 1198 4172
147.932051 1198 4172
147.932101 1198 4172
147.940038 1198 4172
147.940065 494 4172
147.940104 1198 4172
147.940140 1198 4172
147.947964 110 4172
147.948024 1198 4172
147.948069 1198 4172
147.955907 1198 4172
147.955953 1198 4172
147.955992 1198 4172
147.956030 462 4172
147.965479 1198 4172
147.965529 1198 4172
147.965560 1198 4172
147.965596 1198 4172
147.971963 1198 4172
147.972010 1198 4172
147.972050 1198 4172
147.975744 1198 4172
147.975789 894 4172
147.975830 1198 4172
147.975867 1198 4172
147.988013 1198 4172
147.988043 1198 4172
147.995900 718 4172
147.995990 1198 4172
147.996035 1198 4172
147.996075 1198 4172
148.003932 1198 4172
148.003980 1198 4172
148.004023 1198 4172
148.004060 286 4172
148.004099 1198 4172
148.013986 1198 4172
148.014034 1086 4172
148.014070 1198 4172
148.019864 1198 4172
148.019913 1198 4172
148.019959 1006 4172
148.028105 1198 4172
148.028148 1198 4172
148.028204 366 4172
148.028241 1198 4172
148.035936 1198 4172
148.035978 494 4172
148.036032 1198 4172
148.036076 1198 4172
148.036114 1198 4172
148.043895 1198 4172
148.043954 638 4172
148.043994 1198 4172
148.044033 1198 4172
148.051950 1198 4172
148.051994 1198 4172
148.052038 526 4172
148.052080 1198 4172
148.059985 1198 4172
148.060035 1198 4172
148.060080 1198 4172
148.063863 1198 4172
148.063905 1198 4172
148.063941 1198 4172
148.063977 1198 4172
148.075947 1198 4172
148.075985 1070 4172
148.076016 1198 4172
148.076051 1198 4172
148.083905 1198 4172
148.083962 1198 4172
148.084004 222 4172
148.084044 1198 4172
148.092462 1198 4172
148.092550 1198 4172
148.092580 1198 4172
148.092625 1198 4172
148.099937 1198 4172
148.099982 1198 4172
148.100037 1198 4172
148.108015 302 4172
148.108059 1198 4172
148.108093 414 4172
148.108126 1198 4172
148.108159 430 4172
148.108197 494 4172
148.130705 1198 4172
148.130780 1198 4172
148.130818 622 4172
148.130858 510 4172
148.151853 206 4172
148.195792 110 4172
148.239974 110 4172
148.284093 110 4172
148.301156 990 4172
148.313083 1198 4172
148.313165 334 4172
148.325061 1198 4172
148.325116 1022 4172
148.327866 1198 4172
148.327921 1198 4172
148.327969 1198 4172
148.328017 478 4172
148.371092 1198 4172
148.371123 1198 4172
148.371152 1198 4172
148.371182 1150 4172
148.371895 1198 4172
148.371919 1198 4172
148.371951 1198 4172
148.371986 1198 4172
148.372017 1198 4172
148.372045 1198 4172
148.372075 1198 4172
148.372104 1198 4172
148.372134 238 4172
148.383751 1198 4172
148.383797 1198 4172
148.383840 1198 4172
148.383878 1198 4172
148.383916 1198 4172
148.383956 1198 4172
148.383991 1198 4172
148.384027 1198 4172
148.395920 830 4172
148.407194 1198 4172
148.407210 1198 4172
148.407254 1198 4172
148.407295 1198 4172
148.407329 1198 4172
148.407367 1198 4172
148.407403 910 4172
148.415889 1198 4172
148.415931 1198 4172
148.415962 1198 4172
148.415994 1198 4172
148.416028 1198 4172
148.416059 158 4172
148.422005 1198 4172
148.422045 1198 4172
148.422079 1198 4172
148.422111 1198 4172
148.422148 1198 4172
148.422179 1198 4172
148.422210 1198 4172
148.422240 366 4172
148.424866 1198 4172
148.424911 1198 4172
148.424946 1198 4172
148.424981 1198 4172
148.425018 254 4172
148.435927 1198 4172
148.436005 1198 4172
148.436018 1198 4172
148.436048 1198 4172
148.436078 638 4172
148.436108 1198 4172
148.436137 1198 4172
148.436167 1198 4172
148.436196 1198 4172
148.443871 1198 4172
148.443913 958 4172
148.443952 1198 4172
148.451897 1198 4172
148.451941 1198 4172
148.451982 1198 4172
148.452019 1198 4172
148.460081 1198 4172
148.460113 430 4172
148.460207 1198 4172
148.460251 1198 4172
148.467813 1198 4172
148.467856 1198 4172
148.467895 1198 4172
148.467931 1198 4172
148.476210 110 4172
148.476254 1198 4172
148.476291 1198 4172
148.476327 1198 4172
148.476363 1102 4172
148.483827 1198 4172
148.483859 1198 4172
148.483890 1198 4172
148.491904 1198 4172
148.491938 1198 4172
148.491968 1198 4172
148.492010 1198 4172
148.499863 1198 4172
148.499893 1102 4172
148.499922 1198 4172
148.499950 1198 4172
148.503753 1198 4172
148.503782 1198 4172
148.503813 1198 4172
148.503847 1198 4172
148.515881 1198 4172
148.515885 494 4172
148.515968 1198 4172
148.515980 1198 4172
148.523828 1198 4172
148.523864 1198 4172
148.523891 1198 4172
148.523918 1198 4172
148.531883 1198 4172
148.531916 174 4172
148.531951 1198 4172
148.531984 1198 4172
148.539867 1198 4172
148.539903 1198 4172
148.539932 1198 4172
148.539962 1198 4172
148.548308 1198 4172
148.548343 782 4172
148.548366 1198 4172
148.548393 1198 4172
148.555882 1198 4172
148.555918 1198 4172
148.555953 1198 4172
148.563827 1198 4172
148.563853 1198 4172
148.563886 1198 4172
148.563916 798 4172
148.563948 1198 4172
148.572293 1198 4172
148.572328 1198 4172
148.572358 1198 4172
148.579793 1198 4172
148.579836 1198 4172
148.579868 1198 4172
148.579897 1134 4172
148.587965 1198 4172
148.587992 1198 4172
148.588019 1198 4172
148.588046 1198 4172
148.591765 1198 4172
148.591794 942 4172
148.591826 1198 4172
148.591854 1134 4172
148.635895 878 4172
148.635935 734 4172
148.647019 1198 4172
148.647057 1198 4172
148.647089 1198 4172
148.647120 1198 4172
148.647149 1198 4172
148.647180 1198 4172
148.647209 1198 4172
148.647239 1198 4172
148.647268 622 4172
148.659289 1198 4172
148.659330 1198 4172
148.659362 1198 4172
148.659392 1198 4172
148.659427 1198 4172
148.659457 1198 4172
148.659488 1198 4172
148.659518 1198 4172
148.659548 1054 4172
148.671626 1198 4172
148.671685 1198 4172
148.671743 1198 4172
148.671793 1198 4172
148.671836 1198 4172
148.671875 1198 4172
148.671910 1198 4172
148.671959 1198 4172
148.671988 1198 4172
148.672019 190 4172
148.672070 1198 4172
148.679794 1198 4172
148.679833 1198 4172
148.679870 1198 4172
148.679903 1198 4172
148.679938 1198 4172
148.679973 1198 4172
148.680006 894 4172
148.685729 1198 4172
148.685768 1198 4172
148.685804 1198 4172
148.685838 1198 4172
148.685872 1198 4172
148.685906 462 4172
148.691902 1198 4172
148.691959 1198 4172
148.691995 1198 4172
148.692027 1198 4172
148.700223 302 4172
148.700264 1198 4172
148.700299 1198 4172
148.707846 1198 4172
148.707899 1198 4172
148.707948 638 4172
148.707986 1198 4172
148.715815 1198 4172
148.715863 1198 4172
148.715903 1198 4172
148.715940 1198 4172
148.723838 1118 4172
148.723874 1198 4172
148.723905 1198 4172
148.723931 1198 4172
148.731851 1198 4172
148.731884 1198 4172
148.731914 1198 4172
148.731943 478 4172
148.739950 1198 4172
148.740007 110 4172
148.740045 110 4172
148.740075 110 4172
148.740105 1198 4172
148.740135 1198 4172
148.740169 1198 4172
148.747963 1198 4172
148.748007 1198 4172
148.748044 1198 4172
148.755926 1198 4172
148.755980 1102 4172
148.756023 1198 4172
148.756062 1198 4172
148.764842 1198 4172
148.764938 1198 4172
148.764969 1198 4172
148.765005 1198 4172
148.767742 1198 4172
148.767798 1198 4172
148.767841 1198 4172
148.767877 206 4172
148.781267 1198 4172
148.781304 1198 4172
148.781339 1198 4172
148.781374 1198 4172
148.787965 1198 4172
148.788068 1198 4172
148.788115 1198 4172
148.788153 542 4172
148.796124 1198 4172
148.796166 1198 4172
148.796216 1198 4172
148.803928 1198 4172
148.803976 1198 4172
148.804013 1198 4172
148.804055 254 4172
148.804093 1198 4172
148.811938 1198 4172
148.811990 1198 4172
148.819897 1198 4172
148.819946 1198 4172
148.819986 1198 4172
148.820022 1198 4172
148.827830 990 4172
148.827889 1198 4172
148.827936 1198 4172
148.827973 1198 4172
148.835991 1198 4172
148.836037 1198 4172
148.836077 1198 4172
148.836114 1198 4172
148.843894 1198 4172
148.843947 1134 4172
148.843990 1198 4172
148.844033 1198 4172
148.851928 1198 4172
148.851975 1198 4172
148.852015 1198 4172
148.855870 1198 4172
148.855936 1198 4172
148.856726 1198 4172
148.867912 302 4172
148.867973 1198 4172
148.868015 1198 4172
148.868053 1198 4172
148.868090 1198 4172
148.875910 1198 4172
148.875957 110 4172
148.875996 1006 4172
148.876047 1198 4172
148.883815 1198 4172
148.883868 1198 4172
148.883910 398 4172
148.883948 1198 4172
148.883984 1198 4172
148.891997 1198 4172
148.892041 174 4172
148.892098 1198 4172
148.892189 1198 4172
148.899949 1198 4172
148.899995 1182 4172
148.900034 1198 4172
148.900071 1198 4172
148.908738 1198 4172
148.908793 302 4172
148.908825 1198 4172
148.908863 734 4172
148.908899 446 4172
148.915932 1198 4172
148.916008 1198 4172
148.916053 1198 4172
148.916088 1198 4172
148.923904 1198 4172
148.923947 1198 4172
148.923982 1198 4172
148.931881 1198 4172
148.931931 158 4172
148.931975 1198 4172
148.932013 1198 4172
148.932050 1198 4172
148.939905 1198 4172
148.939950 1198 4172
148.939986 1198 4172
148.940022 1198 4172
148.943872 1198 4172
148.943917 1198 4172
148.943959 1198 4172
148.943996 942 4172
148.955946 1198 4172
148.955994 1198 4172
148.956022 1198 4172
148.956054 1198 4172
148.963795 1198 4172
148.963839 1198 4172
148.963880 1198 4172
148.963917 1198 4172
148.971885 1198 4172
148.971932 1198 4172
148.971969 334 4172
148.972006 1198 4172
148.979818 110 4172
148.979864 1198 4172
148.979901 1198 4172
148.979938 1198 4172
148.979979 1198 4172
148.987852 1198 4172
148.987888 1198 4172
148.987935 1198 4172
148.987974 1198 4172
