0.049883 1198 4172
0.049935 1198 4172
0.049977 126 4172
0.050018 1198 4172
0.050065 1198 4172
0.050106 334 4172
0.138077 110 4172
0.313924 110 4172
0.407861 110 4172
0.441992 110 4172
0.585885 1198 4172
0.585910 1198 4172
0.585942 558 4172
0.586023 1166 4172
0.586070 1198 4172
0.586097 558 4172
0.586127 1102 4172
0.586156 974 4172
0.586182 1198 4172
0.586208 142 4172
0.586243 1198 4172
0.586274 254 4172
0.586302 1198 4172
0.586331 1198 4172
0.586358 1102 4172
0.586403 158 4172
0.615348 158 4172
0.617879 1198 4172
0.617930 1198 4172
0.617959 254 4172
0.617990 1198 4172
0.618018 1198 4172
0.618046 1198 4172
0.618101 1198 4172
0.618131 1198 4172
0.618159 1198 4172
0.618194 1198 4172
0.618222 1198 4172
0.618248 1198 4172
0.618277 1198 4172
0.618302 1198 4172
0.618337 1198 4172
0.618364 1198 4172
0.618391 1198 4172
0.618426 1198 4172
0.618446 1198 4172
0.618472 1166 4172
0.629969 1198 4172
0.630054 1198 4172
0.630070 1198 4172
0.630099 1198 4172
0.630127 1198 4172
0.630155 1198 4172
0.630181 1198 4172
0.630208 1198 4172
0.630239 1198 4172
0.630265 1198 4172
0.630292 1198 4172
0.638134 1198 4172
0.638162 1198 4172
0.638190 1198 4172
0.638215 1198 4172
0.638238 1198 4172
0.638262 1198 4172
0.645996 1198 4172
0.646033 1198 4172
0.646073 1086 4172
0.646111 1198 4172
0.646148 1198 4172
0.646183 1198 4172
0.646218 1198 4172
0.654077 1198 4172
0.654145 1198 4172
0.654174 1198 4172
0.654202 1198 4172
0.654234 1198 4172
0.662037 1198 4172
0.662069 1198 4172
0.662118 1198 4172
0.662158 1198 4172
0.669955 1198 4172
0.670005 1198 4172
0.670038 1198 4172
0.670073 1198 4172
0.678069 1198 4172
0.678116 110 4172
0.678156 1198 4172
0.678194 1198 4172
0.678233 238 4172
0.678269 1198 4172
0.686103 1198 4172
0.686144 1198 4172
0.686180 1198 4172
0.686217 1198 4172
0.693943 1198 4172
0.693996 1198 4172
0.694038 1198 4172
0.694082 1198 4172
0.702055 1198 4172
0.702094 1198 4172
0.702128 1198 4172
0.702164 1198 4172
0.705875 878 4172
0.705941 1198 4172
0.705982 1198 4172
0.706018 1198 4172
0.718004 1198 4172
0.718120 1198 4172
0.718161 1198 4172
0.725977 1198 4172
0.726025 1198 4172
0.726064 1198 4172
0.726099 1198 4172
0.734107 1198 4172
0.734148 1198 4172
0.734180 1198 4172
0.734212 1198 4172
0.742086 1198 4172
0.742144 1198 4172
0.742185 1198 4172
0.742222 1198 4172
0.750033 1198 4172
0.750074 1198 4172
0.750113 1198 4172
0.750149 1198 4172
0.758031 1198 4172
0.758070 1198 4172
0.758107 1198 4172
0.758143 1198 4172
0.766063 1182 4172
0.766115 1198 4172
0.766153 1198 4172
0.766190 1198 4172
0.766231 1198 4172
0.774018 1198 4172
0.774061 1198 4172
0.774102 1198 4172
0.774143 1198 4172
0.782509 1198 4172
0.782578 638 4172
0.782614 1198 4172
0.790062 1198 4172
0.790103 1198 4172
0.790136 1198 4172
0.790170 1198 4172
0.793906 1198 4172
0.793963 606 4172
0.794005 174 4172
0.794041 1198 4172
0.794077 1198 4172
0.805954 1198 4172
0.805997 1198 4172
0.806027 1198 4172
0.806056 1198 4172
0.815774 1134 4172
0.815822 1198 4172
0.815858 1198 4172
0.815892 1198 4172
0.821996 1198 4172
0.822032 1198 4172
0.822065 1198 4172
0.822132 1198 4172
0.830767 1198 4172
0.830851 734 4172
0.830875 1198 4172
0.830904 1198 4172
0.830934 1198 4172
0.837993 1198 4172
0.838068 1150 4172
0.838173 158 4172
0.838218 1198 4172
0.838254 1198 4172
0.845965 1198 4172
0.846085 430 4172
0.846129 1198 4172
0.846168 1198 4172
0.846204 1198 4172
0.882014 1198 4172
0.882039 782 4172
0.882143 158 4172
0.882180 158 4172
0.882211 910 4172
0.882247 158 4172
0.970045 110 4172
1.233970 110 4172
1.278159 174 4172
1.278208 222 4172
1.321940 110 4172
1.366113 190 4172
1.409900 110 4172
1.453942 142 4172
1.453946 190 4172
1.497893 110 4172
1.541891 110 4172
1.757910 110 4172
2.021857 110 4172
2.109971 142 4172
2.283728 110 4172
2.285829 142 4172
2.329982 110 4172
2.417909 110 4172
2.546157 110 4172
2.806151 110 4172
2.893877 142 4172
3.084120 110 4172
3.109990 142 4172
3.325910 110 4172
3.329906 110 4172
3.417912 110 4172
3.634018 110 4172
3.893981 142 4172
4.158502 142 4172
4.329851 110 4172
4.417872 110 4172
4.721857 142 4172
4.721911 142 4172
4.937995 142 4172
4.938053 142 4172
5.315868 110 4172
5.325939 142 4172
5.407966 142 4172
5.413820 110 4172
5.515778 110 4172
5.545866 142 4172
5.545921 142 4172
5.933932 142 4172
5.933952 142 4172
6.021833 142 4172
6.150034 142 4172
6.150107 142 4172
6.281999 110 4172
6.325901 110 4172
6.413880 110 4172
6.761813 142 4172
6.761872 142 4172
6.977836 142 4172
6.977929 142 4172
7.325840 110 4172
7.369888 142 4172
7.413828 110 4172
7.589913 142 4172
7.590003 142 4172
7.673984 142 4172
7.805830 142 4172
8.197863 142 4172
8.197989 142 4172
8.329856 110 4172
8.408050 142 4172
8.408116 142 4172
8.417825 110 4172
8.809827 142 4172
8.809900 142 4172
8.981865 110 4172
9.025881 142 4172
9.025962 142 4172
9.333806 110 4172
9.408083 142 4172
9.593818 142 4172
9.989782 142 4172
9.989851 142 4172
10.077854 142 4172
10.209856 142 4172
10.209965 142 4172
10.337831 110 4172
10.425831 110 4172
10.857812 142 4172
10.857932 142 4172
11.029816 142 4172
11.029936 142 4172
11.337920 110 4172
11.425837 110 4172
11.689863 110 4172
12.037809 142 4172
12.037926 142 4172
12.257824 142 4172
12.257902 142 4172
12.341840 110 4172
12.429861 110 4172
12.861852 142 4172
12.861910 142 4172
13.081802 142 4172
13.081871 142 4172
13.345771 110 4172
13.433985 110 4172
13.865843 142 4172
13.865904 142 4172
14.085781 142 4172
14.085842 142 4172
14.341910 110 4172
14.345778 110 4172
14.433824 110 4172
14.909814 142 4172
14.909894 142 4172
14.993825 142 4172
15.125881 142 4172
15.125965 142 4172
15.345796 110 4172
15.433835 110 4172
15.697763 142 4172
15.913766 142 4172
16.305846 142 4172
16.305996 142 4172
16.349742 110 4172
16.437859 110 4172
16.515606 110 4172
16.525754 142 4172
16.525918 142 4172
16.921883 142 4172
16.921923 142 4172
17.009787 110 4172
17.141813 142 4172
17.141920 142 4172
17.313756 110 4172
17.441792 110 4172
17.789820 142 4172
17.789885 142 4172
17.917811 142 4172
17.917872 142 4172
18.309972 110 4172
18.353825 142 4172
18.353873 142 4172
18.441882 110 4172
18.527685 110 4172
18.529805 142 4172
18.529853 142 4172
18.961786 142 4172
18.961835 142 4172
19.177893 142 4172
19.177979 142 4172
19.309878 110 4172
19.441766 110 4172
19.701758 110 4172
19.789870 142 4172
20.009839 142 4172
20.317805 110 4172
20.405856 142 4172
20.449810 110 4172
20.561865 60 60000
20.625788 142 4172
20.724883 158 4172
20.724921 158 4172
20.724958 158 4172
20.724985 158 4172
20.725011 158 4172
20.725049 158 4172
20.725075 158 4172
20.771015 158 4172
20.790945 1198 4172
20.790966 1198 4172
20.791000 1198 4172
20.791029 1198 4172
20.791057 1198 4172
20.791088 1198 4172
20.791113 1198 4172
20.791141 1198 4172
20.791168 910 4172
20.802799 1198 4172
20.804500 1198 4172
20.805013 1198 4172
20.805051 1198 4172
20.805177 1198 4172
20.805212 1198 4172
20.805332 1198 4172
20.805364 1198 4172
20.805395 1198 4172
20.805424 1198 4172
20.805450 318 4172
20.808432 1198 4172
20.808464 1198 4172
20.808494 1198 4172
20.808524 1198 4172
20.808556 1198 4172
20.808585 1198 4172
20.808610 1198 4172
20.808637 1198 4172
20.808664 1198 4172
20.808689 1198 4172
20.808714 798 4172
20.816205 1198 4172
20.816240 1198 4172
20.816273 1198 4172
20.816304 1198 4172
20.816394 1198 4172
20.816395 1198 4172
20.816397 1198 4172
20.816419 1198 4172
20.816443 1198 4172
20.816470 686 4172
20.825875 1198 4172
20.825891 1198 4172
20.825919 1198 4172
20.825946 1198 4172
20.825976 1198 4172
20.826005 1198 4172
20.826029 1198 4172
20.826055 1198 4172
20.835857 1198 4172
20.835886 1198 4172
20.835917 1198 4172
20.835948 1102 4172
20.842037 1198 4172
20.842062 1198 4172
20.842085 1198 4172
20.842115 1198 4172
20.864205 1198 4172
20.864606 1198 4172
20.864650 1198 4172
20.864683 1198 4172
20.865784 1198 4172
20.865817 622 4172
20.865845 1198 4172
20.865872 1198 4172
20.865897 1198 4172
20.865954 1198 4172
20.865955 1198 4172
20.873794 1198 4172
20.873820 1150 4172
20.873851 1198 4172
20.882731 1198 4172
20.882780 1198 4172
20.882803 126 4172
20.882830 1198 4172
20.882854 1198 4172
20.889798 1198 4172
20.889836 1198 4172
20.889869 1198 4172
20.889901 1198 4172
20.889934 1198 4172
20.897850 1198 4172
20.897878 1198 4172
20.897912 1198 4172
20.906050 1198 4172
20.906087 1198 4172
20.906117 1198 4172
20.906144 1198 4172
20.906171 1198 4172
20.917827 1198 4172
20.918538 1198 4172
20.918580 1198 4172
20.918608 1198 4172
20.921984 622 4172
20.922018 1198 4172
20.922051 1198 4172
20.922078 1198 4172
20.929922 718 4172
20.929966 1198 4172
20.929993 1198 4172
20.930019 1198 4172
20.938409 1198 4172
20.938438 1198 4172
20.938468 1198 4172
20.938502 1198 4172
20.945912 686 4172
20.945947 1198 4172
20.945974 1198 4172
20.946001 1198 4172
20.956136 1198 4172
20.956197 1198 4172
20.956198 1198 4172
20.956223 1198 4172
20.966049 1198 4172
20.967056 1198 4172
20.967089 1198 4172
20.967259 1198 4172
20.967288 958 4172
20.969811 1198 4172
20.970327 1198 4172
20.970362 1198 4172
20.978556 1198 4172
20.979082 1198 4172
20.986332 1198 4172
20.986364 1198 4172
20.986398 1198 4172
20.986427 1198 4172
20.993810 1198 4172
20.993838 1198 4172
20.993871 1198 4172
20.993902 1198 4172
21.001792 1198 4172
21.001817 1198 4172
21.001885 334 4172
21.001923 1198 4172
21.009838 1198 4172
21.009871 1198 4172
21.009902 910 4172
21.017811 1198 4172
21.017843 1198 4172
21.017993 110 4172
21.018028 1198 4172
21.018061 1198 4172
21.026019 1198 4172
21.026036 814 4172
21.026067 1198 4172
21.026099 1198 4172
21.033816 1198 4172
21.033855 1198 4172
21.033917 1198 4172
21.033949 1198 4172
21.047161 1198 4172
21.047194 1198 4172
21.047222 1198 4172
21.047250 1198 4172
21.049825 1198 4172
21.049856 1198 4172
21.049889 1198 4172
21.062456 1198 4172
21.062485 1198 4172
21.062521 1198 4172
21.062550 878 4172
21.062584 270 4172
21.062612 206 4172
21.066773 1198 4172
21.066798 206 4172
21.066825 206 4172
21.066852 206 4172
21.066877 206 4172
21.066903 206 4172
21.066933 830 4172
21.066959 206 4172
21.078624 206 4172
21.078657 206 4172
21.081795 206 4172
21.081829 206 4172
21.081857 206 4172
21.081885 206 4172
21.081914 206 4172
21.081945 1198 4172
21.081971 1198 4172
21.081998 910 4172
21.094770 974 4172
21.110927 190 4172
21.112440 190 4172
21.112677 190 4172
21.113117 190 4172
21.115470 190 4172
21.115509 190 4172
21.115545 190 4172
21.115576 190 4172
21.123151 190 4172
21.123653 190 4172
21.123684 190 4172
21.133051 222 4172
21.145963 190 4172
21.145981 190 4172
21.146012 190 4172
21.146043 1198 4172
21.146070 1198 4172
21.146094 110 4172
21.146121 190 4172
21.146149 1198 4172
21.146176 190 4172
21.146202 190 4172
21.146229 190 4172
21.146255 190 4172
21.158418 190 4172
21.158463 190 4172
21.158491 190 4172
21.158517 190 4172
21.158542 190 4172
21.158632 1198 4172
21.158661 190 4172
21.158690 190 4172
21.161927 190 4172
21.161959 190 4172
21.161989 190 4172
21.162018 190 4172
21.162048 1198 4172
21.162075 1198 4172
21.162105 1198 4172
21.162132 142 4172
21.162161 526 4172
21.162189 222 4172
21.162217 190 4172
21.162244 190 4172
21.162273 190 4172
21.162299 190 4172
21.162324 190 4172
21.162348 222 4172
21.162376 190 4172
21.162404 1198 4172
21.162430 1198 4172
21.162456 174 4172
21.166761 1198 4172
21.166790 1198 4172
21.166827 1198 4172
21.166859 222 4172
21.166886 190 4172
21.166912 190 4172
21.166939 190 4172
21.166966 1198 4172
21.166994 190 4172
21.174316 1198 4172
21.174347 1198 4172
21.174375 1198 4172
21.174403 1198 4172
21.174429 270 4172
21.174455 142 4172
21.180750 190 4172
21.186309 222 4172
21.186341 190 4172
21.194578 190 4172
21.194615 190 4172
21.194643 190 4172
21.194669 190 4172
21.194695 190 4172
21.194724 1198 4172
21.194750 1198 4172
21.194776 366 4172
21.194803 1198 4172
21.194829 1198 4172
21.194855 334 4172
21.198709 1198 4172
21.198767 318 4172
21.198856 190 4172
21.198894 190 4172
21.198922 190 4172
21.198949 190 4172
21.198976 190 4172
21.205126 60 60000
21.212684 1198 4172
21.212705 1198 4172
21.212736 1198 4172
21.212763 1198 4172
21.212789 286 4172
21.215117 222 4172
21.215165 190 4172
21.217827 190 4172
21.217853 190 4172
21.217885 190 4172
21.217914 190 4172
21.217942 190 4172
21.217972 1198 4172
21.217998 1198 4172
21.218025 670 4172
21.222283 1198 4172
21.222332 1198 4172
21.222366 670 4172
21.222403 1198 4172
21.222430 494 4172
21.222458 190 4172
21.222484 190 4172
21.222511 190 4172
21.222538 190 4172
21.254027 1198 4172
21.254042 1198 4172
21.254140 1198 4172
21.254165 1198 4172
21.254190 430 4172
21.273802 222 4172
21.273823 174 4172
21.273855 174 4172
21.273884 174 4172
21.273913 174 4172
21.273942 174 4172
21.273972 174 4172
21.274001 1198 4172
21.274031 1198 4172
21.274060 766 4172
21.274091 1198 4172
21.274119 1198 4172
21.274147 782 4172
21.274174 1198 4172
21.274203 526 4172
21.274231 174 4172
21.274261 174 4172
21.274289 174 4172
21.274319 174 4172
21.274346 174 4172
21.274374 1198 4172
21.274402 1198 4172
21.274431 1198 4172
21.274459 430 4172
21.274489 190 4172
21.278941 110 4172
21.278975 110 4172
21.279001 110 4172
21.279028 1198 4172
21.283831 158 4172
21.283873 1198 4172
21.283907 1198 4172
21.283937 1198 4172
21.283965 1198 4172
21.283991 1198 4172
21.284018 1198 4172
21.284042 1198 4172
21.284067 654 4172
21.284094 1198 4172
21.284122 1198 4172
21.284149 1198 4172
21.284174 1198 4172
21.284200 1198 4172
21.284228 1198 4172
21.284252 1198 4172
21.284278 846 4172
21.284304 1198 4172
21.284334 1198 4172
21.284358 1198 4172
21.284383 1038 4172
21.284409 126 4172
21.381321 110 4172
21.381366 174 4172
21.381397 174 4172
21.381425 174 4172
21.381455 174 4172
21.381482 174 4172
21.381514 174 4172
21.381541 174 4172
21.381574 1198 4172
21.381615 1198 4172
21.381686 1198 4172
21.381721 590 4172
21.381762 1198 4172
21.381798 1198 4172
21.381825 1198 4172
21.381851 686 4172
21.381880 1198 4172
21.381908 894 4172
21.381937 174 4172
21.381963 174 4172
21.381990 174 4172
21.382018 174 4172
21.382045 174 4172
21.382073 1198 4172
21.382104 1198 4172
21.382133 1198 4172
21.382158 1198 4172
21.382187 478 4172
21.382212 1198 4172
21.382243 1198 4172
21.382275 1198 4172
21.382301 1198 4172
21.382326 1198 4172
21.382354 1198 4172
21.382379 1198 4172
21.382413 1198 4172
21.382438 350 4172
21.492571 1198 4172
21.493292 1198 4172
21.493324 270 4172
21.497752 1198 4172
21.497790 1198 4172
21.497820 1198 4172
21.497850 1166 4172
21.508131 1198 4172
21.508166 1198 4172
21.508198 1198 4172
21.508230 1150 4172
21.514425 110 4172
21.522185 1198 4172
21.522216 1198 4172
21.522238 158 4172
21.535339 126 4172
21.542412 526 4172
21.578973 1198 4172
21.579004 110 4172
21.579033 110 4172
21.579066 110 4172
21.585709 1198 4172
21.585740 430 4172
21.612136 110 4172
21.629806 1198 4172
21.629836 1198 4172
21.629995 254 4172
21.630559 302 4172
21.630599 238 4172
21.673752 206 4172
21.717825 110 4172
21.849864 110 4172
21.849897 110 4172
21.849947 110 4172
21.849989 110 4172
22.113920 110 4172
22.113924 110 4172
22.114005 110 4172
22.333927 110 4172
22.421753 110 4172
22.641915 110 4172
22.905977 110 4172
23.166071 110 4172
23.342042 110 4172
23.425909 110 4172
23.429817 110 4172
23.694002 110 4172
24.002163 110 4172
24.266025 110 4172
24.309786 110 4172
24.437871 110 4172
25.313811 110 4172
25.445916 110 4172
26.321799 110 4172
26.409916 110 4172
26.933876 110 4172
27.329765 110 4172
27.417709 110 4172
28.329792 110 4172
28.417621 110 4172
29.341939 110 4172
29.429717 110 4172
29.645770 110 4172
30.349776 110 4172
30.437766 110 4172
31.313717 110 4172
31.446143 110 4172
32.321735 110 4172
32.321830 110 4172
32.409698 110 4172
33.329729 110 4172
33.417620 110 4172
34.337733 110 4172
34.425724 110 4172
35.033780 110 4172
35.429742 110 4172
36.345680 110 4172
36.433706 110 4172
37.309872 110 4172
37.441760 110 4172
37.705759 110 4172
38.321743 110 4172
38.409674 110 4172
39.329692 110 4172
39.417519 110 4172
40.337756 110 4172
40.425591 110 4172
41.345890 110 4172
41.401638 1198 4172
41.401725 1198 4172
41.401764 1198 4172
41.401801 1198 4172
41.401839 1198 4172
41.401875 1198 4172
41.401911 1198 4172
41.401948 1198 4172
41.401996 1198 4172
41.402031 1198 4172
41.402067 1198 4172
41.402102 1198 4172
41.402138 574 4172
41.402184 1198 4172
41.402225 1198 4172
41.402260 1198 4172
41.402296 1198 4172
41.402332 1198 4172
41.402374 1198 4172
41.402413 1198 4172
41.402448 1198 4172
41.409650 1198 4172
41.409714 814 4172
41.409767 1198 4172
41.409802 1198 4172
41.409849 1198 4172
41.409884 1198 4172
41.409917 1198 4172
41.417633 1198 4172
41.417693 110 4172
41.417752 1198 4172
41.417786 1198 4172
41.417830 1198 4172
41.417865 1198 4172
41.417903 1102 4172
41.427214 1198 4172
41.427219 1198 4172
41.427249 1198 4172
41.427291 1198 4172
41.427317 1198 4172
41.427350 1198 4172
41.433771 1198 4172
41.433806 1198 4172
41.433841 1198 4172
41.433875 1198 4172
41.441664 1198 4172
41.441692 1198 4172
41.441730 942 4172
41.441769 1198 4172
41.449700 1198 4172
41.449742 1198 4172
41.449791 1198 4172
41.449835 1198 4172
41.457650 1198 4172
41.457742 1198 4172
41.457831 1198 4172
41.461527 60 60000
41.465605 1198 4172
41.465648 1198 4172
41.465691 1198 4172
41.465727 910 4172
41.465768 1198 4172
41.473672 1198 4172
41.473697 1198 4172
41.473738 1198 4172
41.481554 1198 4172
41.481582 1198 4172
41.481615 1198 4172
41.481653 1198 4172
41.485812 894 4172
41.485845 1198 4172
41.487258 1198 4172
41.487287 1198 4172
41.497679 1198 4172
41.497720 1198 4172
41.497763 1198 4172
41.497803 1198 4172
41.505698 1198 4172
41.505740 1198 4172
41.505782 1198 4172
41.505821 318 4172
41.505872 1198 4172
41.513689 1198 4172
41.513732 1198 4172
41.513776 1198 4172
41.513812 1198 4172
41.521698 1198 4172
41.521747 1198 4172
41.521802 1198 4172
41.529664 1198 4172
41.529712 1198 4172
41.529755 894 4172
41.529796 1198 4172
41.529835 1198 4172
41.537706 1198 4172
41.537817 1198 4172
41.537855 1198 4172
41.537890 1198 4172
41.545704 1198 4172
41.545763 1198 4172
41.545804 1198 4172
41.553692 1198 4172
41.553749 222 4172
41.553767 1198 4172
41.553804 1198 4172
41.561638 1198 4172
41.561661 1198 4172
41.561693 1198 4172
41.561726 1198 4172
41.569605 1198 4172
41.569633 1198 4172
41.569667 1198 4172
41.569698 1198 4172
41.573509 1198 4172
41.573539 1198 4172
41.573575 1198 4172
41.573612 1198 4172
41.585628 846 4172
41.585656 1198 4172
41.585688 1198 4172
41.593623 1198 4172
41.593663 1198 4172
41.593697 1198 4172
41.593734 1198 4172
41.601695 1198 4172
41.601735 1198 4172
41.601775 1198 4172
41.609724 1198 4172
41.609781 1198 4172
41.609831 1198 4172
41.609874 1198 4172
41.617678 1198 4172
41.617710 110 4172
41.617750 1198 4172
41.617787 1198 4172
41.617822 1198 4172
41.625644 1198 4172
41.625700 1198 4172
41.625739 782 4172
41.625784 1198 4172
41.634300 1198 4172
41.634374 1198 4172
41.634417 1198 4172
41.634462 1198 4172
41.641676 1198 4172
41.641709 1198 4172
41.641750 1198 4172
41.641799 1198 4172
41.649664 622 4172
41.649700 1198 4172
41.657733 1198 4172
41.657745 1198 4172
41.657779 1198 4172
41.661591 1198 4172
41.661621 1198 4172
41.661648 1198 4172
41.673630 1198 4172
41.673654 1198 4172
41.673678 1198 4172
41.673704 1198 4172
41.681636 1198 4172
41.681662 1198 4172
41.681691 1198 4172
41.681721 1198 4172
41.690304 1198 4172
41.690340 158 4172
41.690366 1198 4172
41.690396 1198 4172
41.690421 1198 4172
41.697604 878 4172
41.697641 1198 4172
41.697678 1198 4172
41.697706 1198 4172
41.697733 1198 4172
41.705540 1198 4172
41.705578 1198 4172
41.705630 478 4172
41.705661 1198 4172
41.705692 1198 4172
41.713574 1198 4172
41.713612 1198 4172
41.713640 1198 4172
41.713667 1198 4172
41.721686 110 4172
41.721711 1198 4172
41.721743 1198 4172
41.721771 190 4172
41.721797 1198 4172
41.721825 1198 4172
41.732113 1198 4172
41.732319 1198 4172
41.732358 1198 4172
41.732420 702 4172
41.732468 1198 4172
41.732503 1198 4172
41.737652 1198 4172
41.737684 1198 4172
41.737715 1198 4172
41.745663 1198 4172
41.745697 1198 4172
41.745730 798 4172
41.747057 1198 4172
41.749528 1198 4172
41.749577 1198 4172
41.749607 1198 4172
41.749648 1198 4172
41.749679 1198 4172
41.763380 1198 4172
41.763421 1198 4172
41.763447 238 4172
41.763479 1198 4172
41.763505 1198 4172
41.769617 1198 4172
41.769645 1198 4172
41.769693 1198 4172
41.769725 1198 4172
41.777669 1198 4172
41.777707 1198 4172
41.777736 766 4172
41.777765 1198 4172
41.777795 1198 4172
41.788172 1198 4172
41.788381 1198 4172
41.788417 1198 4172
41.788447 1198 4172
41.802844 1198 4172
41.802877 1198 4172
41.802910 1198 4172
41.802940 1198 4172
41.812650 1198 4172
41.812688 574 4172
41.812717 1198 4172
41.812742 1198 4172
41.812767 1198 4172
41.812792 1198 4172
41.812817 1198 4172
41.812842 1198 4172
41.817886 1198 4172
41.817925 1198 4172
41.817957 318 4172
41.817990 110 4172
41.818020 1198 4172
41.818046 1198 4172
41.818086 1198 4172
41.831573 1198 4172
41.831607 1198 4172
41.831651 1198 4172
41.833832 1198 4172
41.833870 1198 4172
41.833896 1198 4172
41.833922 1102 4172
41.833966 1198 4172
41.841799 1198 4172
41.841845 1198 4172
41.841873 1198 4172
41.841899 1198 4172
41.849673 1198 4172
41.849707 1198 4172
41.849762 1198 4172
41.849794 1182 4172
41.858848 1198 4172
41.860833 1198 4172
41.861504 1198 4172
41.861887 1198 4172
41.862087 1198 4172
41.865666 1198 4172
41.865695 1198 4172
41.865721 1198 4172
41.865746 1198 4172
41.875488 1198 4172
41.876701 1022 4172
41.877734 1198 4172
41.877907 1198 4172
41.882776 1198 4172
41.882819 1198 4172
41.882848 1198 4172
41.903503 1198 4172
41.904265 1198 4172
41.904349 1198 4172
41.904372 1198 4172
41.904398 1198 4172
41.906025 158 4172
41.906061 1198 4172
41.906095 1198 4172
41.906122 1198 4172
41.906149 1198 4172
41.906176 1198 4172
41.906202 1198 4172
41.906230 1198 4172
41.906257 1198 4172
41.914371 1198 4172
41.914428 1198 4172
41.914459 1198 4172
41.921695 1198 4172
41.921737 110 4172
41.921766 1198 4172
41.921793 1198 4172
41.921819 1198 4172
41.937087 1198 4172
41.938273 1198 4172
41.938340 1198 4172
41.938555 798 4172
41.938605 1198 4172
41.945978 670 4172
41.946023 1198 4172
41.946052 1198 4172
41.946080 1198 4172
41.946106 1198 4172
41.946135 1198 4172
41.946162 1198 4172
41.946190 798 4172
41.946216 1198 4172
41.969232 1198 4172
41.970286 1198 4172
41.970785 1198 4172
41.971220 1198 4172
41.971699 1198 4172
41.977707 1006 4172
41.977748 1198 4172
41.977773 1198 4172
41.977799 1198 4172
41.977824 1198 4172
41.977848 1198 4172
41.977871 1198 4172
41.977895 1198 4172
41.977920 1118 4172
41.977945 1198 4172
41.977969 126 4172
41.977995 1198 4172
41.978020 1198 4172
41.990193 606 4172
41.990231 110 4172
41.990262 1198 4172
41.990291 734 4172
41.990320 1198 4172
41.999066 1198 4172
41.999100 1198 4172
41.999126 1198 4172
41.999152 798 4172
41.999183 1198 4172
41.999207 1198 4172
41.999233 1198 4172
41.999258 238 4172
42.005581 1198 4172
42.005632 1198 4172
42.005669 1198 4172
42.005697 1198 4172
42.005723 1198 4172
42.005753 1198 4172
42.014050 1198 4172
42.014093 1198 4172
42.021780 110 4172
42.021910 1198 4172
42.021953 1198 4172
42.021979 638 4172
42.022008 1198 4172
42.022031 1198 4172
42.028403 414 4172
42.028713 1198 4172
42.028764 1198 4172
42.028791 1198 4172
42.028866 1198 4172
42.037649 830 4172
42.037695 1198 4172
42.037725 1198 4172
42.037756 1198 4172
42.037785 1198 4172
42.052627 1198 4172
42.052798 1198 4172
42.053021 318 4172
42.053104 1198 4172
42.053635 1198 4172
42.053680 1198 4172
42.062623 1198 4172
42.062680 1198 4172
42.067702 846 4172
42.067752 1198 4172
42.067778 1198 4172
42.067804 1198 4172
42.067829 1198 4172
42.067873 1198 4172
42.069630 830 4172
42.069661 1198 4172
42.069688 1198 4172
42.069714 1198 4172
42.093109 1198 4172
42.103058 1198 4172
42.103085 1198 4172
42.103120 1198 4172
42.103188 1198 4172
42.119484 1198 4172
42.119560 766 4172
42.119591 1198 4172
42.119626 1198 4172
42.119654 1198 4172
42.119681 1198 4172
42.119709 1198 4172
42.119737 1198 4172
42.119765 1198 4172
42.119794 174 4172
42.119822 1198 4172
42.119850 1198 4172
42.119876 1198 4172
42.119903 1198 4172
42.119930 1198 4172
42.128495 110 4172
42.128532 1198 4172
42.129069 846 4172
42.129105 1198 4172
42.129414 1198 4172
42.129449 1198 4172
42.129478 1198 4172
42.129522 1198 4172
42.135090 942 4172
42.135124 1198 4172
42.143254 1198 4172
42.143288 1198 4172
42.143319 1198 4172
42.143347 286 4172
42.143372 1198 4172
42.149786 1198 4172
42.149825 1198 4172
42.149854 1198 4172
42.165979 670 4172
42.166046 1198 4172
42.166075 1198 4172
42.166108 1198 4172
42.182125 1198 4172
42.182171 1198 4172
42.182197 910 4172
42.182224 1198 4172
42.182249 1198 4172
42.182274 1198 4172
42.182303 622 4172
42.182330 958 4172
42.205462 190 4172
42.207716 190 4172
42.207754 190 4172
42.207789 190 4172
42.207819 190 4172
42.207847 190 4172
42.207878 1198 4172
42.207905 462 4172
42.207934 1198 4172
42.207963 1198 4172
42.207991 190 4172
42.208020 1086 4172
42.208048 190 4172
42.208075 190 4172
42.208103 190 4172
42.208127 190 4172
42.210598 1198 4172
42.211045 1198 4172
42.211250 1198 4172
42.211346 1198 4172
42.211373 222 4172
42.211398 254 4172
42.211424 190 4172
42.211451 190 4172
42.211477 190 4172
42.211502 190 4172
42.211528 190 4172
42.211553 190 4172
42.211580 1198 4172
42.211606 686 4172
42.211641 1198 4172
42.211662 1198 4172
42.211688 830 4172
42.222986 110 4172
42.223125 254 4172
42.223155 1198 4172
42.223186 190 4172
42.223215 190 4172
42.223243 190 4172
42.223273 190 4172
42.223300 190 4172
42.223328 1198 4172
42.225571 190 4172
42.225597 1198 4172
42.225631 1198 4172
42.225660 1198 4172
42.225687 334 4172
42.225714 254 4172
42.238843 190 4172
42.238888 190 4172
42.251815 190 4172
42.251894 190 4172
42.251932 190 4172
42.251961 1198 4172
42.251988 782 4172
42.252016 1198 4172
42.252043 1198 4172
42.252071 1006 4172
42.252107 1198 4172
42.252134 158 4172
42.252163 190 4172
42.252189 190 4172
42.252215 190 4172
42.252241 190 4172
42.252267 190 4172
42.252294 1198 4172
42.252320 1198 4172
42.252346 1198 4172
42.253513 1198 4172
42.253551 110 4172
42.253579 462 4172
42.253607 174 4172
42.253640 174 4172
42.253721 174 4172
42.253749 174 4172
42.253780 174 4172
42.253809 174 4172
42.253837 174 4172
42.253866 1198 4172
42.253893 830 4172
42.261658 1198 4172
42.261699 1198 4172
42.267638 1198 4172
42.267677 174 4172
42.267707 174 4172
42.267734 174 4172
42.267761 174 4172
42.267789 174 4172
42.267821 174 4172
42.273625 1198 4172
42.273654 1198 4172
42.273684 1198 4172
42.279464 1102 4172
42.279496 1198 4172
42.279527 430 4172
42.308431 158 4172
42.310804 60 60000
42.328608 110 4172
42.369631 318 4172
42.369643 462 4172
42.408583 126 4172
42.421514 110 4172
42.421609 190 4172
42.511856 126 4172
42.553535 126 4172
42.553563 110 4172
42.553596 110 4172
42.597545 1198 4172
42.597671 1198 4172
42.597705 254 4172
42.597738 302 4172
42.597768 1198 4172
42.597796 158 4172
42.641550 430 4172
42.679582 1198 4172
42.679585 766 4172
42.686859 1198 4172
42.686904 1198 4172
42.686944 1198 4172
42.686981 526 4172
42.729604 1182 4172
42.773670 1198 4172
42.773714 382 4172
42.817649 110 4172
42.817749 110 4172
42.817780 110 4172
43.081732 110 4172
43.081759 110 4172
43.081792 110 4172
43.345721 110 4172
43.345818 110 4172
43.433684 110 4172
43.609866 110 4172
43.873673 110 4172
44.133681 110 4172
44.397852 110 4172
44.441742 110 4172
44.697785 110 4172
44.961609 110 4172
45.225641 110 4172
45.313601 110 4172
45.445669 110 4172
45.489724 110 4172
46.325664 110 4172
46.413919 110 4172
47.337614 110 4172
47.425606 110 4172
48.165656 110 4172
48.341609 110 4172
48.429978 110 4172
49.309660 110 4172
50.321627 110 4172
50.893651 110 4172
51.333617 110 4172
51.421573 110 4172
52.337636 110 4172
52.425501 110 4172
52.957464 174 4172
52.957487 174 4172
52.957524 174 4172
52.962296 174 4172
52.962345 174 4172
52.962376 174 4172
52.962407 174 4172
52.965797 174 4172
52.965830 174 4172
52.965863 174 4172
52.969616 174 4172
52.969648 174 4172
52.969695 174 4172
52.974288 174 4172
52.974328 174 4172
52.974385 542 4172
52.997546 1198 4172
52.997653 1198 4172
52.997694 1198 4172
52.997733 1198 4172
52.997770 1198 4172
52.997805 1198 4172
52.997840 1198 4172
52.997876 1198 4172
52.997910 238 4172
53.113906 1182 4172
53.123752 254 4172
53.129528 1198 4172
53.129579 798 4172
53.305514 110 4172
53.349509 110 4172
53.437581 110 4172
53.569525 110 4172
54.313519 110 4172
54.445596 110 4172
55.325567 110 4172
55.413579 110 4172
56.293611 110 4172
56.337527 110 4172
56.425529 110 4172
57.341654 110 4172
57.429637 110 4172
58.349558 110 4172
58.437609 110 4172
58.965391 110 4172
59.317347 110 4172
59.445495 110 4172
60.321492 110 4172
61.321454 110 4172
61.409507 110 4172
61.625536 110 4172
62.340141 110 4172
62.425475 110 4172
62.500157 1198 4172
62.500212 1198 4172
62.500259 1198 4172
62.500292 1198 4172
62.500323 1198 4172
62.500354 1198 4172
62.500384 1198 4172
62.500413 1198 4172
62.500443 1198 4172
62.500471 1198 4172
62.508648 1198 4172
62.508714 1198 4172
62.508762 1198 4172
62.508804 1198 4172
62.508843 1198 4172
62.508880 1198 4172
62.508916 1198 4172
62.508952 1198 4172
62.508988 1198 4172
62.509023 1198 4172
62.509059 1198 4172
62.513430 1198 4172
62.513465 1198 4172
62.513495 1198 4172
62.513530 1198 4172
62.513561 1198 4172
62.513593 1198 4172
62.513625 1198 4172
62.513655 1198 4172
62.513686 1198 4172
62.513716 1198 4172
62.513747 1102 4172
62.529695 1198 4172
62.529717 1198 4172
62.529750 1054 4172
62.529779 1198 4172
62.529807 1198 4172
62.529836 1198 4172
62.529871 1198 4172
62.529901 1198 4172
62.537462 1198 4172
62.537508 1198 4172
62.537548 1198 4172
62.537589 1198 4172
62.545530 1198 4172
62.545578 894 4172
62.545623 1198 4172
62.545661 1198 4172
62.553470 1198 4172
62.553510 1198 4172
62.553540 1198 4172
62.553569 1198 4172
62.557448 1198 4172
62.557490 1198 4172
62.557528 1198 4172
62.561483 60 60000
62.569405 1198 4172
62.569454 1198 4172
62.569490 206 4172
62.569532 1198 4172
62.577434 1198 4172
62.577458 1198 4172
62.577489 1198 4172
62.585441 1198 4172
62.585477 1198 4172
62.585508 1198 4172
62.585541 1198 4172
62.593566 846 4172
62.593612 1198 4172
62.593643 1198 4172
62.593673 1198 4172
62.601461 1198 4172
62.601501 1198 4172
62.601537 1198 4172
62.609552 1198 4172
62.609593 1198 4172
62.609631 1198 4172
62.617468 1198 4172
62.617501 350 4172
62.617533 1198 4172
62.617566 1198 4172
62.625472 1198 4172
62.625513 1198 4172
62.625551 1198 4172
62.633480 1198 4172
62.633584 1198 4172
62.633660 1198 4172
62.633729 1198 4172
62.641541 1198 4172
62.641604 1198 4172
62.641659 366 4172
62.641714 1198 4172
62.641768 1198 4172
62.645593 1198 4172
62.645595 1198 4172
62.645595 1198 4172
62.657491 1198 4172
62.657555 1198 4172
62.657585 1198 4172
62.657617 1198 4172
62.665417 1198 4172
62.665526 1198 4172
62.665569 1198 4172
62.665595 1198 4172
62.673494 462 4172
62.673556 1198 4172
62.673592 1198 4172
62.673623 1198 4172
62.681455 1198 4172
62.681509 1198 4172
62.681545 1198 4172
62.681576 1198 4172
62.689559 1198 4172
62.689633 1198 4172
62.689692 1198 4172
62.689739 1198 4172
62.697340 1198 4172
62.697395 446 4172
62.697435 1198 4172
62.697473 1198 4172
62.705500 1198 4172
62.705554 110 4172
62.705594 1198 4172
62.705634 1198 4172
62.705679 1198 4172
62.713450 1198 4172
62.713494 1198 4172
62.713532 1198 4172
62.713571 1198 4172
62.721623 1198 4172
62.721682 734 4172
62.721730 1198 4172
62.721773 1198 4172
62.729464 1198 4172
62.729517 1198 4172
62.729564 1198 4172
62.733498 1198 4172
62.733563 1198 4172
62.733594 1198 4172
62.745421 1022 4172
62.745489 1198 4172
62.745520 1198 4172
62.753444 1198 4172
62.753489 1198 4172
62.753510 1198 4172
62.753537 1198 4172
62.761477 398 4172
62.761523 1198 4172
62.761570 1198 4172
62.769441 1198 4172
62.769469 1198 4172
62.769498 1198 4172
62.769528 1198 4172
62.777532 1198 4172
62.777570 1198 4172
62.777608 1198 4172
62.777636 1198 4172
62.785445 1198 4172
62.785467 878 4172
62.785499 1198 4172
62.785531 1198 4172
62.793406 1198 4172
62.793433 1198 4172
62.793463 1198 4172
62.793491 1198 4172
62.801436 1198 4172
62.801462 1198 4172
62.801493 1198 4172
62.801522 1198 4172
62.809441 1102 4172
62.809471 1198 4172
62.809502 1198 4172
62.809530 1198 4172
62.817434 1198 4172
62.817454 1198 4172
62.817485 1198 4172
62.817513 366 4172
62.821403 830 4172
62.821448 1198 4172
62.821476 1198 4172
62.821503 1198 4172
62.833437 1198 4172
62.833472 1198 4172
62.833496 830 4172
62.833526 1198 4172
62.833552 1198 4172
62.841965 1198 4172
62.852002 1198 4172
62.852167 1198 4172
62.852203 1198 4172
62.852250 1198 4172
62.857578 798 4172
62.857611 1198 4172
62.857645 1198 4172
62.857675 1198 4172
62.857701 1198 4172
62.857725 1198 4172
62.865523 1198 4172
62.865560 1198 4172
62.865589 238 4172
62.865618 1198 4172
62.873395 1198 4172
62.873436 1198 4172
62.873465 1198 4172
62.873493 1198 4172
62.881612 1198 4172
62.881645 1198 4172
62.881680 1198 4172
62.881712 1198 4172
62.890085 766 4172
62.890119 1198 4172
62.890151 1198 4172
62.890179 1198 4172
62.897550 1198 4172
62.897589 1198 4172
62.897617 1198 4172
62.897647 1198 4172
62.905528 1198 4172
62.905557 1198 4172
62.905584 1198 4172
62.905611 1198 4172
62.919769 1198 4172
62.919806 1198 4172
62.919844 1198 4172
62.921391 1198 4172
62.921419 1198 4172
62.921462 1198 4172
62.921492 1198 4172
62.930072 318 4172
62.930102 1198 4172
62.930129 1198 4172
62.930156 1198 4172
62.930182 1198 4172
62.937473 574 4172
62.937505 1198 4172
62.937545 1198 4172
62.949110 1198 4172
62.949164 1198 4172
62.949188 1102 4172
62.949217 1198 4172
62.949272 1198 4172
62.953975 1198 4172
62.961607 1198 4172
62.961634 1198 4172
62.961665 1198 4172
62.961701 1198 4172
62.961733 1198 4172
62.961761 1182 4172
62.971661 1198 4172
62.971706 1198 4172
62.971735 110 4172
62.971767 1198 4172
62.971796 1198 4172
62.977939 1198 4172
62.977970 1198 4172
62.977998 1198 4172
62.978024 1198 4172
62.985559 1198 4172
62.985589 1198 4172
62.985621 1198 4172
62.985649 1022 4172
63.006420 1198 4172
63.008960 1198 4172
63.009128 1198 4172
63.009787 1198 4172
63.010269 1198 4172
63.017759 1198 4172
63.017836 1198 4172
63.017883 1198 4172
63.017914 1198 4172
63.017989 1198 4172
63.018019 1198 4172
63.018048 158 4172
63.018076 1198 4172
63.018104 1198 4172
63.018133 1198 4172
63.018159 1198 4172
63.018189 1198 4172
63.025677 1198 4172
63.025716 1198 4172
63.025743 1198 4172
63.025772 1198 4172
63.034293 1198 4172
63.034631 606 4172
63.034661 1198 4172
63.035489 1198 4172
63.041914 1198 4172
63.041940 1198 4172
63.041973 1198 4172
63.042001 1198 4172
63.049410 1198 4172
63.049447 1198 4172
63.049478 798 4172
63.049509 1198 4172
63.049537 1198 4172
63.059721 126 4172
63.060716 1198 4172
63.060752 1198 4172
63.068921 1198 4172
63.072423 1198 4172
63.076477 798 4172
63.078488 1198 4172
63.082641 1198 4172
63.083116 1198 4172
63.083537 1198 4172
63.083659 1198 4172
63.083785 1198 4172
63.083821 1006 4172
63.083852 1198 4172
63.083881 1198 4172
63.083908 1198 4172
63.086161 1198 4172
63.086200 1198 4172
63.086233 1198 4172
63.086259 1118 4172
63.097540 1198 4172
63.097598 1198 4172
63.097620 1198 4172
63.097646 606 4172
63.097674 366 4172
63.105784 1198 4172
63.105822 1198 4172
63.105864 1198 4172
63.105891 1198 4172
63.113504 1198 4172
63.113530 814 4172
63.113560 1198 4172
63.113585 1198 4172
63.113610 1198 4172
63.124092 1198 4172
63.124136 1198 4172
63.124163 1198 4172
63.130311 1198 4172
63.130402 414 4172
63.130558 1198 4172
63.130587 1198 4172
63.130614 1198 4172
63.138875 1198 4172
63.138912 1198 4172
63.138940 638 4172
63.138964 1198 4172
63.138989 1198 4172
63.145443 238 4172
63.145474 1198 4172
63.145506 1198 4172
63.145535 1198 4172
63.153509 1198 4172
63.153537 846 4172
63.153570 1198 4172
63.153620 1198 4172
63.153658 1198 4172
63.161461 1198 4172
63.161491 1198 4172
63.161526 318 4172
63.172950 1198 4172
63.173009 1198 4172
63.173030 1198 4172
63.173100 1198 4172
63.173133 1198 4172
63.174813 1198 4172
63.174852 1198 4172
63.189764 1198 4172
63.190439 1198 4172
63.190484 1198 4172
63.190582 830 4172
63.193431 1198 4172
63.193464 1198 4172
63.193498 1198 4172
63.193524 1198 4172
63.201580 1198 4172
63.201607 1198 4172
63.201631 1198 4172
63.201657 1198 4172
63.209463 862 4172
63.209500 1198 4172
63.209532 750 4172
63.209562 1198 4172
63.226122 1198 4172
63.226159 1198 4172
63.226198 1198 4172
63.226225 1198 4172
63.226252 1198 4172
63.238330 1198 4172
63.238368 1198 4172
63.238396 174 4172
63.238423 1198 4172
63.238456 1198 4172
63.238489 1198 4172
63.238510 1198 4172
63.238539 110 4172
63.238571 1198 4172
63.238603 1198 4172
63.241544 846 4172
63.241764 1198 4172
63.241799 1198 4172
63.254134 1198 4172
63.254183 1198 4172
63.254212 1198 4172
63.254239 942 4172
63.257821 1198 4172
63.257861 1198 4172
63.257889 1198 4172
63.266636 1198 4172
63.266865 286 4172
63.266895 1198 4172
63.266922 1198 4172
63.266947 1198 4172
63.273385 1198 4172
63.273416 1198 4172
63.273446 670 4172
63.273478 1198 4172
63.273505 1198 4172
63.288716 1198 4172
63.289823 1198 4172
63.290465 910 4172
63.290584 1198 4172
63.290631 1198 4172
63.302195 1198 4172
63.302239 574 4172
63.302269 958 4172
63.302299 270 4172
63.302327 190 4172
63.302354 190 4172
63.302378 190 4172
63.302407 190 4172
63.302432 1198 4172
63.302458 1198 4172
63.308319 1006 4172
63.308371 1198 4172
63.308401 1198 4172
63.308429 846 4172
63.318117 1198 4172
63.318201 1198 4172
63.318231 1198 4172
63.324875 846 4172
63.324913 110 4172
63.324947 1198 4172
63.324975 1198 4172
63.325004 1198 4172
63.329429 1198 4172
63.329467 1198 4172
63.329498 1198 4172
63.341197 1198 4172
63.342721 542 4172
63.343832 1198 4172
63.344361 1198 4172
63.344419 686 4172
63.352741 1198 4172
63.353153 590 4172
63.354830 190 4172
63.354901 190 4172
63.354927 190 4172
63.354955 1198 4172
63.355008 1198 4172
63.361372 1198 4172
63.361410 1198 4172
63.361439 238 4172
63.361468 222 4172
63.361496 174 4172
63.361530 174 4172
63.361550 174 4172
63.361577 174 4172
63.361604 1198 4172
63.369400 1198 4172
63.369431 526 4172
63.369463 1198 4172
63.369491 1198 4172
63.377463 1198 4172
63.377497 110 4172
63.377530 1198 4172
63.385400 1198 4172
63.385436 766 4172
63.385467 1198 4172
63.393011 1198 4172
63.393047 1198 4172
63.393083 1198 4172
63.393109 1198 4172
63.396054 60 60000
63.401753 1198 4172
63.402139 158 4172
63.402175 1198 4172
63.402212 1198 4172
63.409992 1198 4172
63.410028 1198 4172
63.410058 1198 4172
63.417411 1198 4172
63.417445 110 4172
63.417474 286 4172
63.417501 1198 4172
63.417529 1198 4172
63.425413 878 4172
63.425444 1198 4172
63.425474 974 4172
63.425502 174 4172
63.425534 174 4172
63.425564 174 4172
63.425594 1198 4172
63.433463 1198 4172
63.433490 1198 4172
63.433519 1198 4172
63.478609 462 4172
63.478628 174 4172
63.523921 110 4172
63.523938 110 4172
63.608749 126 4172
63.608794 126 4172
63.609335 110 4172
63.652044 174 4172
63.653313 1198 4172
63.653350 1198 4172
63.653383 254 4172
63.653419 302 4172
63.653447 158 4172
63.653478 238 4172
63.697434 126 4172
63.741704 1182 4172
63.765424 286 4172
63.778735 110 4172
63.785388 126 4172
63.829464 1198 4172
63.829499 1198 4172
63.829552 222 4172
63.873451 1198 4172
63.873477 1198 4172
63.873523 1198 4172
63.873558 1198 4172
63.873600 270 4172
63.912337 1198 4172
63.912369 1198 4172
63.912406 1198 4172
63.912443 1198 4172
63.912484 718 4172
63.917694 1198 4172
63.917747 1198 4172
63.917796 1198 4172
63.917834 894 4172
64.086040 1198 4172
64.086126 1086 4172
64.093780 1198 4172
64.106015 1198 4172
64.106103 414 4172
64.118349 430 4172
64.137443 1198 4172
64.137487 1198 4172
64.181456 222 4172
64.308848 110 4172
64.313443 110 4172
64.445752 110 4172
64.577549 110 4172
64.841568 110 4172
65.105707 110 4172
65.325595 110 4172
65.408845 110 4172
65.413699 110 4172
65.677816 110 4172
65.941415 110 4172
66.201465 110 4172
66.333567 110 4172
66.421417 110 4172
66.465400 110 4172
66.729677 110 4172
67.345411 110 4172
67.433461 110 4172
68.437495 110 4172
69.089463 222 4172
69.133355 110 4172
69.309342 110 4172
69.358635 174 4172
69.390016 414 4172
69.401404 126 4172
69.445512 110 4172
69.489368 110 4172
69.489457 110 4172
69.525671 126 4172
69.529883 1198 4172
69.529922 1198 4172
69.529955 238 4172
69.529985 318 4172
69.533222 174 4172
69.533256 174 4172
69.533285 1198 4172
69.533313 254 4172
69.533341 1198 4172
69.533370 526 4172
69.538616 174 4172
69.538639 1198 4172
69.538668 1198 4172
69.538696 1198 4172
69.538723 126 4172
69.538752 1198 4172
69.538790 1198 4172
69.538818 1198 4172
69.538844 1198 4172
69.542253 1198 4172
69.542285 1198 4172
69.542313 1198 4172
69.542340 1198 4172
69.542367 1198 4172
69.542394 238 4172
69.542429 1198 4172
69.542457 1198 4172
69.542483 1198 4172
69.542509 382 4172
69.549331 1198 4172
69.549373 1198 4172
69.549404 1198 4172
69.549432 894 4172
69.549462 1198 4172
69.549489 990 4172
69.553393 814 4172
69.553439 190 4172
69.553466 190 4172
69.553495 190 4172
69.553524 1198 4172
69.553553 1198 4172
69.553584 1198 4172
69.553614 1198 4172
69.553642 910 4172
69.561395 1198 4172
69.561447 1198 4172
69.561488 1198 4172
69.569406 1198 4172
69.569456 1198 4172
69.577465 1198 4172
69.577513 1198 4172
69.577553 1198 4172
69.577589 238 4172
69.621484 1198 4172
69.621604 1198 4172
69.621648 254 4172
69.621691 1198 4172
69.682573 1198 4172
69.682644 1198 4172
69.682681 254 4172
69.694523 1198 4172
69.694607 1198 4172
69.694644 1198 4172
69.694679 1198 4172
69.694730 238 4172
69.694769 254 4172
69.702449 1198 4172
69.702497 1198 4172
69.702533 1198 4172
69.702569 1198 4172
69.702603 638 4172
69.709273 1198 4172
69.709316 1198 4172
69.709382 830 4172
69.721865 1198 4172
69.721943 1134 4172
69.721982 110 4172
69.734099 1198 4172
69.734152 222 4172
69.743431 1070 4172
69.743481 1198 4172
69.750132 1182 4172
69.753327 1198 4172
69.753374 302 4172
69.797425 1198 4172
69.797513 798 4172
70.017438 110 4172
70.281411 110 4172
70.325386 110 4172
70.413375 110 4172
70.545460 110 4172
70.805500 110 4172
71.065376 110 4172
71.329488 110 4172
71.329576 110 4172
71.417307 110 4172
71.593540 110 4172
72.341417 110 4172
72.430353 110 4172
73.349435 110 4172
73.437373 110 4172
74.308943 110 4172
74.309307 110 4172
74.441347 110 4172
75.321341 110 4172
75.409200 110 4172
76.329378 110 4172
76.417237 110 4172
76.989326 110 4172
77.341331 110 4172
77.429203 110 4172
78.345320 110 4172
79.309203 110 4172
79.441343 110 4172
79.657354 110 4172
80.317300 110 4172
80.449288 110 4172
81.329371 110 4172
81.417208 110 4172
82.341369 110 4172
82.385340 110 4172
82.429237 110 4172
83.309228 110 4172
83.437916 110 4172
83.632122 1198 4172
83.632179 1198 4172
83.632230 1198 4172
83.632271 1198 4172
83.632307 1198 4172
83.632342 1198 4172
83.632377 1198 4172
83.632413 1198 4172
83.632448 1198 4172
83.632482 1198 4172
83.632516 1198 4172
83.632552 206 4172
83.640435 1198 4172
83.640492 1198 4172
83.640539 1198 4172
83.640579 1198 4172
83.640618 1198 4172
83.640655 1198 4172
83.640693 1198 4172
83.640730 1198 4172
83.640768 1198 4172
83.640806 1198 4172
83.640843 1198 4172
83.640880 814 4172
83.649305 1198 4172
83.649367 1198 4172
83.649406 1198 4172
83.649445 1198 4172
83.649485 1198 4172
83.649526 1198 4172
83.649563 1198 4172
83.649600 1198 4172
83.649637 1198 4172
83.649673 1198 4172
83.649765 60 60000
83.657167 1198 4172
83.657223 638 4172
83.657266 1198 4172
83.657307 1198 4172
83.657349 1198 4172
83.657389 1198 4172
83.657429 1198 4172
83.669309 1198 4172
83.669367 1198 4172
83.669412 1198 4172
83.669443 1198 4172
83.677408 1198 4172
83.677486 1198 4172
83.677547 606 4172
83.677586 1198 4172
83.687595 1198 4172
83.687658 1198 4172
83.687699 1198 4172
83.687742 1198 4172
83.693226 1198 4172
83.693286 1198 4172
83.693337 1198 4172
83.701355 1198 4172
83.701398 1198 4172
83.701442 1198 4172
83.701473 1198 4172
83.709341 1134 4172
83.709392 1198 4172
83.709437 1198 4172
83.709474 1198 4172
83.717275 1198 4172
83.717317 1198 4172
83.717359 1198 4172
83.725283 1198 4172
83.725329 1198 4172
83.725365 1198 4172
83.725400 1198 4172
83.733317 1198 4172
83.733349 622 4172
83.733386 1198 4172
83.733429 1198 4172
83.741179 1198 4172
83.741214 1198 4172
83.745199 1198 4172
83.745270 1198 4172
83.745312 1198 4172
83.745347 1198 4172
83.757235 1198 4172
83.757278 910 4172
83.757305 1198 4172
83.757336 1198 4172
83.766782 1198 4172
83.766810 1198 4172
83.766834 1198 4172
83.773220 1198 4172
83.773251 1198 4172
83.773283 1198 4172
83.773316 1198 4172
83.782611 1198 4172
83.782644 1198 4172
83.782671 1198 4172
83.782698 1198 4172
83.789226 1198 4172
83.789281 542 4172
83.789314 1198 4172
83.799642 1198 4172
83.800078 1198 4172
83.800108 1198 4172
83.805321 1198 4172
83.805371 1198 4172
83.805412 1198 4172
83.805451 1198 4172
83.813326 1198 4172
83.813368 1198 4172
83.813405 1198 4172
83.813440 1198 4172
83.821226 1198 4172
83.821278 1198 4172
83.829350 1198 4172
83.829385 1198 4172
83.829417 1198 4172
83.833140 1198 4172
83.833244 1198 4172
83.845447 1198 4172
83.845555 1198 4172
83.853244 1166 4172
83.853284 1198 4172
83.861296 1198 4172
83.869235 1198 4172
83.869309 1198 4172
83.877330 1198 4172
83.877381 462 4172
83.877419 1198 4172
83.885204 1198 4172
83.885240 1198 4172
83.893303 1198 4172
83.893335 1198 4172
83.901251 1198 4172
83.901288 1198 4172
83.909341 1198 4172
83.909371 1198 4172
83.909397 1198 4172
83.917191 1198 4172
83.917264 1198 4172
83.921239 1198 4172
83.921275 1198 4172
83.933233 1118 4172
83.933257 1198 4172
83.933286 1198 4172
83.941263 1198 4172
83.941297 1198 4172
83.957523 1198 4172
83.959450 110 4172
83.959490 1198 4172
83.965181 1198 4172
83.965222 1198 4172
83.965253 1198 4172
83.965281 1198 4172
83.965309 686 4172
83.973457 1198 4172
83.973501 1198 4172
83.981254 1198 4172
83.981288 1198 4172
83.981318 1198 4172
83.990552 1198 4172
83.990591 1198 4172
83.997625 1198 4172
83.997646 798 4172
84.005397 1198 4172
84.005423 1198 4172
84.005457 1198 4172
84.011579 1198 4172
84.011616 1198 4172
84.021275 1198 4172
84.021302 1198 4172
84.029409 1198 4172
84.029438 1198 4172
84.037326 350 4172
84.037362 1198 4172
84.037394 1198 4172
84.045263 1198 4172
84.045322 1198 4172
84.054302 1198 4172
84.054449 1198 4172
84.061270 1198 4172
84.061303 1198 4172
84.069687 1198 4172
84.071219 1198 4172
84.071795 382 4172
84.077435 1198 4172
84.077804 1198 4172
84.087160 1198 4172
84.087600 1198 4172
84.096271 1198 4172
84.096331 1198 4172
84.099236 1198 4172
84.099307 1198 4172
84.118319 1198 4172
84.118341 1198 4172
84.118374 1006 4172
84.118404 1198 4172
84.118432 1198 4172
84.125230 1198 4172
84.125273 1198 4172
84.139450 1198 4172
84.139483 1198 4172
84.139511 1198 4172
84.139553 1198 4172
84.153070 1198 4172
84.154273 1198 4172
84.157759 1198 4172
84.157792 126 4172
84.157823 1198 4172
84.157852 1198 4172
84.157885 1198 4172
84.166984 1198 4172
84.169829 846 4172
84.170389 1198 4172
84.173233 1198 4172
84.173266 1198 4172
84.181938 1198 4172
84.182069 1198 4172
84.190111 1198 4172
84.190305 174 4172
84.190527 1198 4172
84.197335 1198 4172
84.197370 1198 4172
84.197408 1198 4172
84.206187 110 4172
84.206222 1198 4172
84.206244 1198 4172
84.218279 974 4172
84.218321 1198 4172
84.221287 1198 4172
84.221320 1198 4172
84.221345 1198 4172
84.229306 1198 4172
84.229337 1198 4172
84.237226 1198 4172
84.237254 718 4172
84.237288 1198 4172
84.247147 1198 4172
84.247198 1198 4172
84.253631 1198 4172
84.253703 1198 4172
84.253733 1198 4172
84.261336 1198 4172
84.261365 1198 4172
84.270190 1102 4172
84.270281 1198 4172
84.275407 1198 4172
84.275448 1198 4172
84.275482 1198 4172
84.285746 1198 4172
84.293714 1198 4172
84.293718 574 4172
84.293743 1198 4172
84.301329 1198 4172
84.301355 1198 4172
84.310293 1198 4172
84.310330 1198 4172
84.310360 1198 4172
84.317246 1198 4172
84.317292 174 4172
84.317319 110 4172
84.317347 1198 4172
84.325878 1198 4172
84.326046 1198 4172
84.334875 1198 4172
84.334901 1198 4172
84.334930 1198 4172
84.341347 1198 4172
84.341577 1198 4172
84.352364 1070 4172
84.352397 1198 4172
84.352429 1198 4172
84.358441 1198 4172
84.358497 1198 4172
84.367655 1198 4172
84.367690 1198 4172
84.374218 1198 4172
84.374280 1198 4172
84.374318 1198 4172
84.378750 478 4172
84.378794 1198 4172
84.378824 1198 4172
84.398645 1198 4172
84.400332 1198 4172
84.405419 1198 4172
84.405594 1198 4172
84.405631 1198 4172
84.405658 1198 4172
84.405685 990 4172
84.416900 1198 4172
84.417016 1198 4172
84.417149 1198 4172
84.417479 60 60000
84.421905 1198 4172
84.422017 110 4172
84.422053 1198 4172
84.438288 1198 4172
84.438450 1198 4172
84.445274 1198 4172
84.445412 1086 4172
84.445446 1198 4172
84.445476 1198 4172
84.445505 1198 4172
84.454254 1198 4172
84.454283 1198 4172
84.461252 1198 4172
84.461317 1198 4172
84.461345 1198 4172
84.471471 1198 4172
84.471604 1198 4172
84.475705 1198 4172
84.475747 110 4172
84.475810 1198 4172
84.485671 1198 4172
84.485705 142 4172
84.485737 1198 4172
84.493269 1198 4172
84.493333 1198 4172
84.501505 1198 4172
84.501587 1198 4172
84.509213 1198 4172
84.509252 270 4172
84.509288 1198 4172
84.509318 1198 4172
84.517970 1198 4172
84.517995 1198 4172
84.529270 1198 4172
84.529302 110 4172
84.529337 1198 4172
84.533520 1198 4172
84.533559 462 4172
84.533592 1198 4172
84.541216 1198 4172
84.541255 1198 4172
84.541287 1198 4172
84.549292 1182 4172
84.549331 686 4172
84.557994 270 4172
84.558041 174 4172
84.558071 174 4172
84.558098 174 4172
84.558126 1198 4172
84.558156 1198 4172
84.562437 1198 4172
84.562491 1198 4172
84.562520 1198 4172
84.573317 1198 4172
84.573335 1198 4172
84.585054 398 4172
84.585543 1198 4172
84.585580 1198 4172
84.585628 1198 4172
84.589220 1198 4172
84.597244 1198 4172
84.597260 1198 4172
84.597292 1198 4172
84.605234 638 4172
84.605272 1198 4172
84.605298 1198 4172
84.620415 1198 4172
84.620459 1198 4172
84.621223 1198 4172
84.621843 1198 4172
84.629332 1198 4172
84.629357 1198 4172
84.629387 558 4172
84.637207 1198 4172
84.637238 1198 4172
84.637266 1198 4172
84.646819 1198 4172
84.647116 1198 4172
84.650693 1198 4172
84.650831 1198 4172
84.662688 1198 4172
84.664283 558 4172
84.664332 1198 4172
84.669214 1198 4172
84.669262 1198 4172
84.669295 1198 4172
84.680384 1198 4172
84.683669 1198 4172
84.683744 1198 4172
84.685219 1198 4172
84.685261 670 4172
84.695154 1198 4172
84.695430 1198 4172
84.701200 1198 4172
84.701234 1198 4172
84.701266 1198 4172
84.709444 1198 4172
84.709512 1198 4172
84.717204 1198 4172
84.717228 798 4172
84.717263 1198 4172
84.725546 1198 4172
84.725643 1198 4172
84.733225 110 4172
84.733252 1198 4172
84.733284 1198 4172
84.733320 1198 4172
84.737133 1198 4172
84.737159 990 4172
84.749205 1198 4172
84.749245 1198 4172
84.757447 1198 4172
84.757480 1198 4172
84.757514 1198 4172
84.765210 1198 4172
84.765236 1054 4172
84.773533 1198 4172
84.773568 1198 4172
84.773601 1198 4172
84.781181 878 4172
84.781228 174 4172
84.781260 174 4172
84.781300 1198 4172
84.789458 1198 4172
84.789546 1198 4172
84.797241 1198 4172
84.797274 430 4172
84.797309 894 4172
84.797339 1198 4172
84.805404 1198 4172
84.805459 254 4172
84.805602 302 4172
84.805636 1198 4172
84.813203 1198 4172
84.813235 606 4172
84.813265 238 4172
84.821409 1198 4172
84.825154 1198 4172
84.825186 1198 4172
84.837413 414 4172
84.837497 1198 4172
84.837727 1198 4172
84.845293 1198 4172
84.845320 1198 4172
84.845350 1198 4172
84.853439 1198 4172
84.853502 1198 4172
84.861195 446 4172
84.861241 1198 4172
84.869600 1198 4172
84.877391 1198 4172
84.877442 1198 4172
84.877527 1198 4172
84.885798 1006 4172
84.885839 1198 4172
84.885888 1198 4172
84.893241 1198 4172
84.893284 1198 4172
84.901438 1198 4172
84.901496 1198 4172
84.909255 1198 4172
84.909303 1198 4172
84.913239 654 4172
84.913288 1198 4172
84.913327 1198 4172
84.913367 1198 4172
84.925299 1198 4172
84.925470 1198 4172
84.948494 734 4172
84.957132 1198 4172
84.957190 1198 4172
84.957230 1198 4172
84.957284 1198 4172
84.957349 1198 4172
84.957407 1198 4172
84.957465 350 4172
84.997385 1166 4172
85.001211 110 4172
85.045394 926 4172
85.173436 1198 4172
85.194292 1070 4172
85.201912 1198 4172
85.201963 1198 4172
85.202011 1198 4172
85.202058 814 4172
85.213995 1198 4172
85.217250 1198 4172
85.217300 830 4172
85.233832 1198 4172
85.233905 446 4172
85.242104 1198 4172
85.242152 542 4172
85.253766 1198 4172
85.253815 1198 4172
85.253853 894 4172
85.253892 718 4172
85.261104 1198 4172
85.261149 286 4172
85.273942 1198 4172
85.273985 1198 4172
85.274023 1198 4172
85.274061 110 4172
85.274101 974 4172
85.286205 1198 4172
85.286244 1198 4172
85.286281 142 4172
85.299509 1198 4172
85.299606 430 4172
85.299648 1198 4172
85.305238 1198 4172
85.305281 766 4172
85.349582 334 4172
85.349718 110 4172
85.437492 110 4172
85.525449 110 4172
85.569217 110 4172
85.569271 110 4172
85.569317 110 4172
85.833227 110 4172
86.097348 110 4172
86.317212 110 4172
86.361280 110 4172
86.449261 110 4172
86.621247 110 4172
86.877178 110 4172
87.185095 110 4172
87.317395 110 4172
87.405142 110 4172
87.449282 110 4172
87.713257 110 4172
87.977513 110 4172
88.329257 110 4172
88.417098 110 4172
89.329271 110 4172
89.417478 110 4172
90.325249 110 4172
90.413204 110 4172
90.633196 110 4172
91.333118 110 4172
91.421127 110 4172
92.337173 110 4172
92.425200 110 4172
93.333181 110 4172
93.421160 110 4172
94.341177 110 4172
94.429128 110 4172
95.161794 174 4172
95.161813 174 4172
95.171061 174 4172
95.171122 1198 4172
95.171180 1198 4172
95.171244 1198 4172
95.171291 1198 4172
95.171332 1198 4172
95.171372 1198 4172
95.171421 1198 4172
95.171461 382 4172
95.173117 1198 4172
95.173215 1198 4172
95.173259 1198 4172
95.173302 1198 4172
95.173344 1198 4172
95.173386 638 4172
95.186999 366 4172
95.187046 1198 4172
95.187092 1198 4172
95.187134 1198 4172
95.187185 1198 4172
95.187227 1198 4172
95.187269 1198 4172
95.187311 1198 4172
95.187350 1198 4172
95.187392 622 4172
95.193084 1198 4172
95.193124 1198 4172
95.193161 1198 4172
95.201175 1198 4172
95.201223 1198 4172
95.209189 1198 4172
95.209281 1198 4172
95.209330 1198 4172
95.217129 1198 4172
95.225131 558 4172
95.225186 1198 4172
95.225230 1198 4172
95.233166 1198 4172
95.233211 1198 4172
95.233252 1198 4172
95.241178 1198 4172
95.241245 1198 4172
95.249127 1198 4172
95.249177 878 4172
95.249221 1198 4172
95.257197 1198 4172
95.257247 1198 4172
95.257296 1198 4172
95.261078 1198 4172
95.261128 1198 4172
95.261184 1198 4172
95.273208 1198 4172
95.273254 1198 4172
95.281099 926 4172
95.281144 1198 4172
95.281185 1198 4172
95.289364 1198 4172
95.289368 1198 4172
95.289370 1198 4172
95.297160 1198 4172
95.297197 1198 4172
95.305395 990 4172
95.305479 1198 4172
95.305524 1198 4172
95.313326 1198 4172
95.313372 1198 4172
95.321156 1198 4172
95.321211 110 4172
95.321258 1118 4172
95.329085 1198 4172
95.329129 1198 4172
95.329170 1198 4172
95.337142 846 4172
95.337187 174 4172
95.337230 174 4172
95.337268 222 4172
95.337316 1198 4172
95.345277 1198 4172
95.345317 1198 4172
95.345354 1198 4172
95.349063 1198 4172
95.349103 1198 4172
95.361079 1198 4172
95.361128 1198 4172
95.361174 1198 4172
95.369188 142 4172
95.369236 1198 4172
95.369279 1198 4172
95.377273 1198 4172
95.377328 1198 4172
95.377372 1198 4172
95.385158 1182 4172
95.385249 1198 4172
95.385302 1198 4172
95.393180 1198 4172
95.393812 1198 4172
95.401159 1198 4172
95.401206 1198 4172
95.401249 1006 4172
95.409225 1198 4172
95.409293 1198 4172
95.409341 1198 4172
95.417072 1198 4172
95.417113 1198 4172
95.425165 110 4172
95.425216 1198 4172
95.425256 1198 4172
95.425294 1118 4172
95.433049 1198 4172
95.437129 1198 4172
95.437171 1198 4172
95.437209 1198 4172
95.449210 110 4172
95.449250 1198 4172
95.449294 1198 4172
95.449337 1198 4172
95.457233 222 4172
95.457279 1198 4172
95.457321 1198 4172
95.465167 1198 4172
95.465219 1198 4172
95.473160 1198 4172
95.473206 1198 4172
95.481229 1198 4172
95.481272 1054 4172
95.481321 1198 4172
95.489089 1198 4172
95.489132 1198 4172
95.497211 1198 4172
95.497252 1198 4172
95.505159 1198 4172
95.505207 1198 4172
95.505247 366 4172
95.513261 1198 4172
95.513311 1198 4172
95.521143 1198 4172
95.521196 1198 4172
95.521244 1198 4172
95.525125 110 4172
95.525169 1198 4172
95.525207 1198 4172
95.525244 494 4172
95.537205 1198 4172
95.537253 1198 4172
95.545145 1198 4172
95.545187 1198 4172
95.545230 1198 4172
95.553091 894 4172
95.553151 1198 4172
95.553194 1198 4172
95.561180 814 4172
95.561222 158 4172
95.561261 1182 4172
95.569125 1198 4172
95.569169 158 4172
95.586072 1198 4172
95.586121 814 4172
95.609323 1198 4172
95.609370 1198 4172
95.609413 1198 4172
95.609452 1198 4172
95.609516 1198 4172
95.609561 494 4172
95.613100 110 4172
95.613142 1198 4172
95.709410 110 4172
95.741230 110 4172
95.785139 1198 4172
95.829126 110 4172
95.917120 110 4172
96.005168 110 4172
96.265293 110 4172
96.353169 110 4172
96.441153 110 4172
96.529228 110 4172
96.793137 110 4172
97.097316 110 4172
97.361171 110 4172
97.449197 110 4172
97.625173 110 4172
97.889159 110 4172
98.153168 110 4172
98.325136 110 4172
98.413134 110 4172
99.333124 110 4172
99.421069 110 4172
100.325163 110 4172
100.413179 110 4172
100.893200 110 4172
101.333311 110 4172
101.421143 110 4172
102.429197 110 4172
102.517149 398 4172
102.517165 318 4172
103.353172 110 4172
103.437207 110 4172
103.569064 110 4172
104.313050 110 4172
104.469157 110 4172
104.527135 1198 4172
104.527138 1198 4172
104.527169 1198 4172
104.527197 1198 4172
104.527221 1198 4172
104.527247 1198 4172
104.527279 1198 4172
104.527316 1198 4172
104.527345 1198 4172
104.527370 398 4172
104.535242 1198 4172
104.535271 1198 4172
104.535306 1198 4172
104.535335 1198 4172
104.535364 1198 4172
104.535392 1198 4172
104.535437 446 4172
104.546088 1198 4172
104.546112 1198 4172
104.546141 1198 4172
104.546167 1198 4172
104.546192 1198 4172
104.546217 1198 4172
104.546244 894 4172
104.549097 1198 4172
104.549139 1198 4172
104.549174 1198 4172
104.549205 1198 4172
104.549235 1198 4172
104.549265 1198 4172
104.557102 1198 4172
104.557126 1198 4172
104.560919 158 4172
104.560945 1198 4172
104.560974 1198 4172
104.573120 1198 4172
104.573140 1198 4172
104.573169 1198 4172
104.581007 1198 4172
104.581034 1198 4172
104.589116 1198 4172
104.589157 1198 4172
104.589196 1198 4172
104.597113 1198 4172
104.597157 1198 4172
104.597198 1198 4172
104.605102 1198 4172
104.605142 606 4172
104.605181 1198 4172
104.613034 1198 4172
104.613070 1198 4172
104.613102 1198 4172
104.621130 1198 4172
104.621162 1198 4172
104.621197 1198 4172
104.629137 1198 4172
104.629184 1198 4172
104.637063 1198 4172
104.637111 1198 4172
104.637209 1198 4172
104.645096 686 4172
104.645142 1198 4172
104.645196 1198 4172
104.649066 1198 4172
104.661128 1198 4172
104.661278 1198 4172
104.661364 1198 4172
104.669120 1198 4172
104.669166 1198 4172
104.669204 1198 4172
104.677116 1070 4172
104.677167 1198 4172
104.683146 60 60000
104.685029 1198 4172
104.685076 1198 4172
104.692955 1198 4172
104.692991 1198 4172
104.701006 1198 4172
104.709072 1198 4172
104.717175 1198 4172
104.725081 1198 4172
104.733122 1198 4172
104.737053 1198 4172
104.749033 1198 4172
104.749060 1198 4172
104.757129 1198 4172
104.765076 1198 4172
104.773083 1198 4172
104.781093 1198 4172
104.789130 174 4172
104.789155 1198 4172
104.797123 1198 4172
104.805105 1198 4172
104.813154 1198 4172
104.821095 1198 4172
104.825103 1198 4172
104.837096 1198 4172
104.845250 1198 4172
104.853039 1198 4172
104.861142 1198 4172
104.869089 1198 4172
104.877107 110 4172
104.893155 1198 4172
104.901062 1198 4172
104.909250 1198 4172
104.912974 1198 4172
104.925051 1198 4172
104.933022 1198 4172
104.933057 1198 4172
104.941017 1198 4172
104.949032 1198 4172
104.965037 1198 4172
104.973150 1198 4172
104.981038 1198 4172
104.989037 1198 4172
104.997041 1198 4172
104.997083 1198 4172
105.001042 590 4172
105.013067 1198 4172
105.021045 1198 4172
105.029069 1198 4172
105.029092 1198 4172
105.045131 1198 4172
105.055824 1198 4172
105.061335 1198 4172
105.069034 1198 4172
105.077130 1198 4172
105.095579 1198 4172
105.101989 1198 4172
105.102870 1054 4172
105.102897 1198 4172
105.109152 1198 4172
105.118298 1118 4172
105.125167 1198 4172
105.133144 1198 4172
105.141094 1198 4172
105.141129 1198 4172
105.146076 1198 4172
105.157510 110 4172
105.157556 1198 4172
105.175117 1198 4172
105.178145 1198 4172
105.181054 1198 4172
105.189859 1198 4172
105.209997 1198 4172
105.210791 1198 4172
105.213271 1198 4172
105.213292 1198 4172
105.221862 1198 4172
105.230999 1198 4172
105.237148 1198 4172
105.245434 126 4172
105.245479 1198 4172
105.253113 1198 4172
105.253151 1198 4172
105.262084 574 4172
105.270080 1198 4172
105.277084 1198 4172
105.277111 1198 4172
105.283584 1198 4172
105.302093 1198 4172
105.309098 1198 4172
105.317095 638 4172
105.317155 1198 4172
105.325181 1198 4172
105.333145 1198 4172
105.343366 1198 4172
105.343405 110 4172
105.350238 1198 4172
105.350266 1198 4172
105.357177 462 4172
105.370184 1198 4172
105.370266 1198 4172
105.381039 1198 4172
105.395160 1198 4172
105.397067 1198 4172
105.397333 1198 4172
105.411641 1198 4172
105.412832 1198 4172
105.416285 174 4172
105.423362 270 4172
105.426251 190 4172
105.426551 1198 4172
105.426719 1198 4172
105.429311 110 4172
105.429379 110 4172
105.442058 1070 4172
105.442755 1198 4172
105.445188 1198 4172
105.457652 1198 4172
105.461055 1198 4172
105.471923 142 4172
105.472005 1198 4172
105.479271 1198 4172
105.479294 1198 4172
105.482014 60 60000
105.486285 1198 4172
105.493068 126 4172
105.493113 1198 4172
105.501027 1198 4172
105.505961 1198 4172
105.517100 1198 4172
105.526036 254 4172
105.526161 110 4172
105.526188 1198 4172
105.533051 1198 4172
105.533106 1198 4172
105.541090 1198 4172
105.549058 238 4172
105.549085 1198 4172
105.557031 1198 4172
105.565118 1198 4172
105.573054 1198 4172
105.581096 1198 4172
105.581100 1198 4172
105.589040 1198 4172
105.605066 302 4172
105.605155 1198 4172
105.613032 1198 4172
105.621045 206 4172
105.621079 1198 4172
105.629076 1198 4172
105.637315 638 4172
105.639026 1198 4172
105.645114 1198 4172
105.653059 1198 4172
105.653123 1198 4172
105.661091 1198 4172
105.669092 1198 4172
105.677084 158 4172
105.677104 1198 4172
105.685111 1198 4172
105.694786 1198 4172
105.694807 1198 4172
105.698286 942 4172
105.709088 1198 4172
105.717054 1198 4172
105.725034 1198 4172
105.725075 1198 4172
105.733160 1118 4172
105.741053 1198 4172
105.749040 1198 4172
105.757132 1198 4172
105.765071 1198 4172
105.765090 1198 4172
105.773794 334 4172
105.775807 190 4172
105.781207 1198 4172
105.782860 1198 4172
105.785643 1198 4172
105.807494 174 4172
105.807518 174 4172
105.807588 1198 4172
105.813045 1198 4172
105.813086 1198 4172
105.822733 1198 4172
105.829038 894 4172
105.839105 286 4172
105.839134 1198 4172
105.845083 1198 4172
105.845123 1198 4172
105.855669 1198 4172
105.861008 878 4172
105.869122 1198 4172
105.869161 1198 4172
105.873067 1198 4172
105.885102 1198 4172
105.901102 1198 4172
105.901116 1198 4172
105.909044 1198 4172
105.925085 1198 4172
105.933082 526 4172
105.933175 1198 4172
105.941200 1198 4172
105.949048 1198 4172
105.957142 1198 4172
105.961338 1198 4172
105.973104 1198 4172
105.981145 110 4172
105.981172 542 4172
105.981208 1198 4172
105.989040 1198 4172
105.997082 1198 4172
105.997119 1198 4172
106.005025 1198 4172
106.013119 1198 4172
106.021103 574 4172
106.021190 1198 4172
106.029187 1198 4172
106.037072 1198 4172
106.045179 1198 4172
106.045215 1198 4172
106.049018 990 4172
106.061082 1198 4172
106.069093 1198 4172
106.069183 1198 4172
106.077160 1198 4172
106.085095 1198 4172
106.093098 1198 4172
106.101069 974 4172
106.101167 1198 4172
106.109099 1198 4172
106.117086 1198 4172
106.125177 1198 4172
106.125278 1198 4172
106.133064 1198 4172
106.137245 1198 4172
106.149113 1198 4172
106.157098 302 4172
106.157151 1198 4172
106.165045 1198 4172
106.165092 1198 4172
106.173063 1198 4172
106.181106 1198 4172
106.189102 1198 4172
106.197091 1198 4172
106.197142 542 4172
106.205077 1198 4172
106.205126 1198 4172
106.213065 1198 4172
106.225100 1198 4172
106.237151 1198 4172
106.237238 110 4172
106.245096 1198 4172
106.253128 430 4172
106.253172 1198 4172
106.261061 1198 4172
106.269077 1198 4172
106.277143 1198 4172
106.277181 1198 4172
106.285100 1198 4172
106.293065 1198 4172
106.301181 1198 4172
106.309101 1198 4172
106.309165 1198 4172
106.313295 846 4172
106.325073 174 4172
106.325180 1198 4172
106.333093 110 4172
106.333134 1198 4172
106.333175 1198 4172
106.341080 1198 4172
106.349084 430 4172
106.349177 1198 4172
106.357072 1198 4172
106.365070 270 4172
106.365171 302 4172
106.365203 1198 4172
106.373057 1198 4172
106.381092 1198 4172
106.389068 1198 4172
106.389117 526 4172
106.397078 1198 4172
106.401066 1198 4172
106.401147 1198 4172
106.413128 1198 4172
106.421067 846 4172
106.421119 1198 4172
106.429072 1198 4172
106.437058 110 4172
106.437141 1198 4172
106.445111 1198 4172
106.453057 1118 4172
106.453102 1198 4172
106.460989 1198 4172
106.469085 1198 4172
106.477141 1198 4172
106.485060 462 4172
106.485138 1198 4172
106.501096 1198 4172
106.509126 110 4172
106.509218 1198 4172
106.516963 1198 4172
106.517010 462 4172
106.525060 1198 4172
106.525111 110 4172
106.533038 1198 4172
106.533085 1198 4172
106.541052 1198 4172
106.549119 1198 4172
106.557070 1198 4172
106.557115 1198 4172
106.565055 446 4172
106.565105 1198 4172
106.573070 1198 4172
106.577022 1198 4172
106.589134 1198 4172
106.597058 1198 4172
106.597142 878 4172
106.605048 1198 4172
106.613101 1198 4172
106.613206 1198 4172
106.621045 1198 4172
106.629048 1198 4172
106.637101 1198 4172
106.637143 782 4172
106.644969 1198 4172
106.653053 1198 4172
106.661076 1198 4172
106.665173 1198 4172
106.677170 1198 4172
106.685066 1198 4172
106.685142 1070 4172
106.693045 1198 4172
106.701076 1198 4172
106.709087 1198 4172
106.709170 1198 4172
106.717106 1198 4172
106.725042 1198 4172
106.733069 1198 4172
106.733151 1198 4172
106.741040 222 4172
106.741080 1198 4172
106.749052 1198 4172
106.753012 1198 4172
106.765106 110 4172
106.765241 1198 4172
106.765245 1198 4172
106.773046 1198 4172
106.781066 1198 4172
106.789037 1102 4172
106.789080 1198 4172
106.797092 1198 4172
106.805055 1198 4172
106.813080 1198 4172
106.821087 1198 4172
106.829091 1198 4172
106.837102 1198 4172
106.837184 462 4172
106.841141 238 4172
106.841197 126 4172
106.841238 126 4172
106.841274 126 4172
106.849446 1198 4172
106.861480 142 4172
106.873593 126 4172
106.893598 126 4172
106.905593 142 4172
106.917497 126 4172
106.929102 126 4172
106.941662 1198 4172
106.953531 494 4172
106.953617 126 4172
106.966298 126 4172
106.973042 1198 4172
106.973080 622 4172
106.986423 1198 4172
106.986508 862 4172
106.998293 1198 4172
106.998332 942 4172
107.006405 1198 4172
107.006451 1006 4172
107.014493 1198 4172
107.014536 1198 4172
107.014574 254 4172
107.017155 1198 4172
107.017202 1198 4172
107.017240 942 4172
107.038560 1198 4172
107.038581 1198 4172
107.038667 1198 4172
107.038697 750 4172
107.038735 110 4172
107.038770 110 4172
107.038806 110 4172
107.050716 1198 4172
107.050746 1198 4172
107.050785 894 4172
107.061053 1198 4172
107.061056 1198 4172
107.061101 1198 4172
107.061140 942 4172
107.069102 1198 4172
107.069134 1198 4172
107.069171 1198 4172
107.069206 1198 4172
107.077131 206 4172
107.077167 1198 4172
107.089114 1198 4172
107.094269 238 4172
107.105053 1198 4172
107.105137 334 4172
107.114704 1198 4172
107.114799 1198 4172
107.114832 1086 4172
107.121042 1198 4172
107.129229 430 4172
107.129271 1198 4172
107.137081 1198 4172
107.145237 670 4172
107.145332 1198 4172
107.149020 1198 4172
107.161423 814 4172
107.169079 1198 4172
107.177215 1198 4172
107.177234 1198 4172
107.185047 1134 4172
107.193173 1198 4172
107.201084 1198 4172
107.201183 1198 4172
107.209160 1198 4172
107.217105 1198 4172
107.225322 414 4172
107.225368 1198 4172
107.233104 1198 4172
107.233192 1198 4172
107.237035 1198 4172
107.249137 1166 4172
107.257240 1198 4172
107.257361 1198 4172
107.265044 1198 4172
107.273167 1198 4172
107.281081 1198 4172
107.281159 1118 4172
107.289251 1198 4172
107.297093 1198 4172
107.305259 110 4172
107.305386 110 4172
107.305517 110 4172
107.305557 1198 4172
107.313069 1198 4172
107.313138 606 4172
107.321271 1198 4172
107.321360 110 4172
107.325062 1198 4172
107.325135 1198 4172
107.337305 1198 4172
107.345113 1198 4172
107.353190 974 4172
107.353282 1198 4172
107.361070 1198 4172
107.369349 1198 4172
107.369398 1198 4172
107.377096 1198 4172
107.385184 1198 4172
107.393079 382 4172
107.393128 1198 4172
107.401165 126 4172
107.401208 1198 4172
107.409267 1198 4172
107.413299 110 4172
107.545375 110 4172
107.589106 110 4172
107.589159 110 4172
107.589199 110 4172
107.897386 110 4172
107.897536 110 4172
107.897637 110 4172
108.161234 110 4172
108.333168 110 4172
108.409375 110 4172
108.421051 110 4172
108.685101 110 4172
108.949154 110 4172
109.213118 110 4172
109.345088 110 4172
109.433254 110 4172
110.049075 110 4172
110.345270 110 4172
110.433049 110 4172
111.353152 110 4172
111.441138 110 4172
112.316989 110 4172
112.449073 110 4172
112.537169 222 4172
112.625072 110 4172
112.669114 110 4172
112.805572 174 4172
112.849081 414 4172
112.905780 110 4172
112.936954 126 4172
112.969831 126 4172
112.980967 1198 4172
112.981006 1198 4172
112.981038 238 4172
112.981070 318 4172
112.981102 1198 4172
112.981133 1198 4172
112.981165 1198 4172
112.981196 1198 4172
112.981227 638 4172
112.989055 1198 4172
112.989093 1198 4172
112.989126 1198 4172
112.989157 1198 4172
112.997784 878 4172
112.997877 494 4172
112.997880 1198 4172
112.997913 1198 4172
113.005051 1198 4172
113.013027 1198 4172
113.021046 1166 4172
113.024969 1198 4172
113.025018 1198 4172
113.037040 1198 4172
113.045029 1198 4172
113.053017 1198 4172
113.053105 494 4172
113.061017 1198 4172
113.061065 1198 4172
113.069012 1198 4172
113.077001 1198 4172
113.093010 510 4172
113.093088 1198 4172
113.101030 1198 4172
113.101136 1198 4172
113.109035 1198 4172
113.112990 1198 4172
113.125055 478 4172
113.125134 1198 4172
113.133009 1198 4172
113.133053 1198 4172
113.141009 1198 4172
113.148979 1198 4172
113.157038 1198 4172
113.157108 926 4172
113.165005 494 4172
113.165072 1198 4172
113.173007 1198 4172
113.181028 1198 4172
113.189008 1198 4172
113.189053 1198 4172
113.197023 1198 4172
113.200981 814 4172
113.201026 1198 4172
113.213047 1198 4172
113.221021 110 4172
113.221070 1198 4172
113.229278 1198 4172
113.237021 1198 4172
113.237079 1198 4172
113.245147 1198 4172
113.253013 1102 4172
113.253072 1198 4172
113.261032 1198 4172
113.269018 1198 4172
113.277079 1198 4172
113.277143 1198 4172
113.285024 1198 4172
113.288974 1198 4172
113.301092 334 4172
113.301159 1198 4172
113.309012 1198 4172
113.309089 1198 4172
113.317009 1198 4172
113.325010 1198 4172
113.333031 1198 4172
113.341021 110 4172
113.341067 1198 4172
113.348917 1198 4172
113.365071 1198 4172
113.365119 1198 4172
113.373119 1198 4172
113.376979 1198 4172
113.389005 1198 4172
113.389063 1198 4172
113.397010 1118 4172
113.405025 494 4172
113.405079 1198 4172
113.416577 206 4172
113.416618 1198 4172
113.421075 1198 4172
113.429001 110 4172
113.429047 1198 4172
113.429099 1198 4172
113.437052 814 4172
113.445096 1198 4172
113.445135 1198 4172
113.453045 1198 4172
113.461064 1198 4172
113.464977 1198 4172
113.465027 1198 4172
113.477196 686 4172
113.485010 110 4172
113.485067 1086 4172
113.485117 1198 4172
113.493001 334 4172
113.493047 1198 4172
113.501004 622 4172
113.501056 1198 4172
113.509101 862 4172
113.517013 1198 4172
113.524979 942 4172
113.525030 110 4172
113.525073 1198 4172
113.532997 1006 4172
113.540987 1198 4172
113.541036 1198 4172
113.548969 254 4172
113.549020 1198 4172
113.552959 1198 4172
113.564998 942 4172
113.565043 1198 4172
113.572991 1198 4172
113.581021 1198 4172
113.588995 750 4172
113.589045 1198 4172
113.596997 1198 4172
113.604983 894 4172
113.605035 1198 4172
113.613113 1198 4172
113.620999 1198 4172
113.621041 942 4172
113.629000 110 4172
113.629037 1198 4172
113.637004 1198 4172
113.640946 1198 4172
113.640996 1198 4172
113.652994 206 4172
113.653119 1086 4172
113.661003 1198 4172
113.669055 174 4172
113.669095 1198 4172
113.676995 270 4172
113.677061 1198 4172
113.677109 1198 4172
113.684956 494 4172
113.692992 1198 4172
113.693041 1198 4172
113.700978 1086 4172
113.709062 1198 4172
113.709107 1198 4172
113.717016 1198 4172
113.725012 670 4172
113.725148 110 4172
113.725245 1198 4172
113.728955 1198 4172
113.740995 1198 4172
113.748947 814 4172
113.748994 110 4172
113.749033 1198 4172
113.756975 1198 4172
113.764984 1198 4172
113.765029 1134 4172
113.772862 1198 4172
113.781014 1198 4172
113.788989 1198 4172
113.789041 1198 4172
113.796984 414 4172
113.797026 1198 4172
113.805016 1198 4172
113.812996 1198 4172
113.813032 126 4172
113.813071 1198 4172
113.816964 1166 4172
113.829003 110 4172
113.829051 1198 4172
113.837706 1198 4172
113.837754 1198 4172
113.844989 1198 4172
113.853040 1198 4172
113.860972 1118 4172
113.869009 1198 4172
113.877128 1198 4172
113.877176 1198 4172
113.884996 606 4172
113.892977 1198 4172
113.893015 1198 4172
113.900988 1198 4172
113.904960 1198 4172
113.905004 1198 4172
113.916979 1198 4172
113.924999 974 4172
113.932980 110 4172
113.933029 1198 4172
113.933068 1198 4172
113.940981 1198 4172
113.948948 1198 4172
113.957075 1198 4172
113.965020 382 4172
113.965165 1198 4172
113.972987 318 4172
113.973031 1198 4172
113.992961 1054 4172
113.993013 1198 4172
114.036949 110 4172
114.037003 110 4172
114.037044 110 4172
114.125035 110 4172
114.301055 110 4172
114.301224 110 4172
114.345014 110 4172
114.564977 110 4172
114.825056 110 4172
115.089058 110 4172
115.345104 110 4172
115.352943 110 4172
115.441037 110 4172
115.616986 110 4172
115.880978 110 4172
116.145056 110 4172
116.321010 110 4172
116.409083 110 4172
116.453042 110 4172
117.333006 110 4172
117.420881 110 4172
118.332979 110 4172
118.420956 110 4172
119.121018 110 4172
119.341182 110 4172
119.428967 110 4172
120.348932 110 4172
120.437016 110 4172
121.352833 110 4172
121.437055 110 4172
121.788950 110 4172
122.316890 110 4172
122.449033 110 4172
123.328899 110 4172
123.416917 110 4172
124.328969 110 4172
124.416941 110 4172
124.460926 110 4172
125.340939 110 4172
125.429042 110 4172
125.669049 1198 4172
125.669096 1198 4172
125.669121 1198 4172
125.669152 1198 4172
125.669181 1198 4172
125.669210 1198 4172
125.669238 1198 4172
125.680403 1198 4172
125.680406 1198 4172
125.680407 1198 4172
125.688849 894 4172
125.688929 1198 4172
125.688959 1198 4172
125.688989 1198 4172
125.696830 1198 4172
125.696870 1198 4172
125.700729 1198 4172
125.715662 1198 4172
125.715691 1198 4172
125.720868 1198 4172
125.728915 1198 4172
125.736786 510 4172
125.736841 1198 4172
125.740877 60 60000
125.744806 1198 4172
125.744856 1198 4172
125.752832 1198 4172
125.760833 1198 4172
125.768884 1198 4172
125.768992 1198 4172
125.777009 1198 4172
125.784901 1198 4172
125.784957 1198 4172
125.788897 590 4172
125.788941 1198 4172
125.800866 110 4172
125.800869 1198 4172
125.808827 1198 4172
125.816923 1198 4172
125.816980 1198 4172
125.824933 1198 4172
125.832847 1198 4172
125.832895 1198 4172
125.840887 1198 4172
125.848855 222 4172
125.856873 1198 4172
125.857010 1198 4172
125.864845 1198 4172
125.872986 1198 4172
125.873027 1198 4172
125.876891 1198 4172
125.888802 1198 4172
125.888839 1198 4172
125.896904 1198 4172
125.904910 1198 4172
125.912883 1198 4172
125.912923 862 4172
125.920837 1198 4172
125.928966 1198 4172
125.936824 1198 4172
125.936863 1198 4172
125.944899 1198 4172
125.952832 1198 4172
125.952872 1198 4172
125.960842 1198 4172
125.964794 1198 4172
125.965586 1198 4172
125.976907 1198 4172
125.984830 1198 4172
125.984866 238 4172
125.992833 1198 4172
125.992864 1198 4172
126.000849 1198 4172
126.008843 1198 4172
126.008884 1198 4172
126.023159 1198 4172
126.026384 1198 4172
126.032885 1198 4172
126.032954 1198 4172
126.033529 1198 4172
126.040844 1198 4172
126.048955 1102 4172
126.048996 1198 4172
126.052802 1198 4172
126.072367 1198 4172
126.074308 110 4172
126.076420 1198 4172
126.076655 1198 4172
126.078740 1198 4172
126.081076 1198 4172
126.088839 1198 4172
126.105069 1198 4172
126.105084 1198 4172
126.114523 1198 4172
126.114567 126 4172
126.114594 1198 4172
126.114620 1086 4172
126.128921 1198 4172
126.128963 1198 4172
126.136956 1198 4172
126.145507 1198 4172
126.146242 1198 4172
126.153074 1198 4172
126.161564 1198 4172
126.162138 1198 4172
126.179485 1198 4172
126.185172 1198 4172
126.185295 1198 4172
126.185333 1198 4172
126.192924 1198 4172
126.198046 1198 4172
126.198082 1198 4172
126.208874 1198 4172
126.209005 1198 4172
126.217826 1198 4172
126.236397 1102 4172
126.236691 1198 4172
126.237011 1198 4172
126.246639 558 4172
126.247122 1198 4172
126.249798 1198 4172
126.249838 1198 4172
126.256942 1198 4172
126.265505 190 4172
126.265650 1198 4172
126.265673 1198 4172
126.273081 1198 4172
126.280905 1198 4172
126.280935 1198 4172
126.288875 782 4172
126.288919 1198 4172
126.293968 1198 4172
126.307293 1198 4172
126.307320 1198 4172
126.312838 1198 4172
126.329784 334 4172
126.332433 1198 4172
126.336861 1198 4172
126.336899 110 4172
126.336925 110 4172
126.336950 1198 4172
126.336976 1198 4172
126.345456 1198 4172
126.362310 366 4172
126.362348 1198 4172
126.374307 1198 4172
126.374311 1198 4172
126.374352 1198 4172
126.381902 462 4172
126.382007 1198 4172
126.409734 1198 4172
126.409772 1198 4172
126.409802 1198 4172
126.409832 318 4172
126.421857 1198 4172
126.422195 1198 4172
126.422230 526 4172
126.422259 270 4172
126.422370 1198 4172
126.431789 1198 4172
126.433277 1198 4172
126.433353 110 4172
126.441357 1198 4172
126.442091 174 4172
126.458051 1198 4172
126.458188 1198 4172
126.468624 1198 4172
126.468700 1198 4172
126.468781 1198 4172
126.468828 254 4172
126.475544 1198 4172
126.475588 1198 4172
126.475621 1198 4172
126.484874 1198 4172
126.484905 318 4172
126.492939 1198 4172
126.492960 1198 4172
126.500838 1198 4172
126.500865 1198 4172
126.508891 350 4172
126.508926 1198 4172
126.516844 1198 4172
126.524832 1198 4172
126.536591 478 4172
126.536641 1198 4172
126.536736 1198 4172
126.540790 1198 4172
126.545457 60 60000
126.548817 1198 4172
126.556830 462 4172
126.556864 1198 4172
126.564761 1198 4172
126.564791 1198 4172
126.572773 1198 4172
126.572804 1198 4172
126.580464 414 4172
126.580511 1198 4172
126.588855 1198 4172
126.597833 1198 4172
126.597870 1198 4172
126.616773 110 4172
126.617710 302 4172
126.617750 1198 4172
126.625556 1198 4172
126.625770 1198 4172
126.625799 1198 4172
126.628830 238 4172
126.628867 1198 4172
126.628894 1198 4172
126.637026 1198 4172
126.644888 1198 4172
126.644931 174 4172
126.644957 1198 4172
126.653101 1198 4172
126.660868 1198 4172
126.660887 1198 4172
126.668861 142 4172
126.668895 1198 4172
126.676877 1198 4172
126.676912 1198 4172
126.687845 1198 4172
126.692787 1198 4172
126.692830 1198 4172
126.700916 1198 4172
126.704750 1182 4172
126.712521 1198 4172
126.715434 1198 4172
126.717904 1198 4172
126.724857 1198 4172
126.733322 174 4172
126.734362 1198 4172
126.734429 1198 4172
126.741000 1198 4172
126.753002 350 4172
126.757601 446 4172
126.757660 222 4172
126.757692 1198 4172
126.757719 1198 4172
126.760906 1198 4172
126.768871 542 4172
126.768922 1198 4172
126.776876 1198 4172
126.785823 1198 4172
126.785986 798 4172
126.797562 1198 4172
126.800858 1198 4172
126.808973 1198 4172
126.825347 1198 4172
126.832946 1198 4172
126.843419 1198 4172
126.844093 1198 4172
126.844201 1198 4172
126.869811 1086 4172
126.869853 1198 4172
126.869891 1198 4172
126.872838 1198 4172
126.872860 1198 4172
126.872892 110 4172
126.872922 1198 4172
126.872952 1022 4172
126.882279 1198 4172
126.882359 206 4172
126.882393 1198 4172
126.897585 1198 4172
126.908479 1198 4172
126.908503 1150 4172
126.908602 1198 4172
126.924550 1198 4172
126.935799 1198 4172
126.935896 1198 4172
126.935932 1086 4172
126.936809 1198 4172
126.936857 1198 4172
126.950989 1198 4172
126.951056 1198 4172
126.952811 750 4172
126.952837 1198 4172
126.964514 1198 4172
126.968837 1198 4172
126.968866 1198 4172
126.981395 1198 4172
126.984804 638 4172
126.984837 1198 4172
126.984866 1198 4172
126.998664 1198 4172
127.000813 1198 4172
127.000843 574 4172
127.009503 1198 4172
127.009563 1198 4172
127.016824 1198 4172
127.016865 1198 4172
127.024833 494 4172
127.024863 1198 4172
127.029030 1198 4172
127.040825 1198 4172
127.040855 1198 4172
127.048862 382 4172
127.048895 1198 4172
127.056833 1198 4172
127.056863 1198 4172
127.064812 1198 4172
127.072782 366 4172
127.072819 1198 4172
127.080843 1198 4172
127.088838 1198 4172
127.088888 590 4172
127.088922 1198 4172
127.096808 1198 4172
127.104818 1198 4172
127.104856 734 4172
127.112817 1198 4172
127.112853 1198 4172
127.117701 878 4172
127.117741 1198 4172
127.128961 110 4172
127.128984 1198 4172
127.136809 1198 4172
127.136856 734 4172
127.144903 1198 4172
127.144941 1198 4172
127.152902 1198 4172
127.160866 1198 4172
127.160904 910 4172
127.168963 1198 4172
127.168992 1198 4172
127.176907 1198 4172
127.192901 110 4172
127.192984 1198 4172
127.193019 1198 4172
127.200790 1198 4172
127.204836 1198 4172
127.204881 1198 4172
127.216899 238 4172
127.216940 1198 4172
127.224904 1198 4172
127.224943 1198 4172
127.232880 1198 4172
127.232926 1198 4172
127.240880 1198 4172
127.248831 1198 4172
127.248880 414 4172
127.248920 1198 4172
127.256813 1198 4172
127.264777 1198 4172
127.264816 1198 4172
127.272906 1198 4172
127.280904 142 4172
127.280980 1198 4172
127.281048 1198 4172
127.288911 1198 4172
127.288980 1198 4172
127.293081 1182 4172
127.304809 1198 4172
127.304884 1198 4172
127.312969 1198 4172
127.313056 1198 4172
127.320889 782 4172
127.320933 110 4172
127.320974 1198 4172
127.328783 1198 4172
127.336727 1198 4172
127.336779 1198 4172
127.344891 670 4172
127.344984 1198 4172
127.352810 1198 4172
127.352847 1198 4172
127.360892 1198 4172
127.368891 590 4172
127.368941 1198 4172
127.368978 1198 4172
127.376893 1198 4172
127.380745 1198 4172
127.380846 510 4172
127.392817 1198 4172
127.392863 1198 4172
127.400878 1198 4172
127.400925 110 4172
127.400965 1198 4172
127.408943 366 4172
127.408986 1198 4172
127.417060 1198 4172
127.417105 1198 4172
127.424909 1198 4172
127.432934 366 4172
127.432985 1198 4172
127.433031 1198 4172
127.440907 1198 4172
127.440954 1198 4172
127.448999 590 4172
127.449001 1198 4172
127.469075 894 4172
127.469082 126 4172
127.581305 126 4172
127.593111 126 4172
127.600820 126 4172
127.609102 126 4172
127.617152 126 4172
127.629233 126 4172
127.641162 126 4172
127.644897 126 4172
127.661318 126 4172
127.661335 110 4172
127.673129 126 4172
127.681566 126 4172
127.688701 1198 4172
127.688733 1198 4172
127.688761 1198 4172
127.688791 1198 4172
127.688819 1198 4172
127.688847 462 4172
127.705106 1198 4172
127.705182 1198 4172
127.705210 1198 4172
127.705239 1198 4172
127.705269 574 4172
127.713117 862 4172
127.725155 126 4172
127.732703 126 4172
127.750066 1198 4172
127.750146 574 4172
127.762150 1198 4172
127.762284 910 4172
127.774421 1198 4172
127.774514 862 4172
127.776855 1198 4172
127.776912 686 4172
127.798299 1198 4172
127.798303 526 4172
127.809972 1198 4172
127.810038 174 4172
127.818053 1118 4172
127.821036 1198 4172
127.838357 1150 4172
127.850147 910 4172
127.858176 862 4172
127.864700 1150 4172
127.882539 1198 4172
127.882584 1198 4172
127.882619 1198 4172
127.882649 1198 4172
127.882677 542 4172
127.889034 974 4172
127.901856 206 4172
127.908744 1070 4172
127.922188 1198 4172
127.922232 398 4172
127.934662 1198 4172
127.934665 414 4172
127.934697 110 4172
127.934726 110 4172
127.934759 110 4172
127.946544 1198 4172
127.946566 1198 4172
127.946598 782 4172
127.948918 1198 4172
127.948962 1198 4172
127.949009 798 4172
127.952769 1198 4172
127.962468 1198 4172
127.962516 1198 4172
127.962550 558 4172
127.974456 1198 4172
127.974509 1198 4172
127.974540 542 4172
127.986413 1198 4172
127.986608 1150 4172
127.997066 1198 4172
127.997190 926 4172
128.010389 1198 4172
128.010472 1006 4172
128.022270 1198 4172
128.022315 894 4172
128.030290 1198 4172
128.030334 318 4172
128.040837 1198 4172
128.040922 334 4172
128.049941 1198 4172
128.049994 782 4172
128.063019 1198 4172
128.063067 414 4172
128.074077 974 4172
128.082347 1198 4172
128.082391 446 4172
128.084779 1198 4172
128.084848 1198 4172
128.084890 142 4172
128.106687 1198 4172
128.106730 1198 4172
128.106767 1086 4172
128.114796 1198 4172
128.114844 1198 4172
128.114895 1198 4172
128.114936 1198 4172
128.114974 734 4172
128.116759 1198 4172
128.116804 1198 4172
128.116837 1198 4172
128.116872 590 4172
128.126775 1198 4172
128.128831 1198 4172
128.128867 1198 4172
128.128915 1198 4172
128.128957 1198 4172
128.128993 126 4172
128.138585 1198 4172
128.144804 1198 4172
128.144891 1198 4172
128.144943 1198 4172
128.150517 1102 4172
128.157198 1198 4172
128.157240 1198 4172
128.164865 1198 4172
128.173030 558 4172
128.173071 1198 4172
128.173112 1198 4172
128.180876 1198 4172
128.189062 190 4172
128.189118 110 4172
128.189159 110 4172
128.189195 110 4172
128.189233 1198 4172
128.189268 1198 4172
128.205239 366 4172
128.205247 1198 4172
128.205320 1198 4172
128.216748 206 4172
128.216751 1198 4172
128.228905 1198 4172
128.228994 622 4172
128.236976 1198 4172
128.237027 1198 4172
128.244909 1198 4172
128.252979 1198 4172
128.253036 606 4172
128.253087 1198 4172
128.260829 1198 4172
128.269045 1198 4172
128.269132 382 4172
128.269178 1198 4172
128.276973 1198 4172
128.285250 1198 4172
128.285297 1198 4172
128.292866 1198 4172
128.292912 1198 4172
128.301071 1198 4172
128.304713 1198 4172
128.304764 590 4172
128.316933 1198 4172
128.316977 1198 4172
128.324905 1198 4172
128.324955 110 4172
128.324999 1198 4172
128.333065 110 4172
128.333108 1198 4172
128.340781 1198 4172
128.340834 350 4172
128.340879 1198 4172
128.348844 1198 4172
128.356867 1198 4172
128.365215 1198 4172
128.365251 1198 4172
128.372881 1198 4172
128.381040 110 4172
128.381128 1198 4172
128.381130 1198 4172
128.388823 1198 4172
128.405029 1198 4172
128.412987 974 4172
128.413020 1198 4172
128.420822 1198 4172
128.420865 1198 4172
128.429232 110 4172
128.429314 1198 4172
128.429354 1198 4172
128.436896 1198 4172
128.445034 1198 4172
128.452842 494 4172
128.452894 1198 4172
128.461148 1198 4172
128.461206 110 4172
128.461250 110 4172
128.461286 110 4172
128.461323 1198 4172
128.468818 158 4172
128.477044 1198 4172
128.480855 318 4172
128.480898 1198 4172
128.480936 1198 4172
128.493090 1198 4172
128.500892 1198 4172
128.500941 1198 4172
128.509036 1198 4172
128.509120 1198 4172
128.516861 702 4172
128.516909 1198 4172
128.524989 1198 4172
128.525028 110 4172
128.525078 1198 4172
128.532880 1198 4172
128.540919 1198 4172
128.540977 206 4172
128.541028 1198 4172
128.548781 1198 4172
128.548821 1198 4172
128.557076 1198 4172
128.564815 1198 4172
128.564863 1198 4172
128.568834 558 4172
128.568886 1198 4172
128.568920 1198 4172
128.580830 1198 4172
128.589349 1198 4172
128.589435 1198 4172
128.596850 286 4172
128.596897 1198 4172
128.596943 1198 4172
128.604977 1198 4172
128.612807 1198 4172
128.612865 1198 4172
128.621198 334 4172
128.621288 1198 4172
128.628872 1198 4172
128.628906 110 4172
128.628955 1198 4172
128.637072 1198 4172
128.637114 462 4172
128.644970 1198 4172
128.645018 1198 4172
128.653048 1198 4172
128.653089 1198 4172
128.656731 1198 4172
128.656777 430 4172
128.669151 1198 4172
128.669236 1198 4172
128.676936 1006 4172
128.676975 1198 4172
128.685060 830 4172
128.685107 1198 4172
128.692874 1198 4172
128.692917 1198 4172
128.701067 574 4172
128.701150 1198 4172
128.708888 1198 4172
128.708941 1198 4172
128.716980 1198 4172
128.717021 1198 4172
128.724835 110 4172
128.724942 110 4172
128.724981 110 4172
128.725018 814 4172
128.732965 1198 4172
128.733023 1198 4172
128.740782 1198 4172
128.740924 1198 4172
128.744811 1198 4172
128.756758 1198 4172
128.756802 1198 4172
128.764949 1198 4172
128.765009 1198 4172
128.772856 638 4172
128.780901 1198 4172
128.780956 1198 4172
128.788862 1198 4172
128.788904 1198 4172
128.798436 1198 4172
128.804871 1198 4172
128.804909 1198 4172
128.812949 1198 4172
128.812993 1198 4172
128.820803 1198 4172
128.829072 1198 4172
128.829196 110 4172
128.829210 1198 4172
128.832827 1198 4172
128.832863 1198 4172
128.845047 1198 4172
128.852907 1198 4172
128.852956 1198 4172
128.861018 430 4172
128.861064 1198 4172
128.861113 1198 4172
128.868870 1198 4172
128.877164 286 4172
128.877258 1198 4172
128.893069 1198 4172
128.893107 1198 4172
128.900880 1198 4172
128.900922 1198 4172
128.908974 1198 4172
128.909024 1198 4172
128.916836 830 4172
128.916888 1198 4172
128.920819 1198 4172
128.920864 1198 4172
128.932905 1198 4172
128.940925 110 4172
128.940972 1198 4172
128.941015 1198 4172
128.948840 1198 4172
128.948881 1198 4172
128.957160 1198 4172
128.964871 1198 4172
128.964918 1198 4172
128.972981 958 4172
128.973027 1198 4172
128.980859 1198 4172
128.980908 1198 4172
128.989013 1198 4172
128.989056 110 4172
128.996745 110 4172
128.996834 110 4172
128.996877 1198 4172
128.996910 1198 4172
129.005076 1198 4172
129.005118 1198 4172
129.008835 1198 4172
129.008877 318 4172
129.020989 1198 4172
129.021079 1198 4172
129.028841 110 4172
129.028883 1198 4172
129.028920 1198 4172
129.036944 1198 4172
129.044920 1198 4172
129.045003 1198 4172
129.052977 1198 4172
129.053024 782 4172
129.060848 1198 4172
129.068943 1198 4172
129.068997 1198 4172
129.076947 1198 4172
129.085034 1198 4172
129.085086 1198 4172
129.092826 1198 4172
129.092878 1198 4172
129.096827 1198 4172
129.096871 206 4172
129.096911 1198 4172
129.108964 1198 4172
129.117051 1198 4172
129.124858 1198 4172
129.124904 110 4172
129.124941 1198 4172
129.133029 1198 4172
129.140795 1198 4172
129.140843 862 4172
129.148902 1198 4172
129.148957 1198 4172
129.156863 1198 4172
129.156910 1198 4172
129.166405 1198 4172
129.166452 1198 4172
129.172795 1198 4172
129.181120 1198 4172
129.181154 254 4172
129.181188 1198 4172
129.184712 1198 4172
129.199102 1198 4172
129.204798 1198 4172
129.204837 1198 4172
129.213091 334 4172
129.213174 1198 4172
129.220875 1198 4172
129.229111 1198 4172
129.229114 110 4172
129.229153 1198 4172
129.236829 1198 4172
129.236869 1198 4172
129.245175 1198 4172
129.252851 110 4172
129.252894 110 4172
129.252931 1198 4172
129.252966 1198 4172
129.261037 1198 4172
129.261070 494 4172
129.268782 1198 4172
129.268828 1198 4172
129.272700 590 4172
129.272745 398 4172
129.272784 1198 4172
129.284765 1198 4172
129.284855 1198 4172
129.293017 1198 4172
129.300907 1198 4172
129.300910 990 4172
129.308921 1198 4172
129.316849 1198 4172
129.316899 1198 4172
129.325130 1198 4172
129.325175 1198 4172
129.332882 110 4172
129.360917 1198 4172
129.361047 1102 4172
129.405023 1198 4172
129.428093 110 4172
129.448893 1198 4172
129.536778 110 4172
129.536849 110 4172
129.536850 110 4172
129.536886 110 4172
129.625013 110 4172
129.800789 110 4172
129.800836 110 4172
129.800874 110 4172
130.064975 110 4172
130.065070 110 4172
130.065082 110 4172
130.328900 110 4172
130.328925 110 4172
130.416783 110 4172
130.592839 110 4172
130.897010 110 4172
131.161055 110 4172
131.336813 110 4172
131.409879 110 4172
131.424744 110 4172
131.688881 110 4172
132.348851 110 4172
132.436900 110 4172
133.312691 110 4172
133.445131 110 4172
134.324751 110 4172
134.412821 110 4172
134.672827 110 4172
135.328782 110 4172
135.416796 110 4172
136.332829 110 4172
136.420762 110 4172
137.328963 110 4172
137.329102 110 4172
137.416685 110 4172
138.340705 110 4172
138.428948 110 4172
139.352824 110 4172
139.440785 110 4172
140.008852 110 4172
140.444952 110 4172
141.324756 110 4172
141.412720 110 4172
142.328783 110 4172
142.416602 110 4172
142.724652 110 4172
143.340917 110 4172
144.344624 110 4172
144.432698 110 4172
145.344662 110 4172
145.388785 110 4172
145.432588 110 4172
146.348643 110 4172
146.436964 110 4172
146.696935 1198 4172
146.697040 1198 4172
146.697042 1198 4172
146.697063 1198 4172
146.697087 1198 4172
146.697111 1198 4172
146.697135 1150 4172
146.700756 1198 4172
146.700794 1198 4172
146.700827 1198 4172
146.700862 1198 4172
146.700897 1198 4172
146.700932 1198 4172
146.700965 158 4172
146.709498 1198 4172
146.709533 1198 4172
146.709563 1198 4172
146.709590 1198 4172
146.721528 1198 4172
146.721559 606 4172
146.721592 1198 4172
146.724668 1198 4172
146.732784 1198 4172
146.740648 1198 4172
146.740693 558 4172
146.749437 1198 4172
146.749512 1198 4172
146.756746 1198 4172
146.756792 1198 4172
146.769032 1198 4172
146.769035 862 4172
146.772724 1198 4172
146.772762 1198 4172
146.780664 1198 4172
146.788828 1198 4172
146.788943 1198 4172
146.796805 1198 4172
146.796840 990 4172
146.804674 1198 4172
146.804713 1198 4172
146.812727 1198 4172
146.812763 1198 4172
146.820674 1198 4172
146.831275 862 4172
146.833545 1198 4172
146.833641 1198 4172
146.836677 1198 4172
146.844774 126 4172
146.844816 1198 4172
146.844846 1198 4172
146.853368 1198 4172
146.865556 1198 4172
146.865670 1198 4172
146.868660 1198 4172
146.868730 1198 4172
146.882271 1198 4172
146.882324 1198 4172
146.884919 1198 4172
146.892777 1198 4172
146.900657 1198 4172
146.900686 1198 4172
146.913261 846 4172
146.913341 1198 4172
146.924731 1070 4172
146.924779 1198 4172
146.932656 1198 4172
146.940741 974 4172
146.940785 1198 4172
146.948643 1198 4172
146.948683 126 4172
146.948715 1198 4172
146.956673 1198 4172
146.964806 638 4172
146.964849 1198 4172
146.978116 1198 4172
146.978180 1198 4172
146.980619 1198 4172
146.988749 1198 4172
146.988783 1198 4172
146.996693 1198 4172
146.996747 1198 4172
147.000700 558 4172
147.012660 1198 4172
147.020784 110 4172
147.020831 1198 4172
147.020872 1198 4172
147.028800 414 4172
147.028838 1198 4172
147.036648 1198 4172
147.036686 1198 4172
147.044851 1198 4172
147.044908 1198 4172
147.052794 1198 4172
147.052834 1198 4172
147.060615 718 4172
147.069158 1198 4172
147.069275 1198 4172
147.076888 1198 4172
147.084715 1198 4172
147.084795 1198 4172
147.088577 542 4172
147.088615 366 4172
147.088654 1198 4172
147.100780 1198 4172
147.100856 1198 4172
147.108660 1198 4172
147.108701 1198 4172
147.116635 958 4172
147.116675 1198 4172
147.124631 1198 4172
147.124676 1198 4172
147.132639 1198 4172
147.132670 1198 4172
147.140636 1198 4172
147.140668 574 4172
147.150834 1198 4172
147.150886 1198 4172
147.156605 1198 4172
147.156640 1198 4172
147.164647 1198 4172
147.164683 1198 4172
147.172592 590 4172
147.172624 1198 4172
147.176616 1198 4172
147.176647 1198 4172
147.188628 1198 4172
147.188702 1198 4172
147.196643 1198 4172
147.196681 990 4172
147.204919 1198 4172
147.204951 126 4172
147.204978 1198 4172
147.212633 1198 4172
147.212667 1198 4172
147.220572 1198 4172
147.228630 510 4172
147.228676 1198 4172
147.236604 1198 4172
147.236648 1198 4172
147.244757 1198 4172
147.244843 1198 4172
147.252737 1198 4172
147.253608 510 4172
147.253648 1198 4172
147.260746 1198 4172
147.260780 1198 4172
147.267773 1198 4172
147.280091 1198 4172
147.280124 1198 4172
147.284656 1198 4172
147.284695 110 4172
147.284727 1198 4172
147.302215 174 4172
147.302248 1198 4172
147.302276 1198 4172
147.315611 1198 4172
147.315651 1198 4172
147.315679 1198 4172
147.315704 1198 4172
147.317543 750 4172
147.317576 1198 4172
147.322162 1198 4172
147.322200 1198 4172
147.332627 110 4172
147.332667 1198 4172
147.332701 1198 4172
147.346277 1198 4172
147.346281 1198 4172
147.348590 174 4172
147.348626 1198 4172
147.363523 1198 4172
147.363604 1198 4172
147.364608 126 4172
147.364647 1198 4172
147.379421 1198 4172
147.379447 862 4172
147.380585 1198 4172
147.380619 1198 4172
147.385207 1198 4172
147.385247 1198 4172
147.396618 1198 4172
147.396652 1198 4172
147.411146 1198 4172
147.411189 702 4172
147.412565 1198 4172
147.412598 1198 4172
147.425536 1198 4172
147.425574 1198 4172
147.428592 110 4172
147.428623 1198 4172
147.428647 1198 4172
147.442847 718 4172
147.442910 1198 4172
147.444643 1198 4172
147.444676 1198 4172
147.458000 1198 4172
147.458100 1198 4172
147.461178 1198 4172
147.461209 318 4172
147.472733 1198 4172
147.472777 1198 4172
147.477318 1198 4172
147.477349 1198 4172
147.489207 1198 4172
147.489242 334 4172
147.489274 1198 4172
147.492579 1198 4172
147.492606 1198 4172
147.501370 1198 4172
147.501416 1198 4172
147.508680 1198 4172
147.521149 1198 4172
147.521184 670 4172
147.521212 1198 4172
147.525152 1198 4172
147.525192 1198 4172
147.533013 110 4172
147.533090 734 4172
147.533344 398 4172
147.534964 1198 4172
147.542253 1198 4172
147.542281 1198 4172
147.551330 1198 4172
147.551359 1198 4172
147.556622 1198 4172
147.556655 110 4172
147.556681 670 4172
147.565911 1198 4172
147.565950 1198 4172
147.572728 1198 4172
147.572780 1198 4172
147.583119 1198 4172
147.583201 302 4172
147.583204 1198 4172
147.588746 1198 4172
147.588835 1198 4172
147.596785 302 4172
147.596838 1198 4172
147.604624 1198 4172
147.604672 1054 4172
147.608773 1198 4172
147.608820 1198 4172
147.620722 1198 4172
147.620780 1198 4172
147.628735 366 4172
147.628792 1198 4172
147.628833 1198 4172
147.636576 1198 4172
147.636617 1198 4172
147.644859 1198 4172
147.644941 510 4172
147.652750 1198 4172
147.660717 1198 4172
147.660806 1198 4172
147.668726 1198 4172
147.676901 750 4172
147.676976 1198 4172
147.676978 1198 4172
147.684648 1198 4172
147.684698 1198 4172
147.692688 1198 4172
147.696659 1198 4172
147.696712 1198 4172
147.708770 318 4172
147.710452 1198 4172
147.716743 1198 4172
147.716789 1198 4172
147.724690 494 4172
147.724744 254 4172
147.724785 910 4172
147.732697 1198 4172
147.732747 1198 4172
147.740573 1198 4172
147.740622 1198 4172
147.748575 1198 4172
147.748625 1054 4172
147.756684 1198 4172
147.756726 1198 4172
147.764710 222 4172
147.764758 1198 4172
147.772600 798 4172
147.772646 1198 4172
147.772682 430 4172
147.780568 1198 4172
147.780613 254 4172
147.780652 1198 4172
147.784633 430 4172
147.784670 1198 4172
147.784703 1198 4172
147.796735 1198 4172
147.796816 654 4172
147.804742 1198 4172
147.804789 1198 4172
147.812687 110 4172
147.812726 430 4172
147.812770 158 4172
147.812806 1166 4172
147.812845 1198 4172
147.828675 110 4172
147.949708 1198 4172
147.949718 302 4172
147.960666 1198 4172
147.960705 398 4172
147.973955 1198 4172
147.974040 702 4172
147.985911 1198 4172
147.986010 1198 4172
147.986050 254 4172
147.993165 1182 4172
148.004681 142 4172
148.017256 270 4172
148.030017 270 4172
148.041092 1198 4172
148.041138 926 4172
148.048576 478 4172
148.061191 510 4172
148.073102 270 4172
148.081550 830 4172
148.093525 1198 4172
148.093569 222 4172
148.105366 1198 4172
148.105401 494 4172
148.110632 126 4172
148.136624 318 4172
148.136660 1166 4172
148.178829 366 4172
148.178852 1198 4172
148.178883 542 4172
148.178910 1054 4172
148.180525 910 4172
148.180558 1198 4172
148.268737 1118 4172
148.309873 878 4172
148.312518 110 4172
148.347547 542 4172
148.348608 798 4172
148.348694 110 4172
148.348732 110 4172
148.348769 110 4172
148.356582 1198 4172
148.380623 1198 4172
148.380650 1198 4172
148.380680 1198 4172
148.380716 846 4172
148.380754 1198 4172
148.380788 1198 4172
148.380822 542 4172
148.380855 1198 4172
148.380888 1198 4172
148.380922 894 4172
148.388735 1198 4172
148.388776 1198 4172
148.388816 1198 4172
148.400648 318 4172
148.400730 990 4172
148.444865 414 4172
148.488681 606 4172
148.519675 110 4172
148.520881 382 4172
148.520909 270 4172
148.520935 254 4172
148.520961 270 4172
148.524603 318 4172
148.524639 222 4172
148.524676 222 4172
148.524704 222 4172
148.524732 222 4172
148.524760 222 4172
148.524788 222 4172
148.529841 238 4172
148.529873 270 4172
148.529907 334 4172
148.529938 238 4172
148.529989 270 4172
148.532613 1198 4172
148.532651 1198 4172
148.532678 1198 4172
148.532705 1198 4172
148.532732 430 4172
148.576681 222 4172
148.620801 110 4172
148.620804 110 4172
148.620877 110 4172
148.708629 1198 4172
148.708653 1198 4172
148.708694 782 4172
148.720962 142 4172
148.732987 142 4172
148.740955 142 4172
148.752558 142 4172
148.765167 142 4172
148.776979 142 4172
148.784012 142 4172
148.796594 430 4172
148.796637 142 4172
148.812579 270 4172
148.840544 142 4172
148.872644 334 4172
148.880720 110 4172
148.880749 110 4172
148.880777 110 4172
148.884511 142 4172
148.928690 542 4172
148.928800 142 4172
148.972759 142 4172
148.972935 142 4172
