0.097642 1198 4172
0.097700 1198 4172
0.097745 1198 4172
0.097788 814 4172
0.097833 238 4172
0.138664 110 4172
0.425593 110 4172
0.612689 1198 4172
0.612725 1198 4172
0.612789 942 4172
0.612819 766 4172
0.612846 750 4172
0.612872 830 4172
0.612946 1198 4172
0.612985 1198 4172
0.613008 1198 4172
0.613035 1022 4172
0.613061 974 4172
0.613087 1198 4172
0.629758 1198 4172
0.629789 1198 4172
0.629821 318 4172
0.629852 974 4172
0.629879 942 4172
0.629905 1198 4172
0.629945 238 4172
0.629995 1198 4172
0.630017 766 4172
0.630046 158 4172
0.646186 1198 4172
0.646221 1198 4172
0.646247 1198 4172
0.646274 1198 4172
0.646300 1198 4172
0.646326 1198 4172
0.646366 1198 4172
0.646391 1198 4172
0.646416 1198 4172
0.646442 1198 4172
0.646467 494 4172
0.646494 1198 4172
0.646522 1198 4172
0.646586 1198 4172
0.646612 1198 4172
0.646635 1198 4172
0.646661 1198 4172
0.646686 1198 4172
0.646711 1198 4172
0.646736 1198 4172
0.646761 1198 4172
0.646785 1198 4172
0.646809 1198 4172
0.646834 1198 4172
0.646859 1198 4172
0.646882 382 4172
0.647069 1198 4172
0.648611 1198 4172
0.648640 1198 4172
0.648666 1198 4172
0.648693 1198 4172
0.648718 1198 4172
0.648744 1198 4172
0.648770 1198 4172
0.648796 1198 4172
0.648821 1198 4172
0.648846 1198 4172
0.648871 1198 4172
0.648896 1198 4172
0.648921 1198 4172
0.648951 1198 4172
0.648973 1198 4172
0.648996 1198 4172
0.649021 142 4172
0.649047 1198 4172
0.649071 1198 4172
0.649096 1198 4172
0.649121 1198 4172
0.649146 1198 4172
0.649170 1198 4172
0.649196 1198 4172
0.649220 1198 4172
0.649245 1198 4172
0.649268 1198 4172
0.649294 1198 4172
0.649318 1198 4172
0.649342 1198 4172
0.649367 1198 4172
0.649391 478 4172
0.649644 1198 4172
0.649671 1198 4172
0.649695 1198 4172
0.649721 1198 4172
0.649750 1198 4172
0.649775 1198 4172
0.649803 1198 4172
0.649823 1198 4172
0.649847 1198 4172
0.649871 1198 4172
0.649894 1198 4172
0.649919 1198 4172
0.655780 1198 4172
0.655827 1198 4172
0.655868 1198 4172
0.655907 1198 4172
0.655955 1198 4172
0.655984 1198 4172
0.656029 1198 4172
0.656063 1198 4172
0.656098 1198 4172
0.656129 1198 4172
0.656157 1198 4172
0.656186 1198 4172
0.656214 1198 4172
0.656243 1198 4172
0.656271 1198 4172
0.656300 1198 4172
0.656328 1198 4172
0.656357 1198 4172
0.656385 1198 4172
0.656413 1198 4172
0.656441 1198 4172
0.656469 1006 4172
0.656501 1198 4172
0.656543 1198 4172
0.656580 1198 4172
0.656694 1198 4172
0.656721 1198 4172
0.656749 1198 4172
0.656776 1198 4172
0.656804 1198 4172
0.656830 1198 4172
0.656857 1198 4172
0.656884 1198 4172
0.656912 1198 4172
0.656957 1198 4172
0.661665 1198 4172
0.661734 1198 4172
0.661773 1198 4172
0.661804 1198 4172
0.661835 1198 4172
0.661863 1198 4172
0.661891 1198 4172
0.661920 1198 4172
0.661947 1198 4172
0.661976 1198 4172
0.662005 1198 4172
0.662034 1198 4172
0.662062 398 4172
0.662092 1198 4172
0.662120 1198 4172
0.662148 1198 4172
0.662177 1198 4172
0.662208 1198 4172
0.662235 1198 4172
0.662264 1198 4172
0.662291 1198 4172
0.662320 1198 4172
0.662354 1198 4172
0.662377 1198 4172
0.670615 1198 4172
0.670650 1198 4172
0.670686 1198 4172
0.670721 110 4172
0.670755 1198 4172
0.670790 270 4172
0.670823 1198 4172
0.670858 1198 4172
0.670892 1198 4172
0.670924 1198 4172
0.670958 1198 4172
0.670991 1198 4172
0.671026 558 4172
0.681433 1198 4172
0.681477 1198 4172
0.681505 1198 4172
0.681541 1198 4172
0.681572 1198 4172
0.681614 1198 4172
0.681640 1198 4172
0.681667 1198 4172
0.681694 1198 4172
0.681719 142 4172
0.681746 1198 4172
0.681772 1198 4172
0.681798 1198 4172
0.681824 1198 4172
0.681850 1198 4172
0.681877 1198 4172
0.681902 1198 4172
0.681928 1198 4172
0.681956 1198 4172
0.681981 1198 4172
0.682007 1198 4172
0.682036 1198 4172
0.682062 1198 4172
0.682088 110 4172
0.682126 1198 4172
0.682598 1198 4172
0.682630 1198 4172
0.682657 1198 4172
0.682683 1198 4172
0.682709 1198 4172
0.682736 1198 4172
0.682768 1198 4172
0.682789 1198 4172
0.682815 1198 4172
0.682842 1198 4172
0.682868 1198 4172
0.682897 1198 4172
0.682923 1198 4172
0.682950 1198 4172
0.682977 1198 4172
0.683003 510 4172
0.684032 1198 4172
0.684065 1198 4172
0.684092 1198 4172
0.684119 1198 4172
0.684146 1198 4172
0.684173 1198 4172
0.684199 1198 4172
0.684227 1198 4172
0.684252 1198 4172
0.684278 1198 4172
0.684304 1198 4172
0.684331 1198 4172
0.684357 1198 4172
0.684386 1198 4172
0.684412 334 4172
0.689788 1198 4172
0.689836 1198 4172
0.689871 1198 4172
0.689905 1198 4172
0.689949 1198 4172
0.689974 1198 4172
0.690010 1198 4172
0.690088 1198 4172
0.690132 1198 4172
0.690165 1198 4172
0.690198 1198 4172
0.695775 1198 4172
0.695822 1198 4172
0.695867 1198 4172
0.695899 1198 4172
0.695932 1198 4172
0.695970 1198 4172
0.696002 1198 4172
0.696033 1198 4172
0.696064 1198 4172
0.696096 1198 4172
0.696127 1198 4172
0.696158 1198 4172
0.696186 1198 4172
0.701769 1198 4172
0.701829 1198 4172
0.701873 1198 4172
0.701915 1198 4172
0.701951 1198 4172
0.701986 1198 4172
0.702023 1198 4172
0.702057 1198 4172
0.702092 238 4172
0.702130 1198 4172
0.702164 1198 4172
0.702199 1198 4172
0.702233 1198 4172
0.708880 1198 4172
0.708922 1198 4172
0.708953 1198 4172
0.708982 1198 4172
0.709019 1198 4172
0.709051 1198 4172
0.709078 1198 4172
0.709106 1198 4172
0.709138 1198 4172
0.709235 1198 4172
0.709263 1198 4172
0.709292 1198 4172
0.711639 1198 4172
0.711673 1198 4172
0.711701 1198 4172
0.711728 1198 4172
0.711755 1198 4172
0.711782 1198 4172
0.711809 1198 4172
0.711836 1198 4172
0.711865 334 4172
0.711893 1198 4172
0.711920 1198 4172
0.711947 1198 4172
0.711974 1198 4172
0.712001 1198 4172
0.712028 1198 4172
0.720964 1198 4172
0.721035 1198 4172
0.721060 1198 4172
0.721085 1198 4172
0.721111 1198 4172
0.721137 1198 4172
0.721163 1198 4172
0.721194 1198 4172
0.721220 1198 4172
0.721257 1198 4172
0.721287 110 4172
0.721337 1198 4172
0.721363 1198 4172
0.721542 1198 4172
0.721577 638 4172
0.721606 638 4172
0.721633 1198 4172
0.721660 382 4172
0.721688 1198 4172
0.721715 1198 4172
0.726790 1198 4172
0.726850 1198 4172
0.726897 1198 4172
0.726941 1198 4172
0.726972 1198 4172
0.727008 1198 4172
0.727047 110 4172
0.727083 1198 4172
0.732722 1198 4172
0.732781 1198 4172
0.732823 1198 4172
0.732871 1198 4172
0.732901 1198 4172
0.732936 1198 4172
0.732971 1198 4172
0.733006 1198 4172
0.733042 1198 4172
0.733076 814 4172
0.733111 1198 4172
0.733146 1198 4172
0.738669 1198 4172
0.738729 1198 4172
0.738777 1198 4172
0.738835 1198 4172
0.738871 1198 4172
0.738907 1198 4172
0.738948 1198 4172
0.738985 1198 4172
0.739027 1198 4172
0.739062 1198 4172
0.739097 1198 4172
0.739132 414 4172
0.739168 1198 4172
0.744764 1198 4172
0.744800 1198 4172
0.744832 1198 4172
0.744867 1198 4172
0.744899 1198 4172
0.744934 1198 4172
0.744960 1198 4172
0.744989 1198 4172
0.745020 1198 4172
0.745049 1198 4172
0.745080 1198 4172
0.745113 702 4172
0.745142 1198 4172
0.750723 1198 4172
0.750768 1198 4172
0.750812 1198 4172
0.750864 1198 4172
0.750904 1198 4172
0.750942 1198 4172
0.750975 1198 4172
0.751011 1198 4172
0.751046 1198 4172
0.751082 1198 4172
0.751115 1198 4172
0.751154 1198 4172
0.752693 1198 4172
0.752727 1198 4172
0.752758 1198 4172
0.752789 1198 4172
0.752819 1198 4172
0.752848 1198 4172
0.752883 1198 4172
0.752913 1198 4172
0.752943 1198 4172
0.752975 1198 4172
0.753007 1198 4172
0.753037 1198 4172
0.762773 1198 4172
0.762811 1198 4172
0.762841 1198 4172
0.762870 1198 4172
0.762898 382 4172
0.762928 1198 4172
0.762960 1198 4172
0.762989 1198 4172
0.763015 1198 4172
0.763040 1198 4172
0.763068 1198 4172
0.763093 1198 4172
0.763119 1198 4172
0.768895 1198 4172
0.768935 1198 4172
0.768978 1198 4172
0.769022 1198 4172
0.769058 1198 4172
0.769143 1198 4172
0.769185 1198 4172
0.769221 1198 4172
0.769248 1198 4172
0.769281 1198 4172
0.769314 1198 4172
0.769348 1198 4172
0.769703 910 4172
0.769758 1198 4172
0.769789 1198 4172
0.769823 1198 4172
0.769856 1198 4172
0.769885 1198 4172
0.769923 1198 4172
0.774644 1198 4172
0.774712 1198 4172
0.774759 1198 4172
0.774815 1198 4172
0.774849 1198 4172
0.774884 1198 4172
0.780840 1198 4172
0.780878 1198 4172
0.780911 830 4172
0.780944 1198 4172
0.780973 398 4172
0.781013 430 4172
0.781038 1006 4172
0.781068 1198 4172
0.781099 1198 4172
0.781130 1198 4172
0.781161 1198 4172
0.781192 1198 4172
0.781222 574 4172
0.781252 1198 4172
0.781301 1198 4172
0.786720 1198 4172
0.786783 1198 4172
0.786831 1198 4172
0.786875 1198 4172
0.786912 974 4172
0.786948 158 4172
0.786985 158 4172
0.787022 1198 4172
0.787058 1198 4172
0.787093 1198 4172
0.787128 1198 4172
0.787164 1198 4172
0.787198 1198 4172
0.787234 1198 4172
0.792704 1198 4172
0.792765 1198 4172
0.792810 1198 4172
0.792855 1198 4172
0.792893 1198 4172
0.792927 1198 4172
0.792962 1198 4172
0.793001 1198 4172
0.793036 926 4172
0.793073 1198 4172
0.793109 1198 4172
0.793143 1198 4172
0.793598 1198 4172
0.793638 1198 4172
0.793674 1198 4172
0.793709 1198 4172
0.793743 1198 4172
0.793778 1198 4172
0.793812 1198 4172
0.793845 1198 4172
0.793879 1086 4172
0.793913 1198 4172
0.793955 1198 4172
0.793981 1198 4172
0.794016 1198 4172
0.834708 1198 4172
0.834756 1198 4172
0.834812 1198 4172
0.834853 1198 4172
0.834890 1198 4172
0.834924 1198 4172
0.834960 1198 4172
0.834995 366 4172
0.835032 302 4172
0.835069 286 4172
0.835105 334 4172
0.835141 142 4172
0.835177 526 4172
0.916721 238 4172
0.936816 110 4172
0.957769 110 4172
0.998714 238 4172
1.039671 110 4172
1.121582 110 4172
1.243694 110 4172
1.488712 110 4172
1.743325 110 4172
1.774589 174 4172
1.774635 190 4172
1.937676 110 4172
1.978727 174 4172
1.978771 142 4172
2.019777 110 4172
2.060682 110 4172
2.142768 110 4172
2.306703 110 4172
2.552702 110 4172
2.593685 142 4172
2.798733 142 4172
2.839689 110 4172
2.921560 110 4172
3.044587 110 4172
3.085718 110 4172
3.372632 110 4172
3.413681 174 4172
3.413741 142 4172
3.577613 190 4172
3.577700 142 4172
3.618698 110 4172
3.864704 110 4172
3.946689 110 4172
4.028687 110 4172
4.151707 110 4172
4.438659 110 4172
4.848740 142 4172
4.848825 142 4172
4.930639 110 4172
5.012695 142 4172
5.012698 142 4172
5.053757 110 4172
5.135626 110 4172
5.422551 142 4172
5.422613 142 4172
5.627660 142 4172
5.627702 142 4172
5.954725 110 4172
6.036687 110 4172
6.446585 142 4172
6.446671 142 4172
6.643558 142 4172
6.651613 142 4172
6.938553 110 4172
7.061565 110 4172
7.102639 110 4172
7.471678 142 4172
7.471734 142 4172
7.676618 142 4172
7.676722 142 4172
7.922647 110 4172
8.045664 110 4172
8.454590 142 4172
8.454634 142 4172
8.700578 142 4172
8.700677 142 4172
8.946651 110 4172
9.028614 110 4172
9.477577 142 4172
9.478629 142 4172
9.682589 142 4172
9.682661 142 4172
9.764666 110 4172
9.928536 110 4172
10.051712 110 4172
10.501602 142 4172
10.501653 142 4172
10.746641 142 4172
10.746675 142 4172
10.951689 110 4172
11.032648 110 4172
11.319685 142 4172
11.319800 142 4172
11.524645 142 4172
11.524663 142 4172
11.921560 142 4172
11.921649 142 4172
11.933688 110 4172
12.056608 110 4172
12.121517 142 4172
12.121577 142 4172
12.138564 110 4172
12.424572 110 4172
12.751628 142 4172
12.751707 142 4172
12.943553 110 4172
12.955657 142 4172
12.955791 142 4172
13.037655 110 4172
13.160632 110 4172
13.569650 142 4172
13.569743 142 4172
13.774551 142 4172
13.774607 142 4172
13.938522 110 4172
14.060562 110 4172
14.347541 142 4172
14.347573 142 4172
14.552658 142 4172
14.552749 142 4172
14.944313 110 4172
14.960620 142 4172
14.960700 142 4172
15.042556 110 4172
15.121673 110 4172
15.124531 110 4172
15.206534 142 4172
15.206605 142 4172
15.614559 142 4172
15.614624 142 4172
15.778544 142 4172
15.778639 142 4172
15.942549 110 4172
16.024445 110 4172
16.392629 142 4172
16.392762 142 4172
16.597604 142 4172
16.597695 142 4172
16.925422 110 4172
17.048647 110 4172
17.416529 142 4172
17.416576 142 4172
17.620478 142 4172
17.620538 142 4172
17.784501 110 4172
17.948422 110 4172
18.030416 110 4172
18.440437 142 4172
18.440500 142 4172
18.645588 142 4172
18.645671 142 4172
18.930436 110 4172
19.053572 110 4172
19.463556 142 4172
19.463655 142 4172
19.668464 142 4172
19.668522 142 4172
19.955468 110 4172
20.037540 110 4172
20.444252 110 4172
20.444390 142 4172
20.444428 142 4172
20.562612 60 60000
20.643426 142 4172
20.649426 142 4172
20.755159 1198 4172
20.755201 1198 4172
20.755231 1198 4172
20.755257 382 4172
20.755288 1150 4172
20.755315 862 4172
20.755370 526 4172
20.755402 526 4172
20.755432 1022 4172
20.755459 1198 4172
20.755486 334 4172
20.755512 158 4172
20.790428 1198 4172
20.791346 1198 4172
20.791377 1198 4172
20.791406 1198 4172
20.791431 1198 4172
20.791457 1198 4172
20.791489 1198 4172
20.791514 1198 4172
20.791542 1198 4172
20.791567 1198 4172
20.791604 1198 4172
20.791631 110 4172
20.791658 1198 4172
20.791686 1198 4172
20.791716 1198 4172
20.791745 1198 4172
20.791771 1198 4172
20.791797 1198 4172
20.791824 1198 4172
20.791852 1198 4172
20.791882 1198 4172
20.791908 1198 4172
20.791934 1198 4172
20.791959 1198 4172
20.791986 1198 4172
20.792022 654 4172
20.792045 1198 4172
20.792071 1198 4172
20.792097 1198 4172
20.792126 1198 4172
20.792151 1198 4172
20.792178 1198 4172
20.792203 1198 4172
20.792228 1198 4172
20.792253 1198 4172
20.792278 1198 4172
20.792304 1198 4172
20.792501 1198 4172
20.793900 1198 4172
20.793932 1198 4172
20.793959 1198 4172
20.793985 1198 4172
20.794010 1198 4172
20.794035 1198 4172
20.794061 1150 4172
20.794091 1198 4172
20.794116 1198 4172
20.794141 1198 4172
20.794166 1198 4172
20.794191 1198 4172
20.794215 1198 4172
20.794240 1198 4172
20.794265 1198 4172
20.794290 590 4172
20.794315 1198 4172
20.794365 1198 4172
20.794390 1198 4172
20.794415 1198 4172
20.794440 1198 4172
20.794465 1198 4172
20.794489 1198 4172
20.794513 1198 4172
20.794538 1198 4172
20.794561 1198 4172
20.794585 1198 4172
20.794609 1198 4172
20.794634 1198 4172
20.794661 1198 4172
20.794685 1198 4172
20.794709 1198 4172
20.794733 1198 4172
20.794758 1198 4172
20.794782 1198 4172
20.794806 1070 4172
20.794831 1198 4172
20.794856 1198 4172
20.794881 1198 4172
20.794906 1198 4172
20.794931 1198 4172
20.794956 1198 4172
20.794980 1198 4172
20.795003 1198 4172
20.795028 1198 4172
20.795053 1198 4172
20.795078 1198 4172
20.795102 1198 4172
20.795126 1198 4172
20.795150 1198 4172
20.795174 942 4172
20.795200 1198 4172
20.795225 1198 4172
20.795249 1198 4172
20.795273 1198 4172
20.795298 1198 4172
20.795351 1198 4172
20.795376 1198 4172
20.795401 1198 4172
20.795426 1198 4172
20.795450 1198 4172
20.795474 1198 4172
20.795503 1198 4172
20.795532 1198 4172
20.795556 526 4172
20.795585 1198 4172
20.795609 1198 4172
20.795633 1198 4172
20.795657 1198 4172
20.795682 1198 4172
20.795706 1198 4172
20.795732 1198 4172
20.795756 1198 4172
20.795781 1198 4172
20.795805 1198 4172
20.795829 1198 4172
20.795853 1198 4172
20.795879 1198 4172
20.795903 702 4172
20.795943 1198 4172
20.797497 1198 4172
20.797500 1198 4172
20.797523 1198 4172
20.797549 1198 4172
20.797575 1198 4172
20.797601 1198 4172
20.797632 1198 4172
20.797660 1198 4172
20.813794 1198 4172
20.813824 1198 4172
20.813852 158 4172
20.813883 1198 4172
20.813911 1198 4172
20.813942 1198 4172
20.813971 1198 4172
20.813999 1198 4172
20.814026 1198 4172
20.814066 1198 4172
20.814085 1198 4172
20.814111 1198 4172
20.814137 1198 4172
20.814161 1198 4172
20.814186 1198 4172
20.814210 1198 4172
20.814235 1198 4172
20.814263 1198 4172
20.814286 1198 4172
20.814310 318 4172
20.814338 1198 4172
20.814363 1198 4172
20.814391 1198 4172
20.814418 1198 4172
20.814446 1198 4172
20.814468 1198 4172
20.814508 1198 4172
20.817364 1198 4172
20.820283 1198 4172
20.820351 1198 4172
20.822659 318 4172
20.822691 1198 4172
20.822717 1198 4172
20.822744 1198 4172
20.822769 1198 4172
20.822795 1198 4172
20.822822 1198 4172
20.822848 1198 4172
20.822878 1198 4172
20.822905 1198 4172
20.822930 1198 4172
20.822955 1198 4172
20.822982 1198 4172
20.823010 350 4172
20.823044 1198 4172
20.823071 1198 4172
20.823095 1198 4172
20.823121 1198 4172
20.823147 1198 4172
20.823172 1198 4172
20.823198 1198 4172
20.823224 846 4172
20.823251 1198 4172
20.823278 1198 4172
20.823309 1198 4172
20.823337 1198 4172
20.823364 1198 4172
20.823390 1198 4172
20.823416 1198 4172
20.823442 1198 4172
20.823472 1198 4172
20.823515 1198 4172
20.828584 1198 4172
20.828608 1182 4172
20.828638 1198 4172
20.828664 1198 4172
20.828691 1198 4172
20.828717 1198 4172
20.828746 1198 4172
20.828770 1198 4172
20.828795 1198 4172
20.828821 1198 4172
20.828847 1198 4172
20.828875 1198 4172
20.828900 1022 4172
20.828927 1198 4172
20.828955 1198 4172
20.828981 1198 4172
20.829007 1198 4172
20.829041 670 4172
20.829072 1198 4172
20.829094 1198 4172
20.829123 1198 4172
20.829149 1198 4172
20.834453 1198 4172
20.834494 1198 4172
20.834535 1198 4172
20.834568 1198 4172
20.834597 1198 4172
20.834626 1198 4172
20.834653 1198 4172
20.834680 1198 4172
20.834714 1198 4172
20.834739 686 4172
20.834767 1198 4172
20.834793 1198 4172
20.834819 1198 4172
20.838551 1198 4172
20.838588 1198 4172
20.838619 1198 4172
20.838649 1198 4172
20.838677 1198 4172
20.838707 1198 4172
20.838731 1198 4172
20.838755 1198 4172
20.838781 1198 4172
20.838807 830 4172
20.838833 1198 4172
20.838858 1198 4172
20.846600 1198 4172
20.846630 1198 4172
20.846662 1198 4172
20.846695 1198 4172
20.846738 1198 4172
20.846765 1198 4172
20.846796 1198 4172
20.846829 1198 4172
20.846863 1198 4172
20.846891 1198 4172
20.846926 1198 4172
20.846959 1198 4172
20.852958 1198 4172
20.853123 1198 4172
20.853156 1198 4172
20.853191 558 4172
20.853217 1198 4172
20.853244 1198 4172
20.853269 1198 4172
20.853294 1198 4172
20.853319 1198 4172
20.853348 1198 4172
20.853373 1198 4172
20.853399 1198 4172
20.853424 798 4172
20.853452 1198 4172
20.853489 1198 4172
20.858618 1198 4172
20.858690 1198 4172
20.858773 1198 4172
20.858849 1198 4172
20.858916 1198 4172
20.858985 1198 4172
20.859207 1198 4172
20.859490 1198 4172
20.859533 1198 4172
20.859627 1198 4172
20.859733 1198 4172
20.859934 1198 4172
20.864617 1198 4172
20.864641 1198 4172
20.864668 1198 4172
20.864697 1198 4172
20.864722 1198 4172
20.864748 1022 4172
20.864776 1198 4172
20.864801 1198 4172
20.864827 1198 4172
20.864851 1198 4172
20.864875 1198 4172
20.870501 1198 4172
20.870547 1198 4172
20.870580 1198 4172
20.870610 1198 4172
20.870640 1198 4172
20.870666 1198 4172
20.870692 1198 4172
20.870717 1198 4172
20.870745 1198 4172
20.870771 574 4172
20.870798 1198 4172
20.870826 1198 4172
20.870850 1198 4172
20.877440 1198 4172
20.877477 1198 4172
20.877510 1198 4172
20.877539 1198 4172
20.877570 1198 4172
20.877596 1198 4172
20.877624 1198 4172
20.877649 1198 4172
20.877676 1198 4172
20.877701 1198 4172
20.877728 190 4172
20.877756 1198 4172
20.877783 1198 4172
20.879535 1198 4172
20.879571 1198 4172
20.879603 1198 4172
20.879632 1198 4172
20.879684 1198 4172
20.879718 1198 4172
20.879754 1198 4172
20.879784 1198 4172
20.879814 1198 4172
20.879854 1198 4172
20.879888 1198 4172
20.879930 686 4172
20.879963 1198 4172
20.884579 1198 4172
20.889499 1198 4172
20.889540 1198 4172
20.889573 1198 4172
20.889646 1198 4172
20.889685 1198 4172
20.889713 1198 4172
20.889742 1198 4172
20.889770 1198 4172
20.889799 1198 4172
20.889828 462 4172
20.889865 1198 4172
20.889906 1198 4172
20.894586 1198 4172
20.894616 1198 4172
20.894647 1198 4172
20.894676 1198 4172
20.894703 1198 4172
20.894731 1198 4172
20.894758 1198 4172
20.894783 1198 4172
20.894809 1198 4172
20.894835 1198 4172
20.894860 1198 4172
20.894888 1198 4172
20.946527 1198 4172
20.947171 1198 4172
20.947197 366 4172
20.947228 1198 4172
20.947254 1198 4172
20.947280 1198 4172
20.947305 1198 4172
20.947338 1198 4172
20.947569 1198 4172
20.947603 1198 4172
20.947629 1198 4172
20.947654 1198 4172
20.947680 1198 4172
20.947919 270 4172
20.948551 1198 4172
20.948709 1198 4172
20.948738 1198 4172
20.948772 1198 4172
20.948800 1198 4172
20.948826 1198 4172
20.948856 1198 4172
20.948887 1198 4172
20.948916 1198 4172
20.948942 1198 4172
20.948967 1198 4172
20.948992 1198 4172
20.949017 462 4172
20.949044 1198 4172
20.949069 1198 4172
20.949096 1198 4172
20.949121 1198 4172
20.949145 1198 4172
20.949171 1198 4172
20.949196 1198 4172
20.949220 1198 4172
20.949244 334 4172
20.949271 1198 4172
20.949294 1198 4172
20.949318 1198 4172
20.949500 1198 4172
20.949527 1198 4172
20.949552 1198 4172
20.949579 1198 4172
20.949607 1198 4172
20.949632 1198 4172
20.949658 1198 4172
20.949682 1198 4172
20.949705 1070 4172
20.949733 1198 4172
20.949763 1198 4172
20.949787 1198 4172
20.949810 1198 4172
20.949849 1198 4172
20.950346 1198 4172
20.950378 1198 4172
20.950420 1198 4172
20.950445 1198 4172
20.950471 1198 4172
20.950497 782 4172
20.950523 1198 4172
20.950549 1198 4172
20.950574 1198 4172
20.950598 1198 4172
20.950624 1198 4172
20.950649 350 4172
20.950679 542 4172
20.950703 1198 4172
20.950729 1198 4172
20.950753 110 4172
20.950778 1198 4172
20.950802 1198 4172
20.950827 1198 4172
20.950851 510 4172
20.950875 798 4172
20.950900 942 4172
20.950925 926 4172
20.950950 1198 4172
20.950978 1198 4172
20.951020 1198 4172
20.951057 1198 4172
20.951080 1198 4172
20.951103 1198 4172
20.951127 1198 4172
20.951150 1198 4172
20.951176 1198 4172
20.951199 1198 4172
20.951224 1198 4172
20.951248 1198 4172
20.951271 1198 4172
20.951295 1198 4172
20.951319 1198 4172
20.951379 446 4172
20.951410 1198 4172
20.951435 1198 4172
20.951459 1198 4172
20.951724 1198 4172
20.951787 398 4172
20.951814 1198 4172
20.951838 1198 4172
20.951863 782 4172
20.951893 1198 4172
20.951918 1198 4172
20.951945 1198 4172
20.951973 1198 4172
20.952013 158 4172
20.952043 1198 4172
20.952075 1198 4172
20.952103 1198 4172
20.952128 1198 4172
20.952153 1198 4172
20.952178 382 4172
20.952205 1198 4172
20.952230 1198 4172
20.952259 110 4172
20.952283 1198 4172
20.952317 1198 4172
20.952380 1198 4172
20.952447 622 4172
20.952507 1198 4172
20.952550 1198 4172
20.952579 1198 4172
20.952611 1198 4172
20.952631 1198 4172
20.952656 1198 4172
20.952683 1198 4172
20.952711 1198 4172
20.952736 926 4172
20.952761 1198 4172
20.952787 1198 4172
20.952812 1198 4172
20.952836 1198 4172
20.952864 1198 4172
20.952903 1198 4172
20.955596 1198 4172
20.955628 1198 4172
20.955657 1198 4172
20.961872 1198 4172
20.961968 126 4172
20.962572 1054 4172
20.971370 510 4172
20.971495 446 4172
20.974364 1198 4172
20.974419 1198 4172
20.974458 126 4172
20.974508 1198 4172
20.974541 190 4172
20.974572 1198 4172
20.974725 1198 4172
20.974775 1198 4172
20.974805 1198 4172
20.974833 142 4172
20.974862 1198 4172
20.974894 1198 4172
20.974916 702 4172
20.974978 1198 4172
20.980299 1198 4172
20.980889 1198 4172
20.980929 1198 4172
20.980961 1198 4172
20.980989 1198 4172
20.981024 398 4172
20.981056 1198 4172
20.981084 1198 4172
20.981113 1198 4172
20.981139 1198 4172
20.981166 718 4172
20.981191 1198 4172
20.981222 1198 4172
20.981251 1198 4172
20.981279 1198 4172
20.981716 1198 4172
20.981750 1198 4172
20.981775 1198 4172
20.981807 1198 4172
20.981830 1198 4172
20.981856 1182 4172
20.981885 1198 4172
20.981910 1198 4172
20.981936 1198 4172
20.981966 1198 4172
20.981996 1198 4172
20.982025 1198 4172
20.982052 1198 4172
20.982076 1198 4172
20.982102 1198 4172
20.982129 574 4172
20.982161 1198 4172
20.982189 1198 4172
20.982220 1198 4172
20.982244 1198 4172
20.982273 1198 4172
20.982298 1198 4172
20.982352 1198 4172
20.990122 1198 4172
20.995321 286 4172
20.998993 1198 4172
20.999877 1198 4172
21.000352 1198 4172
21.000793 1198 4172
21.001340 1198 4172
21.001395 1198 4172
21.001874 1198 4172
21.002324 1198 4172
21.002691 542 4172
21.003156 1198 4172
21.003214 1198 4172
21.003268 1198 4172
21.003539 1198 4172
21.003697 1198 4172
21.003722 1198 4172
21.003994 1198 4172
21.004114 1198 4172
21.004381 302 4172
21.004430 1198 4172
21.004476 1198 4172
21.004518 1198 4172
21.004580 1198 4172
21.004662 1198 4172
21.004690 1198 4172
21.004719 1198 4172
21.004745 1198 4172
21.004773 1198 4172
21.004797 430 4172
21.004823 1198 4172
21.004851 1198 4172
21.004880 1198 4172
21.004906 1198 4172
21.004931 1198 4172
21.004959 1198 4172
21.004985 670 4172
21.005014 1198 4172
21.005040 1198 4172
21.005067 1198 4172
21.005092 1198 4172
21.005118 1198 4172
21.005143 1198 4172
21.005167 254 4172
21.005194 1198 4172
21.005221 1198 4172
21.005246 1198 4172
21.005272 1198 4172
21.005296 702 4172
21.005330 1198 4172
21.005357 1198 4172
21.005384 1198 4172
21.005423 1198 4172
21.009720 1198 4172
21.009755 1198 4172
21.009784 878 4172
21.009814 1198 4172
21.009841 1198 4172
21.009867 1198 4172
21.009895 1198 4172
21.009922 1198 4172
21.009949 1198 4172
21.009974 366 4172
21.010001 1198 4172
21.010029 1198 4172
21.010055 1198 4172
21.015512 1198 4172
21.015555 1198 4172
21.015590 1198 4172
21.015618 1198 4172
21.015646 1198 4172
21.015674 1182 4172
21.015703 254 4172
21.015733 190 4172
21.015761 190 4172
21.015788 190 4172
21.015816 190 4172
21.015842 190 4172
21.015873 190 4172
21.015906 190 4172
21.015934 190 4172
21.015966 190 4172
21.015994 190 4172
21.016026 190 4172
21.016067 190 4172
21.016094 190 4172
21.016121 190 4172
21.016149 1198 4172
21.016199 1198 4172
21.016222 1198 4172
21.016250 1198 4172
21.021592 1198 4172
21.021642 350 4172
21.021882 382 4172
21.049158 110 4172
21.049553 254 4172
21.050635 190 4172
21.050662 190 4172
21.050693 190 4172
21.051423 190 4172
21.051454 190 4172
21.052578 190 4172
21.052603 190 4172
21.052631 190 4172
21.053728 190 4172
21.053752 190 4172
21.053780 190 4172
21.054487 190 4172
21.054520 190 4172
21.058000 190 4172
21.058041 1198 4172
21.058072 1198 4172
21.058099 1198 4172
21.058127 1198 4172
21.058161 1198 4172
21.058180 1198 4172
21.058212 142 4172
21.097989 1198 4172
21.098037 1198 4172
21.098068 1198 4172
21.098155 1198 4172
21.098186 1198 4172
21.098213 1198 4172
21.098238 1198 4172
21.098264 1198 4172
21.098295 1198 4172
21.098322 1198 4172
21.098353 1198 4172
21.098379 1198 4172
21.098405 558 4172
21.111691 222 4172
21.111725 190 4172
21.112480 190 4172
21.112510 190 4172
21.113674 190 4172
21.113701 190 4172
21.113730 190 4172
21.115756 190 4172
21.115788 190 4172
21.116417 190 4172
21.116447 190 4172
21.116476 190 4172
21.116505 190 4172
21.116531 190 4172
21.125820 190 4172
21.125919 1198 4172
21.125946 1198 4172
21.125974 1198 4172
21.126040 1198 4172
21.126067 478 4172
21.165346 110 4172
21.165569 254 4172
21.166685 190 4172
21.166722 190 4172
21.166793 190 4172
21.166821 190 4172
21.166853 190 4172
21.166875 190 4172
21.166912 190 4172
21.166935 190 4172
21.166960 190 4172
21.167456 190 4172
21.167488 190 4172
21.167516 190 4172
21.167544 190 4172
21.167570 190 4172
21.167620 1198 4172
21.167642 1198 4172
21.167669 1198 4172
21.167694 1198 4172
21.167720 1198 4172
21.167744 638 4172
21.204754 254 4172
21.204770 190 4172
21.204800 190 4172
21.204825 190 4172
21.204854 190 4172
21.204881 190 4172
21.204910 190 4172
21.204935 190 4172
21.204962 190 4172
21.204989 190 4172
21.205017 190 4172
21.205044 190 4172
21.205078 190 4172
21.205102 190 4172
21.205127 190 4172
21.205156 1198 4172
21.205183 1198 4172
21.205218 1198 4172
21.205244 1198 4172
21.205271 1198 4172
21.205296 1038 4172
21.208603 110 4172
21.216253 254 4172
21.216334 190 4172
21.217022 190 4172
21.217079 190 4172
21.217105 190 4172
21.217148 190 4172
21.221521 190 4172
21.221561 190 4172
21.221589 190 4172
21.221618 190 4172
21.221646 190 4172
21.221673 190 4172
21.221701 190 4172
21.221732 190 4172
21.221762 190 4172
21.221791 1198 4172
21.221818 1198 4172
21.221844 1198 4172
21.221871 1198 4172
21.221897 1198 4172
21.221926 1198 4172
21.221954 590 4172
21.250052 110 4172
21.252379 174 4172
21.252410 174 4172
21.252438 174 4172
21.252466 174 4172
21.252492 174 4172
21.252519 174 4172
21.252547 174 4172
21.252572 174 4172
21.252599 174 4172
21.252624 174 4172
21.252652 174 4172
21.252677 174 4172
21.252703 174 4172
21.252730 174 4172
21.252755 174 4172
21.252781 1198 4172
21.252809 1198 4172
21.252850 1198 4172
21.252879 1198 4172
21.252909 1198 4172
21.252936 1198 4172
21.252964 622 4172
21.345982 110 4172
21.429854 110 4172
21.514041 110 4172
21.545720 174 4172
21.545738 174 4172
21.545765 174 4172
21.546455 174 4172
21.546483 174 4172
21.547620 174 4172
21.547650 174 4172
21.547679 174 4172
21.548436 174 4172
21.548463 174 4172
21.551580 174 4172
21.553222 174 4172
21.553256 174 4172
21.553283 174 4172
21.553329 174 4172
21.553684 1198 4172
21.553717 1198 4172
21.553748 1198 4172
21.553777 1198 4172
21.553806 1198 4172
21.553842 1198 4172
21.553864 1198 4172
21.553910 1198 4172
21.554783 1198 4172
21.554812 1198 4172
21.554839 1198 4172
21.554865 1198 4172
21.554896 1198 4172
21.554927 1198 4172
21.554956 1198 4172
21.554980 1198 4172
21.555008 1198 4172
21.555034 1198 4172
21.555060 1198 4172
21.555085 558 4172
21.639544 1198 4172
21.639580 1198 4172
21.639629 270 4172
21.639664 302 4172
21.639716 238 4172
21.678504 1198 4172
21.678589 1198 4172
21.678618 254 4172
21.678673 318 4172
21.679671 174 4172
21.679700 174 4172
21.679727 174 4172
21.680353 174 4172
21.680461 174 4172
21.686426 174 4172
21.686504 174 4172
21.686542 174 4172
21.721429 174 4172
21.721523 174 4172
21.721549 174 4172
21.721603 174 4172
21.721630 174 4172
21.721662 1198 4172
21.721692 1198 4172
21.721723 1198 4172
21.721757 1198 4172
21.721786 1198 4172
21.721815 1198 4172
21.721845 766 4172
21.721876 1198 4172
21.721906 1198 4172
21.721934 1198 4172
21.721966 1198 4172
21.721996 1198 4172
21.722026 1198 4172
21.722057 1198 4172
21.722087 1198 4172
21.722119 1198 4172
21.722160 1198 4172
21.722189 1198 4172
21.722220 1198 4172
21.722247 558 4172
21.744154 110 4172
21.744602 1198 4172
21.744691 1198 4172
21.744720 254 4172
21.747267 318 4172
21.747302 174 4172
21.747359 174 4172
21.748404 174 4172
21.748434 174 4172
21.748461 174 4172
21.748488 174 4172
21.748514 174 4172
21.748546 174 4172
21.749575 174 4172
21.749603 174 4172
21.749630 174 4172
21.750716 174 4172
21.750747 174 4172
21.752923 1198 4172
21.752975 1198 4172
21.753014 1198 4172
21.753057 1198 4172
21.753099 1198 4172
21.753128 1198 4172
21.753158 766 4172
21.762404 1198 4172
21.762448 1198 4172
21.762476 1198 4172
21.762513 1198 4172
21.762559 1198 4172
21.762593 1198 4172
21.762622 1198 4172
21.762651 1198 4172
21.762686 1198 4172
21.762711 1198 4172
21.762739 1198 4172
21.762764 1198 4172
21.762800 558 4172
21.926465 110 4172
22.008415 110 4172
22.049637 110 4172
22.295443 110 4172
22.541479 110 4172
22.828427 110 4172
22.951436 110 4172
23.033485 110 4172
23.074530 110 4172
23.361676 110 4172
23.607406 110 4172
23.894432 110 4172
23.935398 110 4172
24.058430 110 4172
24.140398 110 4172
24.427391 110 4172
24.673730 110 4172
24.937603 110 4172
24.959486 110 4172
25.041614 110 4172
25.942429 110 4172
26.024478 110 4172
26.925436 110 4172
27.048366 110 4172
27.621478 110 4172
27.949509 110 4172
28.031423 110 4172
28.932466 110 4172
29.055477 110 4172
29.956467 110 4172
30.038494 110 4172
30.325476 110 4172
30.940339 110 4172
31.022583 110 4172
31.254765 1198 4172
31.255058 1198 4172
31.257064 286 4172
31.257097 334 4172
31.257131 174 4172
31.257160 174 4172
31.257270 174 4172
31.258524 174 4172
31.258558 174 4172
31.259843 174 4172
31.261125 174 4172
31.262085 174 4172
31.263768 174 4172
31.265213 174 4172
31.266442 174 4172
31.267675 174 4172
31.269070 174 4172
31.271385 910 4172
31.310704 1198 4172
31.310762 1198 4172
31.310814 1198 4172
31.310915 1198 4172
31.310949 1198 4172
31.310976 1198 4172
31.311003 1198 4172
31.311028 1198 4172
31.311052 1198 4172
31.311079 1198 4172
31.311110 1198 4172
31.311136 1198 4172
31.311162 558 4172
31.343728 60 60000
31.355146 222 4172
31.355191 286 4172
31.449293 1198 4172
31.449330 1198 4172
31.449359 510 4172
31.449391 318 4172
31.449529 206 4172
31.449591 318 4172
31.449617 206 4172
31.490910 1198 4172
31.491028 1198 4172
31.491061 830 4172
31.491089 350 4172
31.491115 174 4172
31.491142 174 4172
31.491168 174 4172
31.491190 174 4172
31.491217 174 4172
31.491246 238 4172
31.491271 398 4172
31.491296 206 4172
31.491321 174 4172
31.491346 174 4172
31.491372 174 4172
31.491398 174 4172
31.491422 174 4172
31.491450 1198 4172
31.491478 1198 4172
31.491504 1198 4172
31.491529 1198 4172
31.491555 1198 4172
31.491581 1198 4172
31.491607 1198 4172
31.491677 174 4172
31.491709 1198 4172
31.491735 1198 4172
31.491760 1198 4172
31.491785 1198 4172
31.491810 1198 4172
31.491835 1198 4172
31.491859 1198 4172
31.491884 1198 4172
31.491908 1198 4172
31.491934 1198 4172
31.491959 1198 4172
31.491983 1198 4172
31.492234 558 4172
31.533337 1198 4172
31.533362 1198 4172
31.533391 1198 4172
31.533421 1102 4172
31.533450 318 4172
31.533478 254 4172
31.533506 382 4172
31.533532 142 4172
31.533559 238 4172
31.578738 1198 4172
31.578762 1198 4172
31.578790 1198 4172
31.578820 1198 4172
31.578848 1198 4172
31.578880 1198 4172
31.578909 1198 4172
31.578936 1198 4172
31.578964 302 4172
31.578992 1198 4172
31.579020 1198 4172
31.579049 1054 4172
31.579076 238 4172
31.579105 382 4172
31.579133 462 4172
31.579239 1198 4172
31.579265 1198 4172
31.579288 1198 4172
31.579315 1198 4172
31.579339 1198 4172
31.579362 1198 4172
31.579387 1198 4172
31.579411 1198 4172
31.579440 174 4172
31.579470 1198 4172
31.579495 862 4172
31.579521 254 4172
31.612684 398 4172
31.612766 462 4172
31.629415 1198 4172
31.629452 1198 4172
31.629483 1198 4172
31.629514 1198 4172
31.629543 1198 4172
31.629575 1198 4172
31.629602 1198 4172
31.629631 798 4172
31.629661 1150 4172
31.629689 254 4172
31.629719 398 4172
31.629748 446 4172
31.644842 110 4172
31.653381 1198 4172
31.653437 1198 4172
31.653484 1198 4172
31.653524 1198 4172
31.653563 1198 4172
31.653598 1198 4172
31.653634 1118 4172
31.653671 910 4172
31.653715 254 4172
31.653752 398 4172
31.653787 446 4172
31.694422 1198 4172
31.694605 1198 4172
31.694642 1198 4172
31.694678 1198 4172
31.694714 1198 4172
31.694750 1198 4172
31.694787 670 4172
31.694827 606 4172
31.694863 254 4172
31.694898 398 4172
31.694937 366 4172
31.735416 1198 4172
31.735469 1198 4172
31.735527 270 4172
31.735571 318 4172
31.735613 206 4172
31.735648 222 4172
31.735685 238 4172
31.899449 110 4172
31.940397 110 4172
32.022424 110 4172
32.186362 110 4172
32.472369 110 4172
32.717426 110 4172
32.922328 110 4172
33.004382 110 4172
33.045362 110 4172
33.250336 110 4172
33.537518 110 4172
33.783429 110 4172
33.947423 110 4172
34.029410 110 4172
34.930326 110 4172
35.052428 110 4172
35.952363 110 4172
36.034369 110 4172
36.444301 110 4172
36.935338 110 4172
37.058413 110 4172
37.959344 110 4172
38.041389 110 4172
38.532268 590 4172
38.532319 318 4172
38.941319 110 4172
39.023207 110 4172
39.146326 110 4172
39.925326 110 4172
40.048321 110 4172
40.947314 110 4172
41.029265 110 4172
41.806225 110 4172
41.929286 110 4172
42.052308 110 4172
42.953316 110 4172
43.035313 110 4172
43.936294 110 4172
44.059424 110 4172
44.509249 110 4172
44.958280 110 4172
45.040289 110 4172
45.942252 110 4172
46.024253 110 4172
46.925264 110 4172
47.048302 110 4172
47.171196 110 4172
47.949273 110 4172
48.031223 110 4172
48.930254 110 4172
49.053241 110 4172
49.832300 110 4172
49.954298 110 4172
50.036331 110 4172
50.937216 110 4172
51.060224 110 4172
51.350300 60 60000
51.686269 60 60000
51.708446 158 4172
51.872233 1198 4172
51.872324 1198 4172
51.872382 1198 4172
51.872440 1198 4172
51.872491 750 4172
51.872540 1198 4172
51.872588 1198 4172
51.872634 1198 4172
51.872683 1198 4172
51.872729 1022 4172
51.872775 382 4172
51.872822 382 4172
51.872868 398 4172
51.872914 510 4172
51.872960 238 4172
51.873006 350 4172
51.955157 110 4172
52.022095 1198 4172
52.022178 1198 4172
52.022239 1198 4172
52.022288 1198 4172
52.022336 1198 4172
52.022384 1198 4172
52.022432 1198 4172
52.022479 1198 4172
52.022525 718 4172
52.022573 878 4172
52.022627 478 4172
52.022674 286 4172
52.022720 318 4172
52.022766 558 4172
52.022812 142 4172
52.022859 446 4172
52.037223 110 4172
52.078207 1198 4172
52.078281 1198 4172
52.078351 254 4172
52.078407 318 4172
52.078456 222 4172
52.078504 206 4172
52.078550 222 4172
52.078597 238 4172
52.078643 142 4172
52.201223 110 4172
52.447240 110 4172
52.734208 110 4172
52.939184 110 4172
52.980214 110 4172
53.062249 110 4172
53.267198 110 4172
53.963224 110 4172
54.045188 110 4172
54.944198 110 4172
55.026182 110 4172
55.927154 110 4172
55.968217 110 4172
56.050181 110 4172
56.952190 110 4172
57.034185 110 4172
57.935185 110 4172
58.058184 110 4172
58.590223 110 4172
58.959206 110 4172
59.041149 110 4172
59.942165 110 4172
60.024174 110 4172
60.923102 110 4172
61.046161 110 4172
61.252124 110 4172
61.947125 110 4172
62.029098 110 4172
62.929142 110 4172
63.052158 110 4172
63.913094 110 4172
63.954098 110 4172
64.035216 110 4172
64.937094 110 4172
65.060096 110 4172
65.959055 110 4172
66.041083 110 4172
66.573065 110 4172
66.942080 110 4172
67.024071 110 4172
67.924060 110 4172
68.047064 110 4172
68.948953 110 4172
69.031090 110 4172
69.236065 110 4172
69.932046 110 4172
70.054111 110 4172
70.955031 110 4172
71.037100 110 4172
71.910415 110 4172
71.915754 158 4172
71.956051 110 4172
72.055691 110 4172
72.245914 1198 4172
72.245930 1198 4172
72.245958 1198 4172
72.245986 1198 4172
72.246012 1198 4172
72.246039 1198 4172
72.250023 1198 4172
72.250058 1198 4172
72.250097 1198 4172
72.250129 382 4172
72.250160 1198 4172
72.250193 862 4172
72.250224 222 4172
72.250255 206 4172
72.250285 206 4172
72.250315 238 4172
72.250345 462 4172
72.278918 1198 4172
72.278947 1198 4172
72.278977 1198 4172
72.279007 1198 4172
72.279036 1198 4172
72.279063 1198 4172
72.279090 1198 4172
72.279117 1198 4172
72.279146 1198 4172
72.279180 302 4172
72.290970 1150 4172
72.290973 222 4172
72.291048 206 4172
72.291051 206 4172
72.291078 238 4172
72.291109 446 4172
72.332154 1198 4172
72.332284 1198 4172
72.332286 1198 4172
72.332324 1198 4172
72.332364 1198 4172
72.332401 1198 4172
72.332436 1198 4172
72.332472 1198 4172
72.332506 894 4172
72.332542 894 4172
72.332578 222 4172
72.332614 206 4172
72.332649 206 4172
72.332683 238 4172
72.332718 446 4172
72.373011 1198 4172
72.373024 1198 4172
72.373064 1198 4172
72.373101 1198 4172
72.373138 1198 4172
72.373178 1198 4172
72.373214 782 4172
72.373275 622 4172
72.373292 206 4172
72.373330 206 4172
72.373365 206 4172
72.373401 238 4172
72.373442 366 4172
72.378965 1198 4172
72.379028 1198 4172
72.379063 302 4172
72.379138 174 4172
72.412071 158 4172
72.412134 174 4172
72.412177 174 4172
72.412214 174 4172
72.412249 142 4172
72.413970 110 4172
72.700985 110 4172
72.939146 110 4172
72.946012 110 4172
73.028006 110 4172
73.232047 110 4172
73.518137 110 4172
73.762979 110 4172
73.926981 110 4172
74.050108 110 4172
74.050141 110 4172
74.951999 110 4172
75.033977 110 4172
75.935976 110 4172
76.058984 110 4172
76.715012 110 4172
76.961180 110 4172
77.042998 110 4172
77.944933 110 4172
78.026988 110 4172
78.928945 110 4172
79.051971 110 4172
79.379933 110 4172
79.952950 110 4172
80.034960 110 4172
80.935903 110 4172
81.059021 110 4172
81.762007 60 60000
81.931260 110 4172
82.022411 158 4172
82.028849 110 4172
82.028893 110 4172
82.087894 60 60000
82.249960 1198 4172
82.250046 1198 4172
82.250048 1198 4172
82.250079 1198 4172
82.250107 830 4172
82.250135 1198 4172
82.250163 1198 4172
82.250189 1198 4172
82.250220 1198 4172
82.250254 590 4172
82.250280 222 4172
82.250305 206 4172
82.250332 206 4172
82.250358 206 4172
82.250382 206 4172
82.250409 574 4172
82.250433 1070 4172
82.250461 1198 4172
82.250487 190 4172
82.290974 1198 4172
82.291054 1198 4172
82.291085 1198 4172
82.291119 1198 4172
82.291149 990 4172
82.291180 1198 4172
82.291209 1198 4172
82.291239 1198 4172
82.291272 1198 4172
82.291304 990 4172
82.291334 590 4172
82.291362 206 4172
82.291394 206 4172
82.291422 206 4172
82.291451 206 4172
82.291480 574 4172
82.291509 398 4172
82.291539 1198 4172
82.291568 1086 4172
82.315881 1198 4172
82.315998 1198 4172
82.316000 1198 4172
82.316021 1198 4172
82.316048 1198 4172
82.316073 1198 4172
82.316099 1198 4172
82.316124 430 4172
82.316151 1198 4172
82.316176 1198 4172
82.316204 1198 4172
82.316230 862 4172
82.316255 734 4172
82.316280 318 4172
82.331997 318 4172
82.332082 318 4172
82.332089 318 4172
82.332119 862 4172
82.332154 174 4172
82.332190 446 4172
82.380183 1198 4172
82.380213 1198 4172
82.380240 1198 4172
82.380267 1198 4172
82.380293 1198 4172
82.380319 1198 4172
82.380346 1198 4172
82.380374 1198 4172
82.380397 270 4172
82.380423 1198 4172
82.380447 958 4172
82.380474 814 4172
82.380500 382 4172
82.380524 382 4172
82.380549 382 4172
82.380575 382 4172
82.380600 782 4172
82.380625 142 4172
82.380650 462 4172
82.380757 1198 4172
82.380784 1198 4172
82.380810 1198 4172
82.380835 1198 4172
82.380861 1198 4172
82.380886 1198 4172
82.380913 1198 4172
82.380942 1006 4172
82.412714 1150 4172
82.412796 766 4172
82.412826 382 4172
82.412853 382 4172
82.412879 382 4172
82.412912 382 4172
82.412937 798 4172
82.412963 446 4172
82.413004 1198 4172
82.421902 1198 4172
82.421989 1198 4172
82.422027 1198 4172
82.422068 1198 4172
82.422110 1198 4172
82.422148 1054 4172
82.422186 894 4172
82.422222 750 4172
82.422260 318 4172
82.422297 318 4172
82.422335 318 4172
82.422370 318 4172
82.422407 686 4172
82.422446 462 4172
82.444982 1198 4172
82.445065 1198 4172
82.445081 1198 4172
82.445117 1198 4172
82.445143 1198 4172
82.445172 1198 4172
82.445203 670 4172
82.445231 622 4172
82.445265 750 4172
82.445294 318 4172
82.445323 318 4172
82.445352 318 4172
82.445381 318 4172
82.462886 686 4172
82.462943 366 4172
82.477905 1198 4172
82.477982 1198 4172
82.477993 254 4172
82.478027 318 4172
82.478058 238 4172
82.503808 206 4172
82.503867 206 4172
82.503904 206 4172
82.503939 206 4172
82.503976 238 4172
82.504012 238 4172
82.585908 110 4172
82.831932 110 4172
82.954851 110 4172
83.036849 110 4172
83.117990 110 4172
83.362853 110 4172
83.649983 110 4172
83.895925 110 4172
83.937126 110 4172
84.059905 110 4172
84.182931 110 4172
84.428830 110 4172
84.715929 110 4172
84.961900 110 4172
85.044165 110 4172
85.943868 110 4172
86.025830 110 4172
86.926847 110 4172
87.049879 110 4172
87.377950 110 4172
87.949869 110 4172
88.031839 110 4172
88.932834 110 4172
89.055799 110 4172
89.954851 110 4172
90.036779 110 4172
90.077845 110 4172
90.939036 110 4172
91.061770 110 4172
91.962797 110 4172
92.044808 110 4172
92.741862 110 4172
92.946865 110 4172
93.028675 110 4172
93.927793 110 4172
94.050797 110 4172
94.951784 110 4172
95.033765 110 4172
95.399922 110 4172
95.930736 110 4172
96.053761 110 4172
96.954788 110 4172
97.036718 110 4172
97.937812 110 4172
98.054771 110 4172
98.060672 110 4172
98.634728 318 4172
98.634823 318 4172
98.962725 110 4172
99.044776 110 4172
99.946699 110 4172
100.028673 110 4172
100.724687 110 4172
100.928657 110 4172
101.051735 110 4172
101.952668 110 4172
102.034638 110 4172
102.456347 158 4172
102.639129 1198 4172
102.639221 1198 4172
102.639272 1198 4172
102.639298 1198 4172
102.639323 878 4172
102.639356 1198 4172
102.639380 1198 4172
102.639413 1198 4172
102.639443 1198 4172
102.639474 494 4172
102.639509 238 4172
102.639592 206 4172
102.639629 206 4172
102.639659 206 4172
102.639688 206 4172
102.639717 238 4172
102.639746 1086 4172
102.639776 1198 4172
102.639803 190 4172
102.778675 1198 4172
102.778720 1198 4172
102.778786 1198 4172
102.778816 1198 4172
102.778846 1198 4172
102.778872 1198 4172
102.778898 1198 4172
102.778961 1198 4172
102.778988 1198 4172
102.779014 318 4172
102.779043 1182 4172
102.779072 222 4172
102.779097 206 4172
102.779162 206 4172
102.803732 206 4172
102.803773 206 4172
102.803808 238 4172
102.803837 158 4172
102.803870 478 4172
102.811606 1198 4172
102.811635 1198 4172
102.811667 1198 4172
102.811734 1198 4172
102.811766 1198 4172
102.811792 1198 4172
102.811857 1134 4172
102.811889 910 4172
102.811920 222 4172
102.811945 206 4172
102.844710 206 4172
102.844732 206 4172
102.844897 206 4172
102.844969 238 4172
102.845002 446 4172
102.845693 1198 4172
102.845721 1198 4172
102.845751 1198 4172
102.845782 1198 4172
102.845879 1198 4172
102.845923 1198 4172
102.845955 926 4172
102.845985 622 4172
102.846015 222 4172
102.846044 206 4172
102.846073 206 4172
102.846101 206 4172
102.878598 206 4172
102.878672 110 4172
102.878710 238 4172
102.878748 366 4172
102.878843 1198 4172
102.885611 1198 4172
102.885648 302 4172
102.885685 318 4172
102.885720 158 4172
102.885754 174 4172
102.885788 174 4172
102.885821 174 4172
102.885853 174 4172
102.885887 174 4172
102.885918 238 4172
102.926694 110 4172
103.049734 110 4172
103.131628 110 4172
103.418588 110 4172
103.664877 110 4172
103.922652 110 4172
103.951594 110 4172
104.033618 110 4172
104.197701 110 4172
104.484736 110 4172
104.935683 110 4172
105.058639 110 4172
105.959576 110 4172
106.041662 110 4172
106.943661 110 4172
107.025559 110 4172
107.148620 110 4172
107.923629 110 4172
108.046575 110 4172
108.948630 110 4172
109.030520 110 4172
109.808619 110 4172
109.931553 110 4172
110.054551 110 4172
110.955664 110 4172
111.037718 110 4172
111.937710 110 4172
112.060567 110 4172
112.163644 60 60000
112.405279 158 4172
112.445552 110 4172
112.501760 60 60000
112.683854 1198 4172
112.683894 1198 4172
112.683963 382 4172
112.684513 334 4172
112.684579 942 4172
112.684701 350 4172
112.684781 350 4172
112.684810 350 4172
112.684839 350 4172
112.684895 350 4172
112.684926 350 4172
112.684957 350 4172
112.684988 958 4172
112.685018 238 4172
112.685073 1198 4172
112.711685 1198 4172
112.711721 1198 4172
112.711754 1198 4172
112.711825 1198 4172
112.711854 862 4172
112.711883 1198 4172
112.711914 1198 4172
112.711940 1198 4172
112.711968 1198 4172
112.712035 1198 4172
112.712065 334 4172
112.712105 1022 4172
112.712133 366 4172
112.712159 366 4172
112.712187 366 4172
112.712217 366 4172
112.712281 366 4172
112.712318 366 4172
112.712352 1022 4172
112.712374 158 4172
112.712402 190 4172
112.712433 398 4172
112.712518 1198 4172
112.713489 1198 4172
112.713522 1198 4172
112.713558 1198 4172
112.713620 1198 4172
112.713662 1198 4172
112.713695 1198 4172
112.713726 1198 4172
112.713757 542 4172
112.713788 1198 4172
112.713824 1198 4172
112.713855 1198 4172
112.713882 398 4172
112.713918 830 4172
112.713959 222 4172
112.713995 222 4172
112.714030 222 4172
112.714060 222 4172
112.714093 222 4172
112.714124 222 4172
112.714157 750 4172
112.725574 142 4172
112.725623 446 4172
112.744625 1198 4172
112.744638 1198 4172
112.744672 1198 4172
112.744699 1198 4172
112.744728 1198 4172
112.744796 1198 4172
112.744826 1198 4172
112.744853 1198 4172
112.744880 558 4172
112.744909 1198 4172
112.744936 1198 4172
112.745001 1070 4172
112.745033 846 4172
112.745060 318 4172
112.745678 318 4172
112.745712 318 4172
112.745738 318 4172
112.745805 318 4172
112.745850 318 4172
112.766525 734 4172
112.766558 446 4172
112.778524 1198 4172
112.778604 1198 4172
112.778618 1198 4172
112.778651 1198 4172
112.778682 1198 4172
112.778760 1198 4172
112.778829 1198 4172
112.778875 446 4172
112.778910 1198 4172
112.778941 270 4172
112.778972 686 4172
112.779036 350 4172
112.779072 350 4172
112.779525 350 4172
112.779562 350 4172
112.779623 350 4172
112.779662 350 4172
112.807600 798 4172
112.807687 462 4172
112.811652 1198 4172
112.811690 1198 4172
112.811722 1198 4172
112.811751 1198 4172
112.811780 1198 4172
112.811850 1198 4172
112.811878 1198 4172
112.811908 782 4172
112.811935 1134 4172
112.811963 686 4172
112.811990 334 4172
112.812058 334 4172
112.812512 334 4172
112.812542 334 4172
112.812569 334 4172
112.812635 334 4172
112.841316 574 4172
112.841319 462 4172
112.841682 1198 4172
112.841684 1198 4172
112.841713 254 4172
112.841742 318 4172
112.841771 222 4172
112.842628 206 4172
112.842659 206 4172
112.842687 206 4172
112.842715 206 4172
112.842742 206 4172
112.848536 206 4172
112.848572 206 4172
112.848607 158 4172
112.930516 110 4172
112.982767 110 4172
112.985015 1198 4172
112.985062 1198 4172
112.985105 238 4172
112.985147 318 4172
112.986676 174 4172
112.988124 174 4172
112.988224 238 4172
112.988686 222 4172
112.988729 222 4172
112.989634 222 4172
112.989676 222 4172
112.990580 222 4172
112.990619 222 4172
112.992348 222 4172
112.994445 174 4172
112.995606 174 4172
112.996799 174 4172
112.999203 254 4172
113.012581 1198 4172
113.012643 1198 4172
113.012698 1198 4172
113.012746 1198 4172
113.012788 1198 4172
113.012830 1198 4172
113.012872 1198 4172
113.012913 1198 4172
113.012957 1198 4172
113.012999 1198 4172
113.013041 1198 4172
113.013089 1198 4172
113.013131 558 4172
113.049740 110 4172
113.051893 1198 4172
113.051948 1198 4172
113.052001 238 4172
113.052051 318 4172
113.053459 174 4172
113.054586 174 4172
113.054637 238 4172
113.055560 222 4172
113.055610 222 4172
113.056540 222 4172
113.056581 222 4172
113.058442 222 4172
113.058538 222 4172
113.059314 222 4172
113.060889 174 4172
113.062324 174 4172
113.063483 174 4172
113.065931 254 4172
113.094572 1198 4172
113.094641 1198 4172
113.094697 1198 4172
113.094750 1198 4172
113.094796 1198 4172
113.094842 1198 4172
113.094888 1198 4172
113.094935 1198 4172
113.094980 1198 4172
113.095031 1198 4172
113.095070 1198 4172
113.095118 1198 4172
113.095164 558 4172
113.136246 110 4172
113.150874 1198 4172
113.150941 1198 4172
113.150991 238 4172
113.151042 318 4172
113.152535 174 4172
113.154544 174 4172
113.154598 238 4172
113.155696 222 4172
113.155749 222 4172
113.155798 222 4172
113.155845 222 4172
113.156721 222 4172
113.156760 222 4172
113.158406 222 4172
113.159883 174 4172
113.161361 174 4172
113.162492 174 4172
113.164789 254 4172
113.176534 1198 4172
113.176607 1198 4172
113.176644 1198 4172
113.176679 1198 4172
113.176713 1198 4172
113.176748 1198 4172
113.176780 1198 4172
113.176812 1198 4172
113.176847 1198 4172
113.176883 1198 4172
113.176919 1198 4172
113.176960 1198 4172
113.177000 558 4172
113.218543 1198 4172
113.218601 1198 4172
113.218653 238 4172
113.218699 318 4172
113.219941 174 4172
113.220497 174 4172
113.222127 238 4172
113.222178 222 4172
113.222458 222 4172
113.222501 222 4172
113.223759 222 4172
113.223803 110 4172
113.223845 222 4172
113.223884 222 4172
113.225416 222 4172
113.227117 174 4172
113.228567 174 4172
113.229750 174 4172
113.232035 254 4172
113.247702 1198 4172
113.247758 1198 4172
113.247811 1198 4172
113.247860 1198 4172
113.247908 1198 4172
113.247965 1198 4172
113.248002 1198 4172
113.248043 1198 4172
113.248081 1198 4172
113.248122 1198 4172
113.248160 1198 4172
113.248199 1198 4172
113.248236 558 4172
113.259609 110 4172
113.318017 1198 4172
113.318086 1198 4172
113.318121 238 4172
113.318163 318 4172
113.319614 174 4172
113.320647 174 4172
113.320687 238 4172
113.321632 222 4172
113.321674 222 4172
113.322600 222 4172
113.322649 222 4172
113.323637 222 4172
113.323678 110 4172
113.323715 222 4172
113.325416 222 4172
113.327168 174 4172
113.328578 174 4172
113.330402 174 4172
113.332339 254 4172
113.332445 1198 4172
113.332492 1198 4172
113.332533 1198 4172
113.332564 1198 4172
113.332595 1198 4172
113.332626 1198 4172
113.341636 1198 4172
113.341677 1198 4172
113.341721 1198 4172
113.341762 1198 4172
113.341798 1198 4172
113.341830 1198 4172
113.341861 558 4172
113.382553 1198 4172
113.382589 1198 4172
113.382628 238 4172
113.384660 318 4172
113.386282 174 4172
113.386836 174 4172
113.387716 238 4172
113.387750 222 4172
113.388578 222 4172
113.388612 222 4172
113.389831 222 4172
113.389870 222 4172
113.389906 222 4172
113.391851 222 4172
113.391886 174 4172
113.393276 174 4172
113.394590 174 4172
113.396826 254 4172
113.422760 1198 4172
113.422855 1198 4172
113.422898 1198 4172
113.422940 1198 4172
113.422979 1198 4172
113.423017 1198 4172
113.423057 1198 4172
113.423092 1198 4172
113.423132 1198 4172
113.423170 1198 4172
113.423207 1198 4172
113.423244 1198 4172
113.423282 558 4172
113.423461 110 4172
113.482876 1198 4172
113.482959 1198 4172
113.483002 238 4172
113.484612 318 4172
113.486213 174 4172
113.486772 174 4172
113.487713 238 4172
113.487754 222 4172
113.488640 222 4172
113.488682 222 4172
113.490143 222 4172
113.490185 222 4172
113.490604 222 4172
113.490646 222 4172
113.492421 174 4172
113.493867 174 4172
113.494971 174 4172
113.497382 254 4172
113.497462 1198 4172
113.497487 1198 4172
113.505813 1198 4172
113.505899 1198 4172
113.505955 1198 4172
113.506004 1198 4172
113.506044 1198 4172
113.506082 1198 4172
113.506120 1198 4172
113.506157 1198 4172
113.506197 1198 4172
113.506235 1198 4172
113.506273 558 4172
113.522736 110 4172
113.546560 110 4172
113.628547 110 4172
113.792651 110 4172
113.956673 110 4172
114.079591 110 4172
114.325653 110 4172
114.571577 110 4172
114.858695 110 4172
114.939653 110 4172
115.062660 110 4172
115.144656 110 4172
115.389677 110 4172
115.676591 110 4172
115.921744 110 4172
115.962568 110 4172
116.044592 110 4172
116.944610 110 4172
117.026563 110 4172
117.927585 110 4172
118.050516 110 4172
118.582570 110 4172
118.950621 110 4172
119.032546 110 4172
119.930523 110 4172
120.053551 110 4172
120.953539 110 4172
121.035560 110 4172
121.240607 110 4172
121.936504 110 4172
122.059548 110 4172
122.960521 110 4172
123.042515 110 4172
123.901451 110 4172
123.942487 110 4172
124.024539 110 4172
124.924476 110 4172
125.047485 110 4172
125.948403 110 4172
126.030519 110 4172
126.562485 110 4172
126.930469 110 4172
127.053533 110 4172
127.953522 110 4172
128.035350 110 4172
128.935479 110 4172
129.058519 110 4172
129.222455 110 4172
129.960524 110 4172
130.042521 110 4172
130.943450 110 4172
131.025435 110 4172
131.923089 110 4172
131.924337 110 4172
132.047438 110 4172
132.847142 158 4172
132.958855 110 4172
133.002539 1198 4172
133.002579 1198 4172
133.002607 238 4172
133.002637 318 4172
133.002663 174 4172
133.002692 174 4172
133.002717 238 4172
133.002743 222 4172
133.002770 222 4172
133.002796 222 4172
133.002825 222 4172
133.002855 222 4172
133.002881 222 4172
133.002907 222 4172
133.002938 174 4172
133.002965 174 4172
133.002993 174 4172
133.003019 1198 4172
133.003046 1198 4172
133.003101 1198 4172
133.003131 1198 4172
133.003159 1198 4172
133.003184 1198 4172
133.003210 1198 4172
133.003295 174 4172
133.003323 1198 4172
133.003349 1198 4172
133.003375 1198 4172
133.003403 1198 4172
133.003430 1198 4172
133.003456 1198 4172
133.003482 1198 4172
133.003509 1198 4172
133.003537 1198 4172
133.003567 1198 4172
133.003596 1198 4172
133.003624 1198 4172
133.003649 558 4172
133.044322 110 4172
133.135558 110 4172
133.178387 1198 4172
133.178475 1198 4172
133.178508 1198 4172
133.178533 1198 4172
133.178602 1198 4172
133.178632 1198 4172
133.178657 1198 4172
133.178682 1198 4172
133.178709 1198 4172
133.178735 302 4172
133.178803 1150 4172
133.178829 222 4172
133.178856 206 4172
133.178883 206 4172
133.178909 206 4172
133.178974 206 4172
133.179003 206 4172
133.179028 206 4172
133.179054 206 4172
133.179080 446 4172
133.179243 1198 4172
133.179270 1198 4172
133.179298 1198 4172
133.179364 1198 4172
133.179393 1198 4172
133.179420 1198 4172
133.179446 1198 4172
133.179512 1198 4172
133.179545 910 4172
133.179574 910 4172
133.179602 222 4172
133.179629 206 4172
133.179655 206 4172
133.179680 206 4172
133.179705 206 4172
133.211623 206 4172
133.211705 206 4172
133.211771 206 4172
133.211804 430 4172
133.212337 1198 4172
133.212367 1198 4172
133.212397 270 4172
133.212425 318 4172
133.212461 158 4172
133.212489 174 4172
133.212560 174 4172
133.213328 174 4172
133.213361 174 4172
133.213391 174 4172
133.213420 174 4172
133.213449 174 4172
133.220406 238 4172
133.261393 110 4172
133.507594 110 4172
133.793622 110 4172
133.957396 110 4172
134.039474 110 4172
134.039527 110 4172
134.325464 110 4172
134.571625 110 4172
134.858443 110 4172
134.940453 110 4172
135.063382 110 4172
135.924422 110 4172
136.047405 110 4172
136.948432 110 4172
137.030366 110 4172
137.522434 110 4172
137.932402 110 4172
138.055437 110 4172
138.956410 110 4172
139.037369 110 4172
139.938356 110 4172
140.061356 110 4172
140.184347 110 4172
140.962389 110 4172
141.044361 110 4172
141.945590 110 4172
142.027310 110 4172
142.578972 60 60000
142.843645 110 4172
142.864419 158 4172
142.918176 60 60000
142.952516 110 4172
143.036059 110 4172
143.089571 1198 4172
143.093424 1198 4172
143.093492 1198 4172
143.093552 1006 4172
143.093618 318 4172
143.093709 1198 4172
143.094226 158 4172
143.094277 382 4172
143.094410 382 4172
143.094500 382 4172
143.094538 382 4172
143.094571 382 4172
143.094603 382 4172
143.094636 382 4172
143.094669 382 4172
143.094699 382 4172
143.094733 1198 4172
143.094762 174 4172
143.094796 254 4172
143.094853 1198 4172
143.122033 1198 4172
143.127205 1198 4172
143.128893 782 4172
143.128929 334 4172
143.128961 926 4172
143.128990 286 4172
143.129019 286 4172
143.129048 286 4172
143.129077 286 4172
143.129106 286 4172
143.129161 286 4172
143.129191 286 4172
143.129221 286 4172
143.129252 286 4172
143.129282 286 4172
143.129311 558 4172
143.129404 1198 4172
143.129441 1198 4172
143.129472 1022 4172
143.129526 1198 4172
143.135342 1198 4172
143.135385 1198 4172
143.135441 1198 4172
143.135486 1198 4172
143.135522 1198 4172
143.135556 1198 4172
143.135589 894 4172
143.135623 1198 4172
143.135657 1198 4172
143.135689 1198 4172
143.135720 718 4172
143.135753 158 4172
143.135787 782 4172
143.135822 318 4172
143.135856 318 4172
143.135888 318 4172
143.135921 318 4172
143.135954 318 4172
143.135986 318 4172
143.136019 318 4172
143.136051 318 4172
143.136084 318 4172
143.136116 302 4172
143.136208 158 4172
143.136285 494 4172
143.150202 1198 4172
143.150242 1198 4172
143.150283 1198 4172
143.150315 1198 4172
143.150350 1198 4172
143.150389 1198 4172
143.150422 1198 4172
143.150454 910 4172
143.150488 1198 4172
143.150520 878 4172
143.150552 206 4172
143.150585 334 4172
143.150618 334 4172
143.150649 334 4172
143.150682 334 4172
143.150713 334 4172
143.150745 334 4172
143.150777 334 4172
143.150810 334 4172
143.150842 334 4172
143.150871 334 4172
143.150900 878 4172
143.181326 142 4172
143.181361 462 4172
143.216275 510 4172
143.216302 654 4172
143.222275 1198 4172
143.222324 1198 4172
143.222360 1198 4172
143.222393 1198 4172
143.222427 1198 4172
143.222461 1198 4172
143.222492 990 4172
143.222526 926 4172
143.222559 782 4172
143.222592 398 4172
143.222624 398 4172
143.222657 398 4172
143.222689 398 4172
143.222722 398 4172
143.222756 398 4172
143.222787 398 4172
143.222820 398 4172
143.222851 398 4172
143.222884 398 4172
143.222918 1054 4172
143.222948 446 4172
143.241421 1198 4172
143.241425 1198 4172
143.241446 1198 4172
143.241488 1198 4172
143.241521 1198 4172
143.241556 1198 4172
143.241589 814 4172
143.241623 622 4172
143.242366 910 4172
143.242403 318 4172
143.242432 318 4172
143.243213 318 4172
143.243243 318 4172
143.243272 318 4172
143.244329 318 4172
143.244360 318 4172
143.244389 318 4172
143.244419 318 4172
143.263317 318 4172
143.263375 1134 4172
143.263438 366 4172
143.274285 1198 4172
143.274315 1198 4172
143.274355 286 4172
143.275204 174 4172
143.275243 206 4172
143.275279 206 4172
143.275314 206 4172
143.276197 206 4172
143.276233 206 4172
143.276268 206 4172
143.276303 206 4172
143.277312 206 4172
143.277350 206 4172
143.277386 206 4172
143.277422 206 4172
143.304333 254 4172
143.304393 142 4172
143.386407 110 4172
143.450896 1198 4172
143.450944 1198 4172
143.450988 238 4172
143.451430 174 4172
143.452389 222 4172
143.452443 222 4172
143.453354 222 4172
143.453400 222 4172
143.454305 222 4172
143.454350 222 4172
143.455260 222 4172
143.455307 222 4172
143.456210 222 4172
143.456259 222 4172
143.458886 222 4172
143.458918 254 4172
143.460287 174 4172
143.462692 254 4172
143.468291 1198 4172
143.468337 1198 4172
143.468476 1198 4172
143.468521 1198 4172
143.468565 1198 4172
143.468606 1198 4172
143.468643 1198 4172
143.468687 1198 4172
143.468724 1198 4172
143.468761 1198 4172
143.468798 1198 4172
143.468835 1198 4172
143.468874 558 4172
143.515952 1198 4172
143.515972 1198 4172
143.516004 238 4172
143.516413 174 4172
143.517198 222 4172
143.517231 222 4172
143.518384 222 4172
143.518420 222 4172
143.518449 222 4172
143.519192 222 4172
143.519224 222 4172
143.520362 222 4172
143.520393 222 4172
143.520424 222 4172
143.522775 222 4172
143.522813 254 4172
143.523943 174 4172
143.526261 254 4172
143.550367 1198 4172
143.550396 1198 4172
143.550458 1198 4172
143.550498 1198 4172
143.550540 1198 4172
143.550576 1198 4172
143.550613 1198 4172
143.550648 1198 4172
143.550683 1198 4172
143.550724 1198 4172
143.550760 1198 4172
143.550794 1198 4172
143.550829 558 4172
143.615583 1198 4172
143.615596 1198 4172
143.615683 238 4172
143.616561 318 4172
143.616593 222 4172
143.619279 222 4172
143.619317 222 4172
143.620430 222 4172
143.620461 222 4172
143.620494 222 4172
143.620527 222 4172
143.620557 222 4172
143.621406 222 4172
143.621444 222 4172
143.623738 222 4172
143.623777 254 4172
143.624956 174 4172
143.627363 254 4172
143.632270 1198 4172
143.632320 1198 4172
143.632362 1198 4172
143.632401 1198 4172
143.632442 110 4172
143.632480 1198 4172
143.632516 1198 4172
143.632552 1198 4172
143.632587 1198 4172
143.632622 1198 4172
143.632658 1198 4172
143.632694 1198 4172
143.632729 1198 4172
143.632766 558 4172
143.682981 1198 4172
143.683972 1198 4172
143.684027 238 4172
143.684256 318 4172
143.684298 222 4172
143.684334 222 4172
143.684369 222 4172
143.684405 222 4172
143.685237 222 4172
143.685277 222 4172
143.686272 222 4172
143.686305 222 4172
143.687693 222 4172
143.687715 222 4172
143.687750 222 4172
143.689543 254 4172
143.690947 174 4172
143.693702 254 4172
143.714274 1198 4172
143.714321 1198 4172
143.714363 1198 4172
143.714399 1198 4172
143.714442 1198 4172
143.714478 1198 4172
143.714514 1198 4172
143.714551 1198 4172
143.714590 1198 4172
143.714625 1198 4172
143.714663 1198 4172
143.714699 1198 4172
143.714735 558 4172
143.782659 1198 4172
143.782682 1198 4172
143.782724 238 4172
143.782761 318 4172
143.782794 222 4172
143.783561 222 4172
143.783593 222 4172
143.784482 222 4172
143.784519 222 4172
143.785426 222 4172
143.785461 222 4172
143.786347 222 4172
143.786410 222 4172
143.787489 222 4172
143.787534 222 4172
143.789462 254 4172
143.790814 174 4172
143.793552 254 4172
143.796300 1198 4172
143.796365 1198 4172
143.796421 1198 4172
143.796460 1198 4172
143.796498 1198 4172
143.796534 1198 4172
143.796580 1198 4172
143.796615 1198 4172
143.796648 1198 4172
143.796682 1198 4172
143.796714 1198 4172
143.796747 1198 4172
143.796779 558 4172
143.849284 1198 4172
143.849288 1198 4172
143.849333 238 4172
143.849373 318 4172
143.850313 222 4172
143.850356 222 4172
143.851183 222 4172
143.851226 222 4172
143.852593 222 4172
143.852636 222 4172
143.852678 222 4172
143.853565 222 4172
143.853606 222 4172
143.854628 222 4172
143.854666 222 4172
143.856733 254 4172
143.858202 174 4172
143.860291 1198 4172
143.860346 1198 4172
143.860392 1198 4172
143.860445 1198 4172
143.860485 1198 4172
143.860521 1198 4172
143.860557 1198 4172
143.860592 174 4172
143.878335 1198 4172
143.878389 1198 4172
143.878426 1198 4172
143.878467 1198 4172
143.878507 1198 4172
143.878551 1198 4172
143.878591 1198 4172
143.878631 1198 4172
143.878670 1198 4172
143.878709 1198 4172
143.878748 1198 4172
143.878787 1198 4172
143.878827 558 4172
143.919328 110 4172
143.947980 110 4172
143.948388 1198 4172
143.948396 1198 4172
143.948438 238 4172
143.949396 318 4172
143.949440 222 4172
143.950351 222 4172
143.950395 222 4172
143.951306 222 4172
143.951349 222 4172
143.952261 222 4172
143.952303 222 4172
143.953900 222 4172
143.953948 222 4172
143.954347 222 4172
143.954381 222 4172
143.956280 254 4172
143.957393 174 4172
143.960198 1198 4172
143.960255 1198 4172
143.960304 1198 4172
143.960343 1198 4172
143.960381 1198 4172
143.960417 1198 4172
143.960454 1198 4172
143.960491 174 4172
143.960544 1198 4172
144.001571 1198 4172
144.001643 1198 4172
144.001645 1198 4172
144.001678 1198 4172
144.001719 1198 4172
144.001757 1198 4172
144.001797 1198 4172
144.001836 1198 4172
144.001876 1198 4172
144.001916 1198 4172
144.001959 1198 4172
144.001999 558 4172
144.042297 110 4172
144.124342 110 4172
144.206344 110 4172
144.451337 110 4172
144.736408 110 4172
144.941335 110 4172
144.982345 110 4172
145.064297 110 4172
145.227379 110 4172
145.514307 110 4172
145.760332 110 4172
145.964263 110 4172
146.023211 110 4172
146.046289 110 4172
146.292290 110 4172
146.579288 110 4172
146.947337 110 4172
147.029274 110 4172
147.927263 110 4172
148.050332 110 4172
148.950245 110 4172
149.032234 110 4172
149.236339 110 4172
149.933220 110 4172
150.056371 110 4172
150.958266 110 4172
151.040195 110 4172
151.899282 110 4172
151.940260 110 4172
152.063267 110 4172
152.964263 110 4172
153.046264 110 4172
153.948328 110 4172
154.030200 110 4172
154.604235 110 4172
154.930175 110 4172
155.053544 110 4172
155.952230 110 4172
156.034211 110 4172
156.936209 110 4172
157.059228 110 4172
157.223196 110 4172
157.959209 110 4172
158.041189 110 4172
158.585463 414 4172
158.586794 174 4172
158.587662 238 4172
158.589128 238 4172
158.590637 238 4172
158.592075 238 4172
158.593608 238 4172
158.595116 238 4172
158.596576 238 4172
158.598108 238 4172
158.599103 238 4172
158.600056 174 4172
158.601109 174 4172
158.602531 238 4172
158.603706 174 4172
158.606066 590 4172
158.614125 1198 4172
158.614168 1198 4172
158.614232 1198 4172
158.614287 1198 4172
158.614323 1198 4172
158.614365 1198 4172
158.614404 1198 4172
158.614447 1198 4172
158.614486 1198 4172
158.614526 1198 4172
158.614566 1198 4172
158.614611 1198 4172
158.614643 558 4172
158.859210 110 4172
158.941150 110 4172
159.063218 110 4172
159.104275 110 4172
159.390262 110 4172
159.963232 110 4172
160.045176 110 4172
160.943030 110 4172
161.025112 110 4172
161.925122 110 4172
162.023362 110 4172
162.047140 110 4172
162.947081 110 4172
163.030938 110 4172
163.213887 158 4172
163.589397 1198 4172
163.589475 1198 4172
163.589508 1198 4172
163.589541 1198 4172
163.589571 1198 4172
163.589599 1198 4172
163.589627 1198 4172
163.589654 1198 4172
163.589683 990 4172
163.589710 1198 4172
163.589737 1198 4172
163.589763 462 4172
163.589791 206 4172
163.589818 206 4172
163.589845 206 4172
163.589873 206 4172
163.589902 206 4172
163.589928 206 4172
163.589980 206 4172
163.590008 206 4172
163.590036 206 4172
163.590065 206 4172
163.590093 206 4172
163.590121 254 4172
163.590148 446 4172
163.590195 1198 4172
163.593486 1198 4172
163.593510 1198 4172
163.593542 1198 4172
163.593571 1198 4172
163.593600 1198 4172
163.593628 1198 4172
163.593655 1198 4172
163.593680 1198 4172
163.593707 462 4172
163.593735 1198 4172
163.593761 254 4172
163.593789 206 4172
163.593816 206 4172
163.593842 206 4172
163.593869 206 4172
163.593895 206 4172
163.593923 206 4172
163.593952 206 4172
163.593976 206 4172
163.594003 206 4172
163.594029 206 4172
163.594057 206 4172
163.594083 254 4172
163.594113 462 4172
163.623008 1198 4172
163.623162 1198 4172
163.635056 1198 4172
163.635185 1198 4172
163.635210 1198 4172
163.635240 1198 4172
163.635269 1198 4172
163.635296 1198 4172
163.635325 750 4172
163.635354 910 4172
163.635387 206 4172
163.635410 222 4172
163.635436 222 4172
163.635463 222 4172
163.635491 222 4172
163.635518 222 4172
163.635546 222 4172
163.635572 222 4172
163.635600 222 4172
163.635627 222 4172
163.635654 222 4172
163.635680 270 4172
163.635708 446 4172
163.646522 1198 4172
163.646565 1198 4172
163.646602 1198 4172
163.646638 1198 4172
163.646673 1198 4172
163.646707 1198 4172
163.646741 1198 4172
163.646774 1198 4172
163.646808 830 4172
163.646841 878 4172
163.646874 206 4172
163.646906 206 4172
163.647193 206 4172
163.648443 206 4172
163.648479 206 4172
163.652234 206 4172
163.653031 206 4172
163.653062 206 4172
163.653093 206 4172
163.653146 206 4172
163.653183 206 4172
163.676022 254 4172
163.676105 414 4172
163.680519 1198 4172
163.680548 1198 4172
163.680580 1198 4172
163.680609 1198 4172
163.680636 1198 4172
163.680664 1198 4172
163.680694 1198 4172
163.680722 414 4172
163.680750 622 4172
163.680778 206 4172
163.680805 206 4172
163.683346 206 4172
163.684567 206 4172
163.684595 206 4172
163.684624 206 4172
163.684654 206 4172
163.684680 206 4172
163.685209 206 4172
163.686457 206 4172
163.686489 206 4172
163.712663 254 4172
163.712681 366 4172
163.716000 398 4172
163.716049 174 4172
163.716991 158 4172
163.717030 158 4172
163.717066 158 4172
163.718594 158 4172
163.719543 158 4172
163.720500 158 4172
163.721457 158 4172
163.722401 158 4172
163.723380 158 4172
163.724297 158 4172
163.725247 158 4172
163.758172 158 4172
163.758257 142 4172
163.922158 110 4172
163.963167 110 4172
164.045067 110 4172
164.209919 110 4172
164.454102 110 4172
164.741159 110 4172
164.946121 110 4172
164.987081 110 4172
165.028125 110 4172
165.273154 110 4172
165.519149 110 4172
165.929144 110 4172
166.052150 110 4172
166.952122 110 4172
167.034133 110 4172
167.936068 110 4172
168.059091 110 4172
168.223115 110 4172
168.960170 110 4172
169.042102 110 4172
169.942065 110 4172
170.024034 110 4172
170.883069 110 4172
170.923975 110 4172
171.047072 110 4172
171.948090 110 4172
172.030009 110 4172
172.929998 110 4172
173.056050 110 4172
173.096981 126 4172
173.152280 158 4172
173.157137 1198 4172
173.157162 1198 4172
173.157193 158 4172
173.158469 1198 4172
173.159877 1198 4172
173.159913 1198 4172
173.159951 1198 4172
173.159986 1198 4172
173.160071 1198 4172
173.160108 1198 4172
173.160140 1150 4172
173.160171 1198 4172
173.160200 1198 4172
173.160230 1198 4172
173.160259 1198 4172
173.160288 1198 4172
173.160319 1198 4172
173.160360 1198 4172
173.160412 1198 4172
173.160464 1198 4172
173.160517 1198 4172
173.160567 382 4172
173.160618 1198 4172
173.160668 1198 4172
173.160727 1198 4172
173.160778 1198 4172
173.160828 1198 4172
173.160923 1198 4172
173.160956 1198 4172
173.160987 1198 4172
173.161017 1198 4172
173.161048 1198 4172
173.161078 926 4172
173.161109 1198 4172
173.161140 1198 4172
173.161171 1198 4172
173.161200 1198 4172
173.161236 1198 4172
173.161261 1198 4172
173.161291 174 4172
173.161320 1198 4172
173.161355 1198 4172
173.161386 1198 4172
173.161416 702 4172
173.161446 1198 4172
173.161478 1198 4172
173.161505 1198 4172
173.161535 1198 4172
173.161565 1198 4172
173.161594 398 4172
173.161624 1198 4172
173.161655 1198 4172
173.161689 1198 4172
173.161719 1198 4172
173.161753 1134 4172
173.161830 510 4172
173.161909 1198 4172
173.189676 142 4172
173.244133 1198 4172
173.244137 1198 4172
173.244164 1198 4172
173.244195 1166 4172
173.244985 1198 4172
173.245020 1198 4172
173.245052 1198 4172
173.245082 1198 4172
173.245111 1198 4172
173.245141 1198 4172
173.245167 1198 4172
173.245197 638 4172
173.245319 1198 4172
173.245351 1198 4172
173.245381 1198 4172
173.245410 1198 4172
173.245439 1198 4172
173.245469 1198 4172
173.245497 1198 4172
173.245528 1198 4172
173.245630 1198 4172
173.245662 1134 4172
173.246028 1198 4172
173.246063 1198 4172
173.246094 1198 4172
173.246124 1198 4172
173.246153 1198 4172
173.246185 1198 4172
173.246211 1198 4172
173.246239 1198 4172
173.246267 1198 4172
173.246296 1198 4172
173.246324 270 4172
173.246353 1198 4172
173.246380 1198 4172
173.246511 1198 4172
173.246546 1198 4172
173.246619 1198 4172
173.246652 1198 4172
173.246681 526 4172
173.246711 1198 4172
173.246740 1198 4172
173.246768 1198 4172
173.246794 1198 4172
173.246823 302 4172
173.246865 1198 4172
173.255980 1198 4172
173.256003 1198 4172
173.256036 1198 4172
173.256065 1198 4172
173.256093 1198 4172
173.256145 670 4172
173.256180 1198 4172
173.256210 1198 4172
173.256237 1198 4172
173.256266 1198 4172
173.256296 1198 4172
173.256330 1198 4172
173.256358 1198 4172
173.256386 830 4172
173.256415 510 4172
173.256444 1198 4172
173.256478 542 4172
173.343041 1198 4172
173.343053 1198 4172
173.343149 1198 4172
173.343172 1198 4172
173.343202 1118 4172
173.344054 1198 4172
173.344088 1198 4172
173.344118 1198 4172
173.344148 1198 4172
173.344177 1198 4172
173.344205 1198 4172
173.344234 1198 4172
173.344263 1198 4172
173.344291 382 4172
173.344320 1198 4172
173.344349 1198 4172
173.344379 1198 4172
173.344494 1198 4172
173.344524 1198 4172
173.344554 1198 4172
173.344586 1198 4172
173.344615 1198 4172
173.344643 1198 4172
173.344672 1198 4172
173.344700 1198 4172
173.344729 542 4172
173.346247 1198 4172
173.346279 1198 4172
173.346311 1198 4172
173.346342 1198 4172
173.346370 1198 4172
173.346399 1198 4172
173.346425 1198 4172
173.346453 1198 4172
173.346483 1198 4172
173.346513 1198 4172
173.376136 1198 4172
173.376148 1198 4172
173.376245 1102 4172
173.376284 1198 4172
173.376313 1198 4172
173.376343 1198 4172
173.376371 1198 4172
173.376400 1198 4172
173.376428 1198 4172
173.376459 1198 4172
173.376493 222 4172
173.376519 1198 4172
173.376547 1198 4172
173.376695 1198 4172
173.376729 1198 4172
173.376758 782 4172
173.376787 1198 4172
173.376816 1198 4172
173.378928 1198 4172
173.378959 1198 4172
173.378991 1198 4172
173.379019 1198 4172
173.379049 1198 4172
173.379079 238 4172
173.379211 1198 4172
173.379244 1198 4172
173.379274 1198 4172
173.379303 1198 4172
173.379332 1198 4172
173.379362 1198 4172
173.379390 750 4172
173.379416 430 4172
173.379444 798 4172
173.379503 1198 4172
173.379856 1198 4172
173.379889 1198 4172
173.379972 1198 4172
173.380019 1198 4172
173.380053 702 4172
173.380096 1198 4172
173.380145 1198 4172
173.380196 1198 4172
173.380237 1198 4172
173.380270 1198 4172
173.380296 1198 4172
173.380322 1198 4172
173.380348 1198 4172
173.380374 1198 4172
173.380400 254 4172
173.380426 1198 4172
173.380453 1198 4172
173.380482 1198 4172
173.380505 1198 4172
173.380534 1198 4172
173.380561 1198 4172
173.380588 1198 4172
173.380614 1198 4172
173.380640 1198 4172
173.380666 1198 4172
173.380692 1198 4172
173.380719 1198 4172
173.380744 478 4172
173.380771 1198 4172
173.380796 1198 4172
173.380824 1198 4172
173.380853 1198 4172
173.380881 1198 4172
173.380909 1198 4172
173.380939 1198 4172
173.380967 1198 4172
173.380992 1198 4172
173.381018 1198 4172
173.381045 1198 4172
173.381071 1198 4172
173.381098 1198 4172
173.381125 270 4172
173.381152 1198 4172
173.381178 1198 4172
173.381204 1198 4172
173.381230 1198 4172
173.381268 1198 4172
173.410325 1198 4172
173.410361 1198 4172
173.410840 718 4172
173.410966 1198 4172
173.411063 1198 4172
173.411120 1198 4172
173.411153 1198 4172
173.411262 1198 4172
173.411292 206 4172
173.411326 1198 4172
173.411355 1198 4172
173.411380 1198 4172
173.411404 1198 4172
173.411433 1198 4172
173.411462 1198 4172
173.411490 1198 4172
173.411579 606 4172
173.411613 1198 4172
173.411637 1198 4172
173.411665 1198 4172
173.411693 1198 4172
173.411720 1198 4172
173.411748 1198 4172
173.411778 1166 4172
173.411819 1198 4172
173.411858 1198 4172
173.421890 1198 4172
173.421924 990 4172
173.421956 1198 4172
173.421984 1198 4172
173.422013 1198 4172
173.422043 1198 4172
173.422071 206 4172
173.422099 1198 4172
173.422127 1198 4172
173.422155 1198 4172
173.422182 1198 4172
173.422210 1198 4172
173.422238 206 4172
173.422265 1198 4172
173.422293 1198 4172
173.422321 1198 4172
173.422349 1198 4172
173.422375 1198 4172
173.422402 1198 4172
173.422429 238 4172
173.422457 1198 4172
173.422485 1198 4172
173.422531 1198 4172
173.422558 574 4172
173.422587 1198 4172
173.422615 1198 4172
173.422642 686 4172
173.422669 1198 4172
173.422698 1198 4172
173.422726 1198 4172
173.422753 622 4172
173.422782 1198 4172
173.422809 1198 4172
173.422842 1198 4172
173.422870 1198 4172
173.422897 974 4172
173.466380 366 4172
173.512761 366 4172
173.512878 110 4172
173.512934 158 4172
173.512964 1198 4172
173.512991 1198 4172
173.513021 1102 4172
173.513048 766 4172
173.513077 830 4172
173.513108 766 4172
173.513138 766 4172
173.513898 766 4172
173.513935 766 4172
173.513964 1198 4172
173.513991 1198 4172
173.514017 910 4172
173.560235 1198 4172
173.560270 1198 4172
173.560298 1198 4172
173.560325 350 4172
173.560352 1198 4172
173.560378 1198 4172
173.560404 1198 4172
173.560430 974 4172
173.560457 1198 4172
173.560485 270 4172
173.560516 1198 4172
173.560543 270 4172
173.560569 1198 4172
173.560594 1198 4172
173.560621 1086 4172
173.560647 1198 4172
173.560672 1198 4172
173.560699 1198 4172
173.560725 1198 4172
173.560751 1198 4172
173.560779 1198 4172
173.560802 974 4172
173.560829 1198 4172
173.560857 1198 4172
173.560883 1198 4172
173.560909 1198 4172
173.560935 1198 4172
173.560960 1198 4172
173.560986 1198 4172
173.561011 1198 4172
173.561036 1198 4172
173.561062 222 4172
173.561088 1198 4172
173.561116 1198 4172
173.561141 1198 4172
173.561166 1198 4172
173.561191 1198 4172
173.561217 1198 4172
173.561243 1198 4172
173.561269 1198 4172
173.561294 1198 4172
173.561320 1198 4172
173.561348 718 4172
173.561374 1198 4172
173.561400 1198 4172
173.561426 1198 4172
173.561450 1198 4172
173.561478 1198 4172
173.561502 638 4172
173.561529 1198 4172
173.561555 1198 4172
173.561581 1198 4172
173.561606 670 4172
173.561632 1198 4172
173.561659 1198 4172
173.561684 1198 4172
173.561710 1198 4172
173.561735 414 4172
173.561760 1198 4172
173.561785 1198 4172
173.561810 1198 4172
173.561840 1198 4172
173.561866 750 4172
173.561892 654 4172
173.561917 1198 4172
173.561944 430 4172
173.615206 1198 4172
173.615232 1198 4172
173.615260 1198 4172
173.615285 1198 4172
173.615310 414 4172
173.615337 1198 4172
173.615363 1198 4172
173.615390 1198 4172
173.615415 1118 4172
173.615442 1006 4172
173.615467 1006 4172
173.615493 1198 4172
173.615519 1198 4172
173.615543 110 4172
173.615571 1198 4172
173.615595 1198 4172
173.615620 1198 4172
173.615645 1198 4172
173.615671 1102 4172
173.615696 1198 4172
173.615722 1198 4172
173.615747 1198 4172
173.615772 1198 4172
173.615801 1198 4172
173.615826 1198 4172
173.615854 814 4172
173.615880 1198 4172
173.615906 1198 4172
173.615931 1198 4172
173.615957 1198 4172
173.615981 1198 4172
173.616006 1198 4172
173.616032 1198 4172
173.616057 1198 4172
173.616083 1198 4172
173.616107 206 4172
173.616133 1198 4172
173.616158 1198 4172
173.616184 1198 4172
173.616209 1198 4172
173.616234 174 4172
173.616260 1198 4172
173.616285 1198 4172
173.616309 862 4172
173.616336 1198 4172
173.616361 1198 4172
173.616386 1134 4172
173.616412 1198 4172
173.616437 1198 4172
173.616462 1198 4172
173.616491 574 4172
173.616516 590 4172
173.616540 1198 4172
173.616565 510 4172
173.616607 1198 4172
173.617761 1198 4172
173.623102 1198 4172
173.623158 1198 4172
173.623186 510 4172
173.623216 1198 4172
173.623240 1198 4172
173.623265 1198 4172
173.623294 1198 4172
173.623317 462 4172
173.623343 926 4172
173.623368 926 4172
173.623394 1198 4172
173.623419 1038 4172
173.623444 1198 4172
173.623470 1198 4172
173.623496 1198 4172
173.623521 670 4172
173.623546 1198 4172
173.623571 1198 4172
173.623596 1198 4172
173.623621 1198 4172
173.623646 942 4172
173.623673 1198 4172
173.623698 1198 4172
173.623725 1198 4172
173.623750 1198 4172
173.623776 1198 4172
173.623800 1198 4172
173.623825 1198 4172
173.623897 974 4172
173.623929 1198 4172
173.623962 1198 4172
173.623991 1118 4172
173.624021 1198 4172
173.624050 1118 4172
173.624095 1198 4172
173.647408 1198 4172
173.647430 142 4172
173.647458 1198 4172
173.647484 1198 4172
173.647511 510 4172
173.647536 734 4172
173.647563 1198 4172
173.647590 526 4172
173.656927 1198 4172
173.656957 1198 4172
173.656988 1198 4172
173.657014 638 4172
173.657042 1198 4172
173.657072 1198 4172
173.657099 1198 4172
173.657127 782 4172
173.657156 1070 4172
173.657185 1070 4172
173.657215 1198 4172
173.657241 350 4172
173.657270 1198 4172
173.657302 1198 4172
173.657327 894 4172
173.657355 1198 4172
173.657384 1198 4172
173.657413 750 4172
173.657441 1198 4172
173.657469 1198 4172
173.657498 1198 4172
173.657527 1198 4172
173.657556 1198 4172
173.657584 894 4172
173.657612 1198 4172
173.657640 398 4172
173.657669 1054 4172
173.657698 1198 4172
173.657725 158 4172
173.657753 1198 4172
173.657781 174 4172
173.702956 1198 4172
173.703053 1198 4172
173.703080 1198 4172
173.703107 670 4172
173.703134 1198 4172
173.703163 1198 4172
173.703190 1198 4172
173.703219 398 4172
173.703246 894 4172
173.703274 894 4172
173.703300 910 4172
173.703327 926 4172
173.703353 926 4172
173.703379 1198 4172
173.703405 1198 4172
173.703434 1198 4172
173.703459 1198 4172
173.703484 238 4172
173.703510 190 4172
173.703535 190 4172
173.703561 190 4172
173.703590 174 4172
173.703618 366 4172
173.703646 1102 4172
173.711079 1198 4172
173.711110 1198 4172
173.711144 1198 4172
173.711170 654 4172
173.712018 1198 4172
173.712053 1198 4172
173.712082 1198 4172
173.712109 1198 4172
173.712135 254 4172
173.712162 1198 4172
173.712188 158 4172
173.712216 1198 4172
173.712286 158 4172
173.712314 1198 4172
173.712341 158 4172
173.713069 1198 4172
173.713102 158 4172
173.713130 1198 4172
173.713157 158 4172
173.713184 1198 4172
173.713212 1198 4172
173.713238 1198 4172
173.713266 1198 4172
173.713292 1198 4172
173.713322 206 4172
173.713354 590 4172
173.747885 1086 4172
173.747981 1198 4172
173.764033 1198 4172
173.764069 1198 4172
173.764103 910 4172
173.764130 1198 4172
173.764156 1198 4172
173.764183 1198 4172
173.764208 878 4172
173.764234 1198 4172
173.764259 142 4172
173.764286 1198 4172
173.764311 142 4172
173.764336 1198 4172
173.764366 142 4172
173.764393 1198 4172
173.764417 142 4172
173.764442 1198 4172
173.764467 142 4172
173.764493 1198 4172
173.764521 1198 4172
173.764545 1198 4172
173.764571 1198 4172
173.764595 798 4172
173.764620 622 4172
173.764646 1150 4172
173.773931 1198 4172
173.773955 670 4172
173.773989 110 4172
173.774949 1198 4172
173.774984 558 4172
173.775013 686 4172
173.775040 686 4172
173.775066 686 4172
173.775093 686 4172
173.804942 686 4172
173.804999 1198 4172
173.805040 1198 4172
173.805088 1198 4172
173.805142 1198 4172
173.805173 366 4172
173.805203 606 4172
173.805233 1054 4172
173.846002 574 4172
173.846028 1150 4172
173.850922 1198 4172
173.850950 1198 4172
173.850980 1198 4172
173.851011 702 4172
173.852035 1198 4172
173.852073 1198 4172
173.852106 286 4172
173.852137 1102 4172
173.852168 1102 4172
173.853379 1102 4172
173.853414 1102 4172
173.853447 1102 4172
173.853919 1198 4172
173.853953 1198 4172
173.853985 446 4172
173.854017 190 4172
173.856526 190 4172
173.856562 190 4172
173.856593 190 4172
173.859093 174 4172
173.860577 174 4172
173.862044 174 4172
173.864419 878 4172
173.886955 1198 4172
173.887043 1198 4172
173.887071 1198 4172
173.887106 1198 4172
173.887136 1198 4172
173.887163 1198 4172
173.887191 1198 4172
173.887220 1198 4172
173.887248 1198 4172
173.887276 1198 4172
173.887305 1198 4172
173.887332 1198 4172
173.887360 1198 4172
173.887388 190 4172
173.923614 142 4172
173.923652 1118 4172
173.927927 110 4172
174.039994 110 4172
174.050987 110 4172
174.134273 110 4172
174.155546 1198 4172
174.155641 1198 4172
174.155714 398 4172
174.174903 654 4172
174.338957 110 4172
174.375660 382 4172
174.379864 382 4172
174.420899 1198 4172
174.420977 686 4172
174.543930 350 4172
174.544009 318 4172
174.585059 110 4172
174.611104 190 4172
174.611177 1198 4172
174.611222 1198 4172
174.611260 1070 4172
174.611447 1198 4172
174.611492 1198 4172
174.611545 990 4172
174.625892 1198 4172
174.625942 1198 4172
174.625978 1198 4172
174.626010 1198 4172
174.626044 222 4172
174.626075 1198 4172
174.626107 1198 4172
174.626138 1198 4172
174.626168 174 4172
174.626200 526 4172
174.666974 1182 4172
174.872081 110 4172
174.953900 110 4172
