0.039239 110 4172
0.076068 1198 4172
0.076071 1198 4172
0.076072 1134 4172
0.076301 1198 4172
0.076321 430 4172
0.320134 110 4172
0.410014 110 4172
0.509738 110 4172
0.590568 542 4172
0.592879 110 4172
0.749958 1198 4172
0.749962 1198 4172
0.749963 1198 4172
0.750035 1198 4172
0.750036 1198 4172
0.750036 830 4172
0.750909 1198 4172
0.750940 1198 4172
0.750959 1198 4172
0.750976 1198 4172
0.751001 1198 4172
0.751018 1198 4172
0.751036 1198 4172
0.751053 1198 4172
0.751076 1198 4172
0.751093 1198 4172
0.751110 1198 4172
0.751127 1198 4172
0.751150 1198 4172
0.751167 1198 4172
0.751184 1198 4172
0.751202 1198 4172
0.751228 1198 4172
0.751245 926 4172
0.759372 1198 4172
0.759399 1198 4172
0.759418 1198 4172
0.759436 1198 4172
0.759457 1198 4172
0.759477 1198 4172
0.759494 1198 4172
0.759510 1198 4172
0.759533 1198 4172
0.759548 1198 4172
0.759567 1198 4172
0.759584 1198 4172
0.759604 1198 4172
0.759621 1198 4172
0.759639 990 4172
0.762083 1198 4172
0.762106 1198 4172
0.762125 1198 4172
0.762143 1198 4172
0.762170 1198 4172
0.762189 1198 4172
0.762206 1198 4172
0.762225 1198 4172
0.762248 1198 4172
0.762265 1198 4172
0.762286 1198 4172
0.773029 1198 4172
0.773030 1198 4172
0.773030 1198 4172
0.773105 1198 4172
0.773106 1198 4172
0.773107 1198 4172
0.773108 222 4172
0.774599 1198 4172
0.774620 1198 4172
0.774637 1198 4172
0.774638 1198 4172
0.774671 1198 4172
0.774686 1198 4172
0.774698 1198 4172
0.774709 1198 4172
0.774724 1198 4172
0.774735 1198 4172
0.788733 1198 4172
0.788768 1198 4172
0.788769 1198 4172
0.788769 1198 4172
0.788770 1198 4172
0.788771 1198 4172
0.788771 1198 4172
0.790511 1102 4172
0.790513 1198 4172
0.790532 1198 4172
0.790568 1198 4172
0.790587 1198 4172
0.790608 1198 4172
0.804258 1198 4172
0.804354 1198 4172
0.804357 1198 4172
0.804358 1198 4172
0.804358 1198 4172
0.804359 1198 4172
0.804360 1198 4172
0.804361 1198 4172
0.804369 1198 4172
0.804382 1198 4172
0.819937 1198 4172
0.819939 1198 4172
0.819940 1198 4172
0.820035 1198 4172
0.820037 1198 4172
0.820037 1198 4172
0.820040 1198 4172
0.820041 1198 4172
0.820042 1198 4172
0.820043 1198 4172
0.820044 1198 4172
0.820047 1198 4172
0.835671 1198 4172
0.835674 1198 4172
0.835674 734 4172
0.837435 1198 4172
0.837443 1198 4172
0.837457 1198 4172
0.837469 1198 4172
0.837484 1198 4172
0.837495 1198 4172
0.837507 1198 4172
0.837519 1198 4172
0.837533 1198 4172
0.837545 1198 4172
0.837557 526 4172
0.838503 1198 4172
0.851115 1198 4172
0.851127 1198 4172
0.851139 1198 4172
0.851162 110 4172
0.851175 1198 4172
0.851189 1198 4172
0.851199 1198 4172
0.851211 1198 4172
0.851225 1198 4172
0.851237 478 4172
0.851249 158 4172
0.851263 158 4172
0.851277 158 4172
0.867601 158 4172
0.867674 430 4172
0.867747 1198 4172
0.867759 222 4172
0.875367 158 4172
0.875716 158 4172
0.876125 158 4172
0.876575 158 4172
0.877034 158 4172
0.877433 158 4172
0.877675 158 4172
0.877984 158 4172
0.878060 142 4172
0.878371 654 4172
1.116890 110 4172
1.398222 110 4172
1.409940 110 4172
1.509944 110 4172
1.663806 110 4172
1.945123 110 4172
2.226345 110 4172
2.409974 110 4172
2.492214 110 4172
2.509850 110 4172
2.757670 110 4172
3.039240 110 4172
3.320084 110 4172
3.409959 110 4172
3.509883 110 4172
4.409903 110 4172
4.509910 110 4172
5.410053 110 4172
5.509895 110 4172
6.101682 110 4172
6.409937 110 4172
6.509889 110 4172
7.409924 110 4172
7.509943 110 4172
8.409967 110 4172
8.509915 110 4172
8.882649 110 4172
9.409980 110 4172
9.509921 110 4172
10.409957 110 4172
10.509973 110 4172
11.409974 110 4172
11.509874 110 4172
11.663790 110 4172
12.410032 110 4172
12.509883 110 4172
13.409918 110 4172
13.509982 110 4172
14.410144 110 4172
14.429436 110 4172
14.509892 110 4172
15.410077 110 4172
15.509979 110 4172
16.410074 110 4172
16.510042 110 4172
17.226428 110 4172
17.410139 110 4172
17.510010 110 4172
18.410057 110 4172
18.509996 110 4172
19.409994 110 4172
19.510009 110 4172
19.976284 110 4172
20.410057 110 4172
20.510031 110 4172
20.538828 60 60000
20.875903 1198 4172
20.875912 1198 4172
20.875912 1198 4172
20.875932 1198 4172
20.876024 1198 4172
20.876026 1198 4172
20.876026 1198 4172
20.877533 846 4172
20.877534 1198 4172
20.877552 1198 4172
20.877584 1198 4172
20.877600 1198 4172
20.877621 814 4172
20.879432 1198 4172
20.879434 1198 4172
20.879435 1198 4172
20.879456 878 4172
20.881569 1198 4172
20.881571 1198 4172
20.881571 1198 4172
20.881580 1198 4172
20.881597 1198 4172
20.881608 318 4172
20.884362 1198 4172
20.884378 1198 4172
20.884399 1198 4172
20.884416 1198 4172
20.884438 1198 4172
20.884453 1198 4172
20.884469 1198 4172
20.884485 670 4172
20.886587 1198 4172
20.886602 1198 4172
20.886621 1198 4172
20.886636 1198 4172
20.886660 1198 4172
20.886677 1198 4172
20.886693 1198 4172
20.886709 1198 4172
20.886730 958 4172
20.888432 1198 4172
20.888486 1198 4172
20.888514 1198 4172
20.888531 1198 4172
20.888547 1198 4172
20.888570 1198 4172
20.888599 1198 4172
20.888599 1198 4172
20.888616 510 4172
20.890336 1198 4172
20.890359 1198 4172
20.890376 1198 4172
20.890393 1198 4172
20.890413 1198 4172
20.890428 1198 4172
20.890444 1198 4172
20.890465 1198 4172
20.897891 558 4172
20.897899 1198 4172
20.897899 1198 4172
20.897900 1198 4172
20.897916 1198 4172
20.897926 1198 4172
20.897938 1198 4172
20.897949 1198 4172
20.897961 1198 4172
20.897972 1198 4172
20.913548 1198 4172
20.913585 1198 4172
20.913609 1198 4172
20.913628 958 4172
20.913668 1198 4172
20.913701 1198 4172
20.913712 1198 4172
20.913722 1198 4172
20.913732 1198 4172
20.913744 1198 4172
20.913757 1198 4172
20.913769 1198 4172
20.929179 1198 4172
20.929234 1198 4172
20.929235 1198 4172
20.929247 1198 4172
20.929271 1198 4172
20.929272 1198 4172
20.929284 1198 4172
20.929294 1198 4172
20.929305 1198 4172
20.929333 1198 4172
20.929334 1198 4172
20.929341 718 4172
20.931158 1198 4172
20.931179 1198 4172
20.944917 1198 4172
20.944920 1198 4172
20.944920 1198 4172
20.944923 958 4172
20.944924 1198 4172
20.944946 1198 4172
20.944966 542 4172
20.944975 1198 4172
20.944985 1198 4172
20.944994 1198 4172
20.945009 1198 4172
20.960481 1198 4172
20.960491 1198 4172
20.960491 1198 4172
20.960492 1198 4172
20.960492 1198 4172
20.960509 446 4172
20.960519 1198 4172
20.960532 1198 4172
20.960543 590 4172
20.960556 1198 4172
20.960567 1198 4172
20.960593 1198 4172
20.960603 798 4172
20.961159 910 4172
21.023356 462 4172
21.039037 430 4172
21.054573 478 4172
21.061205 270 4172
21.061725 190 4172
21.062268 190 4172
21.062810 190 4172
21.063350 190 4172
21.063889 190 4172
21.064432 190 4172
21.064979 190 4172
21.065524 190 4172
21.066064 190 4172
21.066616 190 4172
21.067148 190 4172
21.067794 190 4172
21.068345 190 4172
21.068889 190 4172
21.070146 1198 4172
21.070157 1198 4172
21.070170 1198 4172
21.070177 302 4172
21.070191 446 4172
21.101159 110 4172
21.156211 60 60000
21.226756 1198 4172
21.229695 1198 4172
21.229697 126 4172
21.242162 478 4172
21.257808 350 4172
21.262382 174 4172
21.262961 174 4172
21.263600 222 4172
21.264191 222 4172
21.264788 222 4172
21.265371 222 4172
21.265956 222 4172
21.266529 222 4172
21.267095 222 4172
21.267659 222 4172
21.268220 222 4172
21.268787 222 4172
21.269412 222 4172
21.270088 254 4172
21.270643 174 4172
21.271705 1198 4172
21.271717 1198 4172
21.271727 1198 4172
21.271737 1198 4172
21.271752 286 4172
21.271848 254 4172
21.292997 1198 4172
21.294924 1198 4172
21.294925 126 4172
21.382445 110 4172
21.410010 110 4172
21.466225 206 4172
21.497453 1198 4172
21.497485 1198 4172
21.497487 366 4172
21.497487 302 4172
21.497650 238 4172
21.510008 110 4172
21.591711 206 4172
21.591937 206 4172
21.610166 110 4172
21.663608 110 4172
21.945069 110 4172
22.226504 110 4172
22.410053 110 4172
22.492329 110 4172
22.510051 110 4172
22.757765 110 4172
23.038778 110 4172
23.320318 110 4172
23.410140 110 4172
23.510122 110 4172
23.601550 110 4172
24.410160 110 4172
24.510201 110 4172
25.410174 110 4172
25.510044 110 4172
26.382693 110 4172
26.410301 110 4172
26.510057 110 4172
27.410194 110 4172
27.510034 110 4172
28.410299 110 4172
28.510096 110 4172
29.163704 110 4172
29.410138 110 4172
29.510124 110 4172
30.410123 110 4172
30.510169 110 4172
31.410215 110 4172
31.510191 110 4172
31.944917 110 4172
32.410438 110 4172
32.510199 110 4172
33.410277 110 4172
33.510192 110 4172
34.410256 110 4172
34.510253 110 4172
34.694845 110 4172
35.410495 110 4172
35.510120 110 4172
36.410223 110 4172
36.510272 110 4172
37.410250 110 4172
37.492053 110 4172
37.510154 110 4172
38.410305 110 4172
38.510302 110 4172
39.410308 110 4172
39.510319 110 4172
40.257492 110 4172
40.410307 110 4172
40.510304 110 4172
41.360984 1198 4172
41.360995 1198 4172
41.360996 1198 4172
41.361014 1198 4172
41.361031 1198 4172
41.361043 1198 4172
41.361057 1198 4172
41.361070 1198 4172
41.361085 1198 4172
41.361099 670 4172
41.362650 1198 4172
41.362661 1198 4172
41.362675 1198 4172
41.362688 1198 4172
41.362704 1198 4172
41.362717 1198 4172
41.362730 1198 4172
41.362744 1198 4172
41.362759 270 4172
41.364002 1198 4172
41.364014 1198 4172
41.364028 1198 4172
41.364042 1070 4172
41.365456 1198 4172
41.365465 1198 4172
41.365474 1198 4172
41.365490 1198 4172
41.365510 1198 4172
41.365525 1198 4172
41.365541 766 4172
41.367576 1198 4172
41.367654 1198 4172
41.367720 1198 4172
41.367737 1198 4172
41.367752 1198 4172
41.367770 1198 4172
41.367785 1198 4172
41.367800 1198 4172
41.367816 606 4172
41.369958 1198 4172
41.369995 1198 4172
41.370029 1198 4172
41.370065 1198 4172
41.370094 1198 4172
41.370128 1198 4172
41.370160 1198 4172
41.370194 1198 4172
41.382341 1198 4172
41.382345 1198 4172
41.382359 558 4172
41.382360 1198 4172
41.382390 1198 4172
41.382411 1198 4172
41.382434 1198 4172
41.382456 1198 4172
41.382480 1198 4172
41.382502 1198 4172
41.382522 1198 4172
41.382581 1198 4172
41.382582 606 4172
41.385284 1198 4172
41.385321 1198 4172
41.385360 1198 4172
41.385399 1198 4172
41.385438 1198 4172
41.385477 1198 4172
41.385516 1198 4172
41.385554 1198 4172
41.397895 1198 4172
41.397929 670 4172
41.397953 1198 4172
41.397977 1198 4172
41.398006 1198 4172
41.398031 1198 4172
41.398068 1198 4172
41.398102 1198 4172
41.398129 1198 4172
41.398155 1198 4172
41.398209 1198 4172
41.413537 1198 4172
41.413573 110 4172
41.413597 1198 4172
41.413620 1198 4172
41.413645 1198 4172
41.413671 1198 4172
41.413703 1070 4172
41.413739 1198 4172
41.413764 1198 4172
41.413786 1198 4172
41.413815 1198 4172
41.413838 1198 4172
41.413915 60 60000
41.429125 1198 4172
41.429128 1198 4172
41.429129 1198 4172
41.429136 1198 4172
41.429153 1198 4172
41.429166 1198 4172
41.429182 1198 4172
41.429195 1198 4172
41.429208 1198 4172
41.429223 142 4172
41.431073 1198 4172
41.431091 1198 4172
41.431112 1198 4172
41.431131 1198 4172
41.431156 1198 4172
41.444857 1198 4172
41.444862 1198 4172
41.444862 1198 4172
41.444882 1198 4172
41.444904 366 4172
41.444919 1198 4172
41.444936 1198 4172
41.444956 1198 4172
41.444972 1198 4172
41.444990 1198 4172
41.445008 1198 4172
41.460504 894 4172
41.460508 1198 4172
41.460509 1198 4172
41.460516 926 4172
41.460549 1198 4172
41.460568 1198 4172
41.460584 1198 4172
41.460616 1198 4172
41.460641 1198 4172
41.460653 1198 4172
41.460671 1198 4172
41.460689 1198 4172
41.476021 1198 4172
41.476025 1198 4172
41.476055 1198 4172
41.476079 126 4172
41.476110 1198 4172
41.476133 1198 4172
41.476158 446 4172
41.476185 750 4172
41.476217 718 4172
41.510205 110 4172
41.523823 622 4172
41.531950 1198 4172
41.531962 1198 4172
41.531964 1198 4172
41.531965 1166 4172
41.533051 1198 4172
41.533074 1198 4172
41.533076 1198 4172
41.533086 1198 4172
41.533103 638 4172
41.534043 1198 4172
41.534057 1198 4172
41.534070 1198 4172
41.534085 798 4172
41.535062 1198 4172
41.535072 1198 4172
41.535088 1198 4172
41.535102 1198 4172
41.535120 1198 4172
41.535133 462 4172
41.536547 1198 4172
41.536558 1198 4172
41.536571 1198 4172
41.536585 1198 4172
41.536603 1198 4172
41.536619 1198 4172
41.536657 1198 4172
41.536658 1198 4172
41.536669 190 4172
41.538167 1198 4172
41.538179 1198 4172
41.538191 1198 4172
41.538207 1198 4172
41.538223 1198 4172
41.538237 1198 4172
41.538252 1198 4172
41.538266 1198 4172
41.538283 1198 4172
41.538297 942 4172
41.539725 1198 4172
41.539748 1198 4172
41.539770 1198 4172
41.539787 1198 4172
41.539810 1198 4172
41.539829 1198 4172
41.539850 1198 4172
41.539869 1198 4172
41.539892 1198 4172
41.554131 142 4172
41.554200 1198 4172
41.554203 1198 4172
41.554204 1198 4172
41.554219 1198 4172
41.554240 1198 4172
41.554256 1198 4172
41.554269 1198 4172
41.554298 1198 4172
41.554299 1070 4172
41.554311 1198 4172
41.554332 1198 4172
41.554363 1198 4172
41.554365 1198 4172
41.554383 1198 4172
41.554384 1198 4172
41.554406 1198 4172
41.554408 1198 4172
41.554429 1198 4172
41.554430 1198 4172
41.554460 1198 4172
41.554461 1198 4172
41.569763 1198 4172
41.569789 1198 4172
41.569816 270 4172
41.571805 1198 4172
41.571809 1198 4172
41.571827 1198 4172
41.571860 1198 4172
41.571891 1198 4172
41.571915 1198 4172
41.571966 1198 4172
41.571967 1198 4172
41.572004 1198 4172
41.572029 1198 4172
41.572053 1198 4172
41.572077 1198 4172
41.585411 1198 4172
41.585449 414 4172
41.587335 1198 4172
41.587339 1198 4172
41.587358 1198 4172
41.587360 1198 4172
41.587361 1198 4172
41.587383 1198 4172
41.587385 1198 4172
41.587412 1198 4172
41.587413 1198 4172
41.587413 318 4172
41.588924 1198 4172
41.588927 1198 4172
41.588928 1198 4172
41.601054 1198 4172
41.601066 1198 4172
41.601066 1198 4172
41.601067 270 4172
41.601081 1198 4172
41.601094 1198 4172
41.601117 398 4172
41.601118 1198 4172
41.601132 1198 4172
41.601160 1198 4172
41.603174 1198 4172
41.616701 1198 4172
41.616702 1198 4172
41.616714 110 4172
41.616715 1198 4172
41.616716 1198 4172
41.616716 1198 4172
41.616717 1022 4172
41.617320 1198 4172
41.617344 1198 4172
41.617345 270 4172
41.618352 1198 4172
41.618591 718 4172
41.618594 334 4172
41.647962 110 4172
41.695098 126 4172
41.697606 126 4172
41.710218 110 4172
41.729808 126 4172
41.794222 1198 4172
41.794226 1198 4172
41.794227 1198 4172
41.794227 782 4172
41.794309 782 4172
41.794454 974 4172
41.794526 830 4172
41.794610 830 4172
41.794725 1150 4172
41.794929 1182 4172
41.795230 1198 4172
41.795232 718 4172
41.810285 110 4172
41.823910 494 4172
41.824052 478 4172
41.859175 1198 4172
41.859179 1198 4172
41.859179 1198 4172
41.859180 1198 4172
41.859181 1198 4172
41.859182 270 4172
41.860328 1198 4172
41.860330 1198 4172
41.860331 1198 4172
41.860347 1198 4172
41.860348 814 4172
41.861271 1198 4172
41.861273 1198 4172
41.861274 1198 4172
41.861274 926 4172
41.862302 1198 4172
41.862322 1198 4172
41.862323 1198 4172
41.862349 1198 4172
41.862350 1198 4172
41.862350 606 4172
41.863734 1198 4172
41.863736 1198 4172
41.863737 1198 4172
41.863757 1198 4172
41.863758 1198 4172
41.863779 1198 4172
41.863780 1198 4172
41.863780 1166 4172
41.865286 1198 4172
41.865288 1198 4172
41.865289 1198 4172
41.865308 1198 4172
41.865321 1198 4172
41.865322 1198 4172
41.865322 1198 4172
41.865343 1198 4172
41.865344 1198 4172
41.865676 638 4172
41.868493 1198 4172
41.868507 1198 4172
41.868516 1198 4172
41.868524 1198 4172
41.868525 1198 4172
41.868532 1198 4172
41.868533 1198 4172
41.868533 1198 4172
41.868534 1006 4172
41.868534 1198 4172
41.868536 1198 4172
41.882256 1198 4172
41.882282 1198 4172
41.882304 1198 4172
41.882329 1198 4172
41.882351 1198 4172
41.882377 1198 4172
41.882403 974 4172
41.884303 1198 4172
41.884371 1198 4172
41.884373 1198 4172
41.884468 1198 4172
41.884501 1198 4172
41.884524 1198 4172
41.884547 1198 4172
41.884569 1198 4172
41.884596 1198 4172
41.884622 1198 4172
41.884641 1198 4172
41.884664 1198 4172
41.884688 1198 4172
41.884712 1022 4172
41.900960 1198 4172
41.900971 1198 4172
41.900978 1198 4172
41.900979 1198 4172
41.900980 1198 4172
41.900980 1198 4172
41.900981 1198 4172
41.900981 1198 4172
41.900989 1198 4172
41.900990 1198 4172
41.900992 1198 4172
41.901002 1198 4172
41.901003 1198 4172
41.901022 110 4172
41.910202 110 4172
41.917208 1198 4172
41.917212 1198 4172
41.917213 1198 4172
41.917230 1198 4172
41.917255 110 4172
41.917283 1198 4172
41.917301 1198 4172
41.917342 1198 4172
41.917343 1198 4172
41.917387 1198 4172
41.917410 1198 4172
41.917432 798 4172
41.917454 1198 4172
41.917485 1198 4172
41.917502 1198 4172
41.917523 1198 4172
41.929148 1198 4172
41.929152 1198 4172
41.929153 1198 4172
41.929175 1198 4172
41.929198 910 4172
41.933100 1198 4172
41.933115 1198 4172
41.933116 1198 4172
41.933117 702 4172
41.933119 1198 4172
41.933121 1198 4172
41.933137 1198 4172
41.933138 1198 4172
41.944738 1198 4172
41.944760 1198 4172
41.944784 1198 4172
41.944807 1198 4172
41.944833 1198 4172
41.944856 1198 4172
41.944887 1198 4172
41.944900 1198 4172
41.944927 1198 4172
41.944949 110 4172
41.947417 1198 4172
41.947422 1198 4172
41.947438 1198 4172
41.960419 670 4172
41.960424 1198 4172
41.960426 1198 4172
41.960451 1198 4172
41.960476 270 4172
41.960508 558 4172
41.960577 1198 4172
41.960578 1198 4172
41.960579 1198 4172
41.960618 1198 4172
41.960654 1198 4172
41.960676 1198 4172
41.976023 494 4172
41.978624 1198 4172
41.978627 1198 4172
41.978642 1198 4172
41.978669 1198 4172
41.978694 494 4172
41.979686 1198 4172
41.979724 1198 4172
41.979750 1198 4172
41.979775 222 4172
41.980785 1198 4172
41.980811 1198 4172
41.980836 1198 4172
41.980861 1198 4172
41.980886 910 4172
41.982041 1198 4172
41.982068 1198 4172
41.982094 1198 4172
41.982118 1198 4172
41.982142 1198 4172
41.991633 862 4172
41.991636 1198 4172
41.991637 1198 4172
41.991659 1198 4172
41.991691 1198 4172
41.991712 1198 4172
41.991736 1198 4172
42.007309 1198 4172
42.007319 270 4172
42.007320 1198 4172
42.007320 1198 4172
42.007321 1198 4172
42.007323 1198 4172
42.007332 1198 4172
42.007333 1198 4172
42.007334 1198 4172
42.007335 862 4172
42.010151 1198 4172
42.010192 1198 4172
42.010217 1198 4172
42.010241 1198 4172
42.010265 110 4172
42.010290 1198 4172
42.010313 1198 4172
42.010335 1198 4172
42.022893 1198 4172
42.022896 1198 4172
42.022897 1198 4172
42.022914 1198 4172
42.022917 1198 4172
42.022925 1198 4172
42.022926 1198 4172
42.022927 1198 4172
42.022927 1198 4172
42.022941 1198 4172
42.038540 1198 4172
42.038553 1198 4172
42.038554 558 4172
42.038588 1198 4172
42.038609 1198 4172
42.038632 1198 4172
42.038654 1198 4172
42.038680 1198 4172
42.038701 1198 4172
42.038725 1198 4172
42.038747 1198 4172
42.038771 1198 4172
42.038793 926 4172
42.054149 1198 4172
42.054152 1198 4172
42.054153 1198 4172
42.054154 1198 4172
42.054154 1198 4172
42.054167 1198 4172
42.054185 1198 4172
42.054199 382 4172
42.054215 1198 4172
42.054228 1198 4172
42.054240 1198 4172
42.054264 1198 4172
42.054277 990 4172
42.071839 1198 4172
42.071916 1198 4172
42.071946 798 4172
42.073433 1198 4172
42.073466 1198 4172
42.073495 1198 4172
42.073523 1198 4172
42.073552 1198 4172
42.073581 1198 4172
42.073613 1198 4172
42.073665 1198 4172
42.073720 542 4172
42.074626 1198 4172
42.074655 1198 4172
42.074685 590 4172
42.076019 1198 4172
42.076047 1198 4172
42.076076 1198 4172
42.076104 1198 4172
42.076133 110 4172
42.076451 862 4172
42.083269 1198 4172
42.083273 1198 4172
42.083287 1198 4172
42.083308 574 4172
42.084220 1198 4172
42.084249 1198 4172
42.084259 846 4172
42.085102 1198 4172
42.085123 1198 4172
42.102211 190 4172
42.102230 1198 4172
42.102243 1198 4172
42.102258 1198 4172
42.102274 318 4172
42.102317 1198 4172
42.102329 1198 4172
42.102343 1198 4172
42.102368 958 4172
42.102402 1198 4172
42.102415 1198 4172
42.102429 1198 4172
42.102441 1198 4172
42.102484 206 4172
42.110233 110 4172
42.118616 1198 4172
42.118650 1198 4172
42.118689 1198 4172
42.118725 1198 4172
42.118762 1198 4172
42.118800 574 4172
42.120878 1198 4172
42.120916 1198 4172
42.120953 1198 4172
42.120989 1198 4172
42.121025 1198 4172
42.121063 206 4172
42.122701 1198 4172
42.122741 1198 4172
42.122777 1198 4172
42.122814 1198 4172
42.122851 1198 4172
42.122890 1198 4172
42.122923 1198 4172
42.122959 1198 4172
42.122996 142 4172
42.132254 1198 4172
42.132260 1198 4172
42.132260 1198 4172
42.132261 1198 4172
42.132290 1198 4172
42.132302 1198 4172
42.132317 126 4172
42.132331 1198 4172
42.132349 1198 4172
42.147869 1198 4172
42.147883 1198 4172
42.147906 1150 4172
42.147933 1198 4172
42.147952 1198 4172
42.147970 1198 4172
42.147990 494 4172
42.148011 1198 4172
42.148051 1118 4172
42.148053 1198 4172
42.148069 1198 4172
42.148091 1198 4172
42.148110 1198 4172
42.163593 1198 4172
42.163598 1198 4172
42.163599 878 4172
42.163621 1198 4172
42.163636 1198 4172
42.163653 430 4172
42.163670 1198 4172
42.163683 1198 4172
42.163697 1198 4172
42.163711 1198 4172
42.163760 1198 4172
42.163761 958 4172
42.163941 446 4172
42.166874 254 4172
42.167410 190 4172
42.168283 1198 4172
42.168297 1054 4172
42.169516 1198 4172
42.169525 1198 4172
42.169540 1198 4172
42.169555 1198 4172
42.179077 110 4172
42.179097 1086 4172
42.179099 1198 4172
42.179118 1198 4172
42.179119 1198 4172
42.179134 1198 4172
42.179149 1198 4172
42.179161 254 4172
42.179176 1198 4172
42.179201 1198 4172
42.194786 1198 4172
42.195159 1198 4172
42.195160 1134 4172
42.196091 1198 4172
42.196111 1198 4172
42.196113 1198 4172
42.196125 1198 4172
42.196141 1198 4172
42.196154 446 4172
42.198548 1198 4172
42.198551 1198 4172
42.198552 1198 4172
42.198570 1198 4172
42.198587 1198 4172
42.198601 862 4172
42.199821 1198 4172
42.199824 1198 4172
42.199825 1198 4172
42.210300 1198 4172
42.210369 110 4172
42.210393 1198 4172
42.210418 526 4172
42.210435 1198 4172
42.210466 1198 4172
42.210480 1198 4172
42.210502 1198 4172
42.210520 1198 4172
42.210542 606 4172
42.226014 1198 4172
42.226019 1198 4172
42.226020 1198 4172
42.226021 1198 4172
42.226041 1198 4172
42.226042 494 4172
42.227485 1198 4172
42.227511 1198 4172
42.227513 1198 4172
42.227536 1198 4172
42.227537 1198 4172
42.228779 430 4172
42.228781 1198 4172
42.228788 1198 4172
42.228789 1198 4172
42.228800 1198 4172
42.228822 686 4172
42.241620 1198 4172
42.241625 1198 4172
42.241625 1198 4172
42.241645 1150 4172
42.241667 190 4172
42.241680 1198 4172
42.241689 1198 4172
42.241720 1198 4172
42.241734 462 4172
42.241764 174 4172
42.241765 174 4172
42.241777 1198 4172
42.241807 1054 4172
42.249603 60 60000
42.259532 1198 4172
42.259536 1198 4172
42.259547 1198 4172
42.259569 1198 4172
42.259591 1198 4172
42.259609 1198 4172
42.259627 1198 4172
42.259648 1198 4172
42.259669 1198 4172
42.259706 750 4172
42.260754 1198 4172
42.260773 1198 4172
42.260793 1198 4172
42.260814 1198 4172
42.260837 1198 4172
42.260856 1198 4172
42.260875 1198 4172
42.272874 1198 4172
42.272877 1198 4172
42.272878 750 4172
42.272884 1198 4172
42.272899 1198 4172
42.272920 1198 4172
42.272931 1198 4172
42.272948 1198 4172
42.272960 1198 4172
42.272980 1198 4172
42.288486 1198 4172
42.288517 1198 4172
42.288518 1198 4172
42.288519 1198 4172
42.289671 1006 4172
42.290008 1198 4172
42.290020 1198 4172
42.290034 1198 4172
42.290047 1198 4172
42.290066 1198 4172
42.290079 1198 4172
42.290092 1198 4172
42.290104 1198 4172
42.290122 1198 4172
42.290136 1198 4172
42.304137 1198 4172
42.304158 718 4172
42.304159 1198 4172
42.304166 1198 4172
42.304193 1198 4172
42.304194 1198 4172
42.304218 1198 4172
42.304229 1198 4172
42.304244 1198 4172
42.304256 1198 4172
42.304285 1198 4172
42.319768 1198 4172
42.319771 1070 4172
42.319774 110 4172
42.321103 1198 4172
42.321121 1198 4172
42.321141 1198 4172
42.321160 1198 4172
42.321185 1198 4172
42.321205 1198 4172
42.321224 1198 4172
42.321268 1198 4172
42.321269 1198 4172
42.321288 478 4172
42.323185 1198 4172
42.323258 1198 4172
42.323279 1198 4172
42.323298 1198 4172
42.323322 1198 4172
42.335337 1198 4172
42.335353 1198 4172
42.335354 1198 4172
42.335380 1198 4172
42.335397 1198 4172
42.335410 1198 4172
42.335425 302 4172
42.335446 1198 4172
42.335459 1198 4172
42.335474 1198 4172
42.351004 1198 4172
42.351008 1198 4172
42.351009 1198 4172
42.351015 1198 4172
42.351037 1198 4172
42.351053 1198 4172
42.351068 1198 4172
42.351081 1198 4172
42.351096 158 4172
42.352614 1198 4172
42.352651 1198 4172
42.352685 1198 4172
42.352705 1198 4172
42.352730 1198 4172
42.352749 1198 4172
42.366626 1198 4172
42.366630 1198 4172
42.366630 1198 4172
42.366631 1198 4172
42.366651 398 4172
42.366667 1198 4172
42.366682 1198 4172
42.366697 1198 4172
42.366710 1198 4172
42.366724 1198 4172
42.366742 1198 4172
42.366755 1198 4172
42.382245 1198 4172
42.382248 1198 4172
42.382249 718 4172
42.383636 1198 4172
42.383647 1198 4172
42.383670 1198 4172
42.383689 1198 4172
42.383714 1198 4172
42.383733 1198 4172
42.383752 222 4172
42.385033 174 4172
42.386089 1198 4172
42.386107 1198 4172
42.386127 1198 4172
42.386147 1198 4172
42.386172 542 4172
42.387926 190 4172
42.410185 110 4172
42.460588 110 4172
42.493940 158 4172
42.510234 110 4172
42.529838 1198 4172
42.530209 1198 4172
42.530211 334 4172
42.530212 318 4172
42.530699 1198 4172
42.530718 1198 4172
42.530719 398 4172
42.531757 1198 4172
42.531774 1198 4172
42.531776 1198 4172
42.531800 1198 4172
42.531801 1198 4172
42.531819 1198 4172
42.531820 1198 4172
42.531876 1198 4172
42.531877 1198 4172
42.531910 1198 4172
42.531940 1198 4172
42.531965 1198 4172
42.531994 1198 4172
42.532017 1198 4172
42.532041 1198 4172
42.532064 318 4172
42.539808 1198 4172
42.539812 1198 4172
42.539812 1198 4172
42.539832 1198 4172
42.539865 1198 4172
42.539887 1198 4172
42.539910 1198 4172
42.539932 1198 4172
42.539960 1198 4172
42.539982 1198 4172
42.540005 1198 4172
42.540026 1198 4172
42.540054 1198 4172
42.540077 1198 4172
42.540100 1022 4172
42.555432 1198 4172
42.555436 1198 4172
42.555458 1198 4172
42.555485 1198 4172
42.555511 1198 4172
42.555534 1198 4172
42.555557 1198 4172
42.555582 1198 4172
42.555613 1198 4172
42.555627 1198 4172
42.555648 1198 4172
42.555668 1198 4172
42.555689 1198 4172
42.555707 1198 4172
42.555727 1198 4172
42.555746 1198 4172
42.555767 1198 4172
42.555787 510 4172
42.558902 1198 4172
42.558916 1198 4172
42.558937 1198 4172
42.558956 1198 4172
42.558981 1198 4172
42.559001 1198 4172
42.559020 1198 4172
42.559039 1198 4172
42.559063 1198 4172
42.559082 1198 4172
42.559102 1198 4172
42.559121 1198 4172
42.559145 1198 4172
42.559164 1198 4172
42.559183 1198 4172
42.559202 1198 4172
42.559240 1198 4172
42.559248 1198 4172
42.559272 254 4172
42.571484 1198 4172
42.571495 1198 4172
42.571522 1198 4172
42.571542 1198 4172
42.571570 1198 4172
42.571589 1198 4172
42.571608 1198 4172
42.571628 1198 4172
42.571655 1198 4172
42.571674 1198 4172
42.571695 1198 4172
42.571714 1198 4172
42.571737 1198 4172
42.571757 1198 4172
42.585374 1198 4172
42.585448 1198 4172
42.585450 1198 4172
42.585450 382 4172
42.586469 1198 4172
42.586503 1198 4172
42.586523 1198 4172
42.586544 1198 4172
42.586570 1198 4172
42.586590 1198 4172
42.586609 1198 4172
42.586630 1198 4172
42.600998 1198 4172
42.601000 1198 4172
42.601001 1198 4172
42.601019 1198 4172
42.601020 1198 4172
42.601036 1198 4172
42.601037 1198 4172
42.601048 542 4172
42.603914 1198 4172
42.603919 1198 4172
42.603920 1198 4172
42.603921 1198 4172
42.603947 1198 4172
42.603963 1198 4172
42.603976 1198 4172
42.616669 1198 4172
42.616698 110 4172
42.616725 1198 4172
42.616751 1198 4172
42.616775 1198 4172
42.616800 1198 4172
42.616827 1198 4172
42.616850 1198 4172
42.616875 1198 4172
42.616898 1198 4172
42.616926 990 4172
42.618240 1198 4172
42.618263 1198 4172
42.632368 1198 4172
42.632370 1198 4172
42.632373 1198 4172
42.632451 1198 4172
42.632452 1198 4172
42.632453 1198 4172
42.632453 1198 4172
42.632454 1198 4172
42.632454 1198 4172
42.632455 1198 4172
42.633644 1198 4172
42.647865 1198 4172
42.647932 1198 4172
42.647934 1198 4172
42.647934 1198 4172
42.647980 414 4172
42.647981 1198 4172
42.648000 1198 4172
42.648041 1198 4172
42.648065 1198 4172
42.648089 1198 4172
42.648112 1198 4172
42.648142 1198 4172
42.648166 1198 4172
42.648189 1198 4172
42.663579 1198 4172
42.663581 1198 4172
42.663582 1198 4172
42.663652 1198 4172
42.663653 1198 4172
42.663654 1198 4172
42.663675 1198 4172
42.663676 734 4172
42.665864 1198 4172
42.665869 1198 4172
42.665881 1198 4172
42.665895 1198 4172
42.665916 1198 4172
42.665926 1198 4172
42.665939 1198 4172
42.679254 1198 4172
42.679256 1198 4172
42.679257 1198 4172
42.679278 1198 4172
42.679279 1198 4172
42.679279 1198 4172
42.680512 1086 4172
42.680514 1198 4172
42.680516 1198 4172
42.680546 1198 4172
42.680557 1198 4172
42.680573 1198 4172
42.694857 1198 4172
42.694859 1198 4172
42.694860 1198 4172
42.694860 1198 4172
42.694930 1198 4172
42.694931 1038 4172
42.694932 174 4172
42.694933 1198 4172
42.694933 1198 4172
42.694934 1198 4172
42.694949 1198 4172
42.694950 1198 4172
42.694951 1198 4172
42.710466 158 4172
42.713548 1198 4172
42.713572 1198 4172
42.713600 1198 4172
42.713625 1198 4172
42.713656 1198 4172
42.713681 1198 4172
42.713705 1198 4172
42.713729 1198 4172
42.713756 1198 4172
42.713780 1198 4172
42.713806 334 4172
42.716306 1198 4172
42.716312 1198 4172
42.716328 350 4172
42.717314 1198 4172
42.717328 1198 4172
42.717337 1198 4172
42.717351 1198 4172
42.717369 1198 4172
42.717381 1198 4172
42.725932 1198 4172
42.725935 1198 4172
42.725955 110 4172
42.725968 1198 4172
42.725981 1198 4172
42.725993 1198 4172
42.726005 1198 4172
42.726019 1198 4172
42.741754 1198 4172
42.741757 334 4172
42.741760 1198 4172
42.741762 1198 4172
42.741763 1198 4172
42.741769 1198 4172
42.741790 1198 4172
42.741801 1198 4172
42.741813 1198 4172
42.741826 1198 4172
42.741845 1198 4172
42.741862 1198 4172
42.741873 1198 4172
42.741887 1198 4172
42.757355 1198 4172
42.757358 1198 4172
42.757688 878 4172
42.758368 1198 4172
42.758396 1198 4172
42.758423 1198 4172
42.758446 1198 4172
42.758472 1198 4172
42.758496 1198 4172
42.758519 1198 4172
42.758542 1198 4172
42.758568 1198 4172
42.758591 1198 4172
42.758614 1198 4172
42.772993 1198 4172
42.773029 1198 4172
42.773055 1198 4172
42.773081 1198 4172
42.773104 1198 4172
42.773131 1198 4172
42.773157 494 4172
42.773205 1198 4172
42.773231 1198 4172
42.773268 1198 4172
42.773292 1198 4172
42.773316 1198 4172
42.773340 1198 4172
42.788603 1198 4172
42.788606 1198 4172
42.788607 1198 4172
42.788633 1198 4172
42.788635 1198 4172
42.788635 1198 4172
42.788704 1198 4172
42.788705 1198 4172
42.788706 1198 4172
42.788707 1198 4172
42.788707 1198 4172
42.789642 1198 4172
42.804245 190 4172
42.804247 1198 4172
42.804248 1198 4172
42.804358 1198 4172
42.804359 1198 4172
42.804360 1198 4172
42.804361 1198 4172
42.804411 1198 4172
42.804412 1198 4172
42.804460 1198 4172
42.804518 1198 4172
42.804566 1198 4172
42.804616 1198 4172
42.804730 1198 4172
42.804780 1198 4172
42.819871 1198 4172
42.819877 1198 4172
42.819879 1198 4172
42.819880 1198 4172
42.819880 590 4172
42.819885 1198 4172
42.819933 1198 4172
42.819935 1198 4172
42.819935 1198 4172
42.819946 1198 4172
42.819959 1198 4172
42.819973 1198 4172
42.819985 1198 4172
42.835522 1198 4172
42.835525 1198 4172
42.835526 1198 4172
42.835526 1198 4172
42.835528 1198 4172
42.835529 1198 4172
42.835537 1198 4172
42.835538 1198 4172
42.835559 814 4172
42.835572 1198 4172
42.835584 1198 4172
42.835596 1198 4172
42.835611 1198 4172
42.850951 1198 4172
42.850969 1198 4172
42.850989 1198 4172
42.851012 1198 4172
42.851032 1198 4172
42.851050 1198 4172
42.851069 1198 4172
42.851093 1198 4172
42.851114 1198 4172
42.851130 1198 4172
42.851148 1198 4172
42.851170 1198 4172
42.851189 1198 4172
42.866757 1198 4172
42.866759 542 4172
42.866760 1198 4172
42.866760 1198 4172
42.866857 1198 4172
42.866858 1198 4172
42.866858 1198 4172
42.866859 1198 4172
42.866869 1198 4172
42.866870 1198 4172
42.866909 1198 4172
42.866929 1198 4172
42.866947 1198 4172
42.866964 1198 4172
42.882323 1198 4172
42.882343 1198 4172
42.882367 1198 4172
42.882380 1198 4172
42.882403 1198 4172
42.882423 782 4172
42.882442 1198 4172
42.882464 1198 4172
42.882525 1198 4172
42.882545 1198 4172
42.882661 1198 4172
42.882674 1198 4172
42.882692 1198 4172
42.897859 1198 4172
42.897868 1198 4172
42.897869 1198 4172
42.897889 1198 4172
42.897901 1198 4172
42.897914 1198 4172
42.897926 1198 4172
42.897943 1198 4172
42.897956 1198 4172
42.897968 238 4172
42.897980 1198 4172
42.897998 1198 4172
42.898014 1198 4172
42.898028 1198 4172
42.913550 1198 4172
42.913576 1198 4172
42.913597 1198 4172
42.913617 1198 4172
42.913641 1198 4172
42.913663 1198 4172
42.913681 1198 4172
42.913702 1198 4172
42.913721 1198 4172
42.913778 638 4172
42.914615 1198 4172
42.914630 1198 4172
42.914643 1198 4172
42.914655 1198 4172
42.929208 1198 4172
42.929222 1198 4172
42.929243 1198 4172
42.929268 1198 4172
42.929286 878 4172
42.929307 126 4172
42.991992 110 4172
43.056495 1198 4172
43.056499 766 4172
43.070660 1198 4172
43.070662 302 4172
43.086207 382 4172
43.273297 110 4172
43.410384 110 4172
43.510288 110 4172
43.538805 110 4172
43.820116 110 4172
44.101392 110 4172
44.382797 110 4172
44.410326 110 4172
44.510308 110 4172
44.663727 110 4172
44.945034 110 4172
45.226220 110 4172
45.410404 110 4172
45.492124 110 4172
45.510346 110 4172
45.757642 110 4172
46.038657 110 4172
46.320014 110 4172
46.410478 110 4172
46.510411 110 4172
46.601350 110 4172
47.410373 110 4172
47.510338 110 4172
48.410455 110 4172
48.510262 110 4172
49.382454 110 4172
49.410391 110 4172
49.510406 110 4172
50.302649 366 4172
50.303935 302 4172
50.305427 1198 4172
50.305449 1198 4172
50.305469 990 4172
50.307457 1198 4172
50.307477 1198 4172
50.307496 1198 4172
50.307515 1198 4172
50.307538 1198 4172
50.307556 1198 4172
50.307575 1198 4172
50.307596 1198 4172
50.307617 1198 4172
50.307637 1198 4172
50.307656 1198 4172
50.307675 1198 4172
50.307698 1198 4172
50.307717 1198 4172
50.307736 1198 4172
50.307759 1198 4172
50.307777 1198 4172
50.307797 1198 4172
50.307817 574 4172
50.322281 1198 4172
50.322283 1198 4172
50.322307 1198 4172
50.322330 1198 4172
50.322358 1198 4172
50.322396 1198 4172
50.322418 1198 4172
50.322419 1198 4172
50.322438 1198 4172
50.322455 1198 4172
50.322466 1198 4172
50.322478 1198 4172
50.322494 1198 4172
50.322506 1198 4172
50.322518 1198 4172
50.322530 1198 4172
50.322546 1198 4172
50.322557 1198 4172
50.322573 1150 4172
50.337887 1198 4172
50.337888 1198 4172
50.337889 1198 4172
50.337957 1198 4172
50.337958 1198 4172
50.337958 1198 4172
50.337959 1198 4172
50.337960 1198 4172
50.337977 1198 4172
50.337978 1198 4172
50.337987 1198 4172
50.338005 1198 4172
50.338022 1198 4172
50.338044 1198 4172
50.338045 1198 4172
50.338059 1198 4172
50.338075 1198 4172
50.338087 1198 4172
50.338098 1198 4172
50.338109 1198 4172
50.338125 1198 4172
50.338138 158 4172
50.353733 1198 4172
50.353759 1198 4172
50.353778 1198 4172
50.353796 1198 4172
50.353822 1198 4172
50.353841 1198 4172
50.353859 1198 4172
50.353877 1198 4172
50.353902 1198 4172
50.353920 1198 4172
50.353937 1198 4172
50.353955 1198 4172
50.353977 1198 4172
50.353995 1198 4172
50.354013 1198 4172
50.354030 1198 4172
50.354060 1198 4172
50.354072 1198 4172
50.354089 1198 4172
50.354106 1198 4172
50.354130 1198 4172
50.354147 1198 4172
50.354164 1198 4172
50.354182 110 4172
50.368924 1198 4172
50.368933 1198 4172
50.368934 1198 4172
50.368961 1198 4172
50.368984 1198 4172
50.368996 1198 4172
50.369008 1198 4172
50.369020 1198 4172
50.369037 1198 4172
50.369049 1198 4172
50.369060 1198 4172
50.369075 1198 4172
50.369091 1198 4172
50.369102 1198 4172
50.369114 1198 4172
50.369126 1198 4172
50.369143 1198 4172
50.369154 1198 4172
50.369166 1198 4172
50.382169 1198 4172
50.382170 1198 4172
50.382170 1198 4172
50.384319 222 4172
50.384321 1198 4172
50.384323 1198 4172
50.384323 1198 4172
50.384324 1198 4172
50.384324 1198 4172
50.384325 1198 4172
50.384338 1198 4172
50.384353 1198 4172
50.384367 1198 4172
50.397815 1198 4172
50.397825 1198 4172
50.397837 1198 4172
50.397890 1198 4172
50.397916 1198 4172
50.397935 1198 4172
50.397953 1198 4172
50.397978 1198 4172
50.397996 1198 4172
50.398013 1198 4172
50.398033 606 4172
50.398055 1198 4172
50.398073 1198 4172
50.413495 1198 4172
50.413516 1198 4172
50.413518 110 4172
50.413531 1198 4172
50.413542 1198 4172
50.413554 1198 4172
50.413567 1198 4172
50.413586 1198 4172
50.413599 1198 4172
50.413609 1198 4172
50.413622 1198 4172
50.413638 1198 4172
50.413651 1198 4172
50.429192 1198 4172
50.429193 1198 4172
50.429214 1198 4172
50.429289 1198 4172
50.429289 1198 4172
50.429290 1198 4172
50.429319 1198 4172
50.429320 734 4172
50.429337 1198 4172
50.429365 1198 4172
50.429390 1198 4172
50.429407 1198 4172
50.429424 1198 4172
50.429442 1198 4172
50.444839 1198 4172
50.444840 1198 4172
50.444841 1198 4172
50.444856 1198 4172
50.444941 1198 4172
50.444942 1198 4172
50.444943 1198 4172
50.444944 1198 4172
50.444967 1198 4172
50.444994 1198 4172
50.445012 1198 4172
50.445029 1198 4172
50.445052 1198 4172
50.460507 1198 4172
50.460509 1198 4172
50.460510 910 4172
50.460510 1198 4172
50.460511 1198 4172
50.460511 1198 4172
50.460512 1198 4172
50.460595 1198 4172
50.460596 1198 4172
50.460596 1198 4172
50.460599 1198 4172
50.460611 1198 4172
50.460632 1198 4172
50.475984 1198 4172
50.475985 1198 4172
50.475985 1198 4172
50.476098 1198 4172
50.476099 1198 4172
50.476100 1198 4172
50.476100 1198 4172
50.476101 1198 4172
50.476101 1198 4172
50.476102 1198 4172
50.476132 382 4172
50.479297 1198 4172
50.479317 1198 4172
50.479336 1198 4172
50.479354 1198 4172
50.479376 1198 4172
50.491648 1198 4172
50.491648 1198 4172
50.491649 1198 4172
50.491760 110 4172
50.491762 1198 4172
50.491763 1198 4172
50.491764 1198 4172
50.491764 1198 4172
50.491765 1198 4172
50.491772 1198 4172
50.491798 1198 4172
50.491826 1198 4172
50.507330 1198 4172
50.507333 1022 4172
50.507334 1198 4172
50.507381 1198 4172
50.507382 1198 4172
50.507383 1198 4172
50.507383 1198 4172
50.507384 1198 4172
50.507395 1198 4172
50.507424 1198 4172
50.507453 1198 4172
50.507462 1198 4172
50.507489 1198 4172
50.522849 1182 4172
50.522850 110 4172
50.522850 158 4172
50.522952 1198 4172
50.522955 1198 4172
50.522956 1198 4172
50.522957 1198 4172
50.522958 1198 4172
50.522958 1198 4172
50.522959 1198 4172
50.522990 606 4172
50.523020 1198 4172
50.523024 1198 4172
50.523042 1198 4172
50.523066 1198 4172
50.523084 1198 4172
50.538526 1198 4172
50.538526 1198 4172
50.538527 1198 4172
50.538528 1198 4172
50.538645 1198 4172
50.538647 1198 4172
50.538647 1166 4172
50.757627 110 4172
51.038741 110 4172
51.320045 110 4172
51.410599 110 4172
51.492367 1198 4172
51.492370 910 4172
51.508220 1198 4172
51.508223 1198 4172
51.508224 1198 4172
51.508225 1198 4172
51.508226 1198 4172
51.508226 1198 4172
51.508227 1198 4172
51.508233 702 4172
51.510419 110 4172
51.523891 1198 4172
51.523950 1198 4172
51.523950 1198 4172
51.523951 1198 4172
51.523952 1198 4172
51.523973 1198 4172
51.523973 1198 4172
51.523984 798 4172
51.539432 1198 4172
51.539433 1198 4172
51.539434 1198 4172
51.539499 1198 4172
51.539500 1198 4172
51.539500 1198 4172
51.539501 974 4172
51.555075 1198 4172
51.555088 1198 4172
51.555101 1198 4172
51.555113 1198 4172
51.555128 1198 4172
51.555140 1198 4172
51.555153 1198 4172
51.555169 622 4172
51.570594 1198 4172
51.570665 1198 4172
51.570667 1198 4172
51.570667 1198 4172
51.570668 1118 4172
51.586181 1198 4172
51.586263 1198 4172
51.586264 1198 4172
51.586264 862 4172
51.586265 110 4172
51.601872 1198 4172
51.601873 1198 4172
51.601874 1198 4172
51.601874 1198 4172
51.601940 1198 4172
51.601941 782 4172
51.610345 110 4172
51.617546 1198 4172
51.617610 1198 4172
51.617612 1198 4172
51.617612 1198 4172
51.617613 1198 4172
51.617634 1198 4172
51.617635 1198 4172
51.617637 510 4172
51.633172 1198 4172
51.633264 1198 4172
51.633266 1198 4172
51.633267 1198 4172
51.633268 1198 4172
51.633269 1198 4172
51.633270 1198 4172
51.633270 1198 4172
51.633271 142 4172
51.648792 1198 4172
51.648793 1198 4172
51.648794 1198 4172
51.648810 1198 4172
51.648811 1198 4172
51.648826 1198 4172
51.648834 718 4172
51.664339 1198 4172
51.664341 1198 4172
51.664341 1198 4172
51.664429 1198 4172
51.664430 1198 4172
51.664431 1198 4172
51.664431 382 4172
51.679635 190 4172
51.710484 110 4172
51.810684 110 4172
51.866723 110 4172
52.148097 110 4172
52.410511 110 4172
52.429309 110 4172
52.510425 110 4172
52.694854 110 4172
52.976226 110 4172
53.257619 110 4172
53.410536 110 4172
53.510441 110 4172
53.538736 110 4172
53.820009 110 4172
54.101614 110 4172
54.410492 110 4172
54.510491 110 4172
55.410442 110 4172
55.510362 110 4172
56.410482 110 4172
56.510467 110 4172
56.882518 110 4172
57.410504 110 4172
57.510552 110 4172
58.410534 110 4172
58.510539 110 4172
59.410563 110 4172
59.510458 110 4172
59.663663 110 4172
60.410566 110 4172
60.510544 110 4172
61.410526 110 4172
61.510524 110 4172
62.375419 1198 4172
62.375423 1198 4172
62.375425 1198 4172
62.375436 1198 4172
62.375438 1198 4172
62.375453 1198 4172
62.375471 1198 4172
62.375485 1198 4172
62.375517 1198 4172
62.375518 1198 4172
62.375574 1198 4172
62.375590 670 4172
62.376506 1198 4172
62.376507 1198 4172
62.376520 1198 4172
62.376538 1198 4172
62.376557 1198 4172
62.376574 1198 4172
62.376591 1198 4172
62.376606 1198 4172
62.376626 1198 4172
62.376643 1198 4172
62.376659 1198 4172
62.376675 110 4172
62.377616 1198 4172
62.377650 1198 4172
62.377667 1198 4172
62.377685 1198 4172
62.377704 190 4172
62.379292 1198 4172
62.379307 1198 4172
62.379322 1198 4172
62.379341 1198 4172
62.379364 1198 4172
62.379381 1198 4172
62.379403 1198 4172
62.379427 1198 4172
62.379429 1198 4172
62.379447 1198 4172
62.379463 1198 4172
62.379475 1198 4172
62.379493 1198 4172
62.379507 1198 4172
62.397990 1198 4172
62.398007 1198 4172
62.398060 158 4172
62.400333 1198 4172
62.400357 1198 4172
62.400391 1198 4172
62.400425 1198 4172
62.400459 1198 4172
62.400493 1198 4172
62.400523 1198 4172
62.400557 1198 4172
62.400620 1198 4172
62.400642 1198 4172
62.400664 1198 4172
62.400678 1198 4172
62.400692 1198 4172
62.400707 1198 4172
62.400726 1198 4172
62.400740 1198 4172
62.400754 1198 4172
62.400768 1198 4172
62.400788 318 4172
62.402828 1198 4172
62.402832 1198 4172
62.402838 1198 4172
62.402860 1198 4172
62.402880 1198 4172
62.402896 1198 4172
62.402908 1198 4172
62.402923 1198 4172
62.402942 1198 4172
62.402957 1198 4172
62.402971 1198 4172
62.402986 1198 4172
62.403004 1198 4172
62.403017 1198 4172
62.413453 1198 4172
62.413463 1198 4172
62.413481 110 4172
62.413499 1198 4172
62.413516 1198 4172
62.413534 1198 4172
62.413551 1198 4172
62.413574 1198 4172
62.413592 1198 4172
62.413609 366 4172
62.415816 1198 4172
62.415818 1198 4172
62.415840 1198 4172
62.429037 1198 4172
62.429103 110 4172
62.429105 1198 4172
62.429105 1198 4172
62.429106 1198 4172
62.429125 1198 4172
62.429126 1198 4172
62.429141 1198 4172
62.429159 1198 4172
62.429179 1198 4172
62.429198 1198 4172
62.429214 1198 4172
62.444680 1198 4172
62.444706 1198 4172
62.444756 1198 4172
62.444775 1198 4172
62.444790 1198 4172
62.444806 1198 4172
62.444824 1198 4172
62.444841 446 4172
62.444857 1198 4172
62.444875 1198 4172
62.444892 1198 4172
62.444910 1198 4172
62.444924 1198 4172
62.444940 1198 4172
62.460314 1198 4172
62.460332 1198 4172
62.460347 1198 4172
62.460366 1198 4172
62.460386 1198 4172
62.460404 1198 4172
62.460424 1198 4172
62.460442 1198 4172
62.460464 1198 4172
62.460481 1198 4172
62.460498 1198 4172
62.460516 1198 4172
62.460539 1198 4172
62.460556 1198 4172
62.476083 1198 4172
62.476152 1086 4172
62.476154 1198 4172
62.476155 1198 4172
62.476190 1198 4172
62.476191 1198 4172
62.476222 1198 4172
62.476250 1198 4172
62.476268 1198 4172
62.476285 1198 4172
62.476308 1198 4172
62.476325 1198 4172
62.476343 1198 4172
62.491598 1198 4172
62.491626 1198 4172
62.491643 1198 4172
62.491816 1198 4172
62.491845 1198 4172
62.491872 1198 4172
62.491890 1198 4172
62.491907 1198 4172
62.491925 1198 4172
62.491948 1198 4172
62.491966 1198 4172
62.491984 1198 4172
62.492002 1022 4172
62.494081 1198 4172
62.494091 1198 4172
62.507225 1198 4172
62.507287 1198 4172
62.507289 1198 4172
62.507290 1198 4172
62.507301 1198 4172
62.507302 1198 4172
62.507322 1198 4172
62.507338 1198 4172
62.507356 1198 4172
62.507373 1198 4172
62.507394 1198 4172
62.507409 1198 4172
62.522806 1198 4172
62.522809 1198 4172
62.522819 110 4172
62.522846 1198 4172
62.522860 1198 4172
62.522882 1198 4172
62.522896 1198 4172
62.522918 1198 4172
62.522937 1182 4172
62.522955 1198 4172
62.522971 1198 4172
62.522994 1198 4172
62.523011 1198 4172
62.523027 1198 4172
62.538495 1198 4172
62.538588 1198 4172
62.538589 1198 4172
62.538589 1198 4172
62.538590 1198 4172
62.538612 1198 4172
62.538613 1198 4172
62.538624 1198 4172
62.538642 1198 4172
62.538658 1198 4172
62.538672 1198 4172
62.538686 1198 4172
62.538699 1198 4172
62.538716 1198 4172
62.554085 1198 4172
62.554088 1198 4172
62.554094 846 4172
62.554116 1198 4172
62.554130 1198 4172
62.554144 1198 4172
62.554158 1198 4172
62.554177 1198 4172
62.554191 1198 4172
62.554206 1198 4172
62.554218 1198 4172
62.554237 1198 4172
62.554251 1198 4172
62.569722 1198 4172
62.569736 1198 4172
62.569737 126 4172
62.569738 1198 4172
62.569776 1198 4172
62.569777 1198 4172
62.569818 1022 4172
62.569819 1198 4172
62.569819 1198 4172
62.569834 1198 4172
62.569851 1198 4172
62.569872 1198 4172
62.569890 1198 4172
62.569908 1198 4172
62.569924 1198 4172
62.585319 1198 4172
62.585321 1198 4172
62.585322 1198 4172
62.585336 1198 4172
62.585365 1134 4172
62.585380 1198 4172
62.585395 1198 4172
62.585410 1198 4172
62.585438 1198 4172
62.585454 1198 4172
62.585469 1198 4172
62.585485 1198 4172
62.585510 1198 4172
62.585528 1198 4172
62.601142 1198 4172
62.601145 1198 4172
62.601147 1198 4172
62.601147 1198 4172
62.601148 1198 4172
62.601148 1198 4172
62.601149 430 4172
62.603077 1198 4172
62.603116 1198 4172
62.603152 590 4172
62.604461 1198 4172
62.604499 1198 4172
62.604532 1198 4172
62.604566 1198 4172
62.604605 1198 4172
62.604632 1198 4172
62.604664 1198 4172
62.604696 1198 4172
62.616545 110 4172
62.616568 958 4172
62.616587 1150 4172
62.616606 1198 4172
62.616621 1198 4172
62.616642 1198 4172
62.616658 1198 4172
62.616673 1198 4172
62.616700 1198 4172
62.616715 910 4172
62.616731 1198 4172
62.616745 1198 4172
62.633275 1198 4172
62.633283 1198 4172
62.633283 734 4172
62.633297 1198 4172
62.633307 1198 4172
62.633320 1198 4172
62.633331 862 4172
62.633898 1198 4172
62.633912 1198 4172
62.633922 1198 4172
62.633935 1198 4172
62.633945 1198 4172
62.633955 574 4172
62.634884 1198 4172
62.634894 1198 4172
62.634905 1198 4172
62.634917 1198 4172
62.647831 1198 4172
62.647832 1198 4172
62.647841 1198 4172
62.647854 1198 4172
62.647867 286 4172
62.647879 1198 4172
62.647889 1198 4172
62.647899 1198 4172
62.647912 1198 4172
62.647922 1198 4172
62.647933 1198 4172
62.647945 1198 4172
62.663442 1198 4172
62.663444 1198 4172
62.663447 750 4172
62.664510 1198 4172
62.664521 1198 4172
62.664533 1198 4172
62.664544 1198 4172
62.664557 1198 4172
62.664567 1198 4172
62.664579 1198 4172
62.664589 1198 4172
62.664601 1198 4172
62.664613 654 4172
62.665556 1198 4172
62.665566 1198 4172
62.665578 1198 4172
62.665588 1198 4172
62.679172 1198 4172
62.679173 1198 4172
62.679197 1198 4172
62.679213 1198 4172
62.679237 1054 4172
62.679255 1198 4172
62.679275 1198 4172
62.679293 1198 4172
62.679322 1198 4172
62.679333 1198 4172
62.679351 1198 4172
62.694835 1198 4172
62.694858 110 4172
62.694880 1198 4172
62.694900 1198 4172
62.694918 1198 4172
62.694938 1198 4172
62.694960 1198 4172
62.694989 1198 4172
62.694999 1198 4172
62.695018 270 4172
62.695039 1198 4172
62.695060 1198 4172
62.695077 1198 4172
62.695096 1198 4172
62.695117 1198 4172
62.695145 1198 4172
62.710383 1198 4172
62.710403 1198 4172
62.710432 1198 4172
62.710451 1198 4172
62.710469 1198 4172
62.710489 1198 4172
62.710512 1198 4172
62.710531 590 4172
62.710551 1198 4172
62.710568 1198 4172
62.710591 1198 4172
62.710609 1198 4172
62.710629 1198 4172
62.710648 1198 4172
62.710672 1198 4172
62.725909 1198 4172
62.725922 1198 4172
62.725940 126 4172
62.727371 1198 4172
62.727496 1198 4172
62.727542 1198 4172
62.727582 1198 4172
62.727623 1198 4172
62.727661 1198 4172
62.727702 446 4172
62.728462 1198 4172
62.728504 1198 4172
62.728544 654 4172
62.729963 1198 4172
62.730012 1198 4172
62.730051 1198 4172
62.730093 1198 4172
62.730129 1198 4172
62.730167 1198 4172
62.741688 1198 4172
62.741708 1198 4172
62.741733 1198 4172
62.741733 1198 4172
62.741756 350 4172
62.741775 1198 4172
62.741791 1198 4172
62.741817 366 4172
62.741839 1198 4172
62.741855 1198 4172
62.741873 398 4172
62.741890 734 4172
62.757710 446 4172
62.759495 1198 4172
62.759520 1198 4172
62.759559 1198 4172
62.759575 1198 4172
62.759593 622 4172
62.760022 1198 4172
62.760039 1198 4172
62.760054 1198 4172
62.760069 1198 4172
62.760087 1198 4172
62.760102 1198 4172
62.760117 1198 4172
62.760132 1198 4172
62.760149 1198 4172
62.760163 1198 4172
62.760178 190 4172
62.760561 1198 4172
62.760578 1198 4172
62.760593 1198 4172
62.772818 1198 4172
62.772852 1198 4172
62.772852 1198 4172
62.772864 1198 4172
62.772877 1198 4172
62.772894 1198 4172
62.772917 1198 4172
62.772932 1102 4172
62.772947 1198 4172
62.772987 1198 4172
62.788422 1198 4172
62.788425 1198 4172
62.788446 1198 4172
62.788465 1198 4172
62.788480 1198 4172
62.788495 1198 4172
62.788511 1198 4172
62.788528 1198 4172
62.788543 1198 4172
62.788566 1198 4172
62.788575 1198 4172
62.788589 1198 4172
62.788605 558 4172
62.788982 1198 4172
62.788999 1198 4172
62.804129 1198 4172
62.804197 1198 4172
62.804199 1198 4172
62.804200 1198 4172
62.804207 1198 4172
62.804226 1198 4172
62.804252 1198 4172
62.804269 1198 4172
62.804297 990 4172
62.804307 1198 4172
62.804325 1198 4172
62.804344 1198 4172
62.804360 1198 4172
62.804377 1198 4172
62.819807 1198 4172
62.819842 1198 4172
62.819843 1198 4172
62.819859 846 4172
62.820956 1198 4172
62.820977 1198 4172
62.820997 1198 4172
62.821015 1198 4172
62.821036 1198 4172
62.821054 1198 4172
62.821072 1198 4172
62.821088 1198 4172
62.821110 894 4172
62.821246 1198 4172
62.821267 1198 4172
62.835432 1198 4172
62.835436 1198 4172
62.835449 1198 4172
62.835513 1198 4172
62.835515 1198 4172
62.835516 830 4172
62.835531 894 4172
62.835562 1198 4172
62.835568 398 4172
62.835588 1198 4172
62.835618 1198 4172
62.835642 1198 4172
62.835659 1198 4172
62.835678 1198 4172
62.835706 1198 4172
62.850855 1198 4172
62.852958 414 4172
62.852986 1198 4172
62.853001 1198 4172
62.853015 1198 4172
62.853028 1198 4172
62.853044 958 4172
62.853058 1198 4172
62.853071 1198 4172
62.853084 1198 4172
62.853100 1054 4172
62.853421 1198 4172
62.853443 1198 4172
62.853458 1198 4172
62.853474 1198 4172
62.853490 1198 4172
62.853505 718 4172
62.866586 1198 4172
62.866589 1198 4172
62.866590 1198 4172
62.866677 1198 4172
62.866678 1198 4172
62.866688 1198 4172
62.866719 1198 4172
62.866734 1198 4172
62.866766 1198 4172
62.866778 1198 4172
62.866792 1198 4172
62.866806 302 4172
62.866824 1198 4172
62.882123 1198 4172
62.882139 1198 4172
62.882155 1198 4172
62.882174 1198 4172
62.882190 1198 4172
62.882205 1198 4172
62.882220 1198 4172
62.882237 1198 4172
62.882253 1198 4172
62.882268 1198 4172
62.882290 1198 4172
62.882300 1198 4172
62.882316 1198 4172
62.897738 926 4172
62.899765 1198 4172
62.899778 1198 4172
62.899791 1198 4172
62.899807 1198 4172
62.899826 1198 4172
62.899839 1198 4172
62.899853 1198 4172
62.899867 1198 4172
62.899885 1198 4172
62.899899 1198 4172
62.899913 1198 4172
62.899926 1198 4172
62.899946 1198 4172
62.899958 1198 4172
62.899972 1198 4172
62.913337 1198 4172
62.913357 878 4172
62.914849 1198 4172
62.914871 1198 4172
62.914872 1198 4172
62.914900 1198 4172
62.914926 1198 4172
62.914941 1198 4172
62.914956 1198 4172
62.914971 1198 4172
62.914988 1198 4172
62.915003 1198 4172
62.915019 1198 4172
62.915033 1198 4172
62.929042 1198 4172
62.929044 1198 4172
62.929058 1198 4172
62.929072 1198 4172
62.929092 1198 4172
62.929106 222 4172
62.930781 1198 4172
62.930783 1198 4172
62.930785 1198 4172
62.930785 1198 4172
62.930801 1198 4172
62.930818 1198 4172
62.930831 1198 4172
62.930846 1198 4172
62.930863 1198 4172
62.944724 1198 4172
62.944727 1198 4172
62.944741 1198 4172
62.944768 1198 4172
62.944779 1198 4172
62.944799 1198 4172
62.944814 1198 4172
62.944853 1198 4172
62.944887 1198 4172
62.944904 702 4172
62.947066 1198 4172
62.947068 1198 4172
62.947068 1198 4172
62.947087 1198 4172
62.947111 1198 4172
62.960239 1198 4172
62.960241 1198 4172
62.960255 1198 4172
62.960274 110 4172
62.960291 1198 4172
62.960306 1198 4172
62.960322 1198 4172
62.960343 1198 4172
62.960361 1198 4172
62.960373 1198 4172
62.960391 1198 4172
62.960445 1038 4172
62.976021 1198 4172
62.976024 1198 4172
62.976025 1198 4172
62.976034 1198 4172
62.976035 1198 4172
62.976036 1198 4172
62.976037 1198 4172
62.976038 1198 4172
62.976058 1198 4172
62.976071 1198 4172
62.976090 1198 4172
62.976122 1198 4172
62.976189 1198 4172
62.976191 1198 4172
62.991641 926 4172
62.991645 1198 4172
62.991645 1198 4172
62.991646 1198 4172
62.991646 1198 4172
62.991673 1198 4172
62.991690 1198 4172
62.991707 1198 4172
62.991719 1198 4172
62.991771 1198 4172
62.991772 1198 4172
62.991786 1198 4172
62.991801 1102 4172
62.992800 1198 4172
62.992827 1198 4172
62.992859 782 4172
63.007239 1198 4172
63.007242 1198 4172
63.007242 1198 4172
63.007243 1198 4172
63.007275 1198 4172
63.007276 1198 4172
63.007341 1198 4172
63.007343 1198 4172
63.007343 1198 4172
63.007356 1198 4172
63.007362 574 4172
63.007371 1198 4172
63.007385 1198 4172
63.022838 510 4172
63.022896 1198 4172
63.022897 1198 4172
63.022898 1198 4172
63.022911 1198 4172
63.022912 1198 4172
63.022917 1198 4172
63.022928 1198 4172
63.022951 1022 4172
63.022962 1198 4172
63.022972 1198 4172
63.022984 1198 4172
63.022995 1198 4172
63.023009 1198 4172
63.023019 1198 4172
63.038439 1198 4172
63.038442 1198 4172
63.038442 1198 4172
63.038447 1198 4172
63.038461 414 4172
63.038471 1198 4172
63.038486 1198 4172
63.038496 1198 4172
63.038505 1198 4172
63.038515 574 4172
63.038529 1198 4172
63.038539 1198 4172
63.038550 1198 4172
63.038559 1198 4172
63.038573 1166 4172
63.055398 1198 4172
63.055418 1198 4172
63.055434 1198 4172
63.055449 1198 4172
63.055466 1198 4172
63.055482 1198 4172
63.055498 334 4172
63.055513 1198 4172
63.055529 1198 4172
63.055544 1198 4172
63.055559 1198 4172
63.055574 1198 4172
63.055590 1198 4172
63.055604 1198 4172
63.055618 414 4172
63.072087 1198 4172
63.072147 1198 4172
63.072147 1198 4172
63.072148 1198 4172
63.072149 942 4172
63.072150 1198 4172
63.072150 1198 4172
63.072169 1198 4172
63.072170 878 4172
63.072178 1198 4172
63.072191 1198 4172
63.072201 1198 4172
63.072212 1198 4172
63.072223 158 4172
63.085789 1198 4172
63.085803 1198 4172
63.085817 1198 4172
63.085835 1198 4172
63.085854 1198 4172
63.085870 366 4172
63.091632 1198 4172
63.091691 1198 4172
63.091704 1198 4172
63.091713 1198 4172
63.091727 1198 4172
63.091738 1198 4172
63.091747 1198 4172
63.091757 1198 4172
63.091769 1198 4172
63.091781 798 4172
63.092134 1198 4172
63.092144 1198 4172
63.092155 1198 4172
63.092166 1086 4172
63.092583 1198 4172
63.092594 1198 4172
63.092604 1198 4172
63.092614 1198 4172
63.100871 1198 4172
63.100880 750 4172
63.100891 1198 4172
63.100906 1198 4172
63.100930 1198 4172
63.100946 1198 4172
63.100963 1198 4172
63.116541 1198 4172
63.116635 1198 4172
63.116636 1198 4172
63.116637 1198 4172
63.116637 990 4172
63.116643 1198 4172
63.116644 1198 4172
63.116645 1198 4172
63.116653 1198 4172
63.116665 1198 4172
63.116680 1198 4172
63.116690 1198 4172
63.116700 1198 4172
63.116712 1198 4172
63.116722 1198 4172
63.132168 1198 4172
63.132172 1198 4172
63.132177 1198 4172
63.132188 1198 4172
63.132197 1198 4172
63.132208 1198 4172
63.132221 1022 4172
63.133368 1198 4172
63.133377 1198 4172
63.133387 1198 4172
63.133398 1198 4172
63.133412 1198 4172
63.133422 1198 4172
63.133432 1198 4172
63.133441 1198 4172
63.147816 1198 4172
63.147817 1198 4172
63.147820 1198 4172
63.147822 1198 4172
63.147837 1198 4172
63.147847 1198 4172
63.147857 1198 4172
63.147866 1198 4172
63.147878 1198 4172
63.147889 718 4172
63.149967 1198 4172
63.149977 1198 4172
63.149987 1198 4172
63.149997 1198 4172
63.150009 1198 4172
63.163356 1198 4172
63.163363 1198 4172
63.163373 1198 4172
63.163388 1198 4172
63.163397 1198 4172
63.163407 1198 4172
63.163417 1198 4172
63.163429 1198 4172
63.163439 1198 4172
63.163449 1198 4172
63.163458 1198 4172
63.163470 1198 4172
63.163481 1198 4172
63.179074 1198 4172
63.179083 1198 4172
63.179162 1198 4172
63.179163 1198 4172
63.179169 1198 4172
63.179644 1198 4172
63.179665 1198 4172
63.179682 1198 4172
63.179696 1198 4172
63.179712 1198 4172
63.179727 1198 4172
63.179741 1198 4172
63.179756 1198 4172
63.179773 1198 4172
63.194696 1198 4172
63.194698 1198 4172
63.194698 174 4172
63.194702 1198 4172
63.194721 1198 4172
63.194722 1198 4172
63.194734 1198 4172
63.194746 1198 4172
63.194757 1198 4172
63.194769 1198 4172
63.194792 1198 4172
63.194803 1118 4172
63.194812 1198 4172
63.194822 1198 4172
63.210310 1198 4172
63.210390 1198 4172
63.210392 1198 4172
63.210397 1198 4172
63.210414 1182 4172
63.212297 1198 4172
63.212300 1198 4172
63.212309 1198 4172
63.212321 1198 4172
63.212336 1198 4172
63.212346 1198 4172
63.212360 238 4172
63.212369 622 4172
63.212381 1198 4172
63.218424 1198 4172
63.218443 1198 4172
63.218459 1198 4172
63.218475 1198 4172
63.218492 1198 4172
63.218506 1198 4172
63.218520 1198 4172
63.218534 1198 4172
63.218551 1198 4172
63.225919 510 4172
63.225936 110 4172
63.225953 1198 4172
63.225969 1198 4172
63.225985 1198 4172
63.225999 1198 4172
63.226017 366 4172
63.226032 1198 4172
63.226050 1198 4172
63.241537 1198 4172
63.241561 1198 4172
63.241573 1198 4172
63.241589 1006 4172
63.241604 1198 4172
63.241621 1198 4172
63.241636 1198 4172
63.241652 1198 4172
63.241666 1198 4172
63.241683 1198 4172
63.241698 1198 4172
63.241715 1198 4172
63.241729 958 4172
63.243540 1198 4172
63.243543 1198 4172
63.243549 1198 4172
63.257150 1198 4172
63.257228 1198 4172
63.257230 1198 4172
63.257231 1198 4172
63.257232 1198 4172
63.257245 1198 4172
63.257255 1198 4172
63.257265 1198 4172
63.257275 1198 4172
63.257287 1198 4172
63.257298 350 4172
63.258339 1198 4172
63.258361 1198 4172
63.272910 1198 4172
63.272912 1198 4172
63.272930 1198 4172
63.272940 1198 4172
63.272951 1198 4172
63.272962 1198 4172
63.272974 1198 4172
63.272984 1198 4172
63.272996 1198 4172
63.273010 1198 4172
63.273026 350 4172
63.273036 1198 4172
63.273052 1198 4172
63.273061 1198 4172
63.273075 1198 4172
63.288531 1198 4172
63.288534 1198 4172
63.288539 1198 4172
63.288562 1198 4172
63.288579 1198 4172
63.288591 1198 4172
63.288604 1198 4172
63.288619 1198 4172
63.288631 1198 4172
63.288643 1198 4172
63.288656 1198 4172
63.288672 1198 4172
63.288684 894 4172
63.289985 1198 4172
63.290037 1198 4172
63.304118 1198 4172
63.304120 1198 4172
63.304125 1198 4172
63.304144 1198 4172
63.304169 1198 4172
63.304189 1198 4172
63.304208 974 4172
63.304225 1198 4172
63.304250 1198 4172
63.304268 1198 4172
63.304285 1198 4172
63.304303 1198 4172
63.304328 990 4172
63.319752 1198 4172
63.319817 1198 4172
63.319818 1198 4172
63.319818 942 4172
63.320670 1198 4172
63.320738 846 4172
63.321820 686 4172
63.322270 1198 4172
63.324774 558 4172
63.325310 1198 4172
63.325323 1198 4172
63.325336 1198 4172
63.325347 1198 4172
63.325361 1198 4172
63.325373 1198 4172
63.325386 830 4172
63.325648 1198 4172
63.325659 350 4172
63.325947 1198 4172
63.325959 446 4172
63.326351 1198 4172
63.326363 990 4172
63.326863 1198 4172
63.326874 1198 4172
63.335409 1086 4172
63.335429 1198 4172
63.335440 1198 4172
63.335452 158 4172
63.335465 1198 4172
63.335479 1198 4172
63.335492 1198 4172
63.335503 1198 4172
63.335516 1198 4172
63.351011 1198 4172
63.351034 1198 4172
63.351053 1198 4172
63.351071 1198 4172
63.351097 286 4172
63.351812 1198 4172
63.351836 1198 4172
63.351855 1198 4172
63.351874 1198 4172
63.351895 1198 4172
63.351913 718 4172
63.353344 1198 4172
63.353370 1198 4172
63.353388 1198 4172
63.353407 654 4172
63.353670 1198 4172
63.353691 1006 4172
63.353881 878 4172
63.354089 638 4172
63.366672 1198 4172
63.366674 158 4172
63.366675 814 4172
63.366716 190 4172
63.366717 622 4172
63.366717 1102 4172
63.383736 158 4172
63.383975 638 4172
63.384278 1198 4172
63.384298 174 4172
63.410673 110 4172
63.446139 126 4172
63.446328 622 4172
63.446631 1086 4172
63.463134 1198 4172
63.463174 430 4172
63.491705 110 4172
63.495917 1198 4172
63.495928 862 4172
63.510487 110 4172
63.525446 574 4172
63.610765 110 4172
63.695220 158 4172
63.710731 174 4172
63.726353 190 4172
63.742043 334 4172
63.773044 110 4172
64.000915 1198 4172
64.000923 1198 4172
64.000924 1198 4172
64.000950 1198 4172
64.000968 1198 4172
64.000984 1198 4172
64.001011 1198 4172
64.001013 206 4172
64.001681 1198 4172
64.001697 1198 4172
64.001712 1198 4172
64.001728 1198 4172
64.001746 1198 4172
64.001761 1198 4172
64.001776 1198 4172
64.001792 670 4172
64.002168 1198 4172
64.002185 766 4172
64.002657 1198 4172
64.002675 878 4172
64.003301 1198 4172
64.003317 1198 4172
64.003333 1198 4172
64.003349 1198 4172
64.003366 206 4172
64.003947 1198 4172
64.003963 1198 4172
64.003978 1198 4172
64.003994 590 4172
64.004610 1198 4172
64.004626 1198 4172
64.004642 974 4172
64.005672 1198 4172
64.005686 1198 4172
64.005724 1198 4172
64.005726 1198 4172
64.005727 1198 4172
64.005749 1198 4172
64.005763 1198 4172
64.005778 1198 4172
64.005794 1198 4172
64.005809 1198 4172
64.005824 894 4172
64.007186 1198 4172
64.007209 1198 4172
64.007228 1198 4172
64.007243 1198 4172
64.007260 1198 4172
64.007275 1198 4172
64.007298 1198 4172
64.007314 1198 4172
64.022767 1198 4172
64.023315 1198 4172
64.023330 1198 4172
64.023348 1198 4172
64.023367 1198 4172
64.023384 1198 4172
64.023398 1198 4172
64.023416 910 4172
64.024269 1198 4172
64.024290 1198 4172
64.024306 1198 4172
64.024321 1198 4172
64.024339 1198 4172
64.024354 1198 4172
64.024369 1198 4172
64.024383 1198 4172
64.024400 1198 4172
64.024415 1198 4172
64.024430 1198 4172
64.024445 1198 4172
64.024463 1198 4172
64.024478 526 4172
64.026186 1198 4172
64.026199 1198 4172
64.026213 1198 4172
64.026228 1198 4172
64.026244 1198 4172
64.026257 1198 4172
64.026271 1198 4172
64.026285 1198 4172
64.026301 1198 4172
64.038394 254 4172
64.038417 110 4172
64.038435 1198 4172
64.038451 1198 4172
64.038467 1198 4172
64.038482 1198 4172
64.038502 1198 4172
64.038517 1198 4172
64.038532 1198 4172
64.038549 110 4172
64.038569 1198 4172
64.038585 1198 4172
64.038600 782 4172
64.038615 1198 4172
64.054043 1198 4172
64.054119 1198 4172
64.054121 1198 4172
64.054121 1198 4172
64.054156 1198 4172
64.054158 1198 4172
64.054171 1198 4172
64.054198 1198 4172
64.054215 1198 4172
64.054231 142 4172
64.054949 1198 4172
64.054970 1198 4172
64.054986 510 4172
64.056869 1198 4172
64.056880 1198 4172
64.056895 1198 4172
64.056910 1198 4172
64.056927 1198 4172
64.069659 1198 4172
64.069679 1198 4172
64.069679 1198 4172
64.069740 446 4172
64.069797 1198 4172
64.069809 1198 4172
64.069818 1198 4172
64.069835 1198 4172
64.069845 1198 4172
64.069855 1198 4172
64.069866 1198 4172
64.069880 1198 4172
64.085405 1198 4172
64.085486 1198 4172
64.085501 414 4172
64.085518 206 4172
64.085528 1198 4172
64.085539 638 4172
64.085554 1198 4172
64.085562 366 4172
64.153344 142 4172
64.153347 350 4172
64.155032 1198 4172
64.155037 1118 4172
64.200981 190 4172
64.201144 750 4172
64.246678 1198 4172
64.246681 318 4172
64.247091 1198 4172
64.247123 1198 4172
64.247140 1198 4172
64.247161 1086 4172
64.247327 1198 4172
64.247348 1198 4172
64.247366 526 4172
64.247678 1198 4172
64.247699 1198 4172
64.247717 1166 4172
64.248120 1198 4172
64.248140 1198 4172
64.248158 1198 4172
64.248176 1102 4172
64.260494 270 4172
64.293325 302 4172
64.320033 110 4172
64.387103 382 4172
64.410542 110 4172
64.433810 494 4172
64.510533 110 4172
64.601432 350 4172
64.601450 110 4172
64.610354 110 4172
64.617434 526 4172
64.632549 270 4172
64.652854 558 4172
64.652883 334 4172
64.714076 574 4172
64.714122 206 4172
64.730065 142 4172
64.763325 478 4172
64.857192 1198 4172
64.857196 398 4172
64.882497 110 4172
