0.062309 1198 4172
0.062395 1198 4172
0.062412 126 4172
0.062457 1198 4172
0.062500 1198 4172
0.190473 110 4172
0.454308 110 4172
0.586692 1198 4172
0.586726 558 4172
0.586755 1166 4172
0.586782 1198 4172
0.586808 558 4172
0.586834 1102 4172
0.586870 974 4172
0.586901 1198 4172
0.586927 142 4172
0.586991 1198 4172
0.587025 286 4172
0.587056 1198 4172
0.587081 1198 4172
0.587109 1102 4172
0.615691 158 4172
0.615695 158 4172
0.615721 334 4172
0.615746 1198 4172
0.622460 1198 4172
0.622493 1198 4172
0.622525 1198 4172
0.622552 1198 4172
0.622579 126 4172
0.622608 1198 4172
0.622642 1198 4172
0.622671 1198 4172
0.622698 1198 4172
0.622725 1198 4172
0.622750 1198 4172
0.622776 1198 4172
0.630373 1198 4172
0.630424 1198 4172
0.630469 1198 4172
0.638281 1198 4172
0.638317 1198 4172
0.638349 1198 4172
0.638377 1198 4172
0.638405 1038 4172
0.646495 1198 4172
0.646536 1198 4172
0.654364 1198 4172
0.654398 1198 4172
0.654438 1198 4172
0.662326 1198 4172
0.662366 1198 4172
0.670293 1198 4172
0.670323 1198 4172
0.674266 1198 4172
0.674322 1198 4172
0.686313 1198 4172
0.686347 1198 4172
0.694318 1198 4172
0.694373 1198 4172
0.694416 1198 4172
0.702276 542 4172
0.702325 1198 4172
0.710411 1198 4172
0.710453 110 4172
0.710490 1198 4172
0.718337 1198 4172
0.718385 1198 4172
0.718433 1198 4172
0.726303 1198 4172
0.726357 1198 4172
0.734363 1198 4172
0.734426 1198 4172
0.742287 1198 4172
0.742331 1198 4172
0.750384 1198 4172
0.750430 1198 4172
0.758314 110 4172
0.758360 1198 4172
0.758409 1198 4172
0.758446 1198 4172
0.762237 254 4172
0.762272 334 4172
0.762311 1198 4172
0.774242 1198 4172
0.774327 1198 4172
0.782351 1198 4172
0.782397 1198 4172
0.790197 1198 4172
0.790242 1198 4172
0.798351 1198 4172
0.798408 1198 4172
0.806283 1198 4172
0.814308 1198 4172
0.814398 1198 4172
0.814400 302 4172
0.822346 1198 4172
0.822380 1198 4172
0.830338 1198 4172
0.830380 1198 4172
0.830420 1198 4172
0.838299 1198 4172
0.838339 1198 4172
0.846294 1198 4172
0.846353 1198 4172
0.850264 1198 4172
0.850312 1198 4172
0.862350 1198 4172
0.862357 110 4172
0.862442 1198 4172
0.870330 1198 4172
0.870386 1198 4172
0.870430 1198 4172
0.878349 1198 4172
0.878415 1198 4172
0.886216 1198 4172
0.894306 1198 4172
0.894352 1198 4172
0.902324 1198 4172
0.902377 1198 4172
0.910395 734 4172
0.910439 1198 4172
0.910480 1198 4172
0.918244 1198 4172
0.918291 1198 4172
0.926350 1198 4172
0.926414 1198 4172
0.934303 1198 4172
0.934360 1198 4172
0.934405 1198 4172
0.938832 734 4172
0.950372 1198 4172
0.950417 1198 4172
0.950457 1198 4172
0.958197 1198 4172
0.958254 110 4172
0.958297 1198 4172
0.966195 1198 4172
0.966249 558 4172
0.966303 174 4172
0.974251 110 4172
0.974289 1198 4172
0.974329 158 4172
0.974362 158 4172
0.974394 158 4172
0.974426 158 4172
0.974463 238 4172
0.974495 158 4172
0.974525 158 4172
0.974556 158 4172
0.982213 734 4172
0.982251 142 4172
0.982286 142 4172
1.015035 142 4172
1.026285 142 4172
1.070187 110 4172
1.070230 142 4172
1.114221 142 4172
1.158313 110 4172
1.243162 110 4172
1.246167 302 4172
1.252089 110 4172
1.290175 142 4172
1.510358 110 4172
1.766285 110 4172
1.774176 110 4172
1.862218 110 4172
2.038307 110 4172
2.302329 110 4172
2.566208 110 4172
2.786307 110 4172
2.846274 110 4172
2.874398 110 4172
3.134170 110 4172
3.398310 110 4172
3.746243 142 4172
3.746352 142 4172
3.750145 110 4172
3.882328 110 4172
3.926167 142 4172
3.926274 142 4172
4.318292 142 4172
4.318378 142 4172
4.538299 142 4172
4.538379 142 4172
4.758245 110 4172
4.890183 110 4172
5.154361 142 4172
5.326358 142 4172
5.752152 110 4172
5.762170 142 4172
5.762247 142 4172
5.850296 110 4172
5.982191 142 4172
5.982257 142 4172
6.070357 110 4172
6.378317 142 4172
6.466297 142 4172
6.554274 142 4172
6.554360 142 4172
6.818270 142 4172
6.862259 110 4172
6.994140 142 4172
7.214204 142 4172
7.606289 142 4172
7.606425 142 4172
7.782207 110 4172
7.826278 142 4172
7.826401 142 4172
7.870287 110 4172
8.214175 142 4172
8.214274 142 4172
8.390211 142 4172
8.478195 142 4172
8.610286 142 4172
8.742326 110 4172
8.784559 110 4172
8.786221 142 4172
8.874282 110 4172
9.222288 142 4172
9.222375 142 4172
9.442283 142 4172
9.442445 142 4172
9.750179 110 4172
9.838286 142 4172
9.838458 142 4172
9.882316 110 4172
10.058282 142 4172
10.058378 142 4172
10.494254 142 4172
10.626232 142 4172
10.626357 142 4172
10.746352 142 4172
10.758185 110 4172
10.890210 110 4172
10.978222 110 4172
11.066303 142 4172
11.414187 110 4172
11.458111 142 4172
11.458157 142 4172
11.670273 142 4172
11.670440 142 4172
11.758261 110 4172
11.890161 110 4172
12.282129 142 4172
12.282214 142 4172
12.458235 142 4172
12.458324 142 4172
12.758042 110 4172
12.890196 110 4172
13.286182 142 4172
13.286225 142 4172
13.502169 142 4172
13.502220 142 4172
13.766166 110 4172
13.854096 110 4172
14.070181 110 4172
14.506208 142 4172
14.506260 142 4172
14.726177 142 4172
14.726292 142 4172
14.770075 110 4172
14.858246 110 4172
15.334230 142 4172
15.422183 142 4172
15.554190 142 4172
15.554291 142 4172
15.726166 142 4172
15.770124 110 4172
15.858147 110 4172
16.122157 142 4172
16.338199 142 4172
16.751932 110 4172
16.751967 110 4172
16.778211 142 4172
16.778266 142 4172
16.866200 110 4172
16.954155 142 4172
16.954212 142 4172
17.394163 142 4172
17.394195 142 4172
17.570120 142 4172
17.570162 142 4172
17.790128 110 4172
17.878178 110 4172
18.186189 142 4172
18.186245 142 4172
18.402120 142 4172
18.402172 142 4172
18.750010 110 4172
18.794146 142 4172
18.794268 142 4172
18.882185 110 4172
18.970083 142 4172
18.970143 142 4172
19.402206 142 4172
19.402282 142 4172
19.446139 110 4172
19.622176 142 4172
19.622186 142 4172
19.754129 110 4172
19.882178 110 4172
20.190034 142 4172
20.190090 142 4172
20.406148 142 4172
20.406260 142 4172
20.562202 60 60000
20.723780 174 4172
20.723808 158 4172
20.723841 158 4172
20.723874 158 4172
20.723913 158 4172
20.723949 158 4172
20.723996 158 4172
20.724028 158 4172
20.766921 110 4172
20.766968 126 4172
20.803060 1198 4172
20.803774 1198 4172
20.803884 1198 4172
20.803916 1198 4172
20.803966 1198 4172
20.803999 1198 4172
20.804032 1198 4172
20.804059 1198 4172
20.804093 1198 4172
20.804126 1198 4172
20.804154 158 4172
20.806116 1198 4172
20.806156 1198 4172
20.806262 1198 4172
20.806297 1198 4172
20.806544 1198 4172
20.806588 1198 4172
20.806627 1198 4172
20.811763 1198 4172
20.811815 1198 4172
20.825829 1198 4172
20.825860 1198 4172
20.825892 1198 4172
20.826555 1198 4172
20.826601 1198 4172
20.830068 1198 4172
20.839425 1198 4172
20.840106 1198 4172
20.857724 1102 4172
20.857764 1198 4172
20.857788 1198 4172
20.862101 254 4172
20.862131 1198 4172
20.862160 1198 4172
20.862186 1198 4172
20.862211 1198 4172
20.870069 110 4172
20.870111 1198 4172
20.870150 1198 4172
20.889285 1198 4172
20.902562 1198 4172
20.903941 1198 4172
20.911866 270 4172
20.912308 1198 4172
20.912780 1198 4172
20.913194 1198 4172
20.913611 1198 4172
20.914794 1198 4172
20.915259 1198 4172
20.915805 1198 4172
20.916265 1198 4172
20.918051 1198 4172
20.927989 1198 4172
20.928118 1198 4172
20.928154 126 4172
20.934902 1198 4172
20.942153 1198 4172
20.942186 1198 4172
20.950887 1198 4172
20.950913 1198 4172
20.958143 1198 4172
20.958176 1198 4172
20.958206 110 4172
20.958235 1198 4172
20.966080 430 4172
20.966118 1198 4172
20.974166 1198 4172
20.974203 1198 4172
20.974239 1198 4172
20.982079 1198 4172
20.982105 1198 4172
20.990825 1198 4172
20.998083 1198 4172
20.998126 1198 4172
20.998161 606 4172
21.009792 1198 4172
21.009811 1198 4172
21.014242 1198 4172
21.014278 110 4172
21.014310 1198 4172
21.014341 1198 4172
21.026241 1198 4172
21.030112 1198 4172
21.030129 1198 4172
21.038161 1198 4172
21.038248 414 4172
21.038264 1198 4172
21.046154 1198 4172
21.046180 1198 4172
21.057614 1198 4172
21.057659 1198 4172
21.057693 1198 4172
21.062314 1198 4172
21.062349 1198 4172
21.071248 1198 4172
21.071332 1198 4172
21.078099 1198 4172
21.078128 1150 4172
21.078161 1198 4172
21.086068 1198 4172
21.086109 1198 4172
21.094088 1198 4172
21.094121 1198 4172
21.102240 1198 4172
21.102279 1198 4172
21.102311 1198 4172
21.110108 1198 4172
21.118130 894 4172
21.118171 1198 4172
21.118203 1198 4172
21.134898 1198 4172
21.134915 1198 4172
21.142338 1198 4172
21.142398 1198 4172
21.150294 1198 4172
21.150351 382 4172
21.150393 1198 4172
21.156177 110 4172
21.156199 1198 4172
21.166113 1198 4172
21.174074 1198 4172
21.174121 1198 4172
21.174158 1198 4172
21.183240 1198 4172
21.190121 1198 4172
21.190139 1198 4172
21.198132 750 4172
21.198181 1198 4172
21.206103 1198 4172
21.206135 1198 4172
21.206165 1198 4172
21.214272 1198 4172
21.214317 1198 4172
21.222118 1198 4172
21.222155 1198 4172
21.228545 60 60000
21.230070 1198 4172
21.230107 270 4172
21.230141 1198 4172
21.238064 1198 4172
21.238104 1198 4172
21.246229 1198 4172
21.246280 1198 4172
21.256913 1198 4172
21.256959 1198 4172
21.257073 478 4172
21.259627 1198 4172
21.259679 110 4172
21.259714 1198 4172
21.259741 1198 4172
21.270318 1198 4172
21.287133 110 4172
21.288270 1198 4172
21.288365 1198 4172
21.288410 1198 4172
21.295484 1198 4172
21.295540 1198 4172
21.295578 1198 4172
21.295611 430 4172
21.295642 1198 4172
21.304820 1198 4172
21.304857 1198 4172
21.304892 1198 4172
21.312411 1198 4172
21.312827 1198 4172
21.324424 1198 4172
21.324464 1198 4172
21.324497 1198 4172
21.337202 238 4172
21.337520 334 4172
21.337765 174 4172
21.337800 174 4172
21.337830 174 4172
21.337854 174 4172
21.337880 126 4172
21.337909 174 4172
21.337974 174 4172
21.338104 174 4172
21.338133 1166 4172
21.338192 1198 4172
21.342902 110 4172
21.343035 702 4172
21.344303 1198 4172
21.344338 174 4172
21.344369 174 4172
21.344396 174 4172
21.344425 1198 4172
21.344453 1198 4172
21.346927 254 4172
21.346962 446 4172
21.352580 110 4172
21.352625 174 4172
21.352664 174 4172
21.438759 1198 4172
21.446516 1198 4172
21.446553 1198 4172
21.446615 1198 4172
21.446668 1198 4172
21.458559 110 4172
21.458590 1198 4172
21.458622 1198 4172
21.458656 1198 4172
21.458682 430 4172
21.468349 1198 4172
21.469086 1198 4172
21.469123 334 4172
21.470582 622 4172
21.478492 590 4172
21.478527 1198 4172
21.483404 526 4172
21.514445 1198 4172
21.514797 1198 4172
21.514816 318 4172
21.526100 1198 4172
21.526150 1198 4172
21.526192 430 4172
21.570048 110 4172
21.570096 110 4172
21.570137 110 4172
21.570172 110 4172
21.570208 1198 4172
21.570242 1198 4172
21.570277 254 4172
21.570312 302 4172
21.570348 1198 4172
21.570379 270 4172
21.570415 238 4172
21.614143 1070 4172
21.646485 590 4172
21.658326 110 4172
21.658366 286 4172
21.702207 206 4172
21.746112 942 4172
21.750786 110 4172
21.783454 318 4172
21.790074 1166 4172
21.834331 110 4172
21.834364 110 4172
21.834412 110 4172
21.878166 110 4172
21.946701 1198 4172
21.946713 398 4172
21.966323 110 4172
21.966373 174 4172
22.098116 110 4172
22.098241 110 4172
22.098289 110 4172
22.362491 110 4172
22.626208 110 4172
22.758098 110 4172
22.866365 110 4172
22.890375 110 4172
23.154147 110 4172
23.410263 110 4172
23.718086 110 4172
23.762100 110 4172
23.850840 110 4172
23.978463 110 4172
24.766159 110 4172
24.853949 110 4172
25.778267 110 4172
25.866403 110 4172
26.686017 110 4172
26.774203 110 4172
26.862091 110 4172
27.786123 110 4172
27.874125 110 4172
28.754001 110 4172
28.886053 110 4172
29.365998 110 4172
29.758076 110 4172
29.889995 110 4172
30.766103 110 4172
30.853902 110 4172
31.774083 110 4172
31.862032 110 4172
32.034054 110 4172
32.774037 110 4172
32.862031 110 4172
33.778294 110 4172
33.866008 110 4172
34.741960 110 4172
34.786100 110 4172
34.874010 110 4172
35.749972 110 4172
35.882085 110 4172
36.757972 110 4172
37.414002 110 4172
37.765976 110 4172
37.853850 110 4172
38.769972 110 4172
38.858096 110 4172
39.778096 110 4172
39.865995 110 4172
40.785984 110 4172
40.873956 110 4172
41.328347 1198 4172
41.328436 1198 4172
41.328520 1198 4172
41.328522 1198 4172
41.328555 1198 4172
41.328586 1198 4172
41.328618 1198 4172
41.328649 846 4172
41.336180 1198 4172
41.336229 1198 4172
41.336266 1198 4172
41.336303 1198 4172
41.336337 606 4172
41.343151 1198 4172
41.343209 1198 4172
41.343243 1198 4172
41.343275 1198 4172
41.343307 1198 4172
41.343338 1134 4172
41.345955 1198 4172
41.345974 1198 4172
41.346000 1198 4172
41.346025 1198 4172
41.354058 1198 4172
41.354097 1198 4172
41.361901 1198 4172
41.361948 430 4172
41.361978 1198 4172
41.369946 1198 4172
41.369972 1198 4172
41.370003 1198 4172
41.378005 1198 4172
41.378039 1198 4172
41.386016 1198 4172
41.386054 1198 4172
41.386082 1198 4172
41.393864 1198 4172
41.393898 1198 4172
41.402026 1198 4172
41.405831 1118 4172
41.418099 1198 4172
41.418116 1198 4172
41.425996 1198 4172
41.433987 1198 4172
41.441975 1198 4172
41.451342 638 4172
41.451368 1198 4172
41.457936 1198 4172
41.466052 1198 4172
41.473926 1198 4172
41.474007 1198 4172
41.477941 60 60000
41.481941 1198 4172
41.489850 1022 4172
41.493771 1198 4172
41.505957 1198 4172
41.505980 1198 4172
41.514020 1198 4172
41.521874 1198 4172
41.530010 1198 4172
41.537919 1198 4172
41.537967 1198 4172
41.546145 1198 4172
41.553942 110 4172
41.553963 1198 4172
41.562071 1198 4172
41.569917 1198 4172
41.578053 1198 4172
41.581824 1198 4172
41.593892 942 4172
41.593932 1198 4172
41.601887 1198 4172
41.610057 1198 4172
41.617982 1198 4172
41.625946 1198 4172
41.626078 110 4172
41.626102 1198 4172
41.633932 1198 4172
41.641957 718 4172
41.642059 1198 4172
41.649920 1198 4172
41.657926 1198 4172
41.665916 1198 4172
41.669870 1198 4172
41.669914 1198 4172
41.681937 1198 4172
41.690317 158 4172
41.690358 1198 4172
41.697962 1198 4172
41.705964 1198 4172
41.713948 1198 4172
41.724104 1070 4172
41.729893 1198 4172
41.729936 1198 4172
41.737912 1198 4172
41.745888 1198 4172
41.753910 1198 4172
41.753935 1198 4172
41.769887 110 4172
41.769920 1198 4172
41.769950 1198 4172
41.777908 1198 4172
41.786000 1198 4172
41.793869 1198 4172
41.793900 110 4172
41.793932 1198 4172
41.804507 1198 4172
41.810755 718 4172
41.810783 1198 4172
41.818597 1198 4172
41.827477 1198 4172
41.827512 1198 4172
41.835295 558 4172
41.853094 254 4172
41.853303 222 4172
41.853332 238 4172
41.853367 270 4172
41.853446 238 4172
41.853481 254 4172
41.857024 222 4172
41.857080 238 4172
41.857133 238 4172
41.857178 238 4172
41.857208 238 4172
41.857235 222 4172
41.857264 302 4172
41.857294 222 4172
41.857323 110 4172
41.857356 254 4172
41.857385 1198 4172
41.867259 1198 4172
41.867315 1198 4172
41.880680 1198 4172
41.892210 1198 4172
41.892246 142 4172
41.893825 126 4172
41.893861 110 4172
41.893888 174 4172
41.893913 158 4172
41.893946 158 4172
41.893973 158 4172
41.894007 158 4172
41.894033 158 4172
41.894059 158 4172
41.894085 158 4172
41.894110 1198 4172
41.899478 1198 4172
41.910599 366 4172
41.910732 1198 4172
41.917932 1198 4172
41.925930 238 4172
41.926122 1198 4172
41.934984 1198 4172
41.941925 1198 4172
41.941958 1198 4172
41.962945 1198 4172
41.967166 110 4172
41.967745 1198 4172
41.967786 1198 4172
41.967818 718 4172
41.974294 1198 4172
41.983415 126 4172
41.984387 1198 4172
41.984420 1198 4172
41.995757 1198 4172
41.998006 1198 4172
42.002764 1198 4172
42.002798 862 4172
42.025622 1198 4172
42.028425 1198 4172
42.029908 1198 4172
42.038204 1198 4172
42.038227 1198 4172
42.038254 1198 4172
42.049226 1102 4172
42.051325 1198 4172
42.051364 1198 4172
42.063140 1198 4172
42.070310 110 4172
42.081551 1198 4172
42.081588 1198 4172
42.085942 1038 4172
42.093876 1198 4172
42.093922 1198 4172
42.101885 1198 4172
42.115893 1198 4172
42.118464 1198 4172
42.118467 542 4172
42.118493 1198 4172
42.127674 1198 4172
42.135607 1198 4172
42.165585 1198 4172
42.181739 1198 4172
42.181865 1198 4172
42.189894 110 4172
42.189920 1006 4172
42.189949 1198 4172
42.189982 1198 4172
42.190007 1198 4172
42.190033 1198 4172
42.190061 1198 4172
42.190088 286 4172
42.190117 1198 4172
42.190142 1198 4172
42.198920 1198 4172
42.209466 1198 4172
42.213883 1198 4172
42.226506 846 4172
42.227204 1198 4172
42.229868 1198 4172
42.238339 1198 4172
42.238367 1198 4172
42.246215 1198 4172
42.255046 1198 4172
42.255078 1198 4172
42.261858 126 4172
42.261892 1198 4172
42.269811 1198 4172
42.269843 1198 4172
42.277896 1198 4172
42.285797 1198 4172
42.285833 910 4172
42.294346 1198 4172
42.294520 1198 4172
42.303000 1198 4172
42.309899 1198 4172
42.317885 1198 4172
42.325910 718 4172
42.325941 1198 4172
42.333908 1198 4172
42.338199 1198 4172
42.338245 1198 4172
42.349896 1198 4172
42.357874 1198 4172
42.367060 478 4172
42.367843 1198 4172
42.374855 1198 4172
42.374959 60 60000
42.382588 1198 4172
42.382620 1198 4172
42.389945 1198 4172
42.397871 1198 4172
42.397899 1198 4172
42.407505 1198 4172
42.413945 1198 4172
42.413968 1198 4172
42.422593 1198 4172
42.426506 1198 4172
42.426542 110 4172
42.437884 398 4172
42.437918 958 4172
42.437951 1198 4172
42.446036 1198 4172
42.451635 494 4172
42.451678 174 4172
42.451715 174 4172
42.451748 174 4172
42.454527 174 4172
42.454558 174 4172
42.462781 1086 4172
42.470088 1198 4172
42.477964 206 4172
42.477998 734 4172
42.478027 174 4172
42.478061 174 4172
42.478092 174 4172
42.478117 174 4172
42.478145 174 4172
42.478176 1198 4172
42.485872 1198 4172
42.485903 238 4172
42.485939 446 4172
42.493888 174 4172
42.493919 174 4172
42.493964 1198 4172
42.509491 494 4172
42.511977 1198 4172
42.513769 1198 4172
42.513805 1198 4172
42.513851 1198 4172
42.513884 334 4172
42.602143 398 4172
42.602178 174 4172
42.602218 1070 4172
42.602243 238 4172
42.645887 638 4172
42.679505 558 4172
42.689921 1198 4172
42.689971 142 4172
42.690014 110 4172
42.733965 1198 4172
42.734010 1198 4172
42.734044 110 4172
42.779088 110 4172
42.821904 542 4172
42.865918 110 4172
42.866003 158 4172
42.910142 750 4172
42.910330 1102 4172
42.997999 110 4172
43.014716 158 4172
43.034773 318 4172
43.041967 1198 4172
43.085956 1198 4172
43.085995 430 4172
43.130123 942 4172
43.525959 110 4172
43.789924 110 4172
43.878013 110 4172
44.053903 110 4172
44.318064 110 4172
44.581989 110 4172
44.757890 110 4172
44.890055 110 4172
44.890152 110 4172
45.153971 110 4172
45.765904 110 4172
45.854104 110 4172
46.773867 110 4172
46.861892 110 4172
47.765936 110 4172
47.781845 110 4172
47.869900 110 4172
48.785908 110 4172
48.874115 110 4172
49.781924 110 4172
49.869779 110 4172
50.441904 110 4172
50.789877 110 4172
50.877862 110 4172
51.886187 110 4172
52.789869 110 4172
52.877862 110 4172
53.881881 110 4172
54.761735 110 4172
54.889878 110 4172
55.765890 110 4172
55.809932 110 4172
55.853690 110 4172
56.773995 110 4172
56.861711 110 4172
57.769790 110 4172
57.857766 110 4172
58.473834 110 4172
58.777673 110 4172
58.865725 110 4172
59.026864 174 4172
59.030114 174 4172
59.030117 174 4172
59.034861 174 4172
59.034896 174 4172
59.034931 174 4172
59.037650 174 4172
59.037690 174 4172
59.041623 174 4172
59.041653 174 4172
59.041682 174 4172
59.041710 174 4172
59.048539 174 4172
59.048582 174 4172
59.048617 174 4172
59.048652 270 4172
59.085682 1198 4172
59.085796 1198 4172
59.085806 590 4172
59.173615 1198 4172
59.173665 1198 4172
59.173729 1198 4172
59.173773 1198 4172
59.173814 286 4172
59.184298 382 4172
59.217679 1198 4172
59.217692 318 4172
59.367891 1022 4172
59.380006 1198 4172
59.380111 142 4172
59.393712 1198 4172
59.393757 894 4172
59.437682 222 4172
59.569644 110 4172
59.789749 110 4172
59.833687 110 4172
59.877919 110 4172
60.097620 110 4172
60.789743 110 4172
60.877986 110 4172
61.757616 110 4172
61.889739 110 4172
62.517666 1198 4172
62.528918 1198 4172
62.528976 1198 4172
62.529007 1198 4172
62.529038 1198 4172
62.529089 1198 4172
62.529115 1166 4172
62.539150 1198 4172
62.539197 1198 4172
62.539233 1198 4172
62.539274 1198 4172
62.539312 1198 4172
62.541565 702 4172
62.549660 1198 4172
62.549711 1198 4172
62.549754 1198 4172
62.557683 1198 4172
62.557719 1198 4172
62.565822 1198 4172
62.573794 1198 4172
62.573848 510 4172
62.581724 1198 4172
62.581774 1198 4172
62.585703 1198 4172
62.597652 1198 4172
62.597706 1198 4172
62.605790 1198 4172
62.613712 846 4172
62.613773 1198 4172
62.621771 1198 4172
62.621816 1198 4172
62.629719 1198 4172
62.629820 60 60000
62.637658 1198 4172
62.637703 1198 4172
62.645614 574 4172
62.645688 1198 4172
62.653688 1198 4172
62.661665 1198 4172
62.661716 1198 4172
62.669768 1198 4172
62.673659 334 4172
62.673705 1198 4172
62.673749 1198 4172
62.685786 1198 4172
62.693725 1198 4172
62.693773 1198 4172
62.701779 558 4172
62.701841 1198 4172
62.709779 1198 4172
62.717680 1198 4172
62.717737 1198 4172
62.725708 1198 4172
62.733737 110 4172
62.733772 782 4172
62.733806 1198 4172
62.741672 1198 4172
62.749787 1198 4172
62.757820 1198 4172
62.757956 1198 4172
62.761719 334 4172
62.761835 110 4172
62.761871 1198 4172
62.773717 1198 4172
62.781761 1198 4172
62.781808 1198 4172
62.789639 1198 4172
62.789718 1198 4172
62.797737 1054 4172
62.805726 1198 4172
62.805772 1198 4172
62.813669 1198 4172
62.821718 1198 4172
62.821855 1198 4172
62.829801 590 4172
62.829867 1198 4172
62.837664 1198 4172
62.845768 1198 4172
62.845816 1198 4172
62.849712 1198 4172
62.861673 1198 4172
62.861719 110 4172
62.861763 158 4172
62.861802 1198 4172
62.869928 1198 4172
62.877715 1198 4172
62.877757 1198 4172
62.885690 1198 4172
62.885725 1198 4172
62.893662 1198 4172
62.901725 1198 4172
62.901786 1198 4172
62.909746 1198 4172
62.917694 1198 4172
62.917727 1198 4172
62.925708 302 4172
62.925758 1198 4172
62.933687 1198 4172
62.933724 286 4172
62.933762 1198 4172
62.937656 1198 4172
62.951865 1198 4172
62.960328 414 4172
62.960599 1198 4172
62.965704 1198 4172
62.965738 1198 4172
62.973768 558 4172
62.973806 430 4172
62.973844 222 4172
62.973878 158 4172
62.978476 1198 4172
62.978518 158 4172
62.978549 158 4172
62.978579 158 4172
62.978608 174 4172
62.981571 158 4172
62.981610 158 4172
62.981649 158 4172
62.981684 158 4172
62.981719 158 4172
62.986625 158 4172
62.986678 158 4172
62.986729 158 4172
62.986765 158 4172
62.986834 158 4172
62.986865 446 4172
62.994864 302 4172
62.994912 158 4172
62.994947 158 4172
63.011515 158 4172
63.011560 110 4172
63.011624 158 4172
63.011655 158 4172
63.011684 158 4172
63.014118 382 4172
63.025610 174 4172
63.051227 158 4172
63.060697 1198 4172
63.060726 1198 4172
63.060754 1198 4172
63.060781 1198 4172
63.060807 926 4172
63.072923 1198 4172
63.073836 1198 4172
63.073877 1198 4172
63.074535 1198 4172
63.074570 1198 4172
63.074600 1198 4172
63.074635 350 4172
63.074764 1198 4172
63.086581 1198 4172
63.086618 1198 4172
63.086649 1198 4172
63.086679 1198 4172
63.086706 1198 4172
63.086733 366 4172
63.095432 1198 4172
63.095624 1198 4172
63.095694 1198 4172
63.110567 1198 4172
63.119082 1198 4172
63.119158 1198 4172
63.119186 926 4172
63.119214 1198 4172
63.128314 1198 4172
63.128571 1198 4172
63.133691 1198 4172
63.141661 1198 4172
63.141704 1198 4172
63.159614 542 4172
63.167237 1198 4172
63.171417 1198 4172
63.173768 126 4172
63.173799 1198 4172
63.173840 1198 4172
63.173854 1198 4172
63.173938 1198 4172
63.181913 1198 4172
63.182298 1198 4172
63.189789 1198 4172
63.198651 1198 4172
63.198842 430 4172
63.198874 1198 4172
63.208770 1198 4172
63.213796 1198 4172
63.221692 414 4172
63.221767 894 4172
63.221794 1198 4172
63.230453 1198 4172
63.242827 1198 4172
63.242971 1198 4172
63.245721 1198 4172
63.245760 1198 4172
63.253763 1198 4172
63.261690 110 4172
63.261727 1102 4172
63.261760 1198 4172
63.269665 1198 4172
63.269712 1198 4172
63.277126 1198 4172
63.277185 1198 4172
63.288230 686 4172
63.288409 1198 4172
63.294312 1198 4172
63.294500 1198 4172
63.301693 1198 4172
63.315574 1198 4172
63.315771 638 4172
63.317890 1198 4172
63.317925 1198 4172
63.330670 1198 4172
63.330749 1198 4172
63.334403 1198 4172
63.346339 142 4172
63.346353 1198 4172
63.355713 1198 4172
63.356256 1198 4172
63.357742 1198 4172
63.362285 1198 4172
63.362321 1198 4172
63.375012 110 4172
63.375149 1198 4172
63.375164 1198 4172
63.381919 1198 4172
63.389856 1198 4172
63.389935 1198 4172
63.397660 1198 4172
63.397681 1102 4172
63.405734 1198 4172
63.405760 1198 4172
63.410027 1198 4172
63.421674 1198 4172
63.421694 1198 4172
63.425610 60 60000
63.429688 1198 4172
63.429769 318 4172
63.437656 1198 4172
63.437707 1198 4172
63.445679 1198 4172
63.445711 542 4172
63.452062 222 4172
63.452086 174 4172
63.452112 174 4172
63.452138 174 4172
63.453538 174 4172
63.453569 174 4172
63.458307 1198 4172
63.458345 974 4172
63.465671 1198 4172
63.474402 1198 4172
63.474439 1198 4172
63.481709 270 4172
63.481744 1198 4172
63.497893 286 4172
63.497966 1198 4172
63.505780 1198 4172
63.505812 206 4172
63.505848 1198 4172
63.505877 1198 4172
63.533738 1134 4172
63.546492 1070 4172
63.546713 174 4172
63.550467 174 4172
63.550549 286 4172
63.550586 1198 4172
63.550621 110 4172
63.550651 446 4172
63.550678 174 4172
63.550704 174 4172
63.550736 174 4172
63.550763 174 4172
63.550790 174 4172
63.550817 1198 4172
63.550843 1006 4172
63.550897 1198 4172
63.550908 1134 4172
63.551027 1198 4172
63.556032 1198 4172
63.556084 1198 4172
63.565705 1198 4172
63.586844 174 4172
63.587027 366 4172
63.587069 1198 4172
63.587100 1198 4172
63.589697 254 4172
63.589733 1198 4172
63.589766 1198 4172
63.589795 1086 4172
63.599508 350 4172
63.599582 174 4172
63.599612 174 4172
63.599641 174 4172
63.599672 286 4172
63.610919 702 4172
63.679630 1070 4172
63.685661 1006 4172
63.729767 510 4172
63.774178 110 4172
63.774214 126 4172
63.774249 1086 4172
63.812076 110 4172
63.817882 398 4172
63.817946 174 4172
63.817986 158 4172
63.818018 494 4172
63.861705 110 4172
63.861747 462 4172
63.879122 126 4172
63.905724 334 4172
63.947056 638 4172
63.949576 110 4172
63.949617 782 4172
63.993987 574 4172
64.037662 302 4172
64.065783 110 4172
64.065855 654 4172
64.079681 110 4172
64.079744 110 4172
64.079779 110 4172
64.081650 382 4172
64.169879 110 4172
64.246951 590 4172
64.250400 110 4172
64.257569 430 4172
64.274587 366 4172
64.282564 846 4172
64.294575 1022 4172
64.301629 734 4172
64.314280 302 4172
64.326060 1086 4172
64.334204 222 4172
64.334261 110 4172
64.334304 110 4172
64.334343 110 4172
64.345916 350 4172
64.358540 638 4172
64.370722 574 4172
64.378632 1198 4172
64.378687 190 4172
64.389609 1198 4172
64.389679 366 4172
64.398399 1086 4172
64.410257 430 4172
64.422394 798 4172
64.430572 750 4172
64.433667 910 4172
64.454727 1198 4172
64.454861 830 4172
64.466686 1198 4172
64.466764 1070 4172
64.477795 1198 4172
64.477838 654 4172
64.490516 814 4172
64.502642 1022 4172
64.510795 1198 4172
64.510831 510 4172
64.522091 1198 4172
64.522189 1198 4172
64.522218 542 4172
64.534702 1198 4172
64.534794 1198 4172
64.534825 734 4172
64.546545 1198 4172
64.546585 1198 4172
64.546623 286 4172
64.554510 1198 4172
64.554555 366 4172
64.565665 1198 4172
64.565708 462 4172
64.609847 110 4172
64.609872 110 4172
64.609906 110 4172
64.785732 110 4172
64.865804 110 4172
64.873820 110 4172
64.873879 110 4172
65.137713 110 4172
65.137797 110 4172
65.137830 110 4172
65.441608 110 4172
65.701715 110 4172
65.789691 110 4172
65.877827 110 4172
65.965815 110 4172
66.273780 110 4172
66.493763 110 4172
66.757565 110 4172
66.889867 110 4172
67.761684 110 4172
67.850400 110 4172
68.753663 110 4172
68.885701 110 4172
69.189682 110 4172
69.753645 110 4172
69.885620 110 4172
70.761687 110 4172
70.889775 110 4172
71.757706 110 4172
71.845842 110 4172
71.889727 110 4172
72.769592 110 4172
72.857902 110 4172
73.769696 110 4172
73.857576 110 4172
74.561658 110 4172
74.781518 110 4172
75.789910 110 4172
75.877678 110 4172
76.757552 110 4172
76.889623 110 4172
77.241670 110 4172
77.765664 110 4172
77.853473 110 4172
78.773969 110 4172
78.861589 110 4172
79.781534 110 4172
79.869622 110 4172
79.957654 110 4172
80.789633 110 4172
80.877698 110 4172
82.629508 110 4172
82.761597 110 4172
82.849780 110 4172
83.565084 1198 4172
83.565109 1198 4172
83.565138 1198 4172
83.565168 1198 4172
83.565200 1198 4172
83.565230 1198 4172
83.565252 382 4172
83.573582 1198 4172
83.573621 1198 4172
83.573652 1198 4172
83.573681 1198 4172
83.573710 1198 4172
83.573739 1198 4172
83.581771 1006 4172
83.581812 1198 4172
83.585443 1198 4172
83.585470 1198 4172
83.585495 1198 4172
83.585518 1198 4172
83.593541 1198 4172
83.593577 1198 4172
83.597425 606 4172
83.597488 1198 4172
83.609563 1198 4172
83.609645 1198 4172
83.618153 1198 4172
83.618236 1198 4172
83.625479 1198 4172
83.633590 1006 4172
83.633633 1198 4172
83.645112 1198 4172
83.645195 1198 4172
83.649522 1198 4172
83.657602 1198 4172
83.665597 1198 4172
83.665601 1198 4172
83.673947 1198 4172
83.681524 1198 4172
83.681568 1198 4172
83.685496 1198 4172
83.685540 60 60000
83.685541 1198 4172
83.697426 910 4172
83.697473 1198 4172
83.707338 1182 4172
83.707341 1198 4172
83.713560 1198 4172
83.713583 1198 4172
83.721585 1198 4172
83.721629 1198 4172
83.729488 1070 4172
83.729525 1198 4172
83.737453 1198 4172
83.737485 1198 4172
83.745560 1198 4172
83.753641 1198 4172
83.753688 1198 4172
83.761553 1198 4172
83.761602 110 4172
83.761648 430 4172
83.761687 1198 4172
83.770020 1198 4172
83.770058 1198 4172
83.773397 1198 4172
83.785512 1198 4172
83.785591 1198 4172
83.793470 1198 4172
83.793508 174 4172
83.793543 1198 4172
83.801531 1198 4172
83.801559 1198 4172
83.809493 1198 4172
83.817656 1198 4172
83.818748 1198 4172
83.825555 1198 4172
83.834320 1198 4172
83.834404 1198 4172
83.841539 1198 4172
83.841572 1198 4172
83.850251 1198 4172
83.850287 1198 4172
83.857494 110 4172
83.857530 606 4172
83.861402 510 4172
83.861490 1198 4172
83.873513 1198 4172
83.873526 1198 4172
83.881565 1198 4172
83.881654 1198 4172
83.889506 1198 4172
83.889533 1006 4172
83.898801 1198 4172
83.899121 1198 4172
83.905457 1198 4172
83.905496 1198 4172
83.913647 1198 4172
83.913680 1198 4172
83.921464 1198 4172
83.921503 542 4172
83.929537 1198 4172
83.929566 1198 4172
83.937461 110 4172
83.937496 1198 4172
83.937528 1198 4172
83.952313 1198 4172
83.952672 1198 4172
83.953527 190 4172
83.953559 1198 4172
83.953588 1198 4172
83.961534 1198 4172
83.961568 110 4172
83.961600 1198 4172
83.969585 1198 4172
83.969620 1198 4172
83.978578 350 4172
83.978728 1198 4172
83.986372 1198 4172
83.986419 1198 4172
83.993494 1198 4172
83.993530 1198 4172
83.998110 1198 4172
83.998154 1198 4172
84.010811 574 4172
84.023656 1198 4172
84.023786 1198 4172
84.032937 126 4172
84.033698 1198 4172
84.033718 1198 4172
84.033762 254 4172
84.049479 158 4172
84.049523 158 4172
84.049737 174 4172
84.049769 158 4172
84.049797 158 4172
84.049821 158 4172
84.049847 158 4172
84.060512 462 4172
84.060606 1198 4172
84.060621 158 4172
84.060646 158 4172
84.060671 158 4172
84.060697 158 4172
84.060722 158 4172
84.060749 1198 4172
84.060774 1198 4172
84.060799 110 4172
84.060826 1198 4172
84.060851 1198 4172
84.065855 1006 4172
84.065877 494 4172
84.065906 1198 4172
84.077061 158 4172
84.077100 174 4172
84.077130 1198 4172
84.081512 1198 4172
84.081551 1198 4172
84.090305 1198 4172
84.090503 1198 4172
84.097518 1006 4172
84.097560 1198 4172
84.105938 1198 4172
84.105970 1198 4172
84.113545 1198 4172
84.113583 1198 4172
84.135774 1198 4172
84.136123 846 4172
84.136188 1198 4172
84.137528 1198 4172
84.137557 1198 4172
84.137583 1198 4172
84.145525 1198 4172
84.145554 1198 4172
84.157201 878 4172
84.157254 1198 4172
84.157284 1198 4172
84.161170 1198 4172
84.161431 1198 4172
84.172870 1198 4172
84.173895 110 4172
84.182500 1198 4172
84.182723 1198 4172
84.191639 190 4172
84.192546 1198 4172
84.195215 1198 4172
84.196041 1198 4172
84.201495 1198 4172
84.201540 1198 4172
84.201568 110 4172
84.201597 1198 4172
84.210090 1198 4172
84.210114 270 4172
84.217992 1198 4172
84.218027 1198 4172
84.226334 1198 4172
84.226380 1198 4172
84.237406 1022 4172
84.237548 1198 4172
84.237580 1198 4172
84.249517 1198 4172
84.249547 1198 4172
84.255717 1198 4172
84.255756 1006 4172
84.265546 110 4172
84.265670 1198 4172
84.265709 1198 4172
84.273559 1198 4172
84.273582 1198 4172
84.282836 1198 4172
84.282890 1198 4172
84.290145 894 4172
84.290169 1198 4172
84.302643 1198 4172
84.304224 1198 4172
84.305721 1198 4172
84.305771 1198 4172
84.314672 1198 4172
84.314749 1198 4172
84.322516 766 4172
84.322563 1198 4172
84.322596 1198 4172
84.330702 1198 4172
84.330792 1198 4172
84.339797 1198 4172
84.354354 1198 4172
84.354642 302 4172
84.354677 1198 4172
84.354704 1198 4172
84.359860 1198 4172
84.359909 1198 4172
84.359943 1198 4172
84.359973 1198 4172
84.370434 718 4172
84.378005 1198 4172
84.378048 1198 4172
84.378080 1198 4172
84.389280 1198 4172
84.389582 1198 4172
84.390201 1198 4172
84.397618 670 4172
84.397676 1198 4172
84.401739 1198 4172
84.401781 1198 4172
84.410153 1198 4172
84.425858 1198 4172
84.425975 430 4172
84.426028 1198 4172
84.434249 1198 4172
84.434323 1198 4172
84.434407 1198 4172
84.434449 1198 4172
84.442445 1198 4172
84.442493 494 4172
84.452310 1198 4172
84.452347 1198 4172
84.452380 1198 4172
84.458353 1198 4172
84.458547 1198 4172
84.465451 1198 4172
84.465480 1198 4172
84.478898 782 4172
84.478937 110 4172
84.478968 1198 4172
84.481463 1198 4172
84.481500 1198 4172
84.489117 1198 4172
84.489155 990 4172
84.492644 60 60000
84.495963 238 4172
84.496000 174 4172
84.496039 174 4172
84.496093 174 4172
84.501456 1198 4172
84.501495 1198 4172
84.501527 1198 4172
84.509478 1182 4172
84.517517 1198 4172
84.517559 1198 4172
84.525486 174 4172
84.525521 1198 4172
84.525552 302 4172
84.532103 1198 4172
84.532140 1198 4172
84.541509 1198 4172
84.541570 1198 4172
84.549554 1198 4172
84.549586 1198 4172
84.557536 1198 4172
84.557565 1198 4172
84.565466 1198 4172
84.565490 590 4172
84.565522 1198 4172
84.573851 1198 4172
84.573877 1198 4172
84.581782 542 4172
84.581822 1198 4172
84.589669 734 4172
84.589694 1198 4172
84.589726 1198 4172
84.598674 1198 4172
84.598712 1198 4172
84.606442 622 4172
84.606489 1198 4172
84.617189 1198 4172
84.617950 1198 4172
84.617952 1198 4172
84.621648 334 4172
84.621692 1198 4172
84.630169 1198 4172
84.630200 1198 4172
84.639426 862 4172
84.639467 1198 4172
84.639494 1166 4172
84.645492 174 4172
84.645527 174 4172
84.645563 1198 4172
84.645590 1198 4172
84.654511 766 4172
84.654552 526 4172
84.662321 1198 4172
84.662369 1198 4172
84.669487 654 4172
84.669562 1198 4172
84.669602 1198 4172
84.673988 1198 4172
84.674035 286 4172
84.682887 1198 4172
84.682954 1198 4172
84.733541 1038 4172
84.749153 110 4172
84.752857 110 4172
84.753100 350 4172
84.791448 1198 4172
84.791491 1198 4172
84.791528 254 4172
84.791563 174 4172
84.791615 1198 4172
84.791663 1198 4172
84.791691 286 4172
84.791730 238 4172
84.794226 318 4172
84.794256 942 4172
84.794290 206 4172
84.837428 1198 4172
84.837459 1198 4172
84.837511 1198 4172
84.837548 366 4172
84.879232 1198 4172
84.879260 1198 4172
84.879291 990 4172
84.879340 110 4172
84.881393 1198 4172
84.881431 1198 4172
84.881462 878 4172
84.925556 1198 4172
84.925642 1198 4172
84.925672 206 4172
84.969725 110 4172
84.969780 1198 4172
84.969831 1198 4172
84.969887 318 4172
84.997537 1198 4172
84.997575 1166 4172
85.013872 110 4172
85.013911 110 4172
85.047303 1198 4172
85.047359 142 4172
85.057520 110 4172
85.174272 110 4172
85.182237 1198 4172
85.182285 670 4172
85.189457 958 4172
85.206420 814 4172
85.214599 1198 4172
85.214638 398 4172
85.222742 1198 4172
85.222779 990 4172
85.233528 1198 4172
85.233564 1198 4172
85.233600 206 4172
85.246709 1198 4172
85.246785 1198 4172
85.246845 366 4172
85.258974 1198 4172
85.259061 1198 4172
85.259118 302 4172
85.270772 1198 4172
85.270815 1198 4172
85.270852 1198 4172
85.270888 238 4172
85.270928 110 4172
85.270964 110 4172
85.270998 110 4172
85.277360 1198 4172
85.277417 1198 4172
85.277469 974 4172
85.294222 1198 4172
85.294264 830 4172
85.302247 1198 4172
85.302304 1198 4172
85.302340 654 4172
85.314583 1182 4172
85.321632 1198 4172
85.338957 1198 4172
85.338983 1198 4172
85.339022 782 4172
85.347293 1198 4172
85.347345 1198 4172
85.347391 1198 4172
85.347424 222 4172
85.350819 110 4172
85.358819 1198 4172
85.358868 1134 4172
85.358912 1198 4172
85.358949 1198 4172
85.365452 1198 4172
85.365490 1198 4172
85.365527 1198 4172
85.365563 286 4172
85.382847 1198 4172
85.382890 1198 4172
85.382930 1198 4172
85.382968 1198 4172
85.383011 638 4172
85.390650 1198 4172
85.390701 1198 4172
85.390743 1198 4172
85.390781 1150 4172
85.390819 366 4172
85.402419 1198 4172
85.402459 1198 4172
85.402497 526 4172
85.409460 1198 4172
85.409505 414 4172
85.422858 1198 4172
85.422899 1198 4172
85.422937 814 4172
85.435176 1198 4172
85.435195 1198 4172
85.435248 830 4172
85.447216 1198 4172
85.447294 1198 4172
85.447335 1198 4172
85.447372 1198 4172
85.447407 462 4172
85.449584 1198 4172
85.449627 1198 4172
85.449668 1198 4172
85.449706 718 4172
85.449742 110 4172
85.453467 1198 4172
85.459025 1198 4172
85.466224 1198 4172
85.466255 1198 4172
85.466293 1198 4172
85.466328 1198 4172
85.466369 1038 4172
85.478145 1182 4172
85.486707 926 4172
85.497821 1198 4172
85.497864 1198 4172
85.497901 1134 4172
85.510635 222 4172
85.518063 1198 4172
85.518116 1198 4172
85.518159 718 4172
85.530166 638 4172
85.541508 110 4172
85.541580 110 4172
85.541581 110 4172
85.547263 430 4172
85.585587 110 4172
85.629574 750 4172
85.673806 110 4172
85.761534 110 4172
85.805411 110 4172
85.805437 110 4172
85.805473 110 4172
86.069762 110 4172
86.069862 110 4172
86.069930 110 4172
86.333589 110 4172
86.333709 110 4172
86.333712 110 4172
86.597427 110 4172
86.769546 110 4172
86.857736 110 4172
86.901564 110 4172
87.165453 110 4172
87.429526 110 4172
87.689873 110 4172
87.777398 110 4172
87.865689 110 4172
87.953571 110 4172
88.789468 110 4172
88.877681 110 4172
89.753743 110 4172
89.885515 110 4172
90.677560 110 4172
90.765518 110 4172
90.853357 110 4172
91.769689 110 4172
92.781355 110 4172
92.869531 110 4172
93.353442 110 4172
93.749447 110 4172
93.881394 110 4172
94.757395 110 4172
94.889489 110 4172
95.765486 110 4172
95.853283 110 4172
96.029506 110 4172
96.777432 110 4172
96.865514 110 4172
97.785422 110 4172
97.873372 110 4172
98.705295 110 4172
98.749362 110 4172
98.881407 110 4172
99.761389 110 4172
99.849326 110 4172
100.773315 110 4172
100.861246 110 4172
101.433440 110 4172
101.785386 110 4172
101.873385 110 4172
102.749291 110 4172
102.877491 110 4172
103.757380 110 4172
104.109414 110 4172
104.672709 1198 4172
104.672773 1198 4172
104.672863 1198 4172
104.672890 1198 4172
104.672913 1198 4172
104.672942 1198 4172
104.672967 1198 4172
104.672991 270 4172
104.684901 1198 4172
104.684928 1198 4172
104.684961 1198 4172
104.684992 1198 4172
104.685021 1198 4172
104.685053 1198 4172
104.685081 174 4172
104.685138 1198 4172
104.689277 1198 4172
104.689314 1198 4172
104.689354 1198 4172
104.689393 1198 4172
104.689428 1198 4172
104.689464 1070 4172
104.702907 1198 4172
104.705375 1198 4172
104.705420 1198 4172
104.705462 1198 4172
104.705494 1198 4172
104.713466 1198 4172
104.713502 1198 4172
104.721377 478 4172
104.721424 1198 4172
104.730313 1198 4172
104.730363 1198 4172
104.730405 1198 4172
104.733289 1198 4172
104.733361 1198 4172
104.745482 1198 4172
104.745571 1198 4172
104.749750 60 60000
104.753245 222 4172
104.753288 1198 4172
104.753323 1198 4172
104.761801 1198 4172
104.761847 1198 4172
104.769266 110 4172
104.769313 1198 4172
104.769351 1198 4172
104.777303 1198 4172
104.777348 670 4172
104.777388 1198 4172
104.785346 1198 4172
104.785388 1198 4172
104.794474 1198 4172
104.794529 1198 4172
104.801383 1198 4172
104.801425 1198 4172
104.809852 750 4172
104.809934 1198 4172
104.809936 1198 4172
104.817296 1198 4172
104.817363 1198 4172
104.821306 1198 4172
104.821350 1198 4172
104.833317 1198 4172
104.833363 1022 4172
104.833410 1198 4172
104.841330 1198 4172
104.841401 1198 4172
104.851887 1198 4172
104.851911 1198 4172
104.857391 1198 4172
104.857422 1198 4172
104.865230 814 4172
104.865264 110 4172
104.865305 1198 4172
104.865337 1198 4172
104.875637 1198 4172
104.875666 1198 4172
104.881356 1198 4172
104.881391 1198 4172
104.889289 1198 4172
104.889322 1198 4172
104.897244 142 4172
104.897306 1198 4172
104.897346 1198 4172
104.905358 1198 4172
104.905385 110 4172
104.905419 1198 4172
104.909723 1198 4172
104.909757 1198 4172
104.909785 1198 4172
104.923873 1198 4172
104.923899 382 4172
104.929320 1198 4172
104.929377 1198 4172
104.937346 1198 4172
104.937379 1198 4172
104.945406 1198 4172
104.945468 862 4172
104.953365 1198 4172
104.953421 1198 4172
104.961254 1198 4172
104.961294 1198 4172
104.961333 1198 4172
104.969370 1198 4172
104.969416 1198 4172
104.977399 702 4172
104.977424 1198 4172
104.985768 1198 4172
104.985796 1198 4172
104.993280 1198 4172
104.997197 638 4172
104.997276 1198 4172
105.009268 1198 4172
105.009304 1198 4172
105.009333 1198 4172
105.017346 1198 4172
105.017364 1198 4172
105.025288 1198 4172
105.025321 1166 4172
105.033333 1198 4172
105.033368 1198 4172
105.041244 1198 4172
105.041268 1198 4172
105.049624 1086 4172
105.049655 1198 4172
105.049681 1198 4172
105.057388 1198 4172
105.057410 1198 4172
105.065414 974 4172
105.065440 1198 4172
105.073312 1198 4172
105.073347 1198 4172
105.073374 1198 4172
105.087175 1198 4172
105.087236 206 4172
105.087269 1198 4172
105.087332 1198 4172
105.089731 1198 4172
105.097327 1198 4172
105.097370 1198 4172
105.105862 1198 4172
105.105890 1102 4172
105.105919 1198 4172
105.113644 1198 4172
105.114522 1198 4172
105.122318 1198 4172
105.122362 1198 4172
105.130492 1198 4172
105.130530 1166 4172
105.135008 1198 4172
105.135036 1198 4172
105.135070 1198 4172
105.153998 1198 4172
105.154020 1198 4172
105.174019 1198 4172
105.174065 1198 4172
105.174098 446 4172
105.174128 1198 4172
105.174158 1198 4172
105.174203 110 4172
105.182761 1198 4172
105.183091 1198 4172
105.183129 1198 4172
105.185735 1198 4172
105.185765 782 4172
105.185792 1198 4172
105.194738 1198 4172
105.201434 1198 4172
105.201588 1198 4172
105.201620 1198 4172
105.214362 1198 4172
105.214930 350 4172
105.217356 1198 4172
105.217913 1198 4172
105.235096 1198 4172
105.242484 1198 4172
105.242734 1198 4172
105.242782 1198 4172
105.251851 126 4172
105.252212 1198 4172
105.252249 254 4172
105.252280 1198 4172
105.252310 1198 4172
105.252341 1198 4172
105.258173 1198 4172
105.258215 1198 4172
105.258252 206 4172
105.258282 1198 4172
105.268470 1198 4172
105.268501 1198 4172
105.273818 1198 4172
105.273845 1198 4172
105.282526 1198 4172
105.282564 1198 4172
105.287339 1198 4172
105.287370 1198 4172
105.287404 510 4172
105.309333 1198 4172
105.309950 1198 4172
105.309987 1198 4172
105.311325 1198 4172
105.311646 1198 4172
105.313887 1198 4172
105.313941 1198 4172
105.326709 206 4172
105.326753 1198 4172
105.326783 1198 4172
105.329516 1198 4172
105.329542 1198 4172
105.339337 1198 4172
105.339371 1198 4172
105.346231 622 4172
105.346265 1198 4172
105.346301 1198 4172
105.356275 1198 4172
105.356964 1198 4172
105.361417 1198 4172
105.361444 1198 4172
105.371835 1198 4172
105.371874 958 4172
105.371900 1198 4172
105.377083 1198 4172
105.377298 1198 4172
105.390358 1198 4172
105.390465 1198 4172
105.390491 1198 4172
105.390558 542 4172
105.393549 1198 4172
105.393576 1198 4172
105.401380 1198 4172
105.401428 1198 4172
105.410015 1198 4172
105.410135 1198 4172
105.417591 654 4172
105.417630 1198 4172
105.417660 1198 4172
105.423982 1198 4172
105.424024 1198 4172
105.424058 1198 4172
105.436695 1198 4172
105.436841 1198 4172
105.442651 158 4172
105.443204 1198 4172
105.443247 1198 4172
105.463650 110 4172
105.469710 1198 4172
105.469754 622 4172
105.469788 366 4172
105.469817 270 4172
105.469849 190 4172
105.469892 190 4172
105.479995 190 4172
105.480017 190 4172
105.480044 190 4172
105.480071 190 4172
105.480099 190 4172
105.480126 190 4172
105.480152 190 4172
105.480179 190 4172
105.480204 190 4172
105.480231 190 4172
105.480257 190 4172
105.480283 190 4172
105.480310 1198 4172
105.480339 1198 4172
105.480410 350 4172
105.480437 526 4172
105.480463 222 4172
105.480488 190 4172
105.480515 190 4172
105.480543 190 4172
105.480577 190 4172
105.480604 190 4172
105.480631 190 4172
105.480657 190 4172
105.480683 190 4172
105.493139 190 4172
105.493420 190 4172
105.494108 190 4172
105.494145 190 4172
105.494191 190 4172
105.500481 190 4172
105.500508 1198 4172
105.500541 1198 4172
105.500572 446 4172
105.500601 254 4172
105.500630 190 4172
105.500656 190 4172
105.500683 190 4172
105.500710 190 4172
105.500737 190 4172
105.500763 190 4172
105.500792 190 4172
105.500816 190 4172
105.500842 190 4172
105.500869 190 4172
105.500895 190 4172
105.500922 190 4172
105.500948 190 4172
105.525054 190 4172
105.525130 1198 4172
105.525167 1198 4172
105.525215 638 4172
105.525244 1198 4172
105.525276 206 4172
105.525320 254 4172
105.541171 190 4172
105.541208 1198 4172
105.541238 1198 4172
105.541267 1102 4172
105.541329 1198 4172
105.546582 1198 4172
105.546626 1198 4172
105.546660 910 4172
105.546691 1198 4172
105.546717 1198 4172
105.546747 1198 4172
105.546775 878 4172
105.546801 1198 4172
105.546827 1198 4172
105.553377 1198 4172
105.553393 942 4172
105.562027 1198 4172
105.562070 1198 4172
105.562101 1198 4172
105.571232 1198 4172
105.571393 958 4172
105.575244 60 60000
105.577590 1198 4172
105.577623 1198 4172
105.577661 1198 4172
105.585345 926 4172
105.598061 1198 4172
105.598207 1198 4172
105.601306 1198 4172
105.601331 1198 4172
105.609438 1198 4172
105.609462 1198 4172
105.617286 1198 4172
105.617317 1198 4172
105.626011 1198 4172
105.628916 446 4172
105.634283 1198 4172
105.634323 1198 4172
105.634355 1198 4172
105.641238 958 4172
105.641273 1198 4172
105.649235 1134 4172
105.649270 318 4172
105.649304 1198 4172
105.649333 1198 4172
105.657896 1198 4172
105.657922 1198 4172
105.666719 1198 4172
105.666794 302 4172
105.666817 1198 4172
105.673243 1198 4172
105.673286 1198 4172
105.673318 1198 4172
105.684973 430 4172
105.685054 190 4172
105.685083 1198 4172
105.685139 1198 4172
105.685185 686 4172
105.689270 174 4172
105.689308 174 4172
105.689343 1198 4172
105.689373 1198 4172
105.697310 1198 4172
105.697332 398 4172
105.697364 1198 4172
105.705348 1198 4172
105.705379 1198 4172
105.713506 1198 4172
105.713544 158 4172
105.713578 1198 4172
105.721380 1198 4172
105.721410 1198 4172
105.721505 110 4172
105.721535 1198 4172
105.729284 398 4172
105.729310 1198 4172
105.729345 1198 4172
105.737007 1198 4172
105.737040 1198 4172
105.745332 622 4172
105.745383 1198 4172
105.745415 1198 4172
105.753425 1198 4172
105.753455 622 4172
105.761310 1198 4172
105.761341 1198 4172
105.761526 110 4172
105.761563 1198 4172
105.771578 558 4172
105.771655 1198 4172
105.777578 1198 4172
105.777614 1198 4172
105.785456 1198 4172
105.785480 766 4172
105.785514 1198 4172
105.793267 1198 4172
105.793297 1198 4172
105.793328 1198 4172
105.802069 1198 4172
105.802558 1198 4172
105.811625 1198 4172
105.811677 222 4172
105.811732 1198 4172
105.818142 1198 4172
105.818185 1198 4172
105.818219 1198 4172
105.821227 1198 4172
105.821254 1166 4172
105.833503 1198 4172
105.835199 1198 4172
105.836937 1198 4172
105.841359 1198 4172
105.841405 1198 4172
105.853584 734 4172
105.855150 1198 4172
105.856015 1198 4172
105.860657 110 4172
105.860710 1198 4172
105.860751 1198 4172
105.860787 1198 4172
105.867594 1022 4172
105.867623 1198 4172
105.873302 1198 4172
105.873324 1198 4172
105.873361 1198 4172
105.886148 1198 4172
105.887078 1198 4172
105.889277 238 4172
105.889330 174 4172
105.889367 1198 4172
105.889400 1198 4172
105.889429 1198 4172
105.897687 670 4172
105.899758 1198 4172
105.899792 158 4172
105.899825 1198 4172
105.909506 110 4172
105.949152 142 4172
105.953202 110 4172
105.997330 1198 4172
105.997410 1198 4172
105.997439 270 4172
105.997468 110 4172
105.997514 302 4172
105.997543 126 4172
105.997572 238 4172
106.028158 1198 4172
106.028187 1198 4172
106.028218 1198 4172
106.028246 1198 4172
106.028274 158 4172
106.030917 1198 4172
106.030949 1198 4172
106.030980 1198 4172
106.031011 1198 4172
106.031040 526 4172
106.039897 1198 4172
106.039976 1198 4172
106.040006 1198 4172
106.040038 1198 4172
106.040068 350 4172
106.041505 1198 4172
106.041569 1198 4172
106.041605 1198 4172
106.041663 1198 4172
106.041712 558 4172
106.051224 110 4172
106.051268 1198 4172
106.051304 1198 4172
106.051335 1198 4172
106.051366 1198 4172
106.060178 1198 4172
106.060215 1198 4172
106.060247 1198 4172
106.060276 1198 4172
106.060304 606 4172
106.067884 1198 4172
106.067927 1198 4172
106.067969 1198 4172
106.068002 1198 4172
106.068036 718 4172
106.074811 574 4172
106.074844 1198 4172
106.074875 1198 4172
106.074905 1198 4172
106.074933 1198 4172
106.074962 1198 4172
106.085273 142 4172
106.085315 1198 4172
106.085343 1198 4172
106.093292 1198 4172
106.093334 1198 4172
106.093364 1198 4172
106.101386 990 4172
106.101437 1198 4172
106.101480 1198 4172
106.109314 1198 4172
106.109349 1198 4172
106.117367 1198 4172
106.117410 1182 4172
106.117449 1198 4172
106.125356 1198 4172
106.125401 1198 4172
106.129391 1198 4172
106.129436 1198 4172
106.129486 814 4172
106.141359 1198 4172
106.141447 1198 4172
106.141486 1198 4172
106.149353 1198 4172
106.149396 1198 4172
106.173295 1198 4172
106.173389 142 4172
106.173434 110 4172
106.173474 126 4172
106.173512 126 4172
106.215562 126 4172
106.217525 126 4172
106.261301 126 4172
106.261353 110 4172
106.261392 110 4172
106.261431 110 4172
106.261468 110 4172
106.349269 110 4172
106.421828 126 4172
106.429711 126 4172
106.437270 126 4172
106.447581 942 4172
106.455569 110 4172
106.461790 1198 4172
106.461843 462 4172
106.473797 318 4172
106.481268 126 4172
106.497693 126 4172
106.510517 126 4172
106.522556 1118 4172
106.522591 110 4172
106.522636 110 4172
106.522676 110 4172
106.525230 1134 4172
106.542583 1198 4172
106.542633 302 4172
106.547537 1198 4172
106.554687 110 4172
106.566669 1198 4172
106.566733 1198 4172
106.566772 238 4172
106.569496 1198 4172
106.569543 942 4172
106.578668 766 4172
106.590699 1198 4172
106.590790 1198 4172
106.590837 414 4172
106.602221 1198 4172
106.602308 1198 4172
106.602351 446 4172
106.614909 1198 4172
106.622076 1198 4172
106.622171 1198 4172
106.622214 158 4172
106.634553 814 4172
106.646392 830 4172
106.657318 894 4172
106.657394 110 4172
106.670621 1118 4172
106.682606 1198 4172
106.682657 942 4172
106.694635 1198 4172
106.694683 990 4172
106.701161 1198 4172
106.701207 1198 4172
106.701247 254 4172
106.718903 1198 4172
106.718964 1198 4172
106.719004 942 4172
106.730795 1198 4172
106.730852 1198 4172
106.730888 1198 4172
106.730925 750 4172
106.742935 1198 4172
106.742982 1198 4172
106.743021 878 4172
106.745464 1198 4172
106.745507 1198 4172
106.745558 1198 4172
106.745596 942 4172
106.750921 110 4172
106.758137 1198 4172
106.758177 1198 4172
106.758219 1198 4172
106.758258 1198 4172
106.758294 206 4172
106.766003 1198 4172
106.766058 430 4172
106.778240 782 4172
106.789296 1134 4172
106.789335 110 4172
106.789368 110 4172
106.798524 1198 4172
106.798584 318 4172
106.810624 1198 4172
106.810709 622 4172
106.822838 1198 4172
106.822893 862 4172
106.830945 1198 4172
106.830993 1198 4172
106.831042 1198 4172
106.831073 814 4172
106.833272 1198 4172
106.833325 1198 4172
106.833366 1134 4172
106.847613 1198 4172
106.847696 1198 4172
106.847736 1198 4172
106.847775 1198 4172
106.847814 414 4172
106.849528 110 4172
106.855026 1198 4172
106.867196 1198 4172
106.867278 1198 4172
106.867323 1198 4172
106.867361 1198 4172
106.867399 1166 4172
106.875008 1198 4172
106.875066 1198 4172
106.875111 1198 4172
106.875155 1198 4172
106.875193 1198 4172
106.875230 1118 4172
106.877255 1198 4172
106.877313 1198 4172
106.877363 1198 4172
106.877407 574 4172
106.895287 1198 4172
106.895369 1198 4172
106.895410 1198 4172
106.895448 1198 4172
106.895486 1198 4172
106.895523 974 4172
106.897712 1198 4172
106.897758 1198 4172
106.897798 1198 4172
106.897837 1198 4172
106.897874 1198 4172
106.897915 1198 4172
106.897951 382 4172
106.906095 1198 4172
106.918606 1102 4172
106.921451 1198 4172
106.921500 478 4172
106.934900 1198 4172
106.934987 1198 4172
106.935024 1086 4172
106.947608 1198 4172
106.947665 1198 4172
106.947707 1198 4172
106.947748 670 4172
106.949524 110 4172
106.965338 1198 4172
107.053276 110 4172
107.053338 110 4172
107.053379 110 4172
107.053418 110 4172
107.185290 110 4172
107.317333 110 4172
107.317372 110 4172
107.317406 110 4172
107.581255 110 4172
107.581288 110 4172
107.581346 110 4172
107.757366 110 4172
107.845501 110 4172
107.889264 110 4172
108.373246 110 4172
108.681562 110 4172
108.769328 110 4172
108.857564 110 4172
108.945345 110 4172
109.205294 110 4172
109.469423 110 4172
109.733343 110 4172
109.777381 110 4172
109.865534 110 4172
110.781250 110 4172
111.789306 110 4172
111.877320 110 4172
112.445445 110 4172
112.789336 110 4172
112.877374 110 4172
113.757228 110 4172
113.889644 110 4172
114.761316 110 4172
114.849420 110 4172
115.113185 110 4172
115.769528 110 4172
115.857294 110 4172
116.777546 110 4172
116.865273 110 4172
117.765271 110 4172
117.865194 110 4172
118.781290 110 4172
118.869266 110 4172
118.957152 414 4172
118.957241 286 4172
119.093797 174 4172
119.093894 174 4172
119.093956 174 4172
119.093987 174 4172
119.097166 174 4172
119.097198 174 4172
119.097226 174 4172
119.097254 174 4172
119.101349 174 4172
119.101382 174 4172
119.101409 174 4172
119.107170 174 4172
119.107208 174 4172
119.107244 206 4172
119.129305 1198 4172
119.129404 1198 4172
119.129446 1198 4172
119.129481 1198 4172
119.129524 1150 4172
119.129563 174 4172
119.129602 174 4172
119.173225 1198 4172
119.251560 174 4172
119.261140 638 4172
119.275427 1198 4172
119.275431 142 4172
119.281519 1198 4172
119.281578 894 4172
119.305148 158 4172
119.305216 1198 4172
119.305218 1198 4172
119.653477 110 4172
119.781369 110 4172
119.869286 110 4172
119.913309 110 4172
120.177304 110 4172
120.877303 110 4172
121.753150 110 4172
121.881384 110 4172
122.757077 110 4172
122.889254 110 4172
123.857035 110 4172
124.781154 110 4172
124.869181 110 4172
125.529471 110 4172
125.748993 110 4172
125.793071 1198 4172
125.793142 1198 4172
125.793144 1198 4172
125.793176 1198 4172
125.793209 1198 4172
125.793244 1198 4172
125.793278 654 4172
125.813260 1198 4172
125.813343 1198 4172
125.813345 1198 4172
125.813390 1198 4172
125.813417 1198 4172
125.813457 1198 4172
125.813490 894 4172
125.825512 1198 4172
125.825586 1198 4172
125.825588 1198 4172
125.825623 1198 4172
125.825658 1198 4172
125.825693 1198 4172
125.825727 1198 4172
125.825760 622 4172
125.829012 60 60000
125.833567 1198 4172
125.833597 1198 4172
125.833635 1198 4172
125.833672 1198 4172
125.833708 1198 4172
125.833735 1198 4172
125.833769 1198 4172
125.833799 1102 4172
125.837022 1198 4172
125.837058 1198 4172
125.845121 1198 4172
125.845159 1198 4172
125.853071 1198 4172
125.853115 1198 4172
125.861116 1198 4172
125.861145 1198 4172
125.861178 1198 4172
125.869129 110 4172
125.869181 766 4172
125.869222 1198 4172
125.877084 1198 4172
125.877148 1198 4172
125.877182 1198 4172
125.881087 1198 4172
125.881125 1198 4172
125.881179 1198 4172
125.893204 1198 4172
125.901059 1198 4172
125.901122 1198 4172
125.901160 1198 4172
125.909128 1198 4172
125.909170 1198 4172
125.909210 1198 4172
125.917083 430 4172
125.917135 1198 4172
125.917176 1198 4172
125.925073 1182 4172
125.925118 1198 4172
125.925151 1198 4172
125.933106 1198 4172
125.941082 622 4172
125.941123 1198 4172
125.941153 1198 4172
125.949072 1198 4172
125.949110 1198 4172
125.949140 1198 4172
125.957077 1198 4172
125.957104 1198 4172
125.957133 110 4172
125.965103 1198 4172
125.965145 1198 4172
125.965176 1118 4172
125.968989 1198 4172
125.969021 1198 4172
125.981142 1198 4172
125.981168 1198 4172
125.989215 1198 4172
125.989308 1198 4172
125.989359 1198 4172
125.997062 270 4172
125.997102 1198 4172
125.997137 1198 4172
125.997174 1198 4172
126.005007 1198 4172
126.005050 1198 4172
126.013168 1198 4172
126.013257 1198 4172
126.013308 1198 4172
126.021009 1198 4172
126.021051 1198 4172
126.029160 814 4172
126.029202 1198 4172
126.029238 1198 4172
126.038035 1198 4172
126.038069 1198 4172
126.038103 1198 4172
126.045127 110 4172
126.045160 1198 4172
126.045196 910 4172
126.045236 1198 4172
126.053089 1198 4172
126.053118 1198 4172
126.057145 1198 4172
126.057187 1198 4172
126.057212 654 4172
126.069184 110 4172
126.069197 1198 4172
126.069285 1198 4172
126.069297 1198 4172
126.077130 1198 4172
126.077167 1198 4172
126.077213 1198 4172
126.085087 590 4172
126.085125 1198 4172
126.085151 1198 4172
126.093096 1198 4172
126.093128 1198 4172
126.101160 1198 4172
126.101200 1198 4172
126.101227 1198 4172
126.109787 1022 4172
126.109924 1198 4172
126.109938 1198 4172
126.117150 1198 4172
126.117186 1182 4172
126.121674 622 4172
126.121713 318 4172
126.121738 158 4172
126.121761 158 4172
126.121785 174 4172
126.121810 174 4172
126.121834 158 4172
126.121857 158 4172
126.121887 158 4172
126.121911 158 4172
126.121934 174 4172
126.121957 174 4172
126.121979 158 4172
126.145713 174 4172
126.145796 158 4172
126.145807 158 4172
126.145836 366 4172
126.182285 110 4172
126.182317 174 4172
126.189941 142 4172
126.189989 1198 4172
126.190014 1198 4172
126.190042 1198 4172
126.190064 206 4172
126.190095 158 4172
126.190118 158 4172
126.190143 158 4172
126.190168 158 4172
126.190198 158 4172
126.190223 1198 4172
126.190248 1198 4172
126.190271 1198 4172
126.190296 446 4172
126.190321 1198 4172
126.190367 878 4172
126.232085 1198 4172
126.232111 1198 4172
126.232144 1198 4172
126.232170 1198 4172
126.232198 1198 4172
126.232225 1166 4172
126.234079 1198 4172
126.234131 1198 4172
126.234171 1198 4172
126.234240 1198 4172
126.234363 1198 4172
126.234406 526 4172
126.247735 1198 4172
126.247775 1198 4172
126.247803 1198 4172
126.247827 1198 4172
126.247850 1198 4172
126.247875 1198 4172
126.247899 1198 4172
126.247924 750 4172
126.257845 110 4172
126.264694 1198 4172
126.264724 1198 4172
126.264761 1198 4172
126.264788 1198 4172
126.264818 1198 4172
126.264847 1198 4172
126.264870 1198 4172
126.264896 1070 4172
126.266142 1198 4172
126.276114 1198 4172
126.276183 1198 4172
126.276211 1198 4172
126.276237 1198 4172
126.277806 1198 4172
126.277839 1198 4172
126.277870 1198 4172
126.289568 1198 4172
126.289638 1198 4172
126.297263 1198 4172
126.297349 1198 4172
126.297392 1198 4172
126.305830 1198 4172
126.305940 1198 4172
126.306378 1198 4172
126.327657 1198 4172
126.328708 110 4172
126.328736 1198 4172
126.328778 1198 4172
126.329243 1198 4172
126.329376 1198 4172
126.329403 542 4172
126.329436 1198 4172
126.329462 1198 4172
126.340240 1150 4172
126.340328 1198 4172
126.345319 1198 4172
126.345366 270 4172
126.358430 1198 4172
126.373392 1198 4172
126.375396 1198 4172
126.376958 382 4172
126.378578 1198 4172
126.385112 1198 4172
126.385145 110 4172
126.385179 1198 4172
126.385208 1198 4172
126.385236 1198 4172
126.385265 1198 4172
126.385293 1198 4172
126.385319 1198 4172
126.385343 1198 4172
126.394531 1198 4172
126.394578 382 4172
126.394611 1198 4172
126.394638 1198 4172
126.401240 1198 4172
126.401273 1198 4172
126.401305 1198 4172
126.412750 1198 4172
126.416645 1198 4172
126.417128 1198 4172
126.423368 1198 4172
126.423399 830 4172
126.423428 1198 4172
126.423456 1198 4172
126.433216 1198 4172
126.433579 1198 4172
126.433605 1198 4172
126.442669 1198 4172
126.442756 1198 4172
126.449095 1198 4172
126.449134 1198 4172
126.449164 1198 4172
126.461019 110 4172
126.461064 1198 4172
126.461093 1198 4172
126.461119 1198 4172
126.461161 1198 4172
126.467182 1198 4172
126.473099 414 4172
126.473312 638 4172
126.473407 1198 4172
126.473637 1198 4172
126.481134 1198 4172
126.481172 1198 4172
126.481200 1198 4172
126.496132 1198 4172
126.496163 718 4172
126.496199 1198 4172
126.496245 1198 4172
126.497062 1198 4172
126.497098 1198 4172
126.507851 1198 4172
126.507899 1198 4172
126.507930 926 4172
126.513304 1198 4172
126.513339 1198 4172
126.513367 1198 4172
126.517958 1198 4172
126.517990 1198 4172
126.538304 1198 4172
126.538416 798 4172
126.561786 1198 4172
126.562488 1198 4172
126.562522 1198 4172
126.562550 814 4172
126.562598 270 4172
126.577820 254 4172
126.577914 190 4172
126.577942 190 4172
126.577973 190 4172
126.578002 190 4172
126.578029 126 4172
126.578059 190 4172
126.578085 190 4172
126.578111 190 4172
126.578138 190 4172
126.578164 190 4172
126.578191 190 4172
126.578218 190 4172
126.578244 190 4172
126.578271 110 4172
126.578298 190 4172
126.578323 190 4172
126.578351 1198 4172
126.578376 1198 4172
126.578404 798 4172
126.578433 702 4172
126.578461 254 4172
126.578487 190 4172
126.578514 190 4172
126.578540 190 4172
126.578570 190 4172
126.578596 190 4172
126.582213 1198 4172
126.582247 190 4172
126.582274 190 4172
126.582300 190 4172
126.582326 190 4172
126.607598 110 4172
126.616016 190 4172
126.616052 190 4172
126.616083 190 4172
126.616113 190 4172
126.616140 1198 4172
126.616168 1198 4172
126.616193 958 4172
126.616221 190 4172
126.616248 190 4172
126.616274 190 4172
126.616302 190 4172
126.616330 190 4172
126.616354 190 4172
126.616380 190 4172
126.616407 190 4172
126.616435 190 4172
126.616460 190 4172
126.616487 190 4172
126.616513 190 4172
126.616541 1198 4172
126.616572 1198 4172
126.616595 1198 4172
126.616622 510 4172
126.616649 494 4172
126.623508 254 4172
126.632724 1198 4172
126.632775 1198 4172
126.632805 1198 4172
126.632834 1198 4172
126.632861 766 4172
126.632891 1198 4172
126.632953 1198 4172
126.632986 1198 4172
126.633016 1198 4172
126.633045 1198 4172
126.633071 1198 4172
126.633097 606 4172
126.642544 190 4172
126.642636 254 4172
126.642637 190 4172
126.642659 190 4172
126.642688 1198 4172
126.642714 1198 4172
126.642742 1198 4172
126.642774 1198 4172
126.642802 1198 4172
126.658090 1198 4172
126.658134 974 4172
126.658163 1198 4172
126.661038 1198 4172
126.661073 1198 4172
126.666031 110 4172
126.666066 1198 4172
126.666098 1198 4172
126.677333 1198 4172
126.677368 414 4172
126.677403 1198 4172
126.685451 1198 4172
126.685491 1198 4172
126.693940 1198 4172
126.693990 1198 4172
126.701081 1198 4172
126.701117 1198 4172
126.709051 1198 4172
126.709087 654 4172
126.709123 1198 4172
126.721445 1198 4172
126.721484 1198 4172
126.725066 1198 4172
126.725102 1198 4172
126.733016 1198 4172
126.733051 1198 4172
126.741044 286 4172
126.741064 1198 4172
126.741095 1198 4172
126.749094 1198 4172
126.749131 1198 4172
126.751561 60 60000
126.757169 1198 4172
126.757195 1198 4172
126.769325 1198 4172
126.769777 110 4172
126.769817 1198 4172
126.773082 1198 4172
126.773126 1198 4172
126.773151 1198 4172
126.783682 1198 4172
126.789490 334 4172
126.789524 1198 4172
126.789553 1198 4172
126.797321 1198 4172
126.797361 1198 4172
126.809780 1198 4172
126.810216 1198 4172
126.813332 1198 4172
126.813367 1198 4172
126.821109 1198 4172
126.821133 1198 4172
126.829105 1198 4172
126.829124 1198 4172
126.837171 1166 4172
126.837210 1198 4172
126.837236 1198 4172
126.845151 1198 4172
126.845183 1198 4172
126.853124 110 4172
126.853151 110 4172
126.853182 110 4172
126.853213 1198 4172
126.853240 1022 4172
126.857942 1198 4172
126.858004 1198 4172
126.869155 110 4172
126.869214 1198 4172
126.869250 1198 4172
126.879498 1198 4172
126.879591 526 4172
126.879592 1198 4172
126.886941 1198 4172
126.886982 1198 4172
126.895928 1198 4172
126.895975 1198 4172
126.896003 542 4172
126.901050 1198 4172
126.901088 1198 4172
126.909086 1198 4172
126.909126 1198 4172
126.909157 1198 4172
126.917141 1182 4172
126.917177 1198 4172
126.925074 1198 4172
126.925100 1198 4172
126.933120 1198 4172
126.933164 1198 4172
126.941094 1198 4172
126.945182 1198 4172
126.945257 494 4172
126.949045 174 4172
126.949079 1198 4172
126.949109 1198 4172
126.957170 1198 4172
126.957200 110 4172
126.957229 1198 4172
126.965179 366 4172
126.965208 1198 4172
126.974074 1198 4172
126.974112 1198 4172
126.981198 1198 4172
126.982135 1198 4172
126.982176 1198 4172
126.989098 1198 4172
126.989142 542 4172
126.997062 1198 4172
126.997096 1198 4172
126.997127 1198 4172
127.005074 1198 4172
127.005106 1198 4172
127.013142 1198 4172
127.013162 1198 4172
127.034441 1198 4172
127.034500 1038 4172
127.034538 1198 4172
127.037081 1198 4172
127.037120 1198 4172
127.037154 1198 4172
127.037193 1198 4172
127.045137 1198 4172
127.045188 1198 4172
127.062282 1198 4172
127.062305 558 4172
127.062334 1198 4172
127.076376 1198 4172
127.076418 110 4172
127.076486 1198 4172
127.076524 1198 4172
127.076604 1198 4172
127.077092 1198 4172
127.077126 1198 4172
127.086020 782 4172
127.086050 1198 4172
127.094142 1198 4172
127.094198 1198 4172
127.107041 1198 4172
127.107162 1198 4172
127.107230 1198 4172
127.109054 1198 4172
127.109091 1198 4172
127.126839 1198 4172
127.128270 110 4172
127.128376 110 4172
127.128412 110 4172
127.128440 334 4172
127.128505 1198 4172
127.133111 1198 4172
127.133188 1198 4172
127.133239 1198 4172
127.141118 1198 4172
127.141148 1198 4172
127.150924 1198 4172
127.150956 1198 4172
127.157060 1198 4172
127.169853 1198 4172
127.169872 1198 4172
127.169947 1198 4172
127.173671 1198 4172
127.173722 1198 4172
127.186112 1198 4172
127.186157 1198 4172
127.190326 1198 4172
127.190371 1198 4172
127.202384 1198 4172
127.202464 1198 4172
127.202478 1198 4172
127.205396 894 4172
127.205458 1198 4172
127.219953 1198 4172
127.219983 1198 4172
127.220015 1198 4172
127.221201 1198 4172
127.221228 1198 4172
127.229120 910 4172
127.229160 1198 4172
127.229191 1198 4172
127.237042 1198 4172
127.237076 1198 4172
127.245214 1198 4172
127.245251 1198 4172
127.253114 686 4172
127.253152 1198 4172
127.253187 1198 4172
127.261120 1198 4172
127.261162 1198 4172
127.269087 1198 4172
127.269125 1070 4172
127.269160 1198 4172
127.273182 1198 4172
127.273253 1198 4172
127.285100 1198 4172
127.285126 1198 4172
127.293130 1070 4172
127.293223 1198 4172
127.293225 1198 4172
127.301179 1198 4172
127.301214 1198 4172
127.317148 798 4172
127.317237 1198 4172
127.317238 1198 4172
127.325176 1198 4172
127.325220 1198 4172
127.333085 1198 4172
127.333138 1198 4172
127.333175 1198 4172
127.341098 1198 4172
127.341141 1198 4172
127.349158 1198 4172
127.349196 414 4172
127.349236 430 4172
127.357155 1198 4172
127.357196 1198 4172
127.357237 222 4172
127.357277 1198 4172
127.361056 1198 4172
127.361098 1198 4172
127.373143 1198 4172
127.373157 1198 4172
127.381151 878 4172
127.381199 110 4172
127.381240 110 4172
127.381276 110 4172
127.381311 1198 4172
127.381347 1198 4172
127.389084 1198 4172
127.389130 1198 4172
127.397062 1198 4172
127.397101 1198 4172
127.397142 1198 4172
127.405020 1166 4172
127.405057 1198 4172
127.413133 1198 4172
127.413185 1198 4172
127.421074 1198 4172
127.421099 1198 4172
127.421143 1198 4172
127.429134 1198 4172
127.429179 1198 4172
127.437077 798 4172
127.437130 1198 4172
127.437170 1198 4172
127.445096 1198 4172
127.445136 1198 4172
127.449526 1198 4172
127.449578 1198 4172
127.461052 1198 4172
127.469114 526 4172
127.469172 1198 4172
127.469213 1198 4172
127.477081 1198 4172
127.477139 1198 4172
127.477181 1198 4172
127.485075 1198 4172
127.485126 1198 4172
127.493075 1198 4172
127.493117 1198 4172
127.501111 1198 4172
127.501144 1198 4172
127.508972 670 4172
127.509012 1198 4172
127.509048 1198 4172
127.517024 1198 4172
127.517069 1198 4172
127.517108 1198 4172
127.525094 1198 4172
127.525132 1198 4172
127.533063 1198 4172
127.533110 1102 4172
127.533155 1198 4172
127.537012 1198 4172
127.537052 1198 4172
127.549196 1198 4172
127.549289 1198 4172
127.557060 1198 4172
127.557100 1198 4172
127.557135 1198 4172
127.565124 846 4172
127.565170 1198 4172
127.573029 1198 4172
127.573079 1198 4172
127.581096 1198 4172
127.581129 1198 4172
127.589070 718 4172
127.589116 1198 4172
127.589147 1198 4172
127.597053 1198 4172
127.597094 1198 4172
127.605038 1198 4172
127.605078 1198 4172
127.613097 1198 4172
127.613145 1198 4172
127.613181 1198 4172
127.621031 238 4172
127.621074 1198 4172
127.621113 1198 4172
127.625349 1198 4172
127.625386 1198 4172
127.625429 1198 4172
127.637013 110 4172
127.637090 110 4172
127.637092 110 4172
127.637111 1198 4172
127.637263 1198 4172
127.645094 318 4172
127.645135 1198 4172
127.645172 1198 4172
127.653122 1198 4172
127.653162 1198 4172
127.661114 1198 4172
127.661157 1166 4172
127.669030 1198 4172
127.669070 1198 4172
127.677109 1198 4172
127.677166 1198 4172
127.685072 1198 4172
127.685126 238 4172
127.685154 1198 4172
127.693035 1198 4172
127.693085 1198 4172
127.693123 1198 4172
127.701128 1198 4172
127.701171 1198 4172
127.709114 1198 4172
127.709148 1198 4172
127.709187 206 4172
127.709224 1198 4172
127.713175 1198 4172
127.713217 1198 4172
127.725189 1198 4172
127.725325 1198 4172
127.725336 1198 4172
127.733141 1150 4172
127.733186 1198 4172
127.741087 1198 4172
127.741127 1198 4172
127.741174 1198 4172
127.749096 1198 4172
127.749139 638 4172
127.749175 126 4172
127.753542 110 4172
127.753585 126 4172
127.756989 126 4172
127.773576 126 4172
127.785572 126 4172
127.797494 126 4172
127.801183 126 4172
127.821587 126 4172
127.833560 126 4172
127.845188 126 4172
127.857594 126 4172
127.857642 110 4172
127.865582 126 4172
127.877833 126 4172
127.889113 302 4172
127.911124 126 4172
127.911217 110 4172
127.911262 110 4172
127.911297 110 4172
127.922892 1198 4172
127.922953 1198 4172
127.922986 1198 4172
127.923022 590 4172
127.925023 1198 4172
127.925062 1198 4172
127.925100 1198 4172
127.925133 1086 4172
127.933090 1198 4172
127.933139 1198 4172
127.933174 1198 4172
127.933209 1198 4172
127.933246 734 4172
127.947845 1198 4172
127.947893 1198 4172
127.947934 1198 4172
127.947970 1198 4172
127.948006 590 4172
127.951078 110 4172
127.963095 1198 4172
127.963196 1198 4172
127.963237 1198 4172
127.963274 1198 4172
127.963308 126 4172
127.974841 1198 4172
127.974925 1198 4172
127.974957 1198 4172
127.974990 1102 4172
127.977188 1198 4172
127.977228 1198 4172
127.977266 1198 4172
127.977307 558 4172
127.990861 1198 4172
127.990909 1198 4172
127.990949 1198 4172
127.990984 190 4172
128.002784 1198 4172
128.002834 1198 4172
128.002870 1198 4172
128.002905 366 4172
128.014722 1198 4172
128.014763 1198 4172
128.014795 1198 4172
128.014830 206 4172
128.021040 1198 4172
128.021076 1198 4172
128.021111 622 4172
128.038804 1198 4172
128.038860 1198 4172
128.038899 606 4172
128.046662 1198 4172
128.046708 1198 4172
128.046750 1198 4172
128.046785 382 4172
128.054445 1198 4172
128.054479 1198 4172
128.054514 1038 4172
128.054549 110 4172
128.065121 1198 4172
128.065163 1198 4172
128.065193 110 4172
128.075008 1198 4172
128.075065 1198 4172
128.075106 1198 4172
128.075142 1198 4172
128.075181 814 4172
128.079171 942 4172
128.081081 1198 4172
128.081125 1198 4172
128.081161 1198 4172
128.081195 1198 4172
128.081234 1198 4172
128.081266 1198 4172
128.081300 350 4172
128.087371 1198 4172
128.099299 1198 4172
128.099344 1198 4172
128.099408 1198 4172
128.099431 1198 4172
128.099467 1198 4172
128.099501 1198 4172
128.099539 110 4172
128.105355 1198 4172
128.105403 1198 4172
128.105438 1198 4172
128.105472 1198 4172
128.105505 1198 4172
128.105538 974 4172
128.109041 1198 4172
128.109089 1198 4172
128.109127 1198 4172
128.121280 1198 4172
128.129047 1198 4172
128.129090 1198 4172
128.129127 1198 4172
128.137398 1198 4172
128.137440 494 4172
128.137474 1198 4172
128.145158 1198 4172
128.145264 1198 4172
128.153359 1198 4172
128.153410 1198 4172
128.153451 1198 4172
128.161076 318 4172
128.161115 1198 4172
128.161146 1198 4172
128.161181 1198 4172
128.169594 1198 4172
128.169638 1198 4172
128.177109 110 4172
128.177148 110 4172
128.177192 110 4172
128.177228 702 4172
128.177263 1198 4172
128.177298 1198 4172
128.185141 1198 4172
128.185183 1198 4172
128.193122 1198 4172
128.193162 206 4172
128.193270 1198 4172
128.193312 1198 4172
128.196987 1198 4172
128.197032 1198 4172
128.197072 1198 4172
128.209099 558 4172
128.209109 1198 4172
128.209239 1198 4172
128.217111 1198 4172
128.217157 1198 4172
128.225038 1198 4172
128.225084 286 4172
128.225122 1198 4172
128.225158 1198 4172
128.233311 1198 4172
128.241013 334 4172
128.241079 1198 4172
128.241124 1198 4172
128.241161 1198 4172
128.249176 462 4172
128.249227 1198 4172
128.257085 1198 4172
128.257140 1198 4172
128.257178 1198 4172
128.265232 1198 4172
128.265287 1198 4172
128.273047 1198 4172
128.273089 430 4172
128.273127 1198 4172
128.273162 1198 4172
128.281291 1198 4172
128.281335 1198 4172
128.285046 110 4172
128.285089 1198 4172
128.285129 1198 4172
128.285164 1198 4172
128.297142 574 4172
128.297202 1198 4172
128.297235 1198 4172
128.305042 1198 4172
128.305077 1198 4172
128.305111 1198 4172
128.313283 1198 4172
128.313341 1198 4172
128.321098 1198 4172
128.321144 1102 4172
128.321183 1198 4172
128.329325 1198 4172
128.329362 1198 4172
128.329394 1198 4172
128.337097 1198 4172
128.337132 1198 4172
128.345445 1198 4172
128.345558 1198 4172
128.345606 1198 4172
128.353069 638 4172
128.353119 1198 4172
128.353159 1198 4172
128.361608 1198 4172
128.361655 1198 4172
128.361687 1198 4172
128.369073 1198 4172
128.369122 1198 4172
128.369160 1198 4172
128.373053 1198 4172
128.373094 1198 4172
128.385096 430 4172
128.385237 1198 4172
128.385242 1198 4172
128.385279 1198 4172
128.393331 1198 4172
128.393375 1198 4172
128.401273 1198 4172
128.401332 1198 4172
128.401371 1198 4172
128.409094 1198 4172
128.409145 1198 4172
128.409181 286 4172
128.417016 1198 4172
128.417063 1198 4172
128.417103 1198 4172
128.425317 1198 4172
128.425351 1198 4172
128.433045 1198 4172
128.433093 1198 4172
128.433196 1198 4172
128.441170 1198 4172
128.441216 830 4172
128.441259 110 4172
128.441294 110 4172
128.441329 1198 4172
128.449066 1198 4172
128.449112 1198 4172
128.457222 1198 4172
128.457276 1198 4172
128.457315 1198 4172
128.461073 1198 4172
128.461113 1198 4172
128.473187 958 4172
128.473269 1198 4172
128.473341 1198 4172
128.481163 1198 4172
128.481203 1198 4172
128.489156 1198 4172
128.489197 1198 4172
128.489239 1198 4172
128.496991 1198 4172
128.497034 1198 4172
128.497070 1198 4172
128.505310 318 4172
128.505349 1198 4172
128.505383 1198 4172
128.512989 1198 4172
128.513061 1198 4172
128.513101 1198 4172
128.521169 1198 4172
128.521218 1198 4172
128.529108 1198 4172
128.529154 782 4172
128.529193 1198 4172
128.537145 1198 4172
128.537179 1198 4172
128.537227 1198 4172
128.545052 1198 4172
128.545093 1198 4172
128.545130 1198 4172
128.548953 1198 4172
128.548999 1198 4172
128.561102 206 4172
128.561242 1198 4172
128.561283 1198 4172
128.561319 1198 4172
128.569338 1198 4172
128.569388 1198 4172
128.569444 1198 4172
128.577118 1198 4172
128.577163 1198 4172
128.585287 862 4172
128.585323 1198 4172
128.592935 1198 4172
128.592982 1198 4172
128.593032 1198 4172
128.601479 1198 4172
128.601481 1198 4172
128.609113 254 4172
128.609169 1198 4172
128.609210 1198 4172
128.609247 1198 4172
128.617111 1198 4172
128.617159 1198 4172
128.617197 1198 4172
128.625114 1198 4172
128.625154 1198 4172
128.633143 334 4172
128.633197 1198 4172
128.633243 1198 4172
128.633289 1198 4172
128.637011 1198 4172
128.637049 1198 4172
128.649293 1198 4172
128.649310 1198 4172
128.649346 1198 4172
128.656996 494 4172
128.657044 1198 4172
128.657188 1198 4172
128.665262 1198 4172
128.665302 1118 4172
128.665357 1198 4172
128.673013 1198 4172
128.673114 1198 4172
128.673156 1198 4172
128.681246 1198 4172
128.681294 990 4172
128.725063 110 4172
128.725150 110 4172
128.725151 110 4172
128.769118 110 4172
128.857331 110 4172
128.989142 110 4172
128.989214 110 4172
129.293085 110 4172
129.293290 110 4172
129.293331 110 4172
129.557030 110 4172
129.557083 110 4172
129.557120 110 4172
129.777046 110 4172
129.821132 110 4172
129.865281 110 4172
130.081099 110 4172
130.345380 110 4172
130.645249 110 4172
130.777136 110 4172
130.865164 110 4172
130.909045 110 4172
131.173148 110 4172
131.437040 110 4172
131.745130 110 4172
131.789103 110 4172
131.877062 110 4172
132.753058 110 4172
132.885130 110 4172
133.752900 110 4172
133.885098 110 4172
134.405008 110 4172
134.756934 110 4172
134.889046 110 4172
135.764923 110 4172
135.853017 110 4172
136.772967 110 4172
136.861059 110 4172
137.081069 110 4172
137.461085 174 4172
137.461117 174 4172
137.461145 174 4172
137.461172 174 4172
137.461199 174 4172
137.461230 174 4172
137.465056 174 4172
137.465089 174 4172
137.465117 174 4172
137.465145 174 4172
137.465173 174 4172
137.465199 174 4172
137.465229 174 4172
137.476863 174 4172
137.476951 174 4172
137.476964 382 4172
137.477010 1198 4172
137.477049 1198 4172
137.477084 1198 4172
137.477119 1198 4172
137.477152 1198 4172
137.477187 1198 4172
137.477222 718 4172
137.627316 350 4172
137.635253 158 4172
137.643449 1198 4172
137.643490 446 4172
137.653034 1198 4172
137.653115 142 4172
137.696904 1198 4172
137.740901 1198 4172
137.865140 110 4172
137.872886 110 4172
138.136935 110 4172
138.445186 110 4172
138.752868 110 4172
138.885386 110 4172
139.760901 110 4172
139.848845 110 4172
140.768968 110 4172
140.856891 110 4172
141.121053 110 4172
141.772960 110 4172
141.860902 110 4172
142.776929 110 4172
142.864925 110 4172
143.776971 110 4172
143.820954 110 4172
143.864960 110 4172
144.776873 110 4172
144.865036 110 4172
145.780957 110 4172
145.868915 110 4172
146.521007 110 4172
146.790240 110 4172
146.877366 110 4172
146.899040 1198 4172
146.899096 1198 4172
146.899136 1198 4172
146.899178 1198 4172
146.899215 1198 4172
146.899254 1198 4172
146.899293 1198 4172
146.899332 1198 4172
146.899369 670 4172
146.906457 1198 4172
146.906501 1198 4172
146.906542 1198 4172
146.906579 1198 4172
146.906615 1198 4172
146.906650 1198 4172
146.906686 1198 4172
146.906722 1198 4172
146.906757 702 4172
146.915987 1198 4172
146.916038 1198 4172
146.916078 1198 4172
146.916117 1198 4172
146.916163 1198 4172
146.916200 1198 4172
146.916240 1198 4172
146.920910 542 4172
146.920974 1198 4172
146.921012 1198 4172
146.921050 1198 4172
146.928953 1198 4172
146.929004 1198 4172
146.936868 1198 4172
146.936919 798 4172
146.936961 1198 4172
146.945050 1198 4172
146.945094 1198 4172
146.945132 1198 4172
146.952911 1198 4172
146.952966 1198 4172
146.960947 1198 4172
146.961002 1198 4172
146.961056 1198 4172
146.964848 1118 4172
146.964885 1198 4172
146.964934 1198 4172
146.976968 1198 4172
146.977012 1198 4172
146.984996 1198 4172
146.985124 1198 4172
146.985168 1198 4172
146.992896 1198 4172
146.992945 1134 4172
147.000888 1198 4172
147.000939 1198 4172
147.000980 1198 4172
147.008932 1198 4172
147.008962 1198 4172
147.016904 1198 4172
147.016931 1198 4172
147.016970 1070 4172
147.024908 1198 4172
147.024929 1198 4172
147.024964 1198 4172
147.032886 1198 4172
147.040922 1198 4172
147.041074 1198 4172
147.041212 1198 4172
147.048952 1198 4172
147.048972 1198 4172
147.049002 574 4172
147.052888 1198 4172
147.052921 1198 4172
147.052951 1198 4172
147.064992 1198 4172
147.065036 1198 4172
147.073096 1198 4172
147.073125 1198 4172
147.073165 1198 4172
147.081105 1198 4172
147.081137 1198 4172
147.081175 174 4172
147.081211 1198 4172
147.089478 1198 4172
147.096920 1198 4172
147.096945 1198 4172
147.104941 1198 4172
147.105019 1198 4172
147.112944 1198 4172
147.112962 1198 4172
147.122052 1198 4172
147.122093 142 4172
147.122123 1198 4172
147.128878 1198 4172
147.128900 126 4172
147.128930 1198 4172
147.136912 1198 4172
147.136941 1198 4172
147.142034 1198 4172
147.142064 1198 4172
147.153790 1198 4172
147.153811 1198 4172
147.160923 126 4172
147.160942 1198 4172
147.170255 1198 4172
147.177023 1198 4172
147.177057 1198 4172
147.186649 1198 4172
147.192882 398 4172
147.192927 1198 4172
147.192967 1198 4172
147.200933 1198 4172
147.200960 1198 4172
147.208869 1198 4172
147.208923 1198 4172
147.216958 1198 4172
147.216989 1198 4172
147.225375 110 4172
147.225457 1198 4172
147.233638 1198 4172
147.233661 1198 4172
147.240889 1198 4172
147.240909 1198 4172
147.249301 1198 4172
147.249330 270 4172
147.249358 1198 4172
147.256890 1198 4172
147.256924 1198 4172
147.264892 1198 4172
147.264904 1198 4172
147.272871 1198 4172
147.272924 1198 4172
147.276874 158 4172
147.276912 1198 4172
147.276945 1198 4172
147.288914 1198 4172
147.296964 1198 4172
147.296997 110 4172
147.297034 1198 4172
147.304882 1198 4172
147.313011 1198 4172
147.313050 910 4172
147.320834 718 4172
147.320872 1198 4172
147.328878 1198 4172
147.328915 1198 4172
147.336811 1198 4172
147.336847 1198 4172
147.344931 1198 4172
147.344958 574 4172
147.352849 1198 4172
147.352878 1198 4172
147.360862 1198 4172
147.360907 1198 4172
147.364818 1198 4172
147.364853 1198 4172
147.376933 1198 4172
147.376956 382 4172
147.376985 1198 4172
147.384800 1198 4172
147.392847 1198 4172
147.392907 1198 4172
147.400821 1198 4172
147.400850 1198 4172
147.408768 1198 4172
147.408802 750 4172
147.408848 1198 4172
147.416792 1198 4172
147.416817 1198 4172
147.424865 1198 4172
147.424885 1198 4172
147.432792 1198 4172
147.440830 1198 4172
147.440861 1198 4172
147.448836 158 4172
147.448866 1198 4172
147.448897 1198 4172
147.453412 1198 4172
147.453443 1198 4172
147.464953 1198 4172
147.464974 1198 4172
147.474513 1198 4172
147.474717 1198 4172
147.483486 1198 4172
147.483523 542 4172
147.488962 126 4172
147.488995 1198 4172
147.489027 1198 4172
147.496856 1198 4172
147.496898 1198 4172
147.509545 1198 4172
147.509607 1198 4172
147.513413 1198 4172
147.513443 1198 4172
147.523765 1198 4172
147.523855 590 4172
147.523879 1198 4172
147.529224 1198 4172
147.529259 1198 4172
147.538073 1198 4172
147.538173 1198 4172
147.544908 1198 4172
147.544932 126 4172
147.544965 1198 4172
147.554904 1198 4172
147.561302 1198 4172
147.561336 110 4172
147.561363 574 4172
147.576969 1198 4172
147.576988 1198 4172
147.585897 1198 4172
147.585917 1198 4172
147.592812 1198 4172
147.592839 1198 4172
147.602738 1198 4172
147.602797 1198 4172
147.609295 1198 4172
147.609321 1198 4172
147.619390 1198 4172
147.619408 558 4172
147.619499 1198 4172
147.624824 1198 4172
147.624863 1198 4172
147.633841 1198 4172
147.633854 1198 4172
147.640823 1198 4172
147.640848 1198 4172
147.651033 1198 4172
147.656811 1198 4172
147.656836 190 4172
147.656863 1198 4172
147.664938 1198 4172
147.664994 1198 4172
147.672834 1198 4172
147.672866 1198 4172
147.681217 1198 4172
147.681247 1198 4172
147.688857 1198 4172
147.688886 1198 4172
147.696858 1198 4172
147.696892 462 4172
147.696923 1198 4172
147.701322 1198 4172
147.701354 1198 4172
147.713671 1198 4172
147.713695 1198 4172
147.720802 1198 4172
147.720908 1198 4172
147.728867 1198 4172
147.728895 1198 4172
147.736825 1054 4172
147.736901 1198 4172
147.745010 1198 4172
147.745047 1198 4172
147.745093 1198 4172
147.752928 1198 4172
147.752975 1198 4172
147.761125 1198 4172
147.761153 1198 4172
147.768933 1198 4172
147.768973 110 4172
147.769010 238 4172
147.769047 1198 4172
147.777002 1198 4172
147.777059 1198 4172
147.784887 1198 4172
147.784922 1198 4172
147.790017 1198 4172
147.790071 670 4172
147.800955 1198 4172
147.801054 1198 4172
147.808912 1198 4172
147.808964 1198 4172
147.816873 1198 4172
147.816921 1198 4172
147.816960 798 4172
147.824874 1198 4172
147.824901 110 4172
147.824948 1198 4172
147.832892 1198 4172
147.832934 1198 4172
147.840929 1198 4172
147.840976 334 4172
147.841017 1198 4172
147.849671 1198 4172
147.856944 110 4172
147.856982 862 4172
147.857024 430 4172
147.864856 1198 4172
147.864913 1198 4172
147.872940 1198 4172
147.873020 878 4172
147.876953 1198 4172
147.888970 1198 4172
147.889056 766 4172
147.889099 1198 4172
147.896912 1198 4172
147.896954 350 4172
147.896991 1198 4172
147.904891 814 4172
147.904940 1198 4172
147.912898 1198 4172
147.912951 1198 4172
147.920880 1022 4172
147.920932 1198 4172
147.928924 1198 4172
147.928972 1086 4172
147.936885 1198 4172
147.936919 1198 4172
147.936956 1198 4172
147.944916 1198 4172
147.944962 1198 4172
147.952974 254 4172
147.953087 1198 4172
147.953142 1198 4172
147.960857 1198 4172
147.960901 1198 4172
147.965214 1198 4172
147.965338 446 4172
147.976940 1198 4172
147.977027 1198 4172
147.984898 1198 4172
147.984977 1198 4172
147.985054 1182 4172
147.992934 350 4172
147.993004 622 4172
147.993081 206 4172
147.993148 462 4172
148.008862 846 4172
148.009011 254 4172
148.096881 110 4172
148.154043 990 4172
148.161909 1198 4172
148.161992 510 4172
148.169908 1198 4172
148.169989 190 4172
148.181877 1198 4172
148.181964 414 4172
148.184826 1198 4172
148.184875 110 4172
148.206084 238 4172
148.218203 1198 4172
148.218263 574 4172
148.226241 1198 4172
148.226300 478 4172
148.228820 1198 4172
148.228868 270 4172
148.228917 1198 4172
148.249474 142 4172
148.261800 174 4172
148.272836 1198 4172
148.272890 1102 4172
148.281486 1198 4172
148.281533 1198 4172
148.281580 142 4172
148.293520 446 4172
148.306123 270 4172
148.316888 878 4172
148.326140 1150 4172
148.338167 1198 4172
148.338262 494 4172
148.350046 1198 4172
148.350080 1198 4172
148.350115 110 4172
148.360758 1198 4172
148.360838 110 4172
148.360859 110 4172
148.360882 110 4172
148.369756 1198 4172
148.369787 1086 4172
148.381797 1198 4172
148.381834 782 4172
148.393822 1198 4172
148.393855 862 4172
148.401981 1198 4172
148.402012 1198 4172
148.402041 174 4172
148.402072 862 4172
148.404741 1198 4172
148.404772 1198 4172
148.404801 110 4172
148.417912 1198 4172
148.417953 942 4172
148.429920 350 4172
148.441769 398 4172
148.446716 606 4172
148.448740 494 4172
148.448772 1182 4172
148.492823 190 4172
148.492863 1198 4172
148.492892 382 4172
148.536804 942 4172
148.580361 750 4172
148.580437 1198 4172
148.580440 222 4172
148.580749 1198 4172
148.580836 510 4172
148.580921 526 4172
148.624949 1198 4172
148.625000 270 4172
148.647382 110 4172
148.647385 110 4172
148.647460 110 4172
148.648959 782 4172
148.657359 1198 4172
148.657399 1198 4172
148.657433 1198 4172
148.657467 1198 4172
148.657500 1198 4172
148.657534 1198 4172
148.657566 654 4172
148.668895 1198 4172
148.668976 1198 4172
148.669009 1198 4172
148.669044 1198 4172
148.669077 894 4172
148.669162 1198 4172
148.669197 1198 4172
148.669230 1198 4172
148.669262 254 4172
148.669295 1198 4172
148.688769 542 4172
148.688871 1198 4172
148.700441 1198 4172
148.700491 1198 4172
148.700533 1198 4172
148.700569 1198 4172
148.700605 638 4172
148.708952 1198 4172
148.708991 1198 4172
148.709021 1198 4172
148.709056 1198 4172
148.709091 1198 4172
148.709124 1198 4172
148.712798 846 4172
148.712855 1198 4172
148.720939 1198 4172
148.720987 1198 4172
148.728962 1198 4172
148.729004 1198 4172
148.736905 1198 4172
148.736954 1198 4172
148.744836 862 4172
148.744884 1198 4172
148.744924 1198 4172
148.752963 1198 4172
148.753005 1198 4172
148.756774 1198 4172
148.756827 110 4172
148.756888 830 4172
148.768892 1198 4172
148.768937 1198 4172
148.768968 1198 4172
148.776917 1198 4172
148.776954 1198 4172
148.784874 1198 4172
148.784978 638 4172
148.792934 1198 4172
148.792975 1198 4172
148.800911 1198 4172
148.800950 606 4172
148.808913 1198 4172
148.808955 1198 4172
148.816863 1198 4172
148.816909 1198 4172
148.824855 446 4172
148.824904 1198 4172
148.832903 1198 4172
148.832951 1198 4172
148.840892 1198 4172
148.840936 1198 4172
148.840977 1198 4172
148.844971 526 4172
148.845122 1198 4172
148.856897 1198 4172
148.856982 110 4172
148.856985 1198 4172
148.864888 1198 4172
148.864933 1198 4172
148.864975 1198 4172
148.872791 206 4172
148.872842 1198 4172
148.872880 1198 4172
148.880901 1198 4172
148.880948 1198 4172
148.888933 1182 4172
148.888972 1198 4172
148.896852 1198 4172
148.896899 1198 4172
148.904849 1198 4172
148.904890 1198 4172
148.912891 110 4172
148.912948 110 4172
148.912986 606 4172
148.913027 1198 4172
148.920819 1198 4172
148.920862 1198 4172
148.928961 1198 4172
148.929005 1198 4172
148.932864 1198 4172
148.932912 574 4172
148.944916 1198 4172
148.944980 1198 4172
148.952904 1198 4172
148.952958 1198 4172
148.952998 1198 4172
148.960897 1198 4172
148.960938 606 4172
148.968916 1198 4172
148.968965 1198 4172
148.976910 1198 4172
148.976958 1198 4172
148.984925 1198 4172
148.984966 494 4172
148.985003 1198 4172
148.992865 1198 4172
