0.023724 1198 4172
0.023908 270 4172
0.073239 110 4172
0.091306 1198 4172
0.091388 1198 4172
0.091388 910 4172
0.091390 622 4172
0.339269 110 4172
0.557812 238 4172
0.606227 110 4172
0.622346 286 4172
0.647191 110 4172
0.691325 1198 4172
0.691399 1198 4172
0.691400 590 4172
0.691482 654 4172
0.691668 638 4172
0.691922 1054 4172
0.692122 1102 4172
0.692312 782 4172
0.692477 622 4172
0.692872 1198 4172
0.692888 1198 4172
0.692903 1198 4172
0.692917 1198 4172
0.692933 1198 4172
0.692947 1198 4172
0.692965 1198 4172
0.692976 1198 4172
0.692992 974 4172
0.693008 158 4172
0.693105 174 4172
0.693237 158 4172
0.693313 142 4172
0.693607 1038 4172
0.747325 110 4172
0.758801 1198 4172
0.758810 1198 4172
0.758812 1198 4172
0.758831 1198 4172
0.758845 1198 4172
0.758856 1198 4172
0.758867 1198 4172
0.758879 254 4172
0.759903 1198 4172
0.759911 1198 4172
0.759921 1198 4172
0.759933 1198 4172
0.759945 1198 4172
0.759956 1198 4172
0.759966 1198 4172
0.759977 1198 4172
0.759989 1198 4172
0.760000 1198 4172
0.760010 1198 4172
0.760020 1198 4172
0.760032 1198 4172
0.760043 1198 4172
0.760056 1198 4172
0.760066 1198 4172
0.760079 1198 4172
0.760089 1198 4172
0.760099 1198 4172
0.760110 1198 4172
0.760123 734 4172
0.760683 1198 4172
0.760693 1198 4172
0.760704 1198 4172
0.760714 1198 4172
0.760727 1198 4172
0.760738 1198 4172
0.760749 1198 4172
0.760759 1198 4172
0.760770 1198 4172
0.760781 1198 4172
0.760791 1198 4172
0.760802 1198 4172
0.760814 1198 4172
0.760825 446 4172
0.761606 1198 4172
0.761616 1198 4172
0.761626 1198 4172
0.761637 1198 4172
0.761651 1198 4172
0.761662 1198 4172
0.761672 1198 4172
0.761683 1198 4172
0.761695 1198 4172
0.761705 1198 4172
0.761715 1198 4172
0.761726 1198 4172
0.761738 1198 4172
0.761749 1198 4172
0.761763 1198 4172
0.761771 414 4172
0.762892 1198 4172
0.762904 1198 4172
0.762916 1198 4172
0.762928 1198 4172
0.762941 1198 4172
0.762952 1198 4172
0.762962 1198 4172
0.762972 1198 4172
0.762984 1198 4172
0.762995 1198 4172
0.763007 1198 4172
0.763015 1198 4172
0.763030 1198 4172
0.763039 1198 4172
0.763050 1198 4172
0.763060 1198 4172
0.763074 1198 4172
0.763084 1198 4172
0.763095 1198 4172
0.763105 1198 4172
0.763117 1198 4172
0.763127 1198 4172
0.763137 1198 4172
0.763154 1198 4172
0.763167 414 4172
0.764199 1198 4172
0.764206 1198 4172
0.764216 1198 4172
0.764227 1198 4172
0.764239 1198 4172
0.764250 1198 4172
0.764261 1198 4172
0.764273 1198 4172
0.764283 1198 4172
0.764294 1198 4172
0.764305 1198 4172
0.764315 1198 4172
0.764329 1198 4172
0.764340 1198 4172
0.764354 1198 4172
0.764365 1198 4172
0.764375 1198 4172
0.764385 1198 4172
0.764396 1198 4172
0.764407 1198 4172
0.764419 1198 4172
0.764430 1198 4172
0.764440 1198 4172
0.764450 1198 4172
0.764464 1198 4172
0.764473 494 4172
0.764819 1198 4172
0.764829 1198 4172
0.764840 1198 4172
0.764851 558 4172
0.765374 1198 4172
0.765383 1198 4172
0.765394 1198 4172
0.765405 1198 4172
0.765417 1198 4172
0.765428 1198 4172
0.765438 542 4172
0.765683 926 4172
0.798004 1198 4172
0.798013 1198 4172
0.798014 1198 4172
0.798036 1198 4172
0.798050 430 4172
0.798061 1198 4172
0.798072 1198 4172
0.798082 1198 4172
0.798095 1198 4172
0.798105 1198 4172
0.798118 1198 4172
0.798126 1198 4172
0.798139 1198 4172
0.798158 1198 4172
0.798171 1198 4172
0.798183 1198 4172
0.798199 1198 4172
0.798209 1198 4172
0.798220 1198 4172
0.798231 1198 4172
0.798243 1198 4172
0.798254 1198 4172
0.798264 1198 4172
0.798275 766 4172
0.798288 1198 4172
0.798298 1198 4172
0.798308 1198 4172
0.798319 1198 4172
0.798332 1198 4172
0.798343 1198 4172
0.798354 1198 4172
0.798364 1198 4172
0.798377 1198 4172
0.798387 1198 4172
0.798398 1070 4172
0.798408 1198 4172
0.798420 1198 4172
0.798431 1198 4172
0.798442 1198 4172
0.798452 1198 4172
0.798464 1198 4172
0.798481 1198 4172
0.798494 1198 4172
0.798505 1198 4172
0.798516 1198 4172
0.798527 1198 4172
0.798538 1198 4172
0.798547 1198 4172
0.798560 1198 4172
0.798571 174 4172
0.798580 1198 4172
0.798591 1198 4172
0.798604 1198 4172
0.798614 1198 4172
0.798624 1198 4172
0.798635 1198 4172
0.798647 1198 4172
0.798660 1198 4172
0.798667 1198 4172
0.798678 1198 4172
0.798689 1198 4172
0.798700 1198 4172
0.798710 1198 4172
0.798721 1198 4172
0.798734 1198 4172
0.798744 1198 4172
0.798754 1198 4172
0.798764 1198 4172
0.798777 1198 4172
0.798787 1198 4172
0.798797 1198 4172
0.798807 1198 4172
0.798820 1198 4172
0.798830 958 4172
0.798841 1198 4172
0.798852 1198 4172
0.798864 1198 4172
0.798874 1198 4172
0.798884 1198 4172
0.798895 1198 4172
0.798908 1198 4172
0.798917 1198 4172
0.798927 1198 4172
0.798938 1198 4172
0.798949 1198 4172
0.798960 1198 4172
0.798970 1198 4172
0.798981 1198 4172
0.798993 1198 4172
0.799003 1198 4172
0.799014 1198 4172
0.799025 1198 4172
0.799036 1198 4172
0.799047 830 4172
0.799452 1198 4172
0.799460 1198 4172
0.799471 1198 4172
0.799482 542 4172
0.799963 1198 4172
0.799971 1198 4172
0.799981 1198 4172
0.799992 1198 4172
0.800005 846 4172
0.800032 142 4172
0.800267 734 4172
0.825272 1198 4172
0.826229 1198 4172
0.826232 270 4172
0.826232 1198 4172
0.826266 1198 4172
0.826268 1198 4172
0.826269 1198 4172
0.826274 1198 4172
0.826293 1198 4172
0.826299 1198 4172
0.826318 1198 4172
0.826338 1198 4172
0.826339 1198 4172
0.826361 1198 4172
0.826361 174 4172
0.826926 1198 4172
0.826943 1198 4172
0.826964 1198 4172
0.826964 1198 4172
0.826986 1198 4172
0.826986 590 4172
0.827804 1198 4172
0.827822 1198 4172
0.827842 1198 4172
0.827843 1198 4172
0.827863 1198 4172
0.827883 1198 4172
0.827903 1198 4172
0.827904 398 4172
0.829117 1198 4172
0.829136 1198 4172
0.829137 1198 4172
0.829137 1198 4172
0.829157 1198 4172
0.829177 1198 4172
0.829199 1198 4172
0.829200 1198 4172
0.829219 1198 4172
0.829220 1198 4172
0.829240 1198 4172
0.829242 1198 4172
0.829262 1198 4172
0.829262 1198 4172
0.830242 158 4172
0.830244 1198 4172
0.830260 1198 4172
0.830260 1198 4172
0.830280 1198 4172
0.830286 1198 4172
0.830303 1198 4172
0.830323 1198 4172
0.830324 1198 4172
0.830344 1198 4172
0.830345 1198 4172
0.830366 1198 4172
0.830367 126 4172
0.830877 1198 4172
0.830895 1198 4172
0.830896 1198 4172
0.830896 286 4172
0.831326 1198 4172
0.831344 1198 4172
0.831345 1198 4172
0.832517 510 4172
0.847267 110 4172
0.857577 158 4172
