0.073756 1198 4172
0.073783 1198 4172
0.073869 1198 4172
0.073872 910 4172
0.237701 110 4172
0.278775 110 4172
0.360683 110 4172
0.482647 110 4172
0.605722 350 4172
0.699682 1198 4172
0.699699 1198 4172
0.699778 1198 4172
0.699857 766 4172
0.699869 1086 4172
0.728620 814 4172
0.728681 814 4172
0.728726 974 4172
0.728765 1006 4172
0.728807 862 4172
0.728848 1198 4172
0.728884 1198 4172
0.728928 1198 4172
0.728965 1054 4172
0.729003 158 4172
0.740927 1198 4172
0.740993 1198 4172
0.741043 1198 4172
0.741084 1198 4172
0.741121 110 4172
0.741156 1198 4172
0.741190 1198 4172
0.741224 1198 4172
0.741257 1198 4172
0.741293 590 4172
0.741330 1198 4172
0.741364 1198 4172
0.741398 1198 4172
0.741436 1198 4172
0.741470 1198 4172
0.741505 1198 4172
0.741552 1198 4172
0.741587 1198 4172
0.741626 1198 4172
0.741660 1198 4172
0.741693 1198 4172
0.741729 1198 4172
0.741759 1198 4172
0.741793 1198 4172
0.741826 1198 4172
0.741859 1198 4172
0.741893 862 4172
0.741939 1198 4172
0.747833 1198 4172
0.747879 1198 4172
0.747913 1198 4172
0.747944 1198 4172
0.747973 1198 4172
0.748003 1198 4172
0.748035 1198 4172
0.748064 1198 4172
0.752799 1198 4172
0.752858 1198 4172
0.752898 1198 4172
0.752932 1198 4172
0.752963 1198 4172
0.752995 638 4172
0.758727 1198 4172
0.758777 1198 4172
0.758821 1198 4172
0.758861 1198 4172
0.758902 1198 4172
0.758942 1198 4172
0.758981 1198 4172
0.759020 1198 4172
0.759059 1198 4172
0.764755 1198 4172
0.764801 1198 4172
0.764840 1198 4172
0.769585 1198 4172
0.769632 1198 4172
0.769678 1198 4172
0.776751 1150 4172
0.776806 1198 4172
0.776852 1198 4172
0.776893 1198 4172
0.782782 1198 4172
0.782839 1198 4172
0.782881 1198 4172
0.788736 1198 4172
0.788790 1198 4172
0.788842 1198 4172
0.788882 1198 4172
0.794740 1198 4172
0.794819 1198 4172
0.794865 1198 4172
0.794908 1198 4172
0.800747 1198 4172
0.800802 798 4172
0.800848 1198 4172
0.800887 1198 4172
0.806748 1198 4172
0.806797 1198 4172
0.806839 1198 4172
0.806880 1198 4172
0.810592 1198 4172
0.810640 1198 4172
0.810678 1198 4172
0.810712 1198 4172
0.818763 1198 4172
0.818816 1198 4172
0.818860 1198 4172
0.824718 1198 4172
0.824773 1198 4172
0.824817 1198 4172
0.824858 1198 4172
0.830754 1198 4172
0.830806 1198 4172
0.830850 1198 4172
0.830891 1198 4172
0.836739 1198 4172
0.836790 1198 4172
0.836834 1198 4172
0.836874 1198 4172
0.842738 1198 4172
0.842775 1198 4172
0.842825 798 4172
0.842867 1198 4172
0.848731 1198 4172
0.848771 1198 4172
0.848815 1198 4172
0.848854 1198 4172
0.851626 1198 4172
0.851669 1118 4172
0.851728 1198 4172
0.851768 1198 4172
0.860811 1198 4172
0.860867 1198 4172
0.866735 1198 4172
0.866790 734 4172
0.866832 1198 4172
0.866873 1198 4172
0.866918 1198 4172
0.872744 974 4172
0.872794 1198 4172
0.872838 1198 4172
0.878783 1198 4172
0.878830 1198 4172
0.878876 1198 4172
0.884720 1198 4172
0.884777 1198 4172
0.890739 1198 4172
0.890793 1198 4172
0.890834 1198 4172
0.890875 1198 4172
0.892573 1198 4172
0.892628 1198 4172
0.892670 1198 4172
0.902770 622 4172
0.902826 1198 4172
0.902871 1198 4172
0.902914 1198 4172
0.908767 1198 4172
0.908811 1182 4172
0.908852 1198 4172
0.908889 1198 4172
0.914739 1198 4172
0.914790 1198 4172
0.914830 1198 4172
0.914873 1198 4172
0.920725 1198 4172
0.920786 1198 4172
0.920836 1198 4172
0.926727 1198 4172
0.926779 1198 4172
0.926827 1198 4172
0.926867 1198 4172
0.932650 558 4172
0.932701 142 4172
0.932746 1198 4172
0.932791 1198 4172
0.933686 1198 4172
0.933730 1198 4172
0.944802 1198 4172
0.944806 1198 4172
0.944883 1198 4172
0.944885 1198 4172
0.950786 798 4172
0.950848 1198 4172
0.950893 1198 4172
0.950936 1198 4172
0.956769 1198 4172
0.956820 1198 4172
0.956867 1198 4172
0.956906 414 4172
0.962634 1198 4172
0.962675 1198 4172
0.962723 1198 4172
0.968745 1198 4172
0.968796 382 4172
0.968838 318 4172
0.968882 1150 4172
0.968926 174 4172
0.968967 158 4172
0.969009 1198 4172
0.974643 1198 4172
0.974697 318 4172
0.974746 1118 4172
0.974790 238 4172
0.974833 1198 4172
0.980636 1198 4172
0.980685 1198 4172
0.980738 1198 4172
0.996800 398 4172
0.996844 158 4172
0.996892 398 4172
1.015668 110 4172
1.056644 1198 4172
1.097670 158 4172
1.097718 142 4172
1.260611 110 4172
1.301767 110 4172
1.383710 110 4172
1.465774 142 4172
1.546791 110 4172
1.831700 110 4172
1.872712 142 4172
2.064447 110 4172
2.077716 142 4172
2.323693 110 4172
2.364728 110 4172
2.487747 142 4172
2.610801 110 4172
2.732699 142 4172
3.101753 142 4172
3.101757 142 4172
3.142772 110 4172
3.265682 110 4172
3.306734 142 4172
3.306748 142 4172
3.388664 110 4172
3.510721 142 4172
3.674723 110 4172
3.715716 142 4172
3.919757 110 4172
4.288744 110 4172
4.329664 142 4172
4.329674 142 4172
4.370744 110 4172
4.534694 142 4172
4.534795 142 4172
4.903590 142 4172
4.903631 142 4172
5.148763 142 4172
5.148851 142 4172
5.271748 110 4172
5.353674 110 4172
5.720755 142 4172
5.720846 142 4172
5.966711 142 4172
5.966804 142 4172
6.252630 110 4172
6.375675 110 4172
6.621657 110 4172
6.948737 142 4172
6.948875 142 4172
7.131567 142 4172
7.153610 142 4172
7.276638 110 4172
7.358720 110 4172
7.767648 142 4172
7.767742 142 4172
7.971697 142 4172
7.971789 142 4172
8.364267 110 4172
8.381603 142 4172
8.381694 142 4172
8.585699 142 4172
8.667626 142 4172
8.830646 142 4172
8.993565 142 4172
9.266685 110 4172
9.280603 110 4172
9.362576 110 4172
9.811687 142 4172
9.811774 142 4172
10.015611 142 4172
10.015659 142 4172
10.261572 110 4172
10.384722 110 4172
10.797563 142 4172
10.838621 142 4172
11.002609 142 4172
11.246681 142 4172
11.287679 110 4172
11.328602 142 4172
11.369662 110 4172
11.451561 142 4172
11.492629 110 4172
11.858590 142 4172
11.858642 142 4172
11.940675 110 4172
12.063673 142 4172
12.063717 142 4172
12.268629 110 4172
12.391642 110 4172
12.637593 142 4172
12.842649 142 4172
13.264227 110 4172
13.374556 110 4172
13.497596 142 4172
13.497685 142 4172
13.579497 142 4172
13.579536 142 4172
13.702628 142 4172
14.070634 142 4172
14.070675 142 4172
14.264194 110 4172
14.274594 142 4172
14.274673 142 4172
14.356599 110 4172
14.601583 110 4172
14.886614 142 4172
14.886655 142 4172
15.091696 142 4172
15.091734 142 4172
15.254544 110 4172
15.377631 110 4172
15.664519 142 4172
15.664571 142 4172
15.910614 142 4172
15.910637 142 4172
16.279612 110 4172
16.320618 142 4172
16.320660 142 4172
16.361466 110 4172
16.484557 142 4172
16.484658 142 4172
16.935616 142 4172
16.935643 142 4172
17.099603 142 4172
17.099627 142 4172
17.263532 110 4172
17.386631 110 4172
17.509567 142 4172
17.713638 142 4172
18.162513 142 4172
18.162543 142 4172
18.285537 110 4172
18.351664 142 4172
18.367529 110 4172
18.531471 142 4172
18.613542 142 4172
18.736554 142 4172
19.145620 142 4172
19.145648 142 4172
19.268506 110 4172
19.350450 142 4172
19.350479 142 4172
19.391467 110 4172
19.759425 142 4172
19.759472 142 4172
19.922562 110 4172
20.004510 142 4172
20.004553 142 4172
20.289510 110 4172
20.364490 110 4172
20.371439 142 4172
20.559632 60 60000
20.576475 142 4172
20.744000 158 4172
20.744033 350 4172
20.744064 606 4172
20.744092 158 4172
20.744119 158 4172
20.744147 158 4172
20.744172 158 4172
20.744200 158 4172
20.777265 1198 4172
20.777285 1198 4172
20.777395 1198 4172
20.777446 1198 4172
20.777686 1198 4172
20.785215 1198 4172
20.787733 654 4172
20.788213 1198 4172
20.788395 1198 4172
20.790961 1198 4172
20.790995 1198 4172
20.791022 1198 4172
20.791049 1198 4172
20.791075 1198 4172
20.791123 1198 4172
20.791147 1198 4172
20.791173 318 4172
20.791201 126 4172
20.791228 1198 4172
20.791254 1198 4172
20.791284 1198 4172
20.791309 1198 4172
20.791450 1198 4172
20.791481 1198 4172
20.791521 1198 4172
20.796527 1198 4172
20.796561 1198 4172
20.796595 862 4172
20.802774 1198 4172
20.802840 1198 4172
20.808599 1198 4172
20.808668 1198 4172
20.814481 1198 4172
20.814515 1198 4172
20.820502 1198 4172
20.820541 1198 4172
20.828355 1198 4172
20.828398 1198 4172
20.828431 1198 4172
20.828479 1198 4172
20.832468 1198 4172
20.834260 1198 4172
20.834295 750 4172
20.844922 1198 4172
20.844966 1198 4172
20.850510 1198 4172
20.850543 1198 4172
20.856486 1198 4172
20.856526 1198 4172
20.856559 1198 4172
20.862444 1198 4172
20.862487 1198 4172
20.868505 1198 4172
20.868543 1198 4172
20.874780 1182 4172
20.874828 1198 4172
20.880476 1198 4172
20.880529 1198 4172
20.886867 1198 4172
20.886901 1198 4172
20.888645 1198 4172
20.888687 1198 4172
20.901178 1198 4172
20.904722 1198 4172
20.904742 1198 4172
20.910526 1198 4172
20.910563 1198 4172
20.921132 1198 4172
20.929245 1198 4172
20.933872 1198 4172
20.934433 1118 4172
20.934466 1198 4172
20.934499 1198 4172
20.934527 1198 4172
20.946285 1198 4172
20.947441 606 4172
20.947867 1198 4172
20.947923 1198 4172
20.948376 1198 4172
20.952490 1198 4172
20.952521 1198 4172
20.958598 1198 4172
20.958695 1198 4172
20.965593 526 4172
20.965641 1198 4172
20.965678 1198 4172
20.970630 1198 4172
20.970672 1198 4172
20.976654 1198 4172
20.976689 1198 4172
20.978631 1198 4172
20.978666 110 4172
20.978716 1198 4172
20.988506 1198 4172
20.988541 1198 4172
20.994607 1198 4172
20.994650 574 4172
20.994678 1198 4172
21.000450 1198 4172
21.000489 1198 4172
21.006507 1198 4172
21.006547 1198 4172
21.012626 1198 4172
21.012671 1198 4172
21.021025 1198 4172
21.021055 1198 4172
21.024553 1198 4172
21.024589 702 4172
21.030495 1198 4172
21.039785 1198 4172
21.039830 1198 4172
21.042468 1198 4172
21.042520 1198 4172
21.042553 1198 4172
21.048773 1198 4172
21.057023 1198 4172
21.057128 1198 4172
21.060869 1198 4172
21.061140 1198 4172
21.066562 286 4172
21.066599 1198 4172
21.066631 1198 4172
21.072530 1198 4172
21.072559 1198 4172
21.078812 1198 4172
21.078853 1198 4172
21.080677 1198 4172
21.080715 1198 4172
21.080746 1198 4172
21.090498 1198 4172
21.090607 702 4172
21.096491 1198 4172
21.096531 1198 4172
21.102509 1198 4172
21.102542 1198 4172
21.102571 1198 4172
21.108475 1198 4172
21.108514 1198 4172
21.114601 1198 4172
21.114636 286 4172
21.114664 1198 4172
21.121280 1198 4172
21.121330 1198 4172
21.121383 1198 4172
21.126481 1198 4172
21.133675 1198 4172
21.133718 1198 4172
21.138464 1198 4172
21.138501 910 4172
21.138539 1198 4172
21.144464 1198 4172
21.144498 1198 4172
21.150512 1198 4172
21.150550 1198 4172
21.156472 1198 4172
21.156519 1198 4172
21.156550 1198 4172
21.163818 1198 4172
21.163880 1198 4172
21.168443 718 4172
21.168490 1198 4172
21.174510 1198 4172
21.174549 1198 4172
21.180534 1198 4172
21.180575 782 4172
21.180610 254 4172
21.187075 190 4172
21.187114 190 4172
21.187146 190 4172
21.187176 190 4172
21.187206 190 4172
21.187234 190 4172
21.187260 190 4172
21.187335 190 4172
21.187363 1198 4172
21.187391 190 4172
21.187416 190 4172
21.187443 190 4172
21.194884 190 4172
21.194932 190 4172
21.194967 1198 4172
21.194999 1198 4172
21.198463 1198 4172
21.198503 1198 4172
21.204501 190 4172
21.204576 430 4172
21.204613 974 4172
21.204645 174 4172
21.204676 174 4172
21.204704 174 4172
21.204733 174 4172
21.204761 174 4172
21.205484 174 4172
21.205519 174 4172
21.205548 174 4172
21.205577 174 4172
21.206650 174 4172
21.206678 174 4172
21.208541 174 4172
21.209646 174 4172
21.209684 174 4172
21.209715 174 4172
21.215762 1198 4172
21.215900 1198 4172
21.215934 1198 4172
21.221115 60 60000
21.224325 1198 4172
21.224397 302 4172
21.232496 1198 4172
21.232539 1198 4172
21.232588 1198 4172
21.232620 1198 4172
21.232649 1198 4172
21.232675 638 4172
21.232702 1198 4172
21.238816 1198 4172
21.244491 1198 4172
21.244528 1198 4172
21.244558 110 4172
21.244587 1198 4172
21.250478 894 4172
21.250515 1198 4172
21.256474 1198 4172
21.256515 558 4172
21.266711 110 4172
21.267603 174 4172
21.267638 174 4172
21.267669 174 4172
21.267698 174 4172
21.268833 174 4172
21.268866 174 4172
21.269581 1198 4172
21.269617 1198 4172
21.269648 1198 4172
21.269677 542 4172
21.275499 1198 4172
21.275529 974 4172
21.275561 1198 4172
21.281533 174 4172
21.281566 1198 4172
21.281604 686 4172
21.281632 1198 4172
21.288167 894 4172
21.288216 174 4172
21.288242 174 4172
21.288270 174 4172
21.288298 174 4172
21.288338 174 4172
21.288363 1198 4172
21.288403 1198 4172
21.351102 638 4172
21.351128 1198 4172
21.351179 1198 4172
21.351211 1198 4172
21.351243 1198 4172
21.351270 1198 4172
21.351389 1198 4172
21.351436 1198 4172
21.351475 414 4172
21.351507 1134 4172
21.353666 110 4172
21.392616 1198 4172
21.392680 1198 4172
21.392755 1198 4172
21.454916 110 4172
21.462460 1198 4172
21.462508 1198 4172
21.462541 1198 4172
21.462578 1198 4172
21.462615 126 4172
21.471181 1198 4172
21.471230 1198 4172
21.471271 1198 4172
21.471308 1150 4172
21.471365 1198 4172
21.474477 1198 4172
21.474516 158 4172
21.491191 206 4172
21.497162 1198 4172
21.497195 878 4172
21.506043 1134 4172
21.515184 398 4172
21.515225 110 4172
21.515259 110 4172
21.515289 110 4172
21.515334 1198 4172
21.551554 302 4172
21.556360 110 4172
21.638453 1198 4172
21.638534 1198 4172
21.638557 366 4172
21.638590 302 4172
21.638624 238 4172
21.679433 110 4172
21.761464 110 4172
21.802481 110 4172
21.802555 110 4172
21.802557 110 4172
22.088545 110 4172
22.252474 110 4172
22.334572 110 4172
22.375512 110 4172
22.621539 110 4172
22.866572 110 4172
23.153498 110 4172
23.276479 110 4172
23.358386 110 4172
23.399527 110 4172
23.685550 110 4172
23.930559 110 4172
24.216468 110 4172
24.257445 110 4172
24.380510 110 4172
25.280530 110 4172
25.362450 110 4172
26.262438 110 4172
26.385376 110 4172
26.834390 110 4172
27.283468 110 4172
27.365416 110 4172
28.267342 110 4172
28.390368 110 4172
29.288412 110 4172
29.370436 110 4172
29.533416 110 4172
30.271407 110 4172
30.353451 110 4172
31.292416 110 4172
31.374426 110 4172
32.193338 110 4172
32.275295 110 4172
32.357371 110 4172
33.257354 110 4172
33.379387 110 4172
34.278396 110 4172
34.360383 110 4172
34.851337 110 4172
35.261328 110 4172
35.384350 110 4172
36.283319 110 4172
36.365309 110 4172
37.267279 110 4172
37.390332 110 4172
37.512271 110 4172
38.289359 110 4172
38.370326 110 4172
39.271259 110 4172
39.353225 110 4172
40.169279 110 4172
40.291327 110 4172
40.373236 110 4172
41.274255 110 4172
41.356350 110 4172
41.466586 270 4172
41.467438 254 4172
41.467474 270 4172
41.468546 318 4172
41.468588 238 4172
41.469794 238 4172
41.470325 318 4172
41.471413 238 4172
41.471449 302 4172
41.472281 254 4172
41.472320 270 4172
41.473806 334 4172
41.473851 286 4172
41.473890 334 4172
41.474234 446 4172
41.479171 318 4172
41.479213 766 4172
41.480313 60 60000
41.627716 446 4172
41.635642 142 4172
41.643176 174 4172
41.652642 158 4172
41.662562 174 4172
41.684232 174 4172
41.832557 174 4172
41.847719 158 4172
41.848566 158 4172
41.867304 158 4172
41.871113 142 4172
41.871148 1198 4172
41.871182 1198 4172
41.871211 1198 4172
41.871246 1198 4172
41.871277 1198 4172
41.871303 1198 4172
41.871329 1198 4172
41.871360 1198 4172
41.892865 1198 4172
41.892885 1198 4172
41.892921 1198 4172
41.892948 1198 4172
41.892980 1198 4172
41.893013 1198 4172
41.893042 1198 4172
41.893073 1198 4172
41.893100 1198 4172
41.893152 206 4172
41.893197 1198 4172
41.895271 1198 4172
41.895309 1198 4172
41.895336 1198 4172
41.895362 1198 4172
41.895390 1198 4172
41.895420 1198 4172
41.895448 1198 4172
41.895475 1198 4172
41.895505 654 4172
41.895535 1198 4172
41.895590 1198 4172
41.895641 1198 4172
41.901521 1198 4172
41.901550 1198 4172
41.907290 974 4172
41.907318 1198 4172
41.912755 1198 4172
41.912786 1198 4172
41.919550 1198 4172
41.919642 1198 4172
41.919680 1198 4172
41.925317 302 4172
41.925357 1198 4172
41.935036 1198 4172
41.935070 1198 4172
41.935094 1198 4172
41.935137 1198 4172
41.937567 1198 4172
41.943281 1198 4172
41.943310 1198 4172
41.943340 1198 4172
41.949294 1198 4172
41.949319 1198 4172
41.953221 1198 4172
41.953257 750 4172
41.953292 1198 4172
41.968247 1198 4172
41.968285 1198 4172
41.973332 1198 4172
41.973351 1198 4172
41.973379 1198 4172
41.973410 1198 4172
41.973436 1198 4172
41.981961 1198 4172
41.982057 1198 4172
41.988229 1198 4172
41.991779 126 4172
41.995113 1198 4172
41.995170 1198 4172
41.995210 1198 4172
41.995240 1198 4172
42.003323 1198 4172
42.003349 1198 4172
42.010505 766 4172
42.011581 1198 4172
42.022213 1198 4172
42.022269 1198 4172
42.027353 1198 4172
42.027386 1198 4172
42.027418 1198 4172
42.027500 1198 4172
42.027534 1198 4172
42.027563 110 4172
42.027592 1198 4172
42.033834 910 4172
42.034237 894 4172
42.034609 1198 4172
42.035001 1198 4172
42.035405 1198 4172
42.036647 1198 4172
42.045268 1198 4172
42.045304 1198 4172
42.051862 1198 4172
42.051997 1198 4172
42.052033 1198 4172
42.060946 1198 4172
42.060980 1198 4172
42.061025 494 4172
42.063250 1198 4172
42.063276 1198 4172
42.069256 1198 4172
42.069289 1198 4172
42.075357 1198 4172
42.075385 1198 4172
42.077159 1198 4172
42.077190 1198 4172
42.077222 1198 4172
42.087287 1198 4172
42.087310 1198 4172
42.094073 1198 4172
42.097833 622 4172
42.097867 1198 4172
42.097914 1198 4172
42.099251 1198 4172
42.099290 1198 4172
42.105327 1198 4172
42.105404 1198 4172
42.105437 1198 4172
42.113235 1198 4172
42.113267 1198 4172
42.117253 1198 4172
42.117288 1022 4172
42.117321 1198 4172
42.118181 1198 4172
42.129301 1198 4172
42.129336 1198 4172
42.129362 1198 4172
42.135290 1198 4172
42.135321 1198 4172
42.141320 1198 4172
42.141349 750 4172
42.141381 1198 4172
42.147289 1198 4172
42.147317 1198 4172
42.147347 1198 4172
42.162082 1198 4172
42.162849 1198 4172
42.162894 1198 4172
42.165290 1198 4172
42.165326 1198 4172
42.165361 462 4172
42.165394 1198 4172
42.165423 1198 4172
42.171072 1198 4172
42.171100 1198 4172
42.171210 1198 4172
42.177588 1198 4172
42.177638 1198 4172
42.183292 1198 4172
42.183326 494 4172
42.197784 1198 4172
42.197995 1198 4172
42.198087 1198 4172
42.198142 1198 4172
42.203787 1198 4172
42.253247 1198 4172
42.258872 1198 4172
42.259589 1198 4172
42.259874 1198 4172
42.260131 430 4172
42.260164 1198 4172
42.260193 1198 4172
42.260226 1198 4172
42.260264 1198 4172
42.260293 1198 4172
42.260325 1198 4172
42.260355 1198 4172
42.260381 1070 4172
42.260409 334 4172
42.260439 174 4172
42.260467 174 4172
42.260496 174 4172
42.260532 174 4172
42.260580 174 4172
42.260608 174 4172
42.260641 1198 4172
42.260687 542 4172
42.260720 1198 4172
42.260756 1198 4172
42.260785 414 4172
42.260820 1118 4172
42.260856 174 4172
42.260890 174 4172
42.260916 174 4172
42.260948 174 4172
42.260980 174 4172
42.261018 1198 4172
42.261047 1198 4172
42.261074 1198 4172
42.261110 1198 4172
42.261135 318 4172
42.261167 910 4172
42.261197 222 4172
42.261227 174 4172
42.261255 174 4172
42.261297 174 4172
42.264321 174 4172
42.264381 174 4172
42.264417 174 4172
42.264447 110 4172
42.264482 1198 4172
42.264509 782 4172
42.264538 1198 4172
42.264566 1198 4172
42.264593 1006 4172
42.266161 1198 4172
42.266194 174 4172
42.266225 270 4172
42.267519 174 4172
42.268896 174 4172
42.269966 142 4172
42.270001 174 4172
42.297057 1198 4172
42.299188 1198 4172
42.299213 1198 4172
42.299259 174 4172
42.300269 1198 4172
42.300310 478 4172
42.300344 222 4172
42.300374 174 4172
42.300404 174 4172
42.300435 174 4172
42.300465 174 4172
42.300494 174 4172
42.300522 174 4172
42.300552 1198 4172
42.300580 830 4172
42.300612 1198 4172
42.300638 1198 4172
42.300668 1102 4172
42.300697 110 4172
42.300726 174 4172
42.300754 174 4172
42.300784 174 4172
42.300812 174 4172
42.300847 174 4172
42.300875 174 4172
42.300904 1198 4172
42.300931 1198 4172
42.306491 1198 4172
42.306528 1198 4172
42.306553 478 4172
42.308670 462 4172
42.308713 126 4172
42.316122 60 60000
42.349294 174 4172
42.349321 126 4172
42.360095 110 4172
42.390274 126 4172
42.472371 110 4172
42.513251 270 4172
42.551874 1198 4172
42.551911 766 4172
42.555001 110 4172
42.555027 110 4172
42.555063 110 4172
42.555093 110 4172
42.594721 1198 4172
42.594738 1198 4172
42.594772 1198 4172
42.594799 526 4172
42.596151 1198 4172
42.596193 1198 4172
42.596225 366 4172
42.596257 174 4172
42.596289 1198 4172
42.596347 206 4172
42.637251 1198 4172
42.637280 462 4172
42.842241 110 4172
42.842334 110 4172
42.842372 110 4172
42.902327 1198 4172
42.902330 1198 4172
42.903782 174 4172
42.905729 174 4172
42.906839 174 4172
42.908321 174 4172
42.909786 174 4172
42.911106 174 4172
42.912452 174 4172
42.913935 334 4172
42.913974 174 4172
42.916750 174 4172
42.918036 174 4172
42.919342 174 4172
42.920638 174 4172
42.921906 174 4172
42.924146 1198 4172
42.924187 1198 4172
42.924220 1198 4172
42.924249 1198 4172
42.924280 798 4172
42.965339 1198 4172
42.965371 174 4172
42.965476 1198 4172
42.965534 1198 4172
42.965608 1198 4172
42.965670 1198 4172
42.965704 1198 4172
42.965742 1198 4172
42.965786 414 4172
43.047189 1198 4172
43.061061 1198 4172
43.061150 206 4172
43.071549 1118 4172
43.077996 1198 4172
43.078036 974 4172
43.088190 1198 4172
43.088300 366 4172
43.129622 110 4172
43.252207 110 4172
43.375342 110 4172
43.621203 110 4172
43.907230 110 4172
44.152282 110 4172
44.275200 110 4172
44.357283 110 4172
44.439165 110 4172
44.685198 110 4172
44.971272 110 4172
45.217306 110 4172
45.258254 110 4172
45.381289 110 4172
46.281441 110 4172
46.363176 110 4172
47.264245 110 4172
47.387162 110 4172
47.920329 110 4172
48.288218 110 4172
48.370124 110 4172
49.270244 110 4172
49.352143 110 4172
49.802155 446 4172
49.802261 318 4172
49.837863 366 4172
49.839099 174 4172
49.840330 174 4172
49.841557 174 4172
49.842797 174 4172
49.843047 174 4172
49.845122 174 4172
49.846223 174 4172
49.847381 174 4172
49.848665 174 4172
49.849907 174 4172
49.851179 174 4172
49.852378 174 4172
49.853604 174 4172
49.854753 174 4172
49.857226 1198 4172
49.857277 1198 4172
49.857315 1198 4172
49.857349 798 4172
49.884133 1198 4172
49.884226 1198 4172
49.884270 1198 4172
49.884310 1198 4172
49.884351 1198 4172
49.884389 1198 4172
49.925217 1198 4172
49.966241 1198 4172
49.966328 1198 4172
49.993940 1198 4172
49.994000 190 4172
50.003427 1118 4172
50.007097 1198 4172
50.007148 974 4172
50.010965 398 4172
50.048222 1198 4172
50.048302 366 4172
50.253117 110 4172
50.294254 110 4172
50.376220 110 4172
50.581243 110 4172
50.826241 110 4172
51.113156 110 4172
51.277218 110 4172
51.359125 110 4172
52.260170 110 4172
52.382283 110 4172
53.284253 110 4172
53.366190 110 4172
54.266189 110 4172
54.388173 110 4172
55.290190 110 4172
55.372169 110 4172
56.271174 110 4172
56.353069 110 4172
56.435191 110 4172
57.253138 110 4172
57.376165 110 4172
58.277132 110 4172
58.359066 110 4172
59.137155 110 4172
59.259066 110 4172
59.382153 110 4172
60.282032 110 4172
60.364113 110 4172
61.264073 110 4172
61.387114 110 4172
61.796123 110 4172
62.286109 110 4172
62.368049 110 4172
62.572987 270 4172
62.573006 254 4172
62.573035 270 4172
62.573988 60 60000
62.574252 318 4172
62.574331 238 4172
62.575327 302 4172
62.575359 238 4172
62.576275 238 4172
62.576305 238 4172
62.577165 302 4172
62.577196 254 4172
62.578206 270 4172
62.578236 334 4172
62.578268 286 4172
62.581403 334 4172
62.581489 558 4172
62.614122 1198 4172
62.614131 1198 4172
62.614237 1198 4172
62.614243 1198 4172
62.614286 1198 4172
62.614325 1198 4172
62.614365 1198 4172
62.614405 190 4172
62.696052 1198 4172
62.726552 1198 4172
62.726592 158 4172
62.735512 142 4172
62.736962 174 4172
62.753522 158 4172
62.764226 174 4172
62.777984 222 4172
62.859992 110 4172
62.933222 174 4172
62.941717 158 4172
62.950444 158 4172
62.951794 158 4172
62.972009 1198 4172
62.972042 1198 4172
62.972071 1198 4172
62.972100 558 4172
62.972129 174 4172
62.972157 1198 4172
62.972185 254 4172
62.976503 1006 4172
62.976535 1118 4172
62.976570 1022 4172
62.976601 1198 4172
62.976632 1198 4172
62.976666 1198 4172
62.976697 158 4172
62.978109 126 4172
62.978150 1198 4172
62.978180 1198 4172
62.978209 446 4172
62.978238 142 4172
62.980154 1198 4172
62.994871 1198 4172
63.009794 1198 4172
63.009881 1198 4172
63.009902 1198 4172
63.009932 1198 4172
63.009962 1198 4172
63.010000 1198 4172
63.010030 1198 4172
63.010060 1198 4172
63.010092 654 4172
63.010165 1198 4172
63.019154 1198 4172
63.021677 1198 4172
63.022230 1198 4172
63.022411 1198 4172
63.022499 1198 4172
63.022531 1198 4172
63.022561 1198 4172
63.022591 1198 4172
63.022625 318 4172
63.022675 1198 4172
63.025595 1198 4172
63.025660 1198 4172
63.025691 1198 4172
63.025723 1198 4172
63.025754 1198 4172
63.025785 1198 4172
63.025814 1198 4172
63.025843 1198 4172
63.025874 910 4172
63.025925 1198 4172
63.031205 1198 4172
63.031241 1198 4172
63.031266 1198 4172
63.031296 1198 4172
63.031323 1198 4172
63.031350 1198 4172
63.036385 1198 4172
63.036431 1198 4172
63.043421 1198 4172
63.043463 1198 4172
63.049106 1198 4172
63.055056 750 4172
63.055086 1198 4172
63.061499 1198 4172
63.067948 1198 4172
63.067980 1198 4172
63.075053 1198 4172
63.076995 1198 4172
63.085045 1198 4172
63.085098 1198 4172
63.093187 1198 4172
63.106141 1198 4172
63.119910 1198 4172
63.122556 1134 4172
63.123353 1198 4172
63.125570 110 4172
63.125622 1198 4172
63.125655 1198 4172
63.133093 1198 4172
63.133120 1198 4172
63.139059 1198 4172
63.145414 1198 4172
63.152680 606 4172
63.152729 1198 4172
63.157579 1198 4172
63.157622 1198 4172
63.163084 1198 4172
63.169073 1198 4172
63.169101 1198 4172
63.170789 1198 4172
63.181933 1198 4172
63.181961 1198 4172
63.187055 1198 4172
63.193147 1118 4172
63.199252 1198 4172
63.199285 1198 4172
63.211372 1198 4172
63.217057 1198 4172
63.217093 1198 4172
63.217134 1198 4172
63.223054 1198 4172
63.229563 1198 4172
63.230197 1198 4172
63.230245 670 4172
63.239280 1198 4172
63.253058 1198 4172
63.253095 1198 4172
63.253127 1198 4172
63.266403 1198 4172
63.267035 1198 4172
63.272220 110 4172
63.282037 1198 4172
63.282102 1198 4172
63.282153 1198 4172
63.282987 1198 4172
63.283027 1198 4172
63.297850 574 4172
63.298042 1198 4172
63.298123 1198 4172
63.302111 1198 4172
63.302145 1198 4172
63.307536 1198 4172
63.313084 1198 4172
63.313114 1198 4172
63.318290 1198 4172
63.326649 1198 4172
63.328262 1198 4172
63.331042 1198 4172
63.337132 1198 4172
63.349093 1198 4172
63.349111 1198 4172
63.355355 1198 4172
63.362135 1198 4172
63.362175 110 4172
63.362210 1198 4172
63.367035 1198 4172
63.377263 1198 4172
63.377280 1198 4172
63.379044 110 4172
63.379071 686 4172
63.381912 1198 4172
63.381962 1198 4172
63.394319 622 4172
63.396987 1198 4172
63.397020 1198 4172
63.403024 1198 4172
63.403063 1198 4172
63.408984 1198 4172
63.414981 1198 4172
63.415016 1198 4172
63.421010 1198 4172
63.432418 1198 4172
63.432459 702 4172
63.433006 1198 4172
63.433053 1198 4172
63.439488 1198 4172
63.440088 60 60000
63.445036 1198 4172
63.451069 1198 4172
63.451104 1198 4172
63.457057 1198 4172
63.463054 1198 4172
63.463100 286 4172
63.463139 1198 4172
63.470838 1198 4172
63.475080 1198 4172
63.476705 1198 4172
63.493181 1198 4172
63.493265 1198 4172
63.499985 926 4172
63.500030 1198 4172
63.506015 1198 4172
63.511043 1198 4172
63.517013 1198 4172
63.523069 1198 4172
63.529056 1198 4172
63.529087 1198 4172
63.535055 1198 4172
63.541058 1198 4172
63.541093 1198 4172
63.547047 1198 4172
63.553054 1198 4172
63.553091 718 4172
63.557976 1198 4172
63.558020 1198 4172
63.565037 1198 4172
63.571171 1198 4172
63.571253 1198 4172
63.579001 766 4172
63.581659 334 4172
63.581715 270 4172
63.584215 174 4172
63.584260 174 4172
63.584296 174 4172
63.584330 174 4172
63.584364 1198 4172
63.590089 1198 4172
63.590137 1198 4172
63.598278 494 4172
63.598690 1198 4172
63.599109 1198 4172
63.599148 1118 4172
63.608061 1198 4172
63.614007 1198 4172
63.614059 1198 4172
63.620049 1198 4172
63.626340 718 4172
63.626362 1198 4172
63.632037 1198 4172
63.632083 1198 4172
63.638058 1198 4172
63.640943 110 4172
63.640992 1198 4172
63.641309 158 4172
63.650047 1198 4172
63.650079 1198 4172
63.662119 1198 4172
63.662186 238 4172
63.668062 1198 4172
63.674607 878 4172
63.676492 1198 4172
63.676550 974 4172
63.680039 174 4172
63.680072 174 4172
63.680105 174 4172
63.682157 1198 4172
63.682199 1198 4172
63.695440 1198 4172
63.698098 1198 4172
63.698101 1198 4172
63.710077 478 4172
63.710088 174 4172
63.710121 1134 4172
63.716017 1198 4172
63.723035 846 4172
63.733009 1198 4172
63.733056 1198 4172
63.733092 1198 4172
63.733122 366 4172
63.733155 302 4172
63.739119 1198 4172
63.739305 1198 4172
63.760358 910 4172
63.760383 206 4172
63.760426 238 4172
63.763919 1198 4172
63.763960 1198 4172
63.763990 142 4172
63.804972 1198 4172
63.805003 1198 4172
63.805037 1198 4172
63.805066 1134 4172
63.846032 1198 4172
63.846079 1198 4172
63.846118 1198 4172
63.846155 1198 4172
63.846197 446 4172
63.887079 1198 4172
63.887131 1198 4172
63.887193 1198 4172
63.887232 670 4172
63.899998 110 4172
63.900004 110 4172
63.900025 110 4172
63.900078 1198 4172
63.901305 1198 4172
63.901341 334 4172
63.901378 318 4172
63.902045 174 4172
63.903806 174 4172
63.903847 174 4172
63.903902 1198 4172
63.904923 1198 4172
63.904958 1198 4172
63.904998 494 4172
63.905986 1198 4172
63.906027 1198 4172
63.906063 1118 4172
63.906952 1198 4172
63.906991 1198 4172
63.907026 1198 4172
63.907061 1198 4172
63.907095 718 4172
63.913349 1198 4172
63.919087 1198 4172
63.919147 1198 4172
63.919185 1198 4172
63.925123 1198 4172
63.925173 158 4172
63.925224 1198 4172
63.925267 1198 4172
63.928018 1198 4172
63.928054 1198 4172
63.937091 254 4172
63.937136 1198 4172
63.942953 1198 4172
63.943002 878 4172
63.949145 1198 4172
63.955109 974 4172
63.955153 174 4172
63.955191 174 4172
63.955226 174 4172
63.955262 1198 4172
63.961311 1198 4172
63.967050 1198 4172
63.968933 1198 4172
63.979119 1198 4172
63.979148 1198 4172
63.985078 1198 4172
63.991087 1198 4172
63.991127 1198 4172
63.997125 1198 4172
64.003089 718 4172
64.003142 1198 4172
64.010041 1198 4172
64.010088 302 4172
64.010129 126 4172
64.010168 1134 4172
64.173472 126 4172
64.173475 110 4172
64.173493 110 4172
64.173528 110 4172
64.173945 126 4172
64.190532 126 4172
64.199442 126 4172
64.208526 126 4172
64.210160 126 4172
64.214957 1150 4172
64.225906 1198 4172
64.225944 222 4172
64.225997 1198 4172
64.235393 382 4172
64.242806 1198 4172
64.242851 894 4172
64.242924 1198 4172
64.251089 1198 4172
64.251138 286 4172
64.252011 1198 4172
64.252051 1198 4172
64.252092 318 4172
64.256022 110 4172
64.268284 1198 4172
64.268294 1198 4172
64.268376 1198 4172
64.268378 1198 4172
64.268412 302 4172
64.277157 1198 4172
64.277184 1198 4172
64.277228 1198 4172
64.277264 1198 4172
64.277298 718 4172
64.285021 1198 4172
64.285067 1198 4172
64.285106 1198 4172
64.285143 926 4172
64.293691 1198 4172
64.293732 1134 4172
64.297234 398 4172
64.379012 110 4172
64.452130 110 4172
64.452144 110 4172
64.461044 110 4172
64.707133 110 4172
64.707207 110 4172
64.707210 110 4172
64.993090 110 4172
65.238047 110 4172
65.279112 110 4172
65.361038 110 4172
65.525172 110 4172
65.771080 110 4172
66.057404 110 4172
66.260046 110 4172
66.301024 110 4172
66.383045 110 4172
66.588077 110 4172
66.834005 110 4172
67.284128 110 4172
67.366356 110 4172
68.266047 110 4172
68.389109 110 4172
69.289051 110 4172
69.370112 110 4172
69.493030 110 4172
70.390988 110 4172
71.291984 110 4172
71.373964 110 4172
72.151105 110 4172
72.273961 110 4172
72.355960 110 4172
73.257980 110 4172
73.381011 110 4172
74.280976 110 4172
74.363001 110 4172
74.854990 110 4172
75.263916 110 4172
75.386942 110 4172
76.285980 110 4172
77.390946 110 4172
77.472905 110 4172
78.289862 110 4172
78.371911 110 4172
79.271887 110 4172
79.353889 110 4172
80.171920 110 4172
80.253901 110 4172
80.376907 110 4172
81.276878 110 4172
81.358883 110 4172
82.259858 110 4172
82.382872 110 4172
82.833902 110 4172
83.284866 110 4172
83.366871 110 4172
83.674687 1198 4172
83.674696 1198 4172
83.674738 1198 4172
83.674769 1198 4172
83.674801 1198 4172
83.674835 1198 4172
83.674867 1198 4172
83.674906 1198 4172
83.674939 1198 4172
83.674974 1198 4172
83.675007 910 4172
83.675059 1198 4172
83.679947 1198 4172
83.679994 1198 4172
83.680026 1198 4172
83.680062 1198 4172
83.685919 1198 4172
83.685955 1198 4172
83.685997 1198 4172
83.691955 1198 4172
83.692003 1198 4172
83.692046 1198 4172
83.694815 334 4172
83.694864 1198 4172
83.700850 60 60000
83.703793 1198 4172
83.709861 1198 4172
83.715833 1198 4172
83.715865 1198 4172
83.721841 1198 4172
83.721869 1198 4172
83.727829 1198 4172
83.733923 1198 4172
83.735825 1054 4172
83.745864 1198 4172
83.746011 1198 4172
83.751882 1198 4172
83.751927 1198 4172
83.757868 1198 4172
83.763819 1198 4172
83.763871 1198 4172
83.763912 1198 4172
83.769896 1198 4172
83.769931 1198 4172
83.775867 1038 4172
83.775921 1198 4172
83.776822 1198 4172
83.776870 1198 4172
83.776918 1198 4172
83.787881 1198 4172
83.787933 1198 4172
83.787977 1198 4172
83.793896 1198 4172
83.793945 1198 4172
83.799876 1198 4172
83.799931 1198 4172
83.799979 1198 4172
83.805891 1198 4172
83.805941 334 4172
83.805987 1198 4172
83.806028 1198 4172
83.811888 1198 4172
83.811930 1198 4172
83.817865 1198 4172
83.817930 1198 4172
83.817972 1198 4172
83.823878 1198 4172
83.823928 1198 4172
83.823974 1198 4172
83.829850 1038 4172
83.829893 1198 4172
83.829937 1198 4172
83.835840 1198 4172
83.835874 1198 4172
83.841854 1198 4172
83.841894 1198 4172
83.841926 1198 4172
83.847869 1198 4172
83.847907 1198 4172
83.847944 1198 4172
83.853861 446 4172
83.853902 1198 4172
83.853939 1198 4172
83.858917 1198 4172
83.858959 1198 4172
83.858999 1198 4172
83.865935 1198 4172
83.865973 1198 4172
83.871936 1198 4172
83.871968 110 4172
83.872008 1198 4172
83.872041 1198 4172
83.877886 1198 4172
83.877975 1198 4172
83.878044 878 4172
83.883892 1198 4172
83.883983 1198 4172
83.884057 1198 4172
83.889914 1198 4172
83.889976 1198 4172
83.895872 1198 4172
83.895934 1198 4172
83.895985 1198 4172
83.899857 1198 4172
83.899925 1198 4172
83.907915 1198 4172
83.907982 1198 4172
83.908036 1198 4172
83.913855 542 4172
83.913922 1198 4172
83.913976 1198 4172
83.919840 1198 4172
83.919917 1198 4172
83.925901 1198 4172
83.925937 1198 4172
83.925974 1198 4172
83.931872 1198 4172
83.931946 1198 4172
83.932005 1198 4172
83.937847 1198 4172
83.937896 1198 4172
83.937955 1198 4172
83.940724 814 4172
83.949875 1198 4172
83.949905 1198 4172
83.955874 1198 4172
83.955909 1198 4172
83.961879 1198 4172
83.961914 1198 4172
83.962000 1198 4172
83.967816 1198 4172
83.967858 1198 4172
83.973883 1198 4172
83.973926 1198 4172
83.973968 1198 4172
83.979872 350 4172
83.979899 1198 4172
83.979950 1198 4172
83.979987 1198 4172
83.981775 1198 4172
83.981820 1198 4172
83.991875 1198 4172
83.991911 1198 4172
83.991942 1198 4172
83.997835 1198 4172
83.997874 1198 4172
83.997917 1198 4172
84.003846 110 4172
84.003884 1198 4172
84.003918 1198 4172
84.003953 1198 4172
84.009844 1198 4172
84.028628 318 4172
84.029192 1198 4172
84.039018 1198 4172
84.039122 1198 4172
84.044083 1198 4172
84.045027 1198 4172
84.045116 350 4172
84.045153 1198 4172
84.045186 1198 4172
84.045222 1198 4172
84.045259 1198 4172
84.045291 1198 4172
84.045321 382 4172
84.045353 1198 4172
84.045384 1198 4172
84.045415 766 4172
84.045450 398 4172
84.045481 270 4172
84.045517 254 4172
84.045549 270 4172
84.045583 318 4172
84.045615 222 4172
84.045764 222 4172
84.047113 222 4172
84.047150 222 4172
84.047184 1198 4172
84.047743 222 4172
84.048980 222 4172
84.049013 238 4172
84.049836 270 4172
84.049869 334 4172
84.053826 238 4172
84.053855 318 4172
84.064955 1198 4172
84.064993 1198 4172
84.065031 1198 4172
84.065064 1198 4172
84.065096 1198 4172
84.067874 1198 4172
84.067908 1198 4172
84.067944 974 4172
84.067978 1198 4172
84.074229 1198 4172
84.074254 1198 4172
84.080568 1198 4172
84.080602 430 4172
84.080651 126 4172
84.080712 158 4172
84.080750 158 4172
84.082399 158 4172
84.082442 158 4172
84.082479 158 4172
84.082513 158 4172
84.082547 158 4172
84.084842 1198 4172
84.130965 158 4172
84.134623 110 4172
84.135048 1198 4172
84.135092 1198 4172
84.135126 782 4172
84.136187 510 4172
84.136226 542 4172
84.138894 462 4172
84.145696 414 4172
84.145919 1198 4172
84.145960 1198 4172
84.145998 846 4172
84.146035 1198 4172
84.146069 510 4172
84.146123 830 4172
84.151209 446 4172
84.151241 1198 4172
84.151282 1198 4172
84.151315 910 4172
84.151351 494 4172
84.151384 510 4172
84.151418 526 4172
84.151450 1198 4172
84.151483 1198 4172
84.151515 1198 4172
84.151548 1198 4172
84.151586 1198 4172
84.151619 798 4172
84.167431 222 4172
84.176466 398 4172
84.176502 398 4172
84.176537 1198 4172
84.176570 1198 4172
84.176601 1198 4172
84.176633 1198 4172
84.176665 1198 4172
84.176714 1198 4172
84.176745 1198 4172
84.176777 1198 4172
84.176809 1198 4172
84.176841 1198 4172
84.176873 190 4172
84.176919 1198 4172
84.185820 1198 4172
84.185874 1198 4172
84.185944 1198 4172
84.186067 1198 4172
84.186102 1198 4172
84.186143 1198 4172
84.186180 1198 4172
84.186210 1198 4172
84.186243 1006 4172
84.186712 1198 4172
84.186750 1198 4172
84.186787 1198 4172
84.186821 1198 4172
84.186855 1198 4172
84.186897 1198 4172
84.186952 1198 4172
84.186986 1198 4172
84.187020 1054 4172
84.195045 1198 4172
84.202617 1198 4172
84.203496 1198 4172
84.203722 1198 4172
84.203841 1198 4172
84.203880 1198 4172
84.203933 1198 4172
84.207205 1198 4172
84.207286 1198 4172
84.222120 1198 4172
84.223022 878 4172
84.223068 1198 4172
84.223115 1198 4172
84.224827 1198 4172
84.224859 1198 4172
84.224892 1198 4172
84.224929 1198 4172
84.227763 206 4172
84.227805 1198 4172
84.227838 1198 4172
84.227868 1198 4172
84.246336 1198 4172
84.248140 1198 4172
84.248429 1198 4172
84.248486 126 4172
84.250195 1198 4172
84.250232 1198 4172
84.250262 1198 4172
84.250291 1198 4172
84.250320 974 4172
84.250349 1198 4172
84.256789 1198 4172
84.256821 1198 4172
84.256851 1198 4172
84.260859 158 4172
84.260889 1198 4172
84.266942 110 4172
84.266983 366 4172
84.267022 1198 4172
84.267051 1198 4172
84.267083 1198 4172
84.268812 1198 4172
84.268843 1198 4172
84.268877 1198 4172
84.280193 1198 4172
84.290115 846 4172
84.292857 1198 4172
84.293292 1198 4172
84.297825 1198 4172
84.312184 126 4172
84.312318 1198 4172
84.312472 1198 4172
84.312508 1198 4172
84.312538 686 4172
84.312678 1198 4172
84.338020 1198 4172
84.338836 1198 4172
84.338869 1198 4172
84.338903 1198 4172
84.338936 1198 4172
84.338969 1198 4172
84.339011 1198 4172
84.339040 830 4172
84.339071 1198 4172
84.339100 1198 4172
84.339149 1198 4172
84.339182 1198 4172
84.339211 1198 4172
84.339239 1198 4172
84.339270 1134 4172
84.339300 1198 4172
84.339329 1198 4172
84.339356 1198 4172
84.339386 1198 4172
84.339414 1198 4172
84.339441 1198 4172
84.345754 1198 4172
84.345812 1038 4172
84.345898 1198 4172
84.345949 1198 4172
84.347746 1198 4172
84.347781 1198 4172
84.356885 1198 4172
84.356920 1198 4172
84.356950 1198 4172
84.363063 1198 4172
84.363098 110 4172
84.363126 1198 4172
84.363178 1198 4172
84.368837 702 4172
84.368873 1198 4172
84.368904 1198 4172
84.375002 1198 4172
84.375037 1198 4172
84.375071 1198 4172
84.381945 1198 4172
84.381975 1198 4172
84.382005 1198 4172
84.386834 1198 4172
84.386867 1198 4172
84.386899 1198 4172
84.389310 1198 4172
84.389347 1198 4172
84.407356 1198 4172
84.407388 1198 4172
84.407417 1198 4172
84.407444 110 4172
84.407471 1006 4172
84.407500 254 4172
84.407527 174 4172
84.407556 174 4172
84.407582 174 4172
84.417576 174 4172
84.419278 174 4172
84.419309 174 4172
84.419344 174 4172
84.419375 174 4172
84.419405 174 4172
84.419436 750 4172
84.419466 174 4172
84.420369 174 4172
84.421954 174 4172
84.434581 174 4172
84.434630 174 4172
84.434683 1198 4172
84.434712 702 4172
84.434739 558 4172
84.434859 222 4172
84.437501 190 4172
84.439073 190 4172
84.440586 190 4172
84.449908 190 4172
84.451225 190 4172
84.451270 190 4172
84.451322 190 4172
84.451372 190 4172
84.451400 190 4172
84.452173 190 4172
84.453027 110 4172
84.469569 190 4172
84.470778 190 4172
84.472505 174 4172
84.472523 174 4172
84.472551 1198 4172
84.472596 654 4172
84.472623 174 4172
84.472650 174 4172
84.481195 174 4172
84.481231 174 4172
84.481258 174 4172
84.481308 174 4172
84.481854 174 4172
84.481885 174 4172
84.481913 174 4172
84.481954 174 4172
84.481983 174 4172
84.482010 174 4172
84.483122 174 4172
84.485404 174 4172
84.487422 222 4172
84.487456 1198 4172
84.487490 942 4172
84.499254 1198 4172
84.499290 1182 4172
84.501388 222 4172
84.501426 174 4172
84.501453 174 4172
84.501479 174 4172
84.501505 174 4172
84.501532 174 4172
84.501559 174 4172
84.502045 174 4172
84.503270 174 4172
84.504460 174 4172
84.513581 174 4172
84.515394 174 4172
84.515424 174 4172
84.515456 174 4172
84.515487 174 4172
84.515519 1198 4172
84.515549 974 4172
84.516622 222 4172
84.517813 174 4172
84.518990 174 4172
84.520134 174 4172
84.531767 174 4172
84.534295 174 4172
84.534333 174 4172
84.534362 174 4172
84.534390 174 4172
84.534417 174 4172
84.534444 174 4172
84.534474 174 4172
84.534500 174 4172
84.534527 174 4172
84.535910 174 4172
84.540734 1198 4172
84.540766 1198 4172
84.540800 654 4172
84.540845 1198 4172
84.541938 1070 4172
84.543198 222 4172
84.544435 174 4172
84.545623 174 4172
84.548154 174 4172
84.550822 1198 4172
84.550858 1198 4172
84.550889 1198 4172
84.550919 1198 4172
84.550954 238 4172
84.552182 1198 4172
84.552219 1198 4172
84.552253 1198 4172
84.552284 1198 4172
84.552314 270 4172
84.554112 110 4172
84.556483 1198 4172
84.556515 1198 4172
84.556547 1198 4172
84.556577 1198 4172
84.556608 830 4172
84.559230 1198 4172
84.559264 1198 4172
84.559299 1198 4172
84.559330 1198 4172
84.559360 862 4172
84.563283 1198 4172
84.563358 1198 4172
84.563389 1198 4172
84.563416 1198 4172
84.563443 798 4172
84.566458 1198 4172
84.566515 1198 4172
84.566544 1198 4172
84.566573 1038 4172
84.569113 1198 4172
84.569145 1198 4172
84.569174 1198 4172
84.569202 1198 4172
84.569230 558 4172
84.571332 1198 4172
84.571368 1198 4172
84.571400 1198 4172
84.571429 1198 4172
84.571458 190 4172
84.576768 1198 4172
84.576801 1198 4172
84.576830 702 4172
84.579087 1198 4172
84.579110 174 4172
84.579143 174 4172
84.579174 1198 4172
84.579206 1198 4172
84.579237 798 4172
84.580538 222 4172
84.582008 174 4172
84.583400 174 4172
84.586136 174 4172
84.589032 1198 4172
84.589064 1198 4172
84.589099 1198 4172
84.589130 1198 4172
84.589158 350 4172
84.595137 1198 4172
84.595212 1198 4172
84.600982 382 4172
84.601014 1198 4172
84.601046 1198 4172
84.606866 1198 4172
84.606894 1198 4172
84.606925 1198 4172
84.609423 1198 4172
84.609479 1198 4172
84.627991 1198 4172
84.635129 958 4172
84.635183 1198 4172
84.636797 1198 4172
84.636833 1198 4172
84.636866 1198 4172
84.636892 910 4172
84.636921 1198 4172
84.636950 1198 4172
84.636982 1198 4172
84.637009 1198 4172
84.645433 1134 4172
84.645468 1198 4172
84.645504 1198 4172
84.645537 1198 4172
84.649540 926 4172
84.649573 1198 4172
84.649605 1198 4172
84.654828 670 4172
84.654866 1198 4172
84.654896 1198 4172
84.654929 1198 4172
84.657307 1198 4172
84.657344 110 4172
84.657374 254 4172
84.657405 1198 4172
84.658401 60 60000
84.662751 1198 4172
84.662781 750 4172
84.662812 110 4172
84.662840 110 4172
84.662867 110 4172
84.662900 174 4172
84.662928 174 4172
84.667828 1198 4172
84.667861 1198 4172
84.673836 798 4172
84.673862 1198 4172
84.673891 1118 4172
84.679846 1198 4172
84.679878 1198 4172
84.679913 1198 4172
84.679945 1198 4172
84.685829 1198 4172
84.685858 1198 4172
84.685894 1198 4172
84.691841 1198 4172
84.691887 1198 4172
84.691924 1198 4172
84.697849 1198 4172
84.697875 1198 4172
84.697905 1198 4172
84.704006 542 4172
84.704034 1198 4172
84.704070 1198 4172
84.709848 1198 4172
84.709881 1198 4172
84.709910 1198 4172
84.715803 1198 4172
84.715839 1198 4172
84.721754 1198 4172
84.721797 1198 4172
84.721820 1198 4172
84.727768 1198 4172
84.727810 1198 4172
84.727848 1198 4172
84.733839 1198 4172
84.733874 638 4172
84.733911 1198 4172
84.733944 1198 4172
84.738827 1198 4172
84.738876 1198 4172
84.738914 1198 4172
84.745853 1198 4172
84.745899 1198 4172
84.745938 1198 4172
84.751777 1198 4172
84.751819 1198 4172
84.751860 1198 4172
84.757828 1198 4172
84.757868 1198 4172
84.757906 1198 4172
84.764573 1038 4172
84.764675 110 4172
84.764724 1198 4172
84.764871 1198 4172
84.764913 1198 4172
84.764969 1198 4172
84.769876 1198 4172
84.769915 1198 4172
84.777383 1198 4172
84.779861 1198 4172
84.792511 1198 4172
84.792593 1198 4172
84.792805 1198 4172
84.793341 1198 4172
84.793465 1198 4172
84.793495 1198 4172
84.793524 1198 4172
84.793784 1054 4172
84.793814 1198 4172
84.793847 1198 4172
84.799833 1198 4172
84.799872 1198 4172
84.799907 1198 4172
84.805824 1198 4172
84.805851 1198 4172
84.805884 1198 4172
84.805916 1198 4172
84.823226 1198 4172
84.824103 1198 4172
84.824145 1198 4172
84.824219 1198 4172
84.829852 1198 4172
84.829879 1198 4172
84.829921 542 4172
84.829954 1198 4172
84.829986 1198 4172
84.830022 1198 4172
84.830055 1198 4172
84.830085 1198 4172
84.830116 1198 4172
84.837723 1198 4172
84.837750 1198 4172
84.837811 1198 4172
84.840052 1198 4172
84.840096 1198 4172
84.847843 1198 4172
84.847878 1198 4172
84.847920 1198 4172
84.853855 574 4172
84.853885 1198 4172
84.853915 1198 4172
84.853950 1198 4172
84.860032 1198 4172
84.860058 110 4172
84.860100 1198 4172
84.860133 1198 4172
84.865844 1198 4172
84.865885 1198 4172
84.865919 1198 4172
84.872470 1198 4172
84.872500 1198 4172
84.872536 1198 4172
84.877874 1198 4172
84.877935 1198 4172
84.877995 1198 4172
84.880880 654 4172
84.880936 1198 4172
84.880974 1198 4172
84.881013 1198 4172
84.890190 1198 4172
84.890263 1198 4172
84.890298 1198 4172
84.896397 1198 4172
84.896450 1198 4172
84.896486 1198 4172
84.901912 1198 4172
84.901937 1198 4172
84.901969 1198 4172
84.907861 990 4172
84.907892 1198 4172
84.907932 1198 4172
84.913839 1198 4172
84.913888 1198 4172
84.913926 1198 4172
84.913963 1198 4172
84.921761 110 4172
84.921806 174 4172
84.921844 126 4172
84.952249 126 4172
84.952305 110 4172
84.952364 110 4172
84.952410 110 4172
84.960641 110 4172
84.962733 126 4172
85.004490 126 4172
85.044780 126 4172
85.086738 110 4172
85.127025 1198 4172
85.127070 1198 4172
85.127109 366 4172
85.127148 174 4172
85.127240 126 4172
85.127284 238 4172
85.127696 126 4172
85.160619 110 4172
85.168761 126 4172
85.209780 110 4172
85.209878 110 4172
85.209936 110 4172
85.210047 1198 4172
85.210103 862 4172
85.250944 398 4172
85.261013 110 4172
85.291868 126 4172
85.332768 1198 4172
85.332832 1198 4172
85.332886 1198 4172
85.362121 110 4172
85.373824 1198 4172
85.373887 1198 4172
85.373949 1198 4172
85.374002 1198 4172
85.374053 446 4172
85.414819 638 4172
85.455859 110 4172
85.497062 110 4172
85.497146 110 4172
85.497200 110 4172
85.531384 1198 4172
85.531456 1198 4172
85.531510 1198 4172
85.531560 1198 4172
85.531609 558 4172
85.531681 1198 4172
85.537704 1198 4172
85.537755 1198 4172
85.537803 1198 4172
85.537851 382 4172
85.548274 1198 4172
85.548347 1198 4172
85.548402 1198 4172
85.548453 1198 4172
85.552177 1198 4172
85.552231 1198 4172
85.552280 1198 4172
85.552334 1134 4172
85.556080 110 4172
85.564587 1198 4172
85.564663 1198 4172
85.564718 1182 4172
85.564785 1198 4172
85.566435 398 4172
85.573719 606 4172
85.578811 1198 4172
85.578863 1198 4172
85.578916 430 4172
85.619859 1198 4172
85.619946 1198 4172
85.620007 1198 4172
85.620056 126 4172
85.660858 110 4172
85.742884 110 4172
85.742930 110 4172
85.783867 110 4172
86.028887 110 4172
86.028996 110 4172
86.029036 110 4172
86.268965 110 4172
86.274818 110 4172
86.274869 110 4172
86.274914 110 4172
86.356810 110 4172
86.561889 110 4172
86.848822 110 4172
87.094781 110 4172
87.259984 110 4172
87.341846 110 4172
87.382798 110 4172
87.626874 110 4172
87.913093 110 4172
88.158863 110 4172
88.281865 110 4172
88.363850 110 4172
88.445941 110 4172
89.264844 110 4172
89.386916 110 4172
90.287839 110 4172
90.369820 110 4172
91.106778 110 4172
91.270759 110 4172
91.392784 110 4172
92.253673 110 4172
92.375837 110 4172
93.274751 110 4172
93.356775 110 4172
93.766739 110 4172
94.258728 110 4172
94.381800 110 4172
95.281775 110 4172
95.363779 110 4172
96.260717 110 4172
96.382832 110 4172
96.423730 110 4172
97.283846 110 4172
97.365749 110 4172
98.263735 110 4172
98.385819 110 4172
99.081815 110 4172
99.285744 110 4172
99.367713 110 4172
100.266716 110 4172
100.389721 110 4172
101.290668 110 4172
101.372682 110 4172
101.739728 110 4172
102.270719 110 4172
102.391893 110 4172
103.291708 110 4172
103.373695 110 4172
104.273636 110 4172
104.355630 110 4172
104.437583 110 4172
104.818649 1198 4172
104.818662 1198 4172
104.818759 1198 4172
104.818802 1198 4172
104.818828 1198 4172
104.818854 1198 4172
104.818879 1198 4172
104.818905 1198 4172
104.818931 1198 4172
104.818956 1198 4172
104.818983 1198 4172
104.819012 558 4172
104.819659 1198 4172
104.819714 1198 4172
104.819748 1198 4172
104.819780 1198 4172
104.819808 1198 4172
104.819838 1198 4172
104.819880 1198 4172
104.819912 1198 4172
104.819941 1198 4172
104.819968 1198 4172
104.819996 1086 4172
104.820032 1198 4172
104.820056 1198 4172
104.820083 1198 4172
104.820112 1198 4172
104.820139 1198 4172
104.820167 1198 4172
104.820194 1198 4172
104.820221 1198 4172
104.820250 1198 4172
104.820276 1198 4172
104.820303 334 4172
104.834568 1198 4172
104.834599 1198 4172
104.834624 1198 4172
104.834649 1198 4172
104.834675 1198 4172
104.834700 1198 4172
104.834726 1198 4172
104.835565 1198 4172
104.835597 1198 4172
104.835627 1198 4172
104.835655 494 4172
104.835684 1198 4172
104.835714 1198 4172
104.835741 1198 4172
104.841817 1198 4172
104.841834 1198 4172
104.841864 1198 4172
104.847654 1198 4172
104.847687 1198 4172
104.847717 894 4172
104.853552 1198 4172
104.853582 1198 4172
104.853611 1198 4172
104.853641 1198 4172
104.859701 1198 4172
104.859730 1198 4172
104.859762 1198 4172
104.865574 1198 4172
104.865614 1198 4172
104.865653 190 4172
104.865699 1198 4172
104.871654 1198 4172
104.871705 1198 4172
104.871748 1198 4172
104.875543 1198 4172
104.875584 1198 4172
104.875624 1198 4172
104.883718 1198 4172
104.883762 654 4172
104.883799 1198 4172
104.883831 1198 4172
104.889720 1198 4172
104.889794 1198 4172
104.889830 1198 4172
104.889864 1198 4172
104.895603 1198 4172
104.895654 1198 4172
104.895695 1198 4172
104.895734 142 4172
104.895772 1198 4172
104.901595 1198 4172
104.901634 1198 4172
104.901673 1198 4172
104.901710 1198 4172
104.907698 1198 4172
104.907746 1198 4172
104.907802 1198 4172
104.913599 254 4172
104.913635 1198 4172
104.913673 1198 4172
104.913706 1198 4172
104.916519 1198 4172
104.916556 1198 4172
104.916588 1198 4172
104.916620 1198 4172
104.918626 60 60000
104.925778 1198 4172
104.925806 1198 4172
104.925831 350 4172
104.925860 1198 4172
104.925889 1198 4172
104.931553 1198 4172
104.931588 1198 4172
104.937579 1198 4172
104.937618 1198 4172
104.937644 1198 4172
104.937674 1198 4172
104.943622 1182 4172
104.943656 1198 4172
104.943688 1198 4172
104.943717 1198 4172
104.949641 1198 4172
104.949688 1198 4172
104.949732 1198 4172
104.949768 1198 4172
104.955604 1198 4172
104.955638 1198 4172
104.955670 1198 4172
104.955702 158 4172
104.955735 1198 4172
104.957485 1198 4172
104.957517 1198 4172
104.957548 1198 4172
104.957578 1198 4172
104.967541 1198 4172
104.967642 1198 4172
104.967679 1198 4172
104.967715 350 4172
104.973608 1198 4172
104.973646 1198 4172
104.973681 1198 4172
104.979555 1198 4172
104.979592 1198 4172
104.979628 1198 4172
104.979660 1198 4172
104.985588 1198 4172
104.985616 462 4172
104.991670 1198 4172
104.997519 1198 4172
104.997555 1198 4172
104.998515 1198 4172
105.009599 1198 4172
105.021681 1198 4172
105.027652 1198 4172
105.027694 1198 4172
105.033650 1198 4172
105.039584 1198 4172
105.045645 990 4172
105.051596 1198 4172
105.051628 1198 4172
105.057620 1198 4172
105.063655 1198 4172
105.069753 1198 4172
105.081322 1198 4172
105.081366 1198 4172
105.087654 1198 4172
105.093678 1198 4172
105.099682 846 4172
105.099734 622 4172
105.105654 270 4172
105.105699 254 4172
105.105737 270 4172
105.105774 318 4172
105.111603 1198 4172
105.117677 222 4172
105.117715 222 4172
105.117748 222 4172
105.117780 222 4172
105.117811 222 4172
105.117841 222 4172
105.117872 238 4172
105.121542 270 4172
105.121580 334 4172
105.121614 238 4172
105.121651 270 4172
105.121687 222 4172
105.129589 1198 4172
105.135729 1198 4172
105.141677 1198 4172
105.162552 814 4172
105.162593 126 4172
105.194133 110 4172
105.203575 126 4172
105.232587 270 4172
105.232617 254 4172
105.233603 270 4172
105.233638 318 4172
105.234767 222 4172
105.234795 222 4172
105.235910 222 4172
105.235943 222 4172
105.236992 222 4172
105.237022 222 4172
105.237482 238 4172
105.238670 270 4172
105.238695 286 4172
105.238721 238 4172
105.242523 270 4172
105.242552 222 4172
105.244537 1198 4172
105.244572 1198 4172
105.244602 1134 4172
105.267411 110 4172
105.303408 126 4172
105.306758 126 4172
105.330607 158 4172
105.330627 158 4172
105.330657 158 4172
105.330685 158 4172
105.330714 158 4172
105.330741 158 4172
105.330768 158 4172
105.347974 158 4172
105.362728 110 4172
105.403548 1198 4172
105.403572 1198 4172
105.403602 1198 4172
105.403636 1198 4172
105.403662 1198 4172
105.403708 174 4172
105.403764 1198 4172
105.408750 1198 4172
105.408792 1198 4172
105.408826 1198 4172
105.414641 222 4172
105.444540 1198 4172
105.445743 846 4172
105.446088 1198 4172
105.446144 1198 4172
105.454127 1198 4172
105.454379 1198 4172
105.454410 1198 4172
105.454437 1198 4172
105.454476 1006 4172
105.454516 1198 4172
105.463598 110 4172
105.463623 110 4172
105.463654 1198 4172
105.469624 1198 4172
105.479021 1198 4172
105.493358 1198 4172
105.498454 126 4172
105.502929 1198 4172
105.505686 1198 4172
105.508327 1198 4172
105.508370 1198 4172
105.508402 1198 4172
105.508443 1198 4172
105.517768 1198 4172
105.524091 1198 4172
105.530390 1198 4172
105.536674 1198 4172
105.541645 270 4172
105.541676 1198 4172
105.548879 1198 4172
105.553670 1198 4172
105.570525 1198 4172
105.570597 1198 4172
105.572589 110 4172
105.579785 798 4172
105.579823 1198 4172
105.583642 1198 4172
105.589720 1198 4172
105.589758 1198 4172
105.600757 1198 4172
105.601649 1070 4172
105.607632 1198 4172
105.613597 1198 4172
105.614829 1198 4172
105.625946 1198 4172
105.631671 1198 4172
105.637624 494 4172
105.643640 1198 4172
105.649661 1198 4172
105.655586 1198 4172
105.661603 1198 4172
105.667707 1022 4172
105.673670 1198 4172
105.679633 1198 4172
105.679663 1198 4172
105.685592 1198 4172
105.696586 1198 4172
105.703627 1198 4172
105.717353 1198 4172
105.731307 318 4172
105.731822 1198 4172
105.731849 1198 4172
105.731893 1198 4172
105.746199 110 4172
105.746318 1198 4172
105.747705 942 4172
105.747737 1198 4172
105.747771 1198 4172
105.757699 1198 4172
105.769734 1198 4172
105.777852 1198 4172
105.777929 766 4172
105.781747 1198 4172
105.782992 60 60000
105.793698 1198 4172
105.794459 1198 4172
105.794669 1198 4172
105.799624 1198 4172
105.805590 1198 4172
105.818410 1198 4172
105.818518 590 4172
105.823604 1198 4172
105.830715 1198 4172
105.830754 1198 4172
105.836394 1198 4172
105.841836 1198 4172
105.847669 1198 4172
105.852216 1198 4172
105.860546 1198 4172
105.865615 1198 4172
105.865646 1198 4172
105.876583 1198 4172
105.877563 1198 4172
105.885565 1198 4172
105.885600 974 4172
105.895642 1198 4172
105.895660 1198 4172
105.898340 590 4172
105.908885 174 4172
105.908910 174 4172
105.908945 1198 4172
105.913626 1198 4172
105.922763 430 4172
105.922844 1198 4172
105.925702 1198 4172
105.925733 1198 4172
105.931631 574 4172
105.939160 222 4172
105.939202 1198 4172
105.939235 1198 4172
105.948872 1198 4172
105.950381 590 4172
105.950423 1198 4172
105.955807 1198 4172
105.961617 1198 4172
105.967635 1198 4172
105.975240 622 4172
105.975281 1198 4172
105.975601 1198 4172
105.979628 1198 4172
105.981174 638 4172
105.992295 1198 4172
105.992396 1198 4172
105.997624 1198 4172
106.008764 622 4172
106.008793 1198 4172
106.009664 110 4172
106.009701 1198 4172
106.015673 1198 4172
106.022046 606 4172
106.022268 1198 4172
106.027615 1198 4172
106.033759 1198 4172
106.033826 718 4172
106.039631 1198 4172
106.045613 670 4172
106.045650 1198 4172
106.051746 1198 4172
106.058086 1022 4172
106.058132 1198 4172
106.062749 1198 4172
106.069618 1198 4172
106.069648 910 4172
106.076569 1198 4172
106.081651 1198 4172
106.087600 1198 4172
106.087633 894 4172
106.093613 1198 4172
106.099579 1198 4172
106.099611 1198 4172
106.103496 1134 4172
106.111632 174 4172
106.111659 206 4172
106.111725 462 4172
106.111762 126 4172
106.111795 1198 4172
106.117687 1198 4172
106.125355 1198 4172
106.129644 1198 4172
106.129687 782 4172
106.135603 382 4172
106.135630 174 4172
106.135663 1198 4172
106.144586 670 4172
106.144613 142 4172
106.190352 206 4172
106.227588 190 4172
106.230602 398 4172
106.263044 110 4172
106.266738 1198 4172
106.266778 1198 4172
106.266812 926 4172
106.269960 1198 4172
106.270004 1198 4172
106.270041 1198 4172
106.271497 1198 4172
106.271535 1198 4172
106.271589 1198 4172
106.271622 574 4172
106.271657 110 4172
106.271687 110 4172
106.271719 110 4172
106.276672 1198 4172
106.276710 1198 4172
106.276743 1198 4172
106.276774 590 4172
106.282604 1198 4172
106.285484 1198 4172
106.285536 542 4172
106.288663 1198 4172
106.288706 606 4172
106.288744 1198 4172
106.294630 1198 4172
106.300735 1198 4172
106.306535 670 4172
106.306575 1198 4172
106.312935 1198 4172
106.312974 1198 4172
106.318662 574 4172
106.324633 1198 4172
106.330677 1198 4172
106.336525 686 4172
106.348712 1198 4172
106.353543 974 4172
106.360894 1198 4172
106.366641 1198 4172
106.366683 110 4172
106.366724 1086 4172
106.372659 1198 4172
106.378648 1198 4172
106.384544 1198 4172
106.384582 1198 4172
106.390648 1198 4172
106.394617 1198 4172
106.402679 1198 4172
106.402718 846 4172
106.408832 1198 4172
106.414649 1198 4172
106.414689 1198 4172
106.420639 1070 4172
106.435615 126 4172
106.435662 126 4172
106.553210 110 4172
106.553239 110 4172
106.558597 126 4172
106.570039 126 4172
106.579057 126 4172
106.587075 126 4172
106.595921 126 4172
106.599544 190 4172
106.612182 1038 4172
106.621091 270 4172
106.630045 126 4172
106.638115 126 4172
106.640596 126 4172
106.655773 126 4172
106.664735 558 4172
106.673752 622 4172
106.681516 766 4172
106.690731 958 4172
106.698781 894 4172
106.707761 942 4172
106.714981 894 4172
106.722592 158 4172
106.732384 1198 4172
106.732435 174 4172
106.741665 638 4172
106.749696 430 4172
106.757682 494 4172
106.763603 558 4172
106.774721 574 4172
106.782747 750 4172
106.791818 878 4172
106.800862 1166 4172
106.804588 1198 4172
106.804632 414 4172
106.804681 110 4172
106.804722 110 4172
106.817901 1198 4172
106.817940 126 4172
106.825933 1198 4172
106.825980 382 4172
106.834958 1198 4172
106.835004 606 4172
106.841657 1198 4172
106.841694 942 4172
106.845591 814 4172
106.857863 526 4172
106.866734 638 4172
106.874752 766 4172
106.883773 750 4172
106.886585 1134 4172
106.901938 1198 4172
106.909991 1198 4172
106.910035 766 4172
106.918993 1198 4172
106.919033 1198 4172
106.919075 238 4172
106.920848 1198 4172
106.920894 942 4172
106.927483 302 4172
106.937003 1198 4172
106.937043 1198 4172
106.937088 414 4172
106.944271 1198 4172
106.944325 1198 4172
106.944367 446 4172
106.952368 590 4172
106.961733 990 4172
106.968933 830 4172
106.978739 894 4172
106.986787 1118 4172
106.995906 1118 4172
107.003995 1198 4172
107.004049 990 4172
107.009583 1198 4172
107.009625 1198 4172
107.009675 254 4172
107.022239 1198 4172
107.022269 1198 4172
107.022308 942 4172
107.030050 1198 4172
107.030092 1198 4172
107.030129 1198 4172
107.030168 750 4172
107.038259 1198 4172
107.038308 1198 4172
107.038352 894 4172
107.047302 1198 4172
107.047350 1198 4172
107.047389 1198 4172
107.047433 942 4172
107.047486 1198 4172
107.050591 1198 4172
107.050638 1198 4172
107.050688 1198 4172
107.050729 206 4172
107.063841 1198 4172
107.063872 206 4172
107.071811 1198 4172
107.071847 334 4172
107.080972 1198 4172
107.081027 622 4172
107.081064 110 4172
107.081102 110 4172
107.081139 110 4172
107.089893 1198 4172
107.089932 862 4172
107.091611 1198 4172
107.108393 1198 4172
107.108422 1198 4172
107.108469 1198 4172
107.108509 1134 4172
107.108562 1198 4172
107.110702 1198 4172
107.110745 1198 4172
107.110782 414 4172
107.116439 942 4172
107.116510 1198 4172
107.121541 1198 4172
107.121589 1198 4172
107.121626 1198 4172
107.127639 1198 4172
107.132486 1166 4172
107.139626 1198 4172
107.139676 1198 4172
107.145632 1198 4172
107.151643 1198 4172
107.157627 1198 4172
107.157663 1118 4172
107.163547 1198 4172
107.169629 1198 4172
107.169673 1198 4172
107.173583 1198 4172
107.181655 606 4172
107.181691 1198 4172
107.187624 1198 4172
107.193634 1198 4172
107.193676 1198 4172
107.199627 1198 4172
107.205620 974 4172
107.211645 1198 4172
107.211681 1198 4172
107.214584 1198 4172
107.223586 1198 4172
107.223676 1198 4172
107.229562 1198 4172
107.235639 382 4172
107.235678 1102 4172
107.241661 1198 4172
107.247634 494 4172
107.253627 1198 4172
107.253685 1198 4172
107.255591 1086 4172
107.265627 1198 4172
107.265687 110 4172
107.271621 1198 4172
107.271661 1198 4172
107.277674 1198 4172
107.283623 670 4172
107.283670 1198 4172
107.289646 1198 4172
107.296582 1198 4172
107.296630 814 4172
107.352724 110 4172
107.352761 110 4172
107.352798 110 4172
107.378559 110 4172
107.460636 110 4172
107.624890 110 4172
107.624939 110 4172
107.870640 110 4172
107.870664 110 4172
107.870748 110 4172
108.157608 110 4172
108.280856 110 4172
108.361646 110 4172
108.689653 110 4172
108.935580 110 4172
109.222607 110 4172
109.263587 110 4172
109.386574 110 4172
109.755572 366 4172
109.755622 110 4172
109.755669 286 4172
109.806790 1198 4172
109.806794 974 4172
109.808031 174 4172
109.809827 174 4172
109.810769 174 4172
109.811651 174 4172
109.814260 174 4172
109.814293 174 4172
109.815112 174 4172
109.815994 174 4172
109.816952 174 4172
109.817847 174 4172
109.819303 174 4172
109.820922 174 4172
109.820953 174 4172
109.824032 1198 4172
109.824065 1198 4172
109.824093 366 4172
109.837568 174 4172
109.837607 1198 4172
109.837663 814 4172
109.919599 1198 4172
109.919677 1198 4172
109.960753 814 4172
110.001567 110 4172
110.080133 878 4172
110.083465 1198 4172
110.083517 1198 4172
110.083559 1198 4172
110.083598 638 4172
110.199782 1118 4172
110.206211 878 4172
110.206442 1198 4172
110.206486 1006 4172
110.224279 1150 4172
110.232136 1166 4172
110.241130 1070 4172
110.252608 990 4172
110.258111 110 4172
110.258158 110 4172
110.266120 1038 4172
110.275071 1198 4172
110.275167 238 4172
110.284139 1198 4172
110.284239 686 4172
110.285697 1198 4172
110.285740 846 4172
110.288444 1038 4172
110.301162 1198 4172
110.301206 206 4172
110.310324 1198 4172
110.310373 1198 4172
110.310428 1102 4172
110.319742 926 4172
110.327308 1118 4172
110.329471 1198 4172
110.329521 1198 4172
110.329558 1086 4172
110.343279 1134 4172
110.352295 1182 4172
110.352478 1198 4172
110.352524 206 4172
110.361315 110 4172
110.370320 1198 4172
110.370353 158 4172
110.370440 1198 4172
110.370484 110 4172
110.387333 1198 4172
110.387426 254 4172
110.387471 1198 4172
110.404252 1198 4172
110.404290 1198 4172
110.411567 1198 4172
110.411620 1198 4172
110.411661 318 4172
110.413705 1198 4172
110.413750 670 4172
110.415667 862 4172
110.421187 622 4172
110.426516 1198 4172
110.426563 1198 4172
110.432513 1198 4172
110.438541 1022 4172
110.444617 1150 4172
110.450595 1198 4172
110.452524 238 4172
110.462630 110 4172
110.462673 1198 4172
110.468593 1198 4172
110.474615 318 4172
110.474661 1150 4172
110.480599 1118 4172
110.491627 1198 4172
110.493554 238 4172
110.509586 318 4172
110.509636 1198 4172
110.515580 270 4172
110.515622 1198 4172
110.527674 494 4172
110.527721 1198 4172
110.533516 718 4172
110.533553 110 4172
110.533593 110 4172
110.533629 110 4172
110.534435 1198 4172
110.545596 1198 4172
110.551591 1198 4172
110.557595 1022 4172
110.563587 110 4172
110.563631 1198 4172
110.569610 1198 4172
110.575573 126 4172
110.575617 1198 4172
110.587610 1070 4172
110.593590 1198 4172
110.599591 1198 4172
110.605613 1198 4172
110.611595 990 4172
110.616893 1198 4172
110.629620 414 4172
110.629721 1198 4172
110.635533 1038 4172
110.641683 574 4172
110.653594 142 4172
110.653634 1198 4172
110.657544 1198 4172
110.665602 462 4172
110.665644 110 4172
110.665683 1198 4172
110.671601 414 4172
110.677599 1198 4172
110.683601 1198 4172
110.689598 622 4172
110.695586 1198 4172
110.698608 894 4172
110.707605 1198 4172
110.713611 526 4172
110.713655 1198 4172
110.719586 1198 4172
110.725605 830 4172
110.731599 1198 4172
110.739470 1198 4172
110.749615 702 4172
110.749732 1198 4172
110.755596 1198 4172
110.761607 702 4172
110.767591 1198 4172
110.773581 1198 4172
110.780566 110 4172
110.780612 1198 4172
110.791517 1198 4172
110.803616 174 4172
110.803658 174 4172
110.803694 110 4172
110.803731 110 4172
110.803769 1198 4172
110.809624 286 4172
110.809673 1198 4172
110.815584 318 4172
110.815628 1198 4172
110.821458 766 4172
110.827505 1198 4172
110.833604 574 4172
110.839589 1198 4172
110.845655 910 4172
110.851598 1198 4172
110.857610 1150 4172
110.862552 110 4172
110.862600 1198 4172
110.869509 1022 4172
110.875603 1198 4172
110.881598 1198 4172
110.887527 334 4172
110.887571 1198 4172
110.893598 1198 4172
110.899522 510 4172
110.903547 1198 4172
110.911490 1198 4172
110.917535 1022 4172
110.923506 1198 4172
110.929594 1198 4172
110.935476 1198 4172
110.944551 430 4172
110.944592 1198 4172
110.953628 462 4172
110.959485 1198 4172
110.965587 702 4172
110.971494 110 4172
110.971525 1198 4172
110.977587 1198 4172
110.983595 1006 4172
110.985556 1198 4172
110.995551 1166 4172
111.001582 1198 4172
111.001623 1198 4172
111.007539 1198 4172
111.013576 1198 4172
111.019489 526 4172
111.025605 1198 4172
111.026539 1198 4172
111.037702 1118 4172
111.043588 1198 4172
111.049564 1198 4172
111.055589 494 4172
111.055633 110 4172
111.055671 110 4172
111.055708 110 4172
111.055745 1198 4172
111.061589 1118 4172
111.067577 1198 4172
111.073545 1198 4172
111.079603 110 4172
111.079644 1198 4172
111.085594 638 4172
111.091592 1198 4172
111.097605 1198 4172
111.103489 1198 4172
111.108550 1198 4172
111.115628 1198 4172
111.121564 574 4172
111.121606 1198 4172
111.127581 846 4172
111.133601 1198 4172
111.139593 1198 4172
111.145588 286 4172
111.145629 1198 4172
111.149543 1198 4172
111.157529 286 4172
111.157564 1198 4172
111.169580 526 4172
111.169629 1198 4172
111.175579 110 4172
111.175627 1198 4172
111.181595 366 4172
111.181634 1198 4172
111.187571 1198 4172
111.190536 1198 4172
111.199586 414 4172
111.205589 1198 4172
111.211591 1198 4172
111.211638 1198 4172
111.217580 286 4172
111.223564 1198 4172
111.229589 910 4172
111.231544 1198 4172
111.241607 686 4172
111.241646 1198 4172
111.247571 1198 4172
111.253574 1198 4172
111.259618 1198 4172
111.265583 558 4172
111.265634 110 4172
111.271536 1198 4172
111.271569 1198 4172
111.272734 1198 4172
111.283632 1198 4172
111.289709 1198 4172
111.295556 318 4172
111.295603 766 4172
111.301590 1102 4172
111.307582 1038 4172
111.313523 1102 4172
111.313572 1102 4172
111.319536 974 4172
111.322269 110 4172
111.322313 110 4172
111.322351 110 4172
111.331231 1198 4172
111.339153 1118 4172
111.348197 558 4172
111.352743 1198 4172
111.352781 126 4172
111.354555 110 4172
111.395589 1086 4172
111.477657 110 4172
111.559555 110 4172
111.600620 110 4172
111.600649 110 4172
111.600703 110 4172
111.886682 110 4172
112.132607 110 4172
112.132639 110 4172
112.132696 110 4172
112.255548 110 4172
112.378598 110 4172
112.419618 110 4172
112.949564 110 4172
113.194621 110 4172
113.276569 110 4172
113.358515 110 4172
113.481473 110 4172
114.259497 110 4172
114.381498 110 4172
115.282581 110 4172
115.364525 110 4172
116.265492 110 4172
116.368569 110 4172
116.388501 110 4172
117.288544 110 4172
117.370461 110 4172
118.272546 110 4172
118.354583 110 4172
119.049525 110 4172
119.253366 110 4172
119.376477 110 4172
120.275469 110 4172
120.357396 110 4172
121.256478 110 4172
121.379395 110 4172
121.706381 110 4172
122.279348 110 4172
122.361380 110 4172
123.261446 110 4172
123.384344 110 4172
124.283402 110 4172
124.352810 110 4172
124.365340 110 4172
125.264439 110 4172
125.387374 110 4172
125.921290 1198 4172
125.921341 1198 4172
125.921375 1198 4172
125.921407 1198 4172
125.921449 1198 4172
125.921471 1198 4172
125.921502 1022 4172
125.921550 1198 4172
125.922361 1198 4172
125.922394 1198 4172
125.922426 462 4172
125.922457 1198 4172
125.922493 1198 4172
125.928555 1198 4172
125.934382 286 4172
125.934437 1198 4172
125.934473 1198 4172
125.940369 1198 4172
125.946436 1198 4172
125.954676 1198 4172
125.958482 1198 4172
125.962324 1198 4172
125.970356 1198 4172
125.976480 222 4172
125.976534 1198 4172
125.982386 1198 4172
125.988331 1198 4172
125.988383 1198 4172
125.996022 1198 4172
126.000342 1198 4172
126.003288 1198 4172
126.018409 1198 4172
126.024426 1198 4172
126.024480 1198 4172
126.030374 1198 4172
126.036360 1198 4172
126.042395 1198 4172
126.043673 60 60000
126.054425 1070 4172
126.060397 1198 4172
126.066418 1198 4172
126.072535 1198 4172
126.072599 1198 4172
126.078474 1198 4172
126.084470 1198 4172
126.085423 1198 4172
126.096359 542 4172
126.096434 1198 4172
126.102328 1198 4172
126.108483 350 4172
126.108518 1198 4172
126.114428 1198 4172
126.120458 1198 4172
126.126370 1198 4172
126.132404 1198 4172
126.132442 1198 4172
126.138457 1198 4172
126.144394 1198 4172
126.150391 302 4172
126.150437 1198 4172
126.156387 1198 4172
126.162393 1198 4172
126.167281 1198 4172
126.174490 1198 4172
126.174526 1198 4172
126.180344 1198 4172
126.186455 1198 4172
126.192430 606 4172
126.192490 1198 4172
126.198435 1198 4172
126.204355 110 4172
126.204395 1198 4172
126.208273 1198 4172
126.218827 1198 4172
126.222348 1198 4172
126.222389 1198 4172
126.228390 1198 4172
126.234360 238 4172
126.234407 1198 4172
126.240383 1198 4172
126.246394 1198 4172
126.249351 1198 4172
126.258342 1198 4172
126.258385 1198 4172
126.270374 974 4172
126.276335 110 4172
126.276382 1198 4172
126.288445 1198 4172
126.288597 1198 4172
126.300396 1198 4172
126.306392 1134 4172
126.312486 1198 4172
126.312519 1198 4172
126.318341 1198 4172
126.324390 1198 4172
126.330439 1198 4172
126.331298 1198 4172
126.331358 1198 4172
126.342396 1198 4172
126.348393 1198 4172
126.354381 894 4172
126.354422 1198 4172
126.360431 1198 4172
126.366411 110 4172
126.366467 1198 4172
126.373658 1198 4172
126.373812 1198 4172
126.378479 1198 4172
126.384402 1198 4172
126.390380 1022 4172
126.396822 1198 4172
126.396859 1198 4172
126.402379 1198 4172
126.409922 1198 4172
126.414409 1198 4172
126.414451 1086 4172
126.418661 1198 4172
126.432184 1198 4172
126.432964 1198 4172
126.432997 1198 4172
126.438404 1198 4172
126.444384 1150 4172
126.450669 1198 4172
126.473141 1198 4172
126.476059 622 4172
126.476182 1198 4172
126.476330 1198 4172
126.480382 1198 4172
126.480418 110 4172
126.480451 110 4172
126.480479 1198 4172
126.480508 1198 4172
126.487033 1198 4172
126.487072 590 4172
126.492827 1198 4172
126.517021 1198 4172
126.517411 1198 4172
126.517461 1198 4172
126.522471 1198 4172
126.522504 1198 4172
126.522573 718 4172
126.522619 1198 4172
126.533006 1198 4172
126.533047 1198 4172
126.535040 1198 4172
126.540420 1198 4172
126.546408 1198 4172
126.546443 814 4172
126.553088 1198 4172
126.571397 1198 4172
126.576132 1198 4172
126.576175 110 4172
126.576212 1198 4172
126.576246 1182 4172
126.582393 1198 4172
126.588466 1198 4172
126.597078 126 4172
126.597122 1198 4172
126.597143 1198 4172
126.601832 1198 4172
126.608460 1198 4172
126.614717 1198 4172
126.620328 1198 4172
126.633021 878 4172
126.634278 1198 4172
126.635568 1198 4172
126.638057 1198 4172
126.638910 1198 4172
126.642607 1198 4172
126.658438 734 4172
126.659132 1198 4172
126.659694 1198 4172
126.660729 1198 4172
126.660770 1198 4172
126.666411 1198 4172
126.672401 718 4172
126.672439 1198 4172
126.678398 1198 4172
126.684391 1198 4172
126.684428 1198 4172
126.690402 1198 4172
126.698959 398 4172
126.699329 1198 4172
126.702327 1198 4172
126.704806 1198 4172
126.704839 1198 4172
126.714400 1198 4172
126.720413 1198 4172
126.726403 1198 4172
126.726435 398 4172
126.733068 110 4172
126.733410 1198 4172
126.733461 1198 4172
126.739048 1198 4172
126.744617 1198 4172
126.745454 1198 4172
126.753079 1134 4172
126.756389 1198 4172
126.769208 1198 4172
126.769446 1198 4172
126.774413 1198 4172
126.774483 1198 4172
126.782654 942 4172
126.786373 1198 4172
126.800647 1198 4172
126.804644 1198 4172
126.814102 1198 4172
126.814232 1198 4172
126.814256 590 4172
126.814281 1198 4172
126.816414 1198 4172
126.822400 1198 4172
126.836861 1198 4172
126.836906 1198 4172
126.841445 1198 4172
126.854285 1198 4172
126.854368 542 4172
126.854424 1198 4172
126.862201 1198 4172
126.862303 1198 4172
126.862350 1198 4172
126.862470 1198 4172
126.870387 1198 4172
126.870429 446 4172
126.876405 1198 4172
126.876484 1198 4172
126.883605 1198 4172
126.888513 1198 4172
126.895347 1198 4172
126.895493 1198 4172
126.901012 830 4172
126.906136 1198 4172
126.906187 1198 4172
126.916748 1198 4172
126.919825 1198 4172
126.927306 1086 4172
126.927355 366 4172
126.927388 174 4172
126.927411 1198 4172
126.931374 1198 4172
126.937401 1198 4172
126.937731 60 60000
126.944866 542 4172
126.946248 1198 4172
126.947395 1198 4172
126.952250 1198 4172
126.961243 1198 4172
126.962437 798 4172
126.968112 1198 4172
126.973445 1198 4172
126.979364 1198 4172
126.979409 1022 4172
126.985437 1198 4172
126.991318 1198 4172
126.991354 1198 4172
126.998487 1198 4172
127.001069 1198 4172
127.015186 110 4172
127.015201 1086 4172
127.015315 1198 4172
127.015369 1198 4172
127.024364 1198 4172
127.027391 1198 4172
127.027427 1198 4172
127.033388 206 4172
127.033431 1198 4172
127.040069 1198 4172
127.041290 1198 4172
127.041328 1198 4172
127.051389 1150 4172
127.060829 1198 4172
127.061328 1198 4172
127.063385 1198 4172
127.069357 1198 4172
127.075836 1086 4172
127.084683 1198 4172
127.088523 1198 4172
127.088572 1198 4172
127.093372 1198 4172
127.105355 750 4172
127.106130 1198 4172
127.111385 1198 4172
127.111427 1198 4172
127.111460 1198 4172
127.117381 638 4172
127.117432 1198 4172
127.127499 1198 4172
127.129397 1198 4172
127.135391 1198 4172
127.135430 574 4172
127.141391 1198 4172
127.141421 1198 4172
127.147376 1198 4172
127.153410 1198 4172
127.159405 494 4172
127.159458 1198 4172
127.165463 1198 4172
127.165503 1198 4172
127.170446 1198 4172
127.183229 382 4172
127.183359 1198 4172
127.189367 1198 4172
127.189406 1198 4172
127.195530 366 4172
127.195584 1198 4172
127.201355 1198 4172
127.207351 1198 4172
127.211313 1198 4172
127.211348 1198 4172
127.219340 590 4172
127.219401 1198 4172
127.228691 1198 4172
127.231444 1198 4172
127.237364 878 4172
127.237419 446 4172
127.243962 1134 4172
127.255242 1198 4172
127.255335 1198 4172
127.259552 1198 4172
127.259640 670 4172
127.267343 110 4172
127.267383 1198 4172
127.267445 1198 4172
127.282729 1198 4172
127.285382 1198 4172
127.285421 110 4172
127.285451 1198 4172
127.285482 782 4172
127.291406 1198 4172
127.300877 1198 4172
127.300911 1198 4172
127.303365 1198 4172
127.309383 1006 4172
127.309419 1198 4172
127.316166 1198 4172
127.325859 1198 4172
127.334843 1198 4172
127.343498 1086 4172
127.354153 1198 4172
127.356531 1198 4172
127.356688 1198 4172
127.357403 1198 4172
127.357438 1198 4172
127.357494 206 4172
127.357528 1198 4172
127.364943 1198 4172
127.365005 1198 4172
127.368020 1198 4172
127.381372 1150 4172
127.381408 1198 4172
127.381445 1198 4172
127.387409 1198 4172
127.393370 1198 4172
127.399377 1198 4172
127.412462 1198 4172
127.431805 1198 4172
127.431848 1198 4172
127.431973 734 4172
127.441223 1198 4172
127.441329 1198 4172
127.441367 1198 4172
127.441407 1198 4172
127.441452 622 4172
127.447391 1198 4172
127.447421 1086 4172
127.447454 1198 4172
127.457355 1198 4172
127.459185 1198 4172
127.465397 558 4172
127.465439 1198 4172
127.472145 1198 4172
127.472177 1198 4172
127.478089 1198 4172
127.484730 478 4172
127.484755 1198 4172
127.494111 1198 4172
127.495369 1198 4172
127.495400 1198 4172
127.499344 366 4172
127.499370 1198 4172
127.507368 1198 4172
127.513538 1198 4172
127.519370 1198 4172
127.519405 350 4172
127.519438 1198 4172
127.525370 1198 4172
127.537392 1198 4172
127.537419 574 4172
127.540323 1198 4172
127.540363 1086 4172
127.549368 110 4172
127.549397 1198 4172
127.555377 1198 4172
127.561397 1198 4172
127.561422 1198 4172
127.567371 574 4172
127.567397 1198 4172
127.573346 1198 4172
127.579416 1198 4172
127.581381 1198 4172
127.581421 910 4172
127.591378 1198 4172
127.597373 1198 4172
127.597411 1198 4172
127.603378 1198 4172
127.609354 1198 4172
127.615312 110 4172
127.615359 1198 4172
127.615399 1198 4172
127.621309 1198 4172
127.622254 1198 4172
127.633328 1198 4172
127.633358 238 4172
127.633396 1198 4172
127.639424 1198 4172
127.645328 1198 4172
127.651326 1198 4172
127.651365 1198 4172
127.657434 414 4172
127.657482 1198 4172
127.663308 1198 4172
127.669457 1198 4172
127.675321 1198 4172
127.675373 1198 4172
127.681405 142 4172
127.681457 1198 4172
127.687340 1198 4172
127.693333 1198 4172
127.693378 1198 4172
127.699322 1182 4172
127.704775 1198 4172
127.711354 1198 4172
127.711382 1198 4172
127.717437 1198 4172
127.723321 782 4172
127.723364 1198 4172
127.729344 1198 4172
127.735314 1198 4172
127.735365 1198 4172
127.741339 670 4172
127.745384 1198 4172
127.745425 1198 4172
127.753325 1198 4172
127.759320 1198 4172
127.759387 590 4172
127.765306 1198 4172
127.771326 1198 4172
127.771370 1198 4172
127.777388 1198 4172
127.783308 510 4172
127.783356 1198 4172
127.786310 1198 4172
127.786356 1198 4172
127.801454 366 4172
127.801495 1198 4172
127.807312 1198 4172
127.813345 1198 4172
127.819316 110 4172
127.819359 366 4172
127.825405 1198 4172
127.827270 1198 4172
127.837430 1198 4172
127.837481 1198 4172
127.843317 1198 4172
127.849421 590 4172
127.849464 1198 4172
127.855315 1198 4172
127.861328 814 4172
127.861370 1198 4172
127.867336 1198 4172
127.868369 1198 4172
127.868418 862 4172
127.909443 654 4172
127.909540 126 4172
128.027790 126 4172
128.032264 126 4172
128.043966 126 4172
128.052835 126 4172
128.061733 126 4172
128.070830 126 4172
128.073269 126 4172
128.073336 110 4172
128.087745 126 4172
128.096887 126 4172
128.105740 126 4172
128.114386 126 4172
128.132316 126 4172
128.132406 1198 4172
128.142485 1198 4172
128.142583 1198 4172
128.142614 1198 4172
128.142651 1198 4172
128.142689 1038 4172
128.145003 1022 4172
128.148700 126 4172
128.155272 206 4172
128.167884 1070 4172
128.176787 1198 4172
128.176840 398 4172
128.185964 1198 4172
128.186013 574 4172
128.194916 1198 4172
128.194954 910 4172
128.196369 862 4172
128.211946 1198 4172
128.211986 686 4172
128.220724 1198 4172
128.220769 526 4172
128.222945 1198 4172
128.222981 174 4172
128.229698 1198 4172
128.237281 1118 4172
128.246679 1198 4172
128.252747 1150 4172
128.254705 110 4172
128.263745 910 4172
128.272697 862 4172
128.278261 1150 4172
128.291716 1198 4172
128.291802 1198 4172
128.291836 1198 4172
128.291875 1086 4172
128.298733 1198 4172
128.298778 222 4172
128.307952 1198 4172
128.307990 446 4172
128.316905 1198 4172
128.316942 1198 4172
128.316979 142 4172
128.319260 1198 4172
128.319298 1198 4172
128.319337 414 4172
128.333088 1198 4172
128.333174 1198 4172
128.333210 782 4172
128.333259 1198 4172
128.342051 1198 4172
128.342096 798 4172
128.342137 110 4172
128.342175 110 4172
128.342212 110 4172
128.342264 1198 4172
128.350075 1198 4172
128.350121 558 4172
128.352700 1198 4172
128.352751 542 4172
128.360588 1198 4172
128.360630 1150 4172
128.375887 1198 4172
128.375976 926 4172
128.378059 1198 4172
128.378112 1006 4172
128.384815 1198 4172
128.392943 1198 4172
128.392991 894 4172
128.401264 1198 4172
128.401308 318 4172
128.409966 1198 4172
128.410008 334 4172
128.418386 1198 4172
128.418427 782 4172
128.427773 1198 4172
128.427815 430 4172
128.436717 1198 4172
128.436765 574 4172
128.442265 1198 4172
128.442316 1198 4172
128.442358 110 4172
128.452738 1198 4172
128.452776 1198 4172
128.452813 1198 4172
128.452849 590 4172
128.462257 110 4172
128.462301 1198 4172
128.462350 1198 4172
128.462391 1198 4172
128.462429 1086 4172
128.462485 1198 4172
128.470388 1198 4172
128.470430 1198 4172
128.470473 1198 4172
128.470512 734 4172
128.479185 1198 4172
128.479255 1198 4172
128.479305 1198 4172
128.479344 1198 4172
128.479381 590 4172
128.479431 1198 4172
128.483263 1198 4172
128.483320 1198 4172
128.487307 1198 4172
128.487347 126 4172
128.493345 1198 4172
128.499316 1198 4172
128.499363 1198 4172
128.505322 1102 4172
128.511335 1198 4172
128.517305 1198 4172
128.517354 1198 4172
128.523326 558 4172
128.523373 1198 4172
128.524359 1198 4172
128.541455 190 4172
128.541484 1198 4172
128.541575 1198 4172
128.547352 1198 4172
128.553312 366 4172
128.553354 1198 4172
128.559298 1198 4172
128.565315 1198 4172
128.565356 1198 4172
128.571341 110 4172
128.571382 206 4172
128.571419 1198 4172
128.577324 1198 4172
128.583309 622 4172
128.583360 1198 4172
128.589327 1198 4172
128.595300 606 4172
128.595344 1198 4172
128.601338 1198 4172
128.601379 1198 4172
128.606264 382 4172
128.606303 110 4172
128.606339 110 4172
128.613314 1198 4172
128.613415 1198 4172
128.619310 110 4172
128.619357 1198 4172
128.625349 1198 4172
128.625388 270 4172
128.631302 1198 4172
128.631343 1198 4172
128.637329 1198 4172
128.643346 574 4172
128.643394 1198 4172
128.647258 1198 4172
128.655292 1198 4172
128.655348 1198 4172
128.661427 110 4172
128.661482 1198 4172
128.667306 814 4172
128.667345 1198 4172
128.673402 1198 4172
128.679309 1198 4172
128.685308 1198 4172
128.685350 1198 4172
128.688364 1198 4172
128.697416 350 4172
128.697460 1198 4172
128.703295 1198 4172
128.703333 1198 4172
128.709415 1198 4172
128.715311 1198 4172
128.721299 1198 4172
128.721350 1198 4172
128.727294 110 4172
128.727339 1198 4172
128.729270 1198 4172
128.739357 1198 4172
128.739442 1198 4172
128.751329 1198 4172
128.751384 974 4172
128.757398 1198 4172
128.763348 1198 4172
128.763382 1198 4172
128.769429 1198 4172
128.770368 110 4172
128.770411 1198 4172
128.781439 1198 4172
128.781537 1198 4172
128.787298 494 4172
128.787334 1198 4172
128.793436 1198 4172
128.799305 1198 4172
128.805301 1198 4172
128.805357 1198 4172
128.811274 1198 4172
128.817402 318 4172
128.817444 1198 4172
128.823317 1198 4172
128.823390 1198 4172
128.829313 1198 4172
128.835301 1198 4172
128.841434 702 4172
128.841507 1198 4172
128.847349 1198 4172
128.847387 1198 4172
128.852377 1198 4172
128.859428 1198 4172
128.865409 206 4172
128.865448 110 4172
128.865485 1198 4172
128.865522 1198 4172
128.871287 1198 4172
128.883298 110 4172
128.883390 110 4172
128.883421 110 4172
128.883459 1198 4172
128.889317 558 4172
128.889356 1198 4172
128.893363 1198 4172
128.893411 1198 4172
128.907318 1198 4172
128.907401 1198 4172
128.913296 286 4172
128.913341 1198 4172
128.919393 1198 4172
128.925402 1198 4172
128.925441 1198 4172
128.931299 334 4172
128.931337 1198 4172
128.934256 1198 4172
128.943323 1198 4172
128.949323 1198 4172
128.949352 462 4172
128.955339 1198 4172
128.955386 1198 4172
128.961312 1198 4172
128.967299 110 4172
128.967343 1198 4172
128.967386 1198 4172
128.973329 430 4172
128.973376 1198 4172
128.975250 1198 4172
128.985412 1038 4172
128.985501 862 4172
128.997377 1198 4172
128.997411 1198 4172
129.003350 1198 4172
129.015309 990 4172
129.015392 1198 4172
129.016571 1198 4172
129.027301 1198 4172
129.027347 1198 4172
129.033326 1198 4172
129.039317 1198 4172
129.039364 1198 4172
129.045360 1198 4172
129.051334 1198 4172
129.057315 1198 4172
129.057353 1102 4172
129.063307 1198 4172
129.069319 1198 4172
129.069361 1198 4172
129.075300 110 4172
129.075347 1198 4172
129.087307 1198 4172
129.087400 1198 4172
129.098320 1198 4172
129.098411 1198 4172
129.105410 638 4172
129.111282 1198 4172
129.111326 1198 4172
129.117406 1198 4172
129.123295 1198 4172
129.129308 1198 4172
129.135315 1198 4172
129.139252 1198 4172
129.139294 110 4172
129.139334 110 4172
129.139372 110 4172
129.147324 1198 4172
129.147365 1198 4172
129.153324 1198 4172
129.159372 1198 4172
129.159414 110 4172
129.159453 1198 4172
129.165306 430 4172
129.171304 1198 4172
129.177309 1198 4172
129.180292 1198 4172
129.180340 1198 4172
129.189305 1198 4172
129.195309 1198 4172
129.195356 1198 4172
129.201306 1198 4172
129.213376 1198 4172
129.213462 1198 4172
129.219303 1198 4172
129.221250 1198 4172
129.231381 1198 4172
129.231560 1198 4172
129.237307 1198 4172
129.243309 1198 4172
129.243350 286 4172
129.249299 1198 4172
129.249341 1198 4172
129.255317 1198 4172
129.261360 830 4172
129.261412 110 4172
129.262352 1198 4172
129.273440 1198 4172
129.273486 1198 4172
129.279285 1198 4172
129.285392 1198 4172
129.291319 1198 4172
129.297474 1198 4172
129.303292 1198 4172
129.309415 1198 4172
129.315284 1198 4172
129.321305 1198 4172
129.321349 1198 4172
129.327289 1198 4172
129.333363 1198 4172
129.333405 1198 4172
129.339302 958 4172
129.344257 1198 4172
129.344310 1198 4172
129.351314 1198 4172
129.357302 318 4172
129.357343 1198 4172
129.363337 1198 4172
129.363370 1198 4172
129.369439 1198 4172
129.375295 110 4172
129.375343 1198 4172
129.381310 1198 4172
129.381348 1198 4172
129.385366 1198 4172
129.393311 782 4172
129.393352 1198 4172
129.399299 1198 4172
129.405293 1198 4172
129.405338 110 4172
129.405376 110 4172
129.405413 110 4172
129.411293 1198 4172
129.411338 1198 4172
129.417318 1198 4172
129.423305 1198 4172
129.423342 1198 4172
129.426259 1198 4172
129.435334 206 4172
129.435423 1198 4172
129.441299 1198 4172
129.441346 1198 4172
129.447314 1198 4172
129.453310 1198 4172
129.453360 1198 4172
129.459292 1198 4172
129.465332 1198 4172
129.467257 862 4172
129.467290 110 4172
129.467327 1198 4172
129.477398 1198 4172
129.483329 1198 4172
129.483353 1198 4172
129.489294 1198 4172
129.495307 1198 4172
129.495357 1198 4172
129.501306 254 4172
129.501357 1198 4172
129.507288 1198 4172
129.508248 1198 4172
129.508294 1198 4172
129.519296 1198 4172
129.525342 1198 4172
129.531314 1198 4172
129.531362 334 4172
129.531405 1198 4172
129.537295 1198 4172
129.549323 1198 4172
129.549359 1198 4172
129.555366 1198 4172
129.561311 1198 4172
129.561360 1198 4172
129.567286 110 4172
129.567326 494 4172
129.567399 1198 4172
129.573356 1198 4172
129.579373 1198 4172
129.590282 590 4172
129.672604 110 4172
129.672693 110 4172
129.672729 110 4172
129.754388 110 4172
129.958572 110 4172
129.958658 110 4172
129.958714 110 4172
130.204360 110 4172
130.204457 110 4172
130.286434 110 4172
130.368301 110 4172
130.737385 110 4172
131.024426 110 4172
131.268351 110 4172
131.270336 110 4172
131.393318 110 4172
131.556409 110 4172
131.843292 110 4172
132.089382 110 4172
132.253240 110 4172
132.352878 110 4172
132.376671 110 4172
133.277386 110 4172
133.359298 110 4172
134.259346 110 4172
134.381460 110 4172
135.035262 110 4172
135.281394 110 4172
135.363372 110 4172
136.263305 110 4172
136.386269 110 4172
137.288297 110 4172
137.370306 110 4172
137.739300 110 4172
138.271318 110 4172
138.353179 110 4172
139.293328 110 4172
140.277294 110 4172
140.359393 110 4172
140.400344 110 4172
141.259251 110 4172
141.382297 110 4172
142.282203 110 4172
142.364238 110 4172
143.059238 110 4172
143.264179 110 4172
143.387233 110 4172
144.288226 110 4172
144.370247 110 4172
145.272549 110 4172
145.354197 110 4172
145.723198 110 4172
146.255089 110 4172
146.378102 110 4172
147.006388 174 4172
147.006412 174 4172
147.007630 174 4172
147.007663 174 4172
147.008269 174 4172
147.009543 174 4172
147.010190 174 4172
147.011487 174 4172
147.011518 174 4172
147.012151 174 4172
147.013462 174 4172
147.013490 174 4172
147.014110 174 4172
147.015143 174 4172
147.018857 174 4172
147.018890 1070 4172
147.045256 1198 4172
147.045290 1198 4172
147.045340 1198 4172
147.045376 1198 4172
147.045412 142 4172
147.161020 1198 4172
147.161067 1198 4172
147.161113 270 4172
147.168183 926 4172
147.188486 1070 4172
147.205262 1118 4172
147.209119 1198 4172
147.209154 1198 4172
147.209187 1198 4172
147.209218 1198 4172
147.209250 1198 4172
147.209279 606 4172
147.220221 1198 4172
147.220256 1198 4172
147.220283 862 4172
147.220310 1198 4172
147.220335 1198 4172
147.220362 1198 4172
147.220385 1198 4172
147.226173 1198 4172
147.226207 1198 4172
147.226235 750 4172
147.232286 1198 4172
147.232317 1198 4172
147.238181 1198 4172
147.238211 1198 4172
147.244182 1198 4172
147.250135 1198 4172
147.250181 846 4172
147.262553 1198 4172
147.269091 1198 4172
147.269123 1198 4172
147.274191 1198 4172
147.274225 110 4172
147.274255 1198 4172
147.280182 1198 4172
147.286195 1198 4172
147.292203 126 4172
147.292260 126 4172
147.292310 1198 4172
147.298174 1198 4172
147.304387 1198 4172
147.310201 1198 4172
147.316179 110 4172
147.316211 1198 4172
147.316242 1198 4172
147.322208 1054 4172
147.328187 1198 4172
147.333954 1198 4172
147.340188 1198 4172
147.340216 1198 4172
147.346197 1198 4172
147.358218 1198 4172
147.358239 1198 4172
147.364194 1198 4172
147.370216 110 4172
147.370238 1198 4172
147.374104 1198 4172
147.382159 1006 4172
147.382193 1198 4172
147.389192 926 4172
147.394183 1198 4172
147.401562 1198 4172
147.406247 1198 4172
147.412116 238 4172
147.412161 1198 4172
147.415172 1198 4172
147.415216 1198 4172
147.424147 1198 4172
147.431012 1198 4172
147.436181 1198 4172
147.442184 1198 4172
147.442219 1198 4172
147.452438 590 4172
147.454172 1198 4172
147.454211 1198 4172
147.456264 1198 4172
147.466289 1198 4172
147.472199 1198 4172
147.472228 1198 4172
147.478127 1198 4172
147.484187 1198 4172
147.490180 1198 4172
147.497208 1198 4172
147.497276 1198 4172
147.508193 398 4172
147.508244 1198 4172
147.514293 1198 4172
147.520154 1198 4172
147.526099 1198 4172
147.526139 1198 4172
147.532167 1198 4172
147.538099 1198 4172
147.544111 558 4172
147.544149 1198 4172
147.550161 1198 4172
147.556110 1198 4172
147.562210 1198 4172
147.568151 1198 4172
147.574092 606 4172
147.574135 110 4172
147.574169 1198 4172
147.579066 1198 4172
147.586107 1198 4172
147.592208 1198 4172
147.592244 1198 4172
147.598119 1198 4172
147.610211 494 4172
147.610306 1198 4172
147.616117 1198 4172
147.620056 1198 4172
147.620090 1198 4172
147.628100 1198 4172
147.634109 1198 4172
147.646136 926 4172
147.646166 1198 4172
147.652195 1198 4172
147.658251 1198 4172
147.658280 1198 4172
147.661588 1198 4172
147.670181 1198 4172
147.677949 1198 4172
147.678587 542 4172
147.682640 366 4172
147.683240 1198 4172
147.699589 1198 4172
147.701146 1198 4172
147.701171 1198 4172
147.701205 1198 4172
147.712636 1198 4172
147.713140 302 4172
147.713179 1198 4172
147.718084 1198 4172
147.718189 1198 4172
147.727722 1198 4172
147.731122 1198 4172
147.738415 926 4172
147.738444 1198 4172
147.743104 1198 4172
147.749098 1198 4172
147.756959 1198 4172
147.761624 1198 4172
147.763882 910 4172
147.775083 1198 4172
147.775133 1198 4172
147.779127 1198 4172
147.786366 1198 4172
147.791156 1198 4172
147.797098 1198 4172
147.797134 1198 4172
147.807472 1198 4172
147.809095 254 4172
147.809130 1198 4172
147.815089 1198 4172
147.823629 1198 4172
147.825150 1198 4172
147.825186 910 4172
147.833380 1198 4172
147.839135 1198 4172
147.839173 1198 4172
147.845115 1198 4172
147.855769 110 4172
147.855802 222 4172
147.855834 1198 4172
147.857090 1198 4172
147.863772 1198 4172
147.869697 1198 4172
147.869725 1198 4172
147.875112 574 4172
147.881176 1198 4172
147.881203 1198 4172
147.887193 1198 4172
147.893128 1198 4172
147.900306 1198 4172
147.900329 1198 4172
147.905730 1198 4172
147.910059 1198 4172
147.927933 142 4172
147.927970 1198 4172
147.932144 190 4172
147.932171 1198 4172
147.932204 1166 4172
147.938314 1198 4172
147.938347 1198 4172
147.944274 1198 4172
147.950295 1198 4172
147.963620 1198 4172
147.968232 1198 4172
147.974104 1198 4172
147.980163 1198 4172
147.986124 1022 4172
147.986166 1198 4172
147.992313 1198 4172
147.998135 1198 4172
148.004220 574 4172
148.004291 1198 4172
148.016257 1198 4172
148.016311 942 4172
148.022119 1198 4172
148.028259 1198 4172
148.033180 1198 4172
148.033216 1198 4172
148.040235 1150 4172
148.046127 1198 4172
148.052219 1198 4172
148.058928 1198 4172
148.058969 1198 4172
148.064223 1198 4172
148.074089 334 4172
148.074130 1198 4172
148.082158 1198 4172
148.082211 1198 4172
148.088255 1198 4172
148.094156 158 4172
148.094207 1198 4172
148.100216 1198 4172
148.106151 110 4172
148.106196 1198 4172
148.106242 1198 4172
148.115168 910 4172
148.115220 1198 4172
148.124120 1198 4172
148.130213 1198 4172
148.136214 1198 4172
148.142097 1198 4172
148.142143 510 4172
148.148209 1198 4172
148.154201 1198 4172
148.154241 1198 4172
148.156158 1198 4172
148.166131 1198 4172
148.172213 1198 4172
148.172255 1198 4172
148.178216 1198 4172
148.184199 222 4172
148.184243 1198 4172
148.190093 1198 4172
148.196161 1198 4172
148.196207 1198 4172
148.208099 1166 4172
148.214222 1198 4172
148.220096 1198 4172
148.220137 1198 4172
148.226205 1198 4172
148.232212 1198 4172
148.232259 894 4172
148.238054 1198 4172
148.244191 1198 4172
148.250091 1198 4172
148.250138 1198 4172
148.256200 1198 4172
148.262209 1198 4172
148.268199 1198 4172
148.268247 590 4172
148.274179 110 4172
148.274214 1198 4172
148.279163 1198 4172
148.286114 1198 4172
148.286157 1198 4172
148.292241 1198 4172
148.298167 1198 4172
148.298202 590 4172
148.304207 1198 4172
148.310203 1198 4172
148.310310 1198 4172
148.316236 1198 4172
148.320165 1198 4172
148.328213 1198 4172
148.334211 478 4172
148.334258 1198 4172
148.340083 1198 4172
148.340128 1198 4172
148.346221 1198 4172
148.352206 1198 4172
148.358217 1198 4172
148.361172 894 4172
148.361210 1198 4172
148.370211 1198 4172
148.376212 110 4172
148.376255 110 4172
148.376293 1198 4172
148.376330 1198 4172
148.382205 1198 4172
148.388260 1198 4172
148.394129 526 4172
148.394162 1198 4172
148.400135 1198 4172
148.402062 1198 4172
148.412207 958 4172
148.412345 1198 4172
148.418143 1198 4172
148.424210 1198 4172
148.430160 1198 4172
148.430195 1198 4172
148.436214 334 4172
148.436270 1198 4172
148.442097 862 4172
148.443156 766 4172
148.454104 622 4172
148.454151 1198 4172
148.460204 1198 4172
148.466199 1198 4172
148.472531 302 4172
148.472574 222 4172
148.472612 1198 4172
148.472654 1198 4172
148.478214 766 4172
148.484156 846 4172
148.484216 510 4172
148.523159 958 4172
148.525053 334 4172
148.563560 350 4172
148.566053 974 4172
148.607176 222 4172
148.607200 350 4172
148.607230 1198 4172
148.607256 286 4172
148.648114 110 4172
148.665264 174 4172
148.665300 1198 4172
148.665322 718 4172
148.689125 1198 4172
148.689208 1198 4172
148.689253 718 4172
148.696606 814 4172
148.729829 1198 4172
148.729874 1022 4172
148.730042 1198 4172
148.730082 1198 4172
148.730117 926 4172
148.771089 254 4172
148.771129 1198 4172
148.771170 1038 4172
148.812287 382 4172
148.831679 1198 4172
148.832076 782 4172
148.838098 1198 4172
148.838145 1198 4172
148.838182 558 4172
148.838221 1198 4172
148.838258 1198 4172
148.838295 958 4172
148.838331 1198 4172
148.838366 1198 4172
148.838401 926 4172
148.844234 1198 4172
148.844278 1198 4172
148.846163 1198 4172
148.846203 254 4172
148.846241 142 4172
148.853154 1198 4172
148.864114 1006 4172
148.894144 142 4172
148.930589 238 4172
148.930669 110 4172
148.930671 110 4172
148.930702 110 4172
148.935158 510 4172
148.976327 1198 4172
148.976426 1198 4172
148.976428 302 4172
