0 866447.5538 263152696 42350.1618 168331623 .5475
0.5 866447.5538 263152696 42375.4206 124948692 .4062
3 866447.5538 263152696 42344.5618 65010676 .2115
5 866447.5538 263152696 42440.7362 50109669 .1626
10 866447.5538 263152696 42440.7362 37292932 .1210
0 866987.0157 267618436 42765.6303 240505719 .7623
0.5 866987.0157 267618436 41316.8348 144220406 .4731
3 866987.0157 267618436 42320.6377 62502188 .2001
5 866987.0157 267618436 42343.9611 49827053 .1595
10 866987.0157 267618436 42317.3425 36741794 .1176
0 866347.9306 264371513 42330.4166 229747355 .7441
0.5 866347.9306 264371513 42291.3407 128764266 .4174
3 866347.9306 264371513 42455.8072 239098383 .7721
5 866347.9306 264371513 44074.0569 24589962 .0764
10 866347.9306 264371513 42340.8598 33094565 .1071
0 865808.866 263552603 68954.6672 224730648 .4479
0.5 865808.866 263552603 42311.7816 126608447 .4112
3 865808.866 263552603 42272.4912 62062945 .2018
10 865808.866 263552603 42313.3218 37293814 .1211
0 865773.2375 263176154 42343.6857 225474145 .7329
0.5 865773.2375 263176154 42704.2078 124794517 .4022
5 865773.2375 263176154 42270.6968 47473223 .1545
10 865773.2375 263176154 42218.8704 36854914 .1201
0 864772.4038 265353942 42259.1402 229869342 .7417
0.5 864772.4038 265353942 42285.7285 128567670 .4145
3 864772.4038 265353942 41213.0143 59635337 .1973
5 864772.4038 265353942 42318.5597 49007209 .1579
10 864772.4038 265353942 42289.1884 36959020 .1191
0 864796.7462 262447021 202982.9925 224704927 .1526
0.5 864796.7462 262447021 42380.7291 120527400 .3920
10 864796.7462 262447021 42457.138 35619989 .1156
0 865794.4076 267682703 42350.9018 240745945 .7692
0.5 865794.4076 267682703 42713.3971 130083867 .4121
3 865794.4076 267682703 41339.3289 64289426 .2104
10 865794.4076 267682703 42337.7009 37297278 .1192
0 864771.7385 262307086 42354.8789 224315063 .7305
0.5 864771.7385 262307086 42349.9756 119621387 .3896
3 864771.7385 262307086 42328.963 60827103 .1982
5 864771.7385 262307086 42349.4992 50732196 .1652
10 864771.7385 262307086 41256.3782 35734629 .1194
0 865752.9277 263610779 42417.7071 226185540 .7327
0.5 865752.9277 263610779 42450.5686 134049294 .4339
3 865752.9277 263610779 42438.929 22667533 .0733
5 865752.9277 263610779 42342.9233 45685816 .1482
10 865752.9277 263610779 42368.8647 16441964 .0533
0 865788.2654 264736183 42678.6034 225933073 .7243
0.5 865788.2654 264736183 43177.1751 114176727 .3618
5 865788.2654 264736183 42300.334 47822077 .1546
10 865788.2654 264736183 42278.3312 35120985 .1136
0 865823.0794 263698037 42450.5473 224699266 .7271
0.5 865823.0794 263698037 42609.3606 121015101 .3901
3 865823.0794 263698037 42313.4778 58210550 .1889
5 865823.0794 263698037 42471.587 47591217 .1539
10 865823.0794 263698037 42342.9238 36603586 .1187
0 864878.7095 263185705 41374.7616 226327213 .7521
0.5 864878.7095 263185705 42306.9628 239368428 .7779
3 864878.7095 263185705 42393.3663 59629371 .1934
5 864878.7095 263185705 42367.2061 48432290 .1571
10 864878.7095 263185705 41411.9622 33169461 .1101
0 864893.6836 262139794 42711.4804 224354186 .7251
0.5 864893.6836 262139794 42460.2348 117642004 .3824
3 864893.6836 262139794 41390.9203 57464951 .1916
5 864893.6836 262139794 42362.8045 12980583 .0422
10 864893.6836 262139794 42338.7021 37233267 .1214
0 864778.9984 260723513 42390.712 221151093 .7240
0.5 864778.9984 260723513 42648.901 111583093 .3630
3 864778.9984 260723513 42347.6288 63915552 .2094
5 864778.9984 260723513 42355.8529 47485575 .1555
10 864778.9984 260723513 42370.3083 35865404 .1174
0 864786.3967 262542153 41369.1244 228408302 .7609
0.5 864786.3967 262542153 42334.295 136783752 .4453
3 864786.3967 262542153 42389.45 66777384 .2171
10 864786.3967 262542153 41253.7057 197452391 .6596
0 864788.6576 265322768 41462.6705 237159727 .7800
0.5 864788.6576 265322768 42358.9593 130468204 .4200
3 864788.6576 265322768 41358.4699 58069024 .1914
5 864788.6576 265322768 41372.8635 7609746 .0250
0 865726.5803 263056034 42399.6481 224780409 .7300
0.5 865726.5803 263056034 42657.0937 150671752 .4863
3 865726.5803 263056034 42367.418 60859788 .1978
5 865726.5803 263056034 41272.6697 47700752 .1591
0 865813.6837 265239093 41585.5697 222332072 .7302
0.5 865813.6837 265239093 42362.4893 219197440 .7067
3 865813.6837 265239093 42374.1461 61396005 .1978
0 865886.5964 265649649 42555.1645 239796817 .7685
0.5 865886.5964 265649649 42362.2291 136668639 .4399
3 865886.5964 265649649 42372.7497 59839506 .1925
5 865886.5964 265649649 41331.1987 45461855 .1500
10 865886.5964 265649649 42345.6364 36385502 .1171
0 865786.1229 262428261 42410.9098 224825020 .7317
0.5 865786.1229 262428261 41267.7541 154737977 .5175
3 865786.1229 262428261 42336.6761 66050173 .2153
5 865786.1229 262428261 42338.1993 48024564 .1565
10 865786.1229 262428261 42230.7028 34923425 .1141
0 865789.4288 266489826 42454.4882 232838571 .7455
0.5 865789.4288 266489826 41316.8699 137300613 .4517
3 865789.4288 266489826 42317.7763 58558444 .1881
5 865789.4288 266489826 42361.293 41278264 .1324
0 864944.6087 262670551 42394.4511 226686903 .7367
0.5 864944.6087 262670551 41310.7417 132789725 .4428
3 864944.6087 262670551 41406.4326 61263571 .2038
5 864944.6087 262670551 42386.6426 10454006 .0339
10 864944.6087 262670551 42287.0012 35734056 .1164
0 864825.108 262052639 42477.871 224288284 .7290
0.5 864825.108 262052639 42474.5441 124204249 .4037
3 864825.108 262052639 42379.9255 61283359 .1996
5 864825.108 262052639 42256.0758 37249030 .1217
10 864825.108 262052639 42286.6346 34799659 .1136
0 865021.3778 262107390 42633.3277 224416544 .7268
0.5 865021.3778 262107390 41372.4644 134730091 .4496
3 865021.3778 262107390 42453.1027 57862682 .1882
5 865021.3778 262107390 42382.1714 47584795 .1550
10 865021.3778 262107390 42358.2528 36698361 .1196
0.5 865833.0328 264328206 42309.6232 124668162 .4038
3 865833.0328 264328206 41275.5864 65998838 .2191
5 865833.0328 264328206 42329.0087 52568191 .1702
10 865833.0328 264328206 42276.1159 35566078 .1153
0 864738.676 261587747 42635.2911 226324424 .7342
0.5 864738.676 261587747 42343.5485 112584904 .3677
3 864738.676 261587747 42339.8417 59322222 .1937
5 864738.676 261587747 41358.1593 49101980 .1642
10 864738.676 261587747 42262.2325 202615078 .6631
0 865800.8161 264864040 41396.8201 224398921 .7413
0.5 865800.8161 264864040 42509.5198 169098750 .5440
5 865800.8161 264864040 42328.8728 48376935 .1563
10 865800.8161 264864040 42383.3861 35607841 .1149
0 866419.3368 263977056 42501.4625 226426223 .7316
0.5 866419.3368 263977056 41310.9416 130215734 .4328
3 866419.3368 263977056 42276.9482 211150950 .6858
5 866419.3368 263977056 42319.9693 26912726 .0873
10 866419.3368 263977056 42304.5634 38067571 .1235
0.5 864913.8518 262453655 41372.0763 148225959 .4940
3 864913.8518 262453655 41273.5135 61522787 .2055
10 864913.8518 262453655 42370.9416 36724081 .1195
0 865744.0668 263348907 42373.6729 228485452 .7416
0.5 865744.0668 263348907 42743.3196 125200717 .4029
3 865744.0668 263348907 42408.9797 60669700 .1967
5 865744.0668 263348907 41260.4143 48810105 .1627
10 865744.0668 263348907 42325.4862 36965707 .1201
0 865848.9781 263752864 42383.4523 222506848 .7210
0.5 865848.9781 263752864 42309.2989 135438351 .4396
3 865848.9781 263752864 42324.3287 62252710 .2020
5 865848.9781 263752864 42416.3764 46186897 .1495
10 865848.9781 263752864 42476.145 36563468 .1182
0 866181.998 264527145 42723.0419 229803107 .7369
0.5 866181.998 264527145 41377.6269 106284391 .3519
3 866181.998 264527145 42339.2948 65393493 .2116
5 866181.998 264527145 42381.9516 51576877 .1667
10 866181.998 264527145 42371.4276 35111715 .1135
0 865781.079 263552279 42466.3571 225398361 .7295
0.5 865781.079 263552279 42373.7695 120213695 .3899
3 865781.079 263552279 41369.0911 61438562 .2041
5 865781.079 263552279 41481.797 205165997 .6798
10 865781.079 263552279 41410.5736 29168180 .0968
0 865974.7242 266759471 42616.0115 212087850 .6759
0.5 865974.7242 266759471 42546.8781 121690376 .3884
3 865974.7242 266759471 42332.496 165813823 .5320
5 865974.7242 266759471 41261.1701 48500157 .1596
0.5 864798.72 261704397 42599.718 215537641 .6995
3 864798.72 261704397 42390.9555 55027663 .1794
10 864798.72 261704397 41425.3649 34957216 .1166
0 865837.423 262896008 42581.9612 225880469 .7309
0.5 865837.423 262896008 41488.3088 110172799 .3659
3 865837.423 262896008 42408.7606 66248289 .2152
5 865837.423 262896008 42353.9203 49658039 .1615
0 865806.8693 266676257 42437.7946 239069790 .7652
0.5 865806.8693 266676257 41318.9371 237930808 .7822
3 865806.8693 266676257 42296.3767 62318704 .2001
5 865806.8693 266676257 42397.464 48382138 .1550
10 865806.8693 266676257 42338.2415 36866389 .1182
0 865823.0402 263421035 42430.2902 226769392 .7350
0.5 865823.0402 263421035 41345.6683 122311026 .4068
3 865823.0402 263421035 42361.7349 66875610 .2171
5 865823.0402 263421035 41358.8653 47518870 .1580
10 865823.0402 263421035 42375.0096 35883811 .1164
0 864704.089 262333829 42677.3212 227492921 .7351
5 864704.089 262333829 42359.6221 48214735 .1569
10 864704.089 262333829 42278.8695 35346852 .1153
0 865815.4736 263945714 41504.5174 225595070 .7460
0.5 865815.4736 263945714 42454.6252 216276433 .6991
3 865815.4736 263945714 42397.2371 63334394 .2050
5 865815.4736 263945714 42338.2846 39265828 .1272
0.5 865863.2948 263597635 42425.0365 137052556 .4439
3 865863.2948 263597635 42364.6996 69768107 .2263
5 865863.2948 263597635 42326.9147 50086944 .1626
0 865816.5426 263381684 41438.6983 225882405 .7497
0.5 865816.5426 263381684 42367.6874 241428350 .7837
3 865816.5426 263381684 41321.7987 60123773 .2001
5 865816.5426 263381684 42417.8584 48585708 .1575
10 865816.5426 263381684 42323.783 34561670 .1123
0 864870.8933 262288434 41445.1579 225077811 .7492
3 864870.8933 262288434 42446.6782 63651780 .2068
5 864870.8933 262288434 42363.2205 47523569 .1547
10 864870.8933 262288434 42518.7459 37112038 .1204
