0 867918.8293 263610933 43061.0896 225388487 .7210
0.5 867918.8293 263610933 42481.9203 112868127 .3660
3 867918.8293 263610933 42285.4775 60742298 .1978
5 867918.8293 263610933 41287.8129 47172594 .1573
10 867918.8293 263610933 42427.2895 36004070 .1169
0 864817.074 262752255 41513.8939 228654290 .7585
0.5 864817.074 262752255 42385.1823 94306689 .3064
3 864817.074 262752255 42287.1798 206389244 .6721
5 864817.074 262752255 41290.6694 206079436 .6873
10 864817.074 262752255 42285.2992 35476217 .1155
0 864840.3523 261485292 42687.6415 224692405 .7284
0.5 864840.3523 261485292 41320.7157 139143179 .4659
3 864840.3523 261485292 41299.6377 207409222 .6949
5 864840.3523 261485292 42322.0211 50624329 .1655
10 864840.3523 261485292 42366.1119 35669088 .1165
0 866725.7186 266519460 42517.773 229837891 .7355
0.5 866725.7186 266519460 41411.7801 169287473 .5562
3 866725.7186 266519460 41242.8194 208277184 .6871
5 866725.7186 266519460 42363.8486 51923978 .1667
10 866725.7186 266519460 42438.3318 36278849 .1163
0 865836.2725 265286900 42490.453 240952033 .7743
0.5 865836.2725 265286900 42414.9062 95340677 .3069
3 865836.2725 265286900 42409.7823 65490942 .2108
5 865836.2725 265286900 42355.9859 48371087 .1559
10 865836.2725 265286900 42291.6508 36206381 .1169
0 865798.3916 263597032 42420.9234 229784161 .7444
0.5 865798.3916 263597032 42759.408 140413785 .4512
3 865798.3916 263597032 42381.2767 59216325 .1920
5 865798.3916 263597032 42376.475 48274045 .1565
0 864811.5282 262604821 42556.953 226301199 .7327
0.5 864811.5282 262604821 42683.4773 148989642 .4809
3 864811.5282 262604821 41386.7497 62144276 .2068
5 864811.5282 262604821 42299.5066 49316481 .1606
10 864811.5282 262604821 42357.3875 36528647 .1188
0 865850.5896 263208952 42680.7456 225804732 .7281
0.5 865850.5896 263208952 42464.4438 150572943 .4880
3 865850.5896 263208952 42425.6615 66339974 .2152
5 865850.5896 263208952 42471.0265 50211586 .1627
10 865850.5896 263208952 42345.6801 35143884 .1142
0 865795.8236 264235155 42412.7297 226695904 .7327
0.5 865795.8236 264235155 42488.4549 140640509 .4538
3 865795.8236 264235155 42326.7995 65456247 .2120
5 865795.8236 264235155 41358.5121 49388571 .1637
10 865795.8236 264235155 42457.9461 35831671 .1157
0 867217.0321 266445880 41629.1241 229563773 .7509
0.5 867217.0321 266445880 42314.6068 215159174 .6924
3 867217.0321 266445880 42299.0688 66022397 .2125
5 867217.0321 266445880 41466.5719 235864214 .7746
10 867217.0321 266445880 41384.7827 38891883 .1279
0 864846.3895 263137563 41892.6308 226575691 .7437
0.5 864846.3895 263137563 42396.8262 146425182 .4749
3 864846.3895 263137563 41363.4745 63742920 .2119
5 864846.3895 263137563 42514.2107 47619918 .1540
10 864846.3895 263137563 41301.8492 36158478 .1203
0 864913.2661 262200435 41488.7606 224597637 .7471
0.5 864913.2661 262200435 42349.3986 139211971 .4537
3 864913.2661 262200435 41302.5643 64583373 .2158
0 866500.5651 264827026 582997.1742 229515420 .0538
0.5 866500.5651 264827026 42336.7877 136994738 .4429
3 866500.5651 264827026 42360.183 57376851 .1854
5 866500.5651 264827026 42344.735 200076769 .6468
10 866500.5651 264827026 42336.4592 38022751 .1229
0 866367.0469 263860037 3962158.7815 239402854 .0083
0.5 866367.0469 263860037 41367.8245 139965525 .4648
3 866367.0469 263860037 42393.4991 63531479 .2058
5 866367.0469 263860037 41504.2263 47362142 .1567
10 866367.0469 263860037 42303.7121 34232867 .1111
0 865421.2953 265374361 42640.697 231081976 .7394
0.5 865421.2953 265374361 42506.0738 110877583 .3559
3 865421.2953 265374361 42318.8583 64480075 .2079
5 865421.2953 265374361 41344.2776 48548560 .1602
0 866488.0748 262165419 41431.5472 220442994 .7357
0.5 866488.0748 262165419 41278.8773 147263737 .4933
3 866488.0748 262165419 42346.9177 221600101 .7236
5 866488.0748 262165419 41370.2897 46370704 .1550
10 866488.0748 262165419 42300.4034 207173167 .6772
0 865918.046 267395061 42363.9854 241651853 .7728
0.5 865918.046 267395061 42506.6766 142618856 .4546
3 865918.046 267395061 42344.4998 207115522 .6627
5 865918.046 267395061 42362.0574 28022481 .0896
10 865918.046 267395061 42395.4075 37389472 .1194
0 864755.5236 261319815 42686.9682 225407785 .7311
0.5 864755.5236 261319815 41339.9789 127334111 .4264
3 864755.5236 261319815 42331.8333 217662365 .7119
5 864755.5236 261319815 42332.2649 210400297 .6881
10 864755.5236 261319815 42369.3039 211317652 .6905
0 865941.9027 266683364 42445.2926 238959145 .7648
0.5 865941.9027 266683364 41354.3407 117887577 .3872
3 865941.9027 266683364 41382.1245 62232568 .2043
5 865941.9027 266683364 42373.2647 48662530 .1560
10 865941.9027 266683364 41362.8553 238131938 .7821
0 865863.6771 263622433 41460.5576 222514488 .7375
0.5 865863.6771 263622433 41280.7245 124741275 .4152
3 865863.6771 263622433 42415.0184 67619230 .2190
5 865863.6771 263622433 41368.2984 198750176 .6602
10 865863.6771 263622433 41361.5332 212492722 .7060
0 866597.356 267665251 41322.1577 236791141 .7762
0.5 866597.356 267665251 41666.0546 113939673 .3704
3 866597.356 267665251 42658.2925 60359438 .1916
5 866597.356 267665251 42387.696 204848781 .6546
10 866597.356 267665251 42283.7963 34292774 .1098
0 865442.9344 263526837 230575803.3536 320813626 .0001
0.5 865442.9344 263526837 42379.6557 120618376 .3910
3 865442.9344 263526837 41315.7489 208716351 .6941
5 865442.9344 263526837 42385.7063 45592111 .1478
10 865442.9344 263526837 42347.1355 37668772 .1222
