0 0 5.067796 5.060055 5.08799 4.748017 5.583981 6.361071 807296.0 1577716.0 1249070.0 1124254.0 1731928.0 2108476.0
0 3 3.34388 4.656828 5.272872 5.24988 5.201954 5.967995 241362.0 1179882.0 1054764.0 1746404.0 1424130.0 2844418.0
0 5 4.040109 8.131484 3.832282 4.743884 4.752087 6.399313 265636.0 579384.0 445646.0 482852.0 620698.0 927994.0
0 0 3.477445 4.587522 4.6977 4.334731 4.258879 6.257247 229212.0 631714.0 635128.0 450192.0 430638.0 1639048.0
0 3 4.243795 4.332019 4.243833 2.187702 5.014855 6.770928 376860.0 604494.0 531360.0 625938.0 606940.0 868616.0
0 5 3.046958 4.889842 4.840623 4.858227 5.121859 5.780857 167558.0 564266.0 671644.0 618358.0 795228.0 1459910.0
0 0 3.975743 4.888035 4.731964 4.832162 5.428118 6.368051 504194.0 794618.0 803184.0 1028516.0 1226992.0 1269472.0
0 3 3.283221 4.358664 5.268177 5.221323 5.189203 5.453064 152788.0 709026.0 938706.0 1414632.0 1067774.0 1982682.0
0 5 4.159913 4.175879 4.143685 5.079904 5.04783 6.94384 318612.0 418596.0 294038.0 399722.0 572542.0 733654.0
0 0 3.998112 5.154472 5.045297 5.948547 5.077259 5.77995 261788.0 1137946.0 1350928.0 1438978.0 1378132.0 2255652.0
0 3 3.903931 3.839917 4.543977 4.535946 5.668738 6.511077 312330.0 254366.0 330702.0 523426.0 719568.0 877566.0
0 5 3.258887 4.329646 4.275438 4.530023 5.212838 6.116662 224588.0 581176.0 474536.0 395888.0 969516.0 1567342.0
0 0 4.155867 4.2396 5.043838 4.283939 4.960127 5.777364 528852.0 517484.0 1088544.0 502496.0 1278460.0 1681546.0
0 3 3.62791 4.721176 4.687388 5.488028 5.375797 6.285446 265406.0 761070.0 810278.0 1210420.0 1270850.0 2179484.0
0 5 4.36334 3.752203 4.336022 4.587787 4.1199 6.288561 270872.0 325966.0 421262.0 486786.0 526854.0 915006.0
0 0 3.109275 4.078934 4.328641 4.939842 4.908232 5.812366 172298.0 535378.0 639486.0 683912.0 960404.0 1518018.0
0 3 3.920213 4.012091 4.852025 4.755947 3.823327 5.836037 228970.0 330934.0 480288.0 397684.0 697400.0 1112534.0
0 5 3.363633 5.504697 5.473067 5.358557 5.639407 6.080761 241214.0 1587488.0 1730446.0 2031898.0 2898304.0 2150142.0
0 0 5.087313 5.047783 5.256219 5.675779 6.395838 6.232055 1205190.0 1494448.0 1703790.0 1844248.0 1653724.0 2674854.0
0 3 3.799026 5.047284 5.673573 5.579795 5.440616 6.499495 220886.0 1561020.0 1968160.0 1770044.0 2130992.0 2240172.0
0 5 4.448081 3.588412 4.415917 2.44831 5.25151 5.119302 363608.0 274944.0 441922.0 584902.0 533328.0 797896.0
0 0 3.197972 4.370455 5.308104 4.482165 5.171659 5.964575 189026.0 640768.0 843376.0 710256.0 1047022.0 1869426.0
0 3 4.015915 4.808047 1.931779 4.611133 5.528457 4.549239 463208.0 596362.0 669232.0 709650.0 538838.0 859006.0
0 5 4.23571 4.345068 4.404938 4.172701 5.274105 4.968991 285294.0 560646.0 746720.0 456284.0 1389658.0 821066.0
0 0 4.015993 4.347952 4.995462 4.879948 5.128084 5.737326 532576.0 542352.0 1046798.0 1196916.0 1436700.0 2047610.0
0 3 3.744622 4.819737 4.759425 4.781529 5.589558 5.709593 218236.0 933012.0 619630.0 1137742.0 1603608.0 2075340.0
0 5 3.655953 3.812061 1.932361 4.692062 7.439927 5.731477 270348.0 403890.0 537254.0 523432.0 848492.0 1046984.0
0 0 3.429666 4.476858 4.434681 4.497224 5.040076 10.039688 147216.0 499534.0 623016.0 718278.0 960428.0 1966192.0
0 3 3.362614 4.192094 4.116035 4.11613 4.995881 6.791847 239520.0 219508.0 277162.0 416402.0 1199482.0 829924.0
0 5 3.078107 4.059654 4.839912 4.871761 4.556254 5.480046 149332.0 363914.0 811814.0 682426.0 510740.0 1230840.0
0 0 4.615902 4.635892 4.632049 4.435132 5.29203 6.084951 574746.0 772626.0 965684.0 664526.0 1448278.0 1853636.0
0 3 3.140678 4.372822 5.109474 4.920172 5.782078 5.96294 221980.0 784596.0 1091794.0 765100.0 1474042.0 1924058.0
0 5 3.775841 3.83995 5.15206 3.020044 3.668214 3.791997 282992.0 232910.0 497320.0 505496.0 397968.0 1219932.0
0 0 4.421495 3.748951 4.328131 7.250176 4.18709 6.094488 404522.0 342740.0 336850.0 917104.0 390604.0 1781778.0
0 3 4.235723 4.279856 4.288933 5.079903 4.043963 6.054128 345112.0 393744.0 361320.0 707402.0 432582.0 919652.0
0 5 3.156279 3.934231 4.889568 4.731592 5.077079 5.609541 188870.0 463768.0 811614.0 736570.0 1094568.0 1446264.0
0 0 3.952181 4.035927 4.499997 5.31205 5.232291 6.064644 493998.0 535150.0 501572.0 965012.0 1123966.0 1408830.0
0 3 3.140586 4.880259 4.805892 4.998932 4.710318 4.733753 182814.0 847396.0 719882.0 875586.0 879444.0 981878.0
0 5 3.69193 3.727923 3.591783 4.684363 5.527882 6.416151 231602.0 262148.0 248356.0 493286.0 855032.0 1206832.0
0 0 3.252852 4.328194 4.309303 4.250144 5.113335 5.003535 193896.0 563966.0 632990.0 486342.0 1115366.0 821210.0
0 3 4.24796 4.307795 6.507925 4.267955 3.167994 5.883212 315134.0 405294.0 675720.0 458646.0 653018.0 1154852.0
0 5 3.742972 4.772592 5.694826 9.555589 5.463224 6.321708 285740.0 1114260.0 1373100.0 1580932.0 1168758.0 2337950.0
0 0 4.311732 5.239985 5.123908 5.096086 5.834918 5.715821 795014.0 1052808.0 1020868.0 1240206.0 1669868.0 1880228.0
0 3 3.373874 4.608413 5.327735 5.217347 5.530153 6.062911 291094.0 1092234.0 1321708.0 1082376.0 1694676.0 2256126.0
0 5 4.024463 4.100005 2.312315 4.912087 2.788068 5.867939 286108.0 256130.0 375548.0 455390.0 695698.0 1308750.0
0 0 2.781116 3.814179 4.722562 5.092941 4.983952 6.61467 130078.0 425108.0 363622.0 703686.0 1035254.0 1173306.0
0 3 3.791592 4.09226 4.70771 4.839938 5.555898 5.672013 315322.0 520272.0 443252.0 469512.0 672874.0 1037606.0
0 5 3.421603 5.512484 5.334842 5.435053 5.977236 6.961959 257448.0 1379562.0 1425374.0 1646994.0 2607268.0 1903376.0
0 0 4.995892 5.024222 6.152288 5.560066 5.49162 6.172424 1130674.0 1133284.0 1295942.0 1745624.0 2041088.0 2501476.0
0 3 3.843796 4.999785 5.154948 5.123756 5.578247 6.470116 230296.0 1138142.0 1588056.0 1482704.0 1727938.0 3216636.0
0 5 4.288105 4.259957 3.352873 4.419977 5.132133 6.023005 350476.0 367204.0 419800.0 483182.0 582376.0 1214826.0
0 0 3.848789 5.061267 5.030077 5.670921 5.436884 6.239827 251078.0 1693302.0 1524136.0 2729806.0 2136462.0 2793130.0
0 3 3.280161 3.748236 4.276015 5.244169 5.280069 6.184197 261768.0 258080.0 310634.0 378106.0 585724.0 972982.0
0 5 3.109734 4.113401 4.374449 4.988875 5.00467 5.974929 166952.0 550238.0 556612.0 721258.0 938766.0 1288122.0
0 0 4.919728 4.984974 4.179762 4.675986 5.624176 5.719867 548740.0 793084.0 557980.0 753508.0 1388216.0 1874928.0
0 3 3.448451 5.539776 4.531015 4.43437 5.245373 6.437002 153614.0 987210.0 661950.0 632270.0 1303218.0 1763408.0
0 5 4.239942 4.271939 8.092007 3.981319 5.015868 6.739928 377556.0 457710.0 768410.0 602114.0 1016882.0 909132.0
0 0 2.906006 3.953585 4.778252 4.76612 5.030654 5.796964 129012.0 537096.0 831552.0 777370.0 1174116.0 1704460.0
0 3 4.496252 3.824257 3.82011 4.484131 3.639678 6.048345 365072.0 285112.0 333172.0 485280.0 928090.0 1095582.0
0 5 3.311844 4.248155 4.373618 4.405095 5.173465 5.980847 182438.0 519112.0 701138.0 727110.0 844304.0 1464470.0
