0 0 5.191627 5.156171 4.960135 5.688089 5.404215 6.124305 1576118.0 1720514.0 1468690.0 1931284.0 1640092.0 3083006.0
0 3 3.969163 5.048059 5.016085 5.625256 5.423671 6.298808 281356.0 1460636.0 1449712.0 2342090.0 1776324.0 4033700.0
0 5 3.551996 4.280369 4.083958 2.926833 4.87989 6.831355 233330.0 197180.0 277164.0 417612.0 461054.0 783230.0
0 0 2.66067 4.858994 4.734594 5.442832 5.285321 6.047121 69076.0 1300220.0 1327476.0 1959434.0 1631628.0 3170782.0
0 3 3.947954 4.019997 3.896117 4.827496 4.89631 6.134817 246472.0 304804.0 330142.0 385214.0 493070.0 835180.0
0 5 2.903535 4.010932 4.888825 4.793149 4.729542 5.779926 50274.0 491758.0 667576.0 571034.0 754238.0 1561804.0
0 0 3.792149 4.675692 4.527859 4.556247 6.484063 5.620521 382634.0 552918.0 584958.0 723448.0 1317946.0 1887726.0
0 3 3.468772 4.652291 4.406015 5.294297 4.387854 6.543742 203630.0 813912.0 564752.0 1079990.0 675436.0 1681684.0
0 5 3.320206 2.30007 4.22397 5.142153 5.163407 5.968161 199586.0 242348.0 345282.0 383134.0 520988.0 1028492.0
0 0 3.093871 4.021105 4.199978 4.935301 5.060281 4.694202 160178.0 531186.0 370614.0 932218.0 728774.0 576174.0
0 3 3.687991 3.768165 3.736319 4.656096 4.50015 5.647197 329624.0 317226.0 235746.0 560370.0 352320.0 1200412.0
0 5 3.231496 4.370684 5.278913 5.200129 5.091178 4.998239 165256.0 654802.0 759578.0 836286.0 1095234.0 1088668.0
0 0 4.159292 4.34788 4.799145 4.908135 4.988136 4.475053 601504.0 815620.0 656392.0 775386.0 1004672.0 811628.0
0 3 3.409397 4.84299 4.421705 5.159189 5.230701 4.94048 265244.0 1115676.0 618868.0 1177186.0 1572296.0 918298.0
0 5 4.031692 4.055904 4.09187 5.015873 7.150218 3.9561 292696.0 241886.0 298484.0 406920.0 729550.0 896418.0
0 0 3.90151 3.957211 3.834738 4.842506 4.697984 10.747425 254078.0 344434.0 263460.0 843496.0 917606.0 1345008.0
0 3 4.07564 3.723885 4.659895 4.643118 4.824208 6.383874 408164.0 260698.0 448486.0 492018.0 605504.0 1015020.0
0 5 3.455372 4.765408 5.550141 5.408659 5.283428 6.269856 229042.0 1115462.0 1110426.0 1367596.0 1052362.0 2724332.0
0 0 4.472033 5.259299 5.079834 5.060166 5.668254 5.779541 1046708.0 1244326.0 1121234.0 1109760.0 1926560.0 2629450.0
0 3 3.328644 4.734444 5.34274 4.514831 6.079932 5.983745 201184.0 1103906.0 1395470.0 872830.0 1828896.0 3222634.0
0 5 3.971949 3.279821 5.08409 4.887803 4.935901 4.651921 209642.0 247352.0 353586.0 545354.0 552582.0 1201352.0
0 0 3.556329 3.931937 4.493541 6.781236 4.781431 6.452904 196334.0 383630.0 472154.0 865424.0 642218.0 1221448.0
0 3 3.687855 4.472044 2.53201 4.459849 4.136182 4.027928 381134.0 622428.0 371696.0 683990.0 373182.0 390594.0
0 5 3.453315 5.217999 5.108293 5.218021 5.061227 6.638492 230082.0 1685318.0 1473614.0 1788088.0 1313680.0 3985738.0
0 0 4.631916 4.796296 5.244307 5.076129 5.783784 6.579402 1195578.0 1240702.0 1392092.0 1633962.0 1701570.0 4047910.0
0 3 3.359438 4.6362 5.113865 5.218364 5.863029 5.809825 293622.0 1205680.0 1112262.0 1963264.0 1938266.0 2950390.0
0 5 3.664037 3.887927 4.636235 2.507987 4.672035 6.658844 265054.0 411824.0 640936.0 435804.0 556056.0 1048230.0
0 0 3.182344 4.276571 4.195827 4.195466 5.133237 6.069016 160724.0 375050.0 330346.0 393944.0 837548.0 1544302.0
0 3 3.97596 3.988272 5.111901 4.731772 2.744222 6.537411 396382.0 309680.0 432166.0 603830.0 734510.0 1304640.0
0 5 3.312244 4.346181 4.655896 7.256859 4.467424 6.160063 266572.0 648226.0 862326.0 1193870.0 903138.0 1689248.0
0 0 4.331825 4.495991 4.947904 5.135905 4.835096 5.807788 607562.0 817318.0 1056936.0 1151428.0 635576.0 1739836.0
0 3 2.92175 4.731281 4.631278 5.599961 5.474926 6.336756 120310.0 948190.0 932396.0 1428138.0 1144560.0 2288326.0
0 5 4.271257 3.667827 4.204171 5.124172 4.095406 6.03878 372618.0 265912.0 314300.0 565548.0 475276.0 1246450.0
0 0 3.250061 4.133277 4.280289 4.981263 5.061908 6.011969 196126.0 497074.0 416794.0 550766.0 863152.0 1261462.0
0 3 3.760125 2.107895 3.735877 4.677189 4.839415 4.495927 280860.0 289996.0 208290.0 482388.0 595778.0 348006.0
0 5 4.570149 4.711278 4.60866 4.779095 5.42972 5.703394 306754.0 468210.0 596322.0 774270.0 843170.0 1416228.0
0 0 3.787616 4.551489 6.547357 5.483615 5.35626 6.308102 396248.0 425008.0 867624.0 735294.0 1082266.0 1625204.0
0 3 4.038755 5.114063 4.312483 8.154055 4.155049 6.943384 363150.0 869418.0 712488.0 1185736.0 520848.0 1011476.0
0 5 4.092067 3.952025 2.888237 3.743962 4.971678 6.50416 391896.0 438444.0 455964.0 206020.0 531874.0 725796.0
0 0 3.781344 4.647027 4.507454 4.777977 4.764723 4.364434 297134.0 619288.0 368198.0 929680.0 1017650.0 473550.0
0 3 4.167879 4.195992 4.235962 4.915985 5.01986 5.67496 359702.0 294958.0 420302.0 571192.0 690018.0 1128412.0
0 5 2.796784 4.027567 4.046481 4.779631 5.427938 5.68669 143642.0 506424.0 378790.0 608034.0 967684.0 1228436.0
0 0 4.255931 4.244656 5.004191 4.975934 4.852177 5.772765 509486.0 481360.0 688122.0 1147788.0 957044.0 1913464.0
0 3 3.423873 4.762938 4.66662 4.408106 5.330299 6.215522 170156.0 895570.0 867052.0 699278.0 961880.0 2546048.0
0 5 4.071978 4.088363 6.043905 5.023176 5.111533 5.715218 321774.0 320950.0 571616.0 524366.0 538262.0 1022306.0
0 0 3.749289 3.953487 4.81166 4.95165 4.859649 5.932819 281416.0 299594.0 501056.0 461958.0 771722.0 1334168.0
0 3 3.796112 3.623915 4.328154 5.18795 5.047842 3.979708 320320.0 251484.0 321784.0 423130.0 626634.0 1190670.0
0 5 3.921989 3.745998 4.700679 4.671845 4.574819 5.701287 274256.0 362280.0 485602.0 479768.0 407558.0 1254904.0
0 0 4.284104 4.324166 4.447193 5.10388 5.246209 5.084011 501652.0 382356.0 759242.0 729538.0 1288618.0 1155438.0
0 3 3.077752 5.030162 5.061728 4.777229 5.608095 6.450623 170398.0 787724.0 1173638.0 592000.0 1585170.0 2303536.0
0 5 3.603974 3.800077 3.516343 4.560245 5.211888 4.49317 349616.0 292408.0 351336.0 607870.0 490290.0 973704.0
0 0 4.109213 4.906735 3.968285 4.980681 4.858595 5.551668 321938.0 352080.0 461898.0 737498.0 793764.0 797406.0
0 3 4.567698 3.71611 6.724101 4.479712 5.407678 5.26884 361862.0 284636.0 421066.0 505764.0 719262.0 693008.0
0 5 3.625013 4.357915 4.30928 5.169292 5.187106 6.104954 294276.0 519198.0 569472.0 956264.0 944930.0 1850612.0
0 0 4.295392 4.215453 4.891982 4.915389 4.812047 5.742624 625084.0 509994.0 644226.0 1070354.0 1177950.0 1826384.0
0 3 3.558376 4.68056 4.523353 4.527123 5.464871 6.307568 273764.0 763938.0 653140.0 645204.0 1457958.0 2214450.0
0 5 4.343899 3.62404 1.507873 5.255492 5.012038 6.319248 313656.0 273462.0 197000.0 410702.0 498848.0 930218.0
0 0 2.828206 4.057643 4.808651 4.951619 4.79714 5.841092 124036.0 529454.0 731690.0 788880.0 503648.0 1774390.0
0 3 3.84806 3.751918 3.836063 4.968108 4.007979 5.972083 344922.0 298648.0 299372.0 435974.0 568330.0 1092986.0
0 5 3.713281 4.921535 4.739543 5.619959 5.511015 5.417582 293852.0 840800.0 838140.0 1057070.0 1379502.0 1358852.0
0 0 4.344337 4.531864 4.507944 5.10818 5.023326 6.811837 563786.0 801022.0 895416.0 1176698.0 1082580.0 2019332.0
0 3 3.795315 4.852834 5.124213 5.795214 4.859081 5.655567 262710.0 782466.0 1293652.0 1029778.0 1150048.0 1867730.0
0 5 3.692179 3.711903 2.684377 3.827237 5.379977 3.474779 264756.0 263702.0 442906.0 480208.0 864688.0 251786.0
0 0 3.202983 4.201035 4.091351 4.890608 5.060584 5.809764 168476.0 660740.0 476784.0 935636.0 1093046.0 1796402.0
0 3 3.611962 3.932112 3.971775 4.859528 5.27992 6.295911 219146.0 246004.0 373922.0 476820.0 502046.0 1131104.0
0 5 3.247655 4.340806 4.435485 5.167501 5.169127 6.045691 174116.0 495028.0 583336.0 890100.0 822710.0 1319726.0
0 0 5.731859 4.084265 4.623933 4.687876 5.391619 6.281881 553800.0 559524.0 980502.0 750912.0 1309046.0 1980980.0
0 3 3.25233 4.434782 4.327901 5.155368 5.359323 5.971423 247912.0 951978.0 540512.0 971052.0 1248458.0 2169192.0
0 5 3.771911 3.932974 4.724352 4.707847 5.471859 8.362799 321618.0 357498.0 600980.0 604372.0 477846.0 1359620.0
0 0 3.359227 4.354941 4.262148 5.199402 5.120864 5.992981 196582.0 382642.0 475326.0 512598.0 690024.0 1292184.0
0 3 3.887733 4.160005 4.155922 4.688095 5.500036 6.360119 392506.0 653774.0 459334.0 626778.0 485338.0 995948.0
0 5 3.484425 5.250437 4.984469 5.829218 5.578611 6.517239 335128.0 1223072.0 1206976.0 1620022.0 1663588.0 1409742.0
0 0 4.387818 5.235942 4.971392 5.780166 5.793545 6.27334 1040890.0 1039036.0 1401018.0 2128716.0 2078230.0 3497106.0
0 3 3.029602 5.107108 4.888405 5.093743 5.576766 5.749245 112162.0 1007202.0 1203734.0 1558472.0 1556896.0 1986696.0
0 5 3.54396 4.264208 3.243943 4.980671 3.200462 6.0319 293890.0 536884.0 333476.0 475500.0 471902.0 1045404.0
0 0 2.937281 5.649281 4.634895 4.826111 5.444833 5.654113 173586.0 522188.0 625920.0 887108.0 1039514.0 1609428.0
0 3 3.511895 3.852151 4.336081 5.291921 5.163203 7.015896 210482.0 339542.0 395714.0 438784.0 535438.0 1100678.0
0 5 3.062118 5.052216 4.977352 4.840739 4.982983 6.586271 166168.0 788692.0 715252.0 1034226.0 1091780.0 1167310.0
0 0 4.475997 4.536063 4.523895 4.387933 5.091606 5.908401 530280.0 854316.0 772444.0 645494.0 1315264.0 1457444.0
0 3 3.713396 4.821891 4.747484 4.624468 5.465718 6.418039 346278.0 991020.0 996886.0 738306.0 1510526.0 1089354.0
0 5 3.419844 4.3424 4.271957 5.091697 4.943726 4.181249 263224.0 389054.0 339878.0 664070.0 687060.0 872496.0
0 0 3.889196 4.983296 4.76162 4.921154 5.514298 6.233103 248404.0 1203130.0 1081146.0 1246186.0 1754906.0 2119782.0
0 3 5.108244 2.13194 2.048886 4.828471 4.804135 5.59478 459218.0 355030.0 394206.0 523354.0 542590.0 1006918.0
0 5 3.409189 5.482708 4.300784 5.247148 4.404704 5.17104 144404.0 698142.0 398654.0 1252516.0 618486.0 1076234.0
0 0 4.191843 4.992398 6.883568 5.019939 5.551939 5.751895 627534.0 828242.0 1155746.0 1013976.0 1024488.0 1628222.0
0 3 3.375032 4.467261 4.0895 4.979619 5.107712 5.764046 275958.0 681158.0 528532.0 728294.0 1354342.0 1909140.0
0 5 3.680049 3.70806 3.640259 4.571945 5.167708 7.495409 308878.0 331292.0 229174.0 410838.0 591882.0 1105256.0
0 0 2.312284 4.060718 4.171062 4.681783 4.889871 6.417721 48606.0 485706.0 396644.0 527246.0 829936.0 1650802.0
0 3 3.687855 4.411888 4.419603 2.380059 5.087429 6.236005 341890.0 577730.0 667354.0 759072.0 787064.0 962080.0
0 5 3.17208 4.850656 4.777803 4.951266 4.795376 5.671168 165214.0 665664.0 777820.0 639918.0 890686.0 1671800.0
0 0 4.347304 4.449362 4.375873 5.147513 5.024131 5.843439 481526.0 601314.0 697448.0 995372.0 953198.0 1637952.0
0 3 2.581614 4.72159 5.551186 5.488651 5.424884 6.282383 51450.0 798140.0 1176292.0 947698.0 1135622.0 1826006.0
0 5 1.395089 4.319856 7.292441 3.471249 5.083747 5.952044 283306.0 238118.0 385836.0 406658.0 487732.0 962024.0
0 0 3.784224 3.995285 4.671233 4.641273 5.486171 5.684804 203498.0 522706.0 457444.0 752154.0 1074732.0 1528538.0
0 3 3.740249 4.536158 3.608272 5.31198 5.216051 5.963505 311318.0 405184.0 280868.0 543654.0 611198.0 1019924.0
0 5 4.045894 5.124254 5.030406 5.342482 4.890555 6.531035 361724.0 1158632.0 1103574.0 1965086.0 1465266.0 2735770.0
0 0 4.399857 4.991665 5.796158 5.607484 5.316716 6.152473 1052836.0 1042168.0 1512768.0 1801240.0 1571622.0 2546144.0
0 3 4.077994 5.20335 4.964572 5.841163 5.640809 6.454527 373412.0 1312760.0 885958.0 1417412.0 1296792.0 2671378.0
0 5 2.372579 2.563698 4.371862 3.518102 4.227768 4.234532 425014.0 327408.0 440014.0 634806.0 446470.0 1232394.0
0 0 4.109141 4.500099 5.095587 4.969855 5.124169 5.765715 345460.0 477602.0 671098.0 902068.0 1017126.0 1219880.0
0 3 3.799333 4.108039 6.676209 4.928309 4.8876 4.709438 338816.0 454578.0 522674.0 558766.0 738558.0 1295150.0
0 5 3.380307 4.505799 5.378331 6.208131 5.081307 5.988883 168368.0 571784.0 919790.0 868206.0 1221376.0 1825422.0
0 0 4.000197 5.031632 4.319991 4.895325 5.696128 5.696038 525742.0 613538.0 541508.0 1191576.0 1173124.0 1574336.0
0 3 3.253222 4.639949 5.144957 5.034666 4.972813 5.919228 161460.0 984340.0 517538.0 1034804.0 1125134.0 2478616.0
0 5 3.451908 4.499857 4.404077 4.363927 5.284417 6.233165 222550.0 384318.0 286812.0 323384.0 437586.0 879196.0
0 0 4.255804 4.476061 4.475441 5.047552 4.995994 5.867 605786.0 865948.0 1124826.0 1079264.0 1279514.0 1989058.0
0 3 3.845419 6.187179 4.186667 4.968661 5.64329 5.499776 228818.0 1010586.0 696488.0 1338344.0 1723530.0 1382224.0
0 5 4.291702 2.368089 4.248073 4.235624 5.135979 7.059814 323966.0 477170.0 385092.0 317892.0 500328.0 850204.0
0 0 3.968469 3.984496 4.921055 4.827283 4.719877 5.810044 265362.0 342846.0 732162.0 695996.0 596904.0 1646424.0
0 3 3.535364 4.511991 4.439882 4.604041 5.188218 6.303828 293286.0 299634.0 285852.0 404770.0 635208.0 915630.0
0 5 3.359123 4.35567 4.340913 5.137389 5.437801 4.109798 235264.0 768838.0 480564.0 799070.0 949962.0 280060.0
0 0 4.17982 4.420133 4.410929 5.036286 5.038753 5.779876 540168.0 753524.0 870304.0 1196328.0 1349988.0 2057704.0
0 3 3.740139 4.785876 4.72353 4.6135 4.59417 5.577158 176580.0 847726.0 891842.0 744802.0 755520.0 2072788.0
0 5 4.391934 4.420059 4.268136 4.135893 4.946727 5.822203 200240.0 211072.0 234584.0 465296.0 555390.0 1008550.0
0 0 3.690658 6.906371 4.611695 5.471543 5.499127 6.11244 364766.0 1631410.0 1200682.0 1562126.0 2022586.0 2594706.0
0 3 4.847707 3.93194 4.840164 3.767938 5.388266 7.363898 549576.0 499912.0 650526.0 304130.0 526952.0 1336504.0
0 5 3.406143 4.246818 4.359576 4.947939 5.077805 5.749891 228420.0 385468.0 419404.0 987030.0 1136422.0 1451308.0
0 0 4.811944 4.964075 4.811956 4.928086 5.667308 5.788233 585052.0 802894.0 692962.0 1196636.0 1018574.0 1514056.0
0 3 2.320335 4.621815 5.288831 5.210613 5.005876 5.936988 29976.0 910998.0 723666.0 1126240.0 1164402.0 2257586.0
0 5 4.047867 4.05584 4.116211 2.060073 4.899892 4.71928 358204.0 349876.0 507256.0 632618.0 691250.0 1245180.0
0 0 3.797308 4.768581 4.597183 4.438758 4.497733 6.270389 338030.0 620284.0 614448.0 535332.0 696658.0 1464344.0
0 3 3.98393 4.028089 3.872054 4.715992 4.843602 7.375966 230106.0 209552.0 307526.0 626744.0 753908.0 1069650.0
0 5 4.253663 4.375379 4.237346 5.127935 4.418399 6.264734 283642.0 359922.0 522568.0 657150.0 583528.0 1501676.0
0 0 4.067959 4.04386 4.292042 4.763944 4.923977 7.511305 382986.0 526264.0 632106.0 620396.0 931458.0 2407634.0
0 3 3.57372 4.680339 4.651271 5.604835 5.461459 5.450007 255030.0 770998.0 871808.0 1505072.0 1538920.0 1371876.0
0 5 3.403811 4.372175 2.612088 4.480052 5.151451 5.123941 327566.0 287938.0 351942.0 450012.0 647716.0 930204.0
0 0 2.990048 4.113194 4.405489 3.989837 4.847565 5.965 129104.0 435944.0 568864.0 442358.0 687104.0 1104626.0
0 3 3.808077 4.015944 4.596144 3.831891 4.643886 4.647863 368086.0 318784.0 432574.0 267504.0 483554.0 916986.0
0 5 4.189354 4.234415 4.418736 5.10865 5.830051 5.781913 228098.0 553522.0 445670.0 841942.0 672534.0 1604908.0
0 0 4.699961 4.798917 4.583986 4.523729 5.47514 5.69311 473510.0 824968.0 858550.0 815462.0 1231586.0 1634578.0
0 3 3.422076 4.543742 4.435836 5.074249 6.044117 5.928098 287536.0 951330.0 602220.0 1270366.0 1538828.0 1738850.0
0 5 4.092066 4.099861 4.024275 4.995928 4.05621 8.710457 307396.0 467810.0 491872.0 798332.0 481430.0 1924424.0
0 0 3.464111 4.85966 5.52244 5.447786 5.406254 5.231437 290824.0 1204488.0 1664718.0 1829658.0 2248556.0 1952928.0
0 3 3.627761 3.963902 3.648113 4.492011 5.340056 6.361428 265364.0 401560.0 392644.0 473962.0 666844.0 971526.0
0 5 4.105033 4.180434 4.07299 5.061298 4.793845 5.712353 292664.0 609072.0 288204.0 814606.0 614532.0 1308700.0
0 0 4.903817 5.052068 4.84597 5.426093 5.293963 6.157817 1072054.0 1256046.0 1148916.0 2045742.0 1712696.0 3540054.0
0 3 3.573216 4.899007 5.477503 5.30995 5.234083 5.899906 296480.0 1744710.0 1871572.0 1657582.0 1923954.0 3068072.0
0 5 3.660925 3.657915 4.456122 5.364928 5.226903 6.066964 330604.0 209446.0 395526.0 590598.0 686828.0 1040826.0
0 0 3.203747 5.031937 4.948857 5.648035 5.686905 5.648092 214146.0 1560910.0 1707646.0 1577148.0 2240670.0 2866384.0
0 3 4.158802 4.638971 4.209119 5.134944 5.057888 5.95412 447240.0 273290.0 342386.0 594242.0 807884.0 1193736.0
0 5 3.954754 4.320965 6.952928 4.84536 5.007455 5.762958 285670.0 543318.0 856790.0 875426.0 895660.0 1807914.0
0 0 4.76886 4.117967 4.7939 4.793874 5.539957 5.780097 628276.0 452078.0 944528.0 967788.0 1375484.0 1914410.0
0 3 3.357822 4.5045 5.424034 5.294322 5.170996 6.087963 146640.0 569420.0 1088280.0 1279410.0 1319636.0 1980324.0
0 5 4.006968 4.400951 3.205865 4.279983 4.717174 6.10394 295166.0 574420.0 553098.0 516834.0 484814.0 846004.0
0 0 3.02285 4.053973 3.966957 4.592606 4.843552 5.587987 143296.0 565574.0 389064.0 537570.0 793764.0 1566092.0
0 3 3.657936 4.563009 3.443036 4.474977 3.643062 4.257068 371170.0 528228.0 632754.0 666168.0 266730.0 433654.0
0 5 3.214052 4.295809 4.242246 4.560665 5.125344 5.949841 181460.0 487310.0 541424.0 814924.0 761366.0 1408572.0
0 0 4.073935 5.994945 4.831974 4.817998 4.980149 5.723153 518982.0 871866.0 601638.0 1065302.0 1129716.0 1702706.0
0 3 3.647496 4.836003 4.704616 4.917983 5.542492 7.516427 154810.0 819132.0 956156.0 1249430.0 1236240.0 2251258.0
0 5 3.683975 3.830881 4.380895 4.50598 3.387924 2.218069 287274.0 285780.0 407970.0 366426.0 600420.0 383208.0
0 0 3.998715 5.043078 4.833733 5.663125 5.424617 6.286207 372270.0 1296410.0 1163814.0 1428982.0 1178046.0 3446890.0
0 3 3.826804 3.921116 4.072293 4.68003 4.811996 3.713011 351854.0 402758.0 401558.0 663118.0 595730.0 1269940.0
0 5 3.600845 4.063956 4.592957 4.624054 5.348542 5.635038 225754.0 621364.0 821240.0 863180.0 936000.0 1589174.0
0 0 4.333842 4.442991 5.310933 5.233002 5.105983 6.089946 607528.0 579322.0 790118.0 917586.0 1107238.0 1524500.0
0 3 3.778985 4.86855 4.719033 4.828916 5.49806 5.724124 179664.0 815682.0 952890.0 1004396.0 1113920.0 2176150.0
0 5 3.559789 3.687073 4.468084 4.596076 3.450973 6.12109 270298.0 244976.0 436500.0 559250.0 806574.0 1122096.0
0 0 3.354906 4.256125 4.483016 5.000759 4.898111 7.066639 261948.0 649928.0 859976.0 695856.0 1121070.0 2245358.0
0 3 2.382914 4.043956 4.180062 4.925315 4.945016 4.73646 391534.0 383048.0 355702.0 459674.0 542152.0 614270.0
0 5 3.742545 4.767985 4.750332 4.609986 4.864547 4.475837 193138.0 650688.0 742756.0 891980.0 1114610.0 588442.0
0 0 4.434917 4.469014 5.31798 4.423148 5.150989 5.871055 482234.0 560588.0 1042770.0 716700.0 1315346.0 1996640.0
0 3 3.113865 4.35299 4.847629 4.817098 5.739656 5.811101 196284.0 860276.0 621426.0 1166582.0 1350200.0 2195458.0
0 5 4.47086 3.824123 4.396011 5.293019 5.258076 6.164932 334408.0 334410.0 403818.0 564590.0 687020.0 1559094.0
0 0 3.339849 4.512372 4.463837 5.297192 5.14582 6.013732 129732.0 475420.0 499718.0 940430.0 740698.0 1459064.0
0 3 4.029893 4.120163 4.957808 4.787069 6.684832 5.710023 358262.0 470608.0 602462.0 914172.0 845902.0 1195990.0
0 5 3.606971 4.748693 4.877111 4.909853 5.593453 8.531864 285268.0 679400.0 951620.0 1054002.0 1235936.0 2332968.0
0 0 4.584825 4.544985 4.634942 5.349969 5.284274 6.115019 550306.0 801050.0 968350.0 1035126.0 1244292.0 1960920.0
0 3 3.146555 4.521215 5.034229 4.908019 4.7891 5.548648 195534.0 786358.0 736218.0 1318906.0 851688.0 2014802.0
0 5 4.563881 4.566918 3.686079 4.503824 2.515251 5.634995 354392.0 471472.0 287622.0 472210.0 690174.0 1083404.0
0 0 3.265887 4.310958 4.290912 4.988955 4.934238 5.850992 243720.0 707752.0 647990.0 909842.0 794506.0 1598970.0
0 3 3.839887 4.913036 4.813121 4.724911 3.547004 6.465934 335408.0 630056.0 843388.0 936582.0 642204.0 1060044.0
0 5 3.369391 4.431027 4.676921 5.250096 5.126478 6.051938 206282.0 528296.0 835152.0 863148.0 1009756.0 1441148.0
0 0 4.033944 5.113716 4.263962 4.901908 5.685001 6.562856 514812.0 891820.0 722746.0 1207954.0 1295022.0 1461382.0
0 3 3.249887 4.37689 4.444013 4.962147 5.169024 9.788188 231752.0 596458.0 609740.0 1222068.0 1465596.0 2410672.0
0 5 4.036322 4.121449 4.012911 4.909029 3.231071 5.856926 334424.0 401206.0 269654.0 433120.0 473142.0 1079846.0
0 0 3.17695 4.159396 4.016025 4.77097 5.520986 5.744879 179382.0 598552.0 511704.0 901564.0 1041726.0 1596088.0
0 3 4.33993 2.589926 4.345977 4.641029 5.147901 6.101095 514860.0 725652.0 588844.0 935886.0 632110.0 1049188.0
0 5 3.128888 4.270118 3.967989 4.809619 4.785115 5.729968 232504.0 675762.0 460008.0 742758.0 612786.0 1741360.0
0 0 4.693866 4.748665 4.99496 4.883507 5.382064 6.23198 638788.0 606404.0 1067576.0 1252252.0 1356018.0 1925094.0
0 3 3.477003 4.416879 4.402032 5.064451 5.089094 5.882087 304176.0 901396.0 681632.0 1011864.0 1159834.0 1713752.0
0 5 3.820878 3.900976 4.792368 4.745091 7.500992 6.332998 277836.0 276116.0 371684.0 696660.0 702504.0 853518.0
0 0 3.270728 5.404068 5.211759 5.051981 5.731394 7.387151 237156.0 1469460.0 1141986.0 1447528.0 2096336.0 2285916.0
0 3 4.247817 4.288928 4.215991 5.093961 4.889856 5.749912 449778.0 358306.0 509828.0 716372.0 705282.0 1241554.0
0 5 3.751921 4.98527 5.494706 5.42592 5.277898 6.149025 348672.0 1788602.0 1860718.0 2273196.0 2164524.0 3292182.0
0 0 4.647798 5.560956 5.373051 5.218991 5.971896 5.780064 1232304.0 1685056.0 1330700.0 1843134.0 2589612.0 2316496.0
0 3 3.544028 4.940036 4.809874 5.485919 6.0211 5.923345 222912.0 1273502.0 1267640.0 2503234.0 2445964.0 2768010.0
0 5 3.693879 3.807111 4.661955 5.541011 4.631108 4.226095 218974.0 298604.0 482852.0 1067096.0 870994.0 349412.0
0 0 3.22442 4.22682 5.085235 4.993802 4.886182 5.721957 229334.0 611472.0 823218.0 752276.0 780524.0 1716256.0
0 3 3.586831 3.734854 3.629006 3.747988 6.184054 6.134982 311592.0 307548.0 308326.0 294982.0 795380.0 1010994.0
0 5 3.403931 4.228982 4.278052 4.997947 4.909815 8.605304 204566.0 600492.0 697706.0 998150.0 978752.0 1950842.0
0 0 4.506926 4.631008 4.540926 4.711032 5.251982 4.182121 614028.0 780242.0 693698.0 1214354.0 1191298.0 454314.0
0 3 3.316826 4.560186 4.41411 4.842315 5.023008 5.768993 278806.0 818662.0 659112.0 946180.0 1342562.0 1887364.0
0 5 3.677776 4.625962 4.540109 3.463038 5.311037 6.207299 288996.0 449378.0 329038.0 206418.0 530508.0 1062324.0
0 0 3.290805 4.399451 4.275957 5.042494 4.889997 4.834415 147960.0 355008.0 477722.0 796106.0 812868.0 803132.0
0 3 4.761958 4.01002 4.597907 4.703895 3.501825 5.505982 438048.0 382770.0 844700.0 616150.0 787772.0 1287310.0
0 5 3.334016 4.44069 4.511083 5.217596 5.146111 6.13845 214492.0 748600.0 594062.0 936450.0 806898.0 1831348.0
0 0
0 3 3.578012 5.63936 5.499725 5.54692 5.374357 6.125054 375632.0 1569182.0 1561328.0 2418198.0 2289048.0 3564290.0
0 5 3.951817 4.044087 4.108153 3.063473 5.078443 6.777537 333850.0 361020.0 426690.0 581254.0 730376.0 1393294.0
0 0 3.031153 4.820688 4.743239 4.680309 6.584257 4.826756 181076.0 620258.0 690736.0 496398.0 1205414.0 887806.0
0 3 3.547896 3.782902 4.455601 4.439875 4.335184 4.168141 280470.0 355294.0 494422.0 535972.0 407366.0 443382.0
0 5 3.531253 4.267416 4.251877 4.333883 5.208104 6.146707 264514.0 428892.0 301322.0 360504.0 911812.0 1629966.0
0 0 4.20778 4.248015 5.103363 5.019772 5.011894 5.935642 517268.0 559252.0 730606.0 984402.0 1016432.0 1407482.0
0 3 3.156452 4.372961 4.279088 5.014152 4.711543 6.678839 212722.0 836332.0 598890.0 1240988.0 650972.0 858144.0
0 5 3.876006 4.028197 4.168194 4.767333 4.750108 5.948004 347790.0 492638.0 508910.0 511500.0 477144.0 778014.0
0 0 3.712115 3.950485 4.154848 4.89118 5.650967 5.734542 221280.0 512772.0 416436.0 650322.0 756932.0 1335392.0
0 3 3.699966 3.648024 4.379963 5.283831 4.034722 6.080117 329240.0 288628.0 264330.0 490962.0 851042.0 1422048.0
0 5 4.107094 5.167441 5.028878 4.965871 4.951934 6.811964 278404.0 918026.0 721080.0 1075090.0 1075910.0 1400712.0
0 0 4.023765 4.219926 4.888263 4.771828 5.552138 5.80304 587178.0 529170.0 1178252.0 780468.0 1403952.0 2092998.0
0 3 3.56027 4.684241 4.780684 4.781551 4.635732 5.342153 184744.0 982028.0 1120078.0 1233926.0 827004.0 1414994.0
0 5 3.416261 3.67603 4.260047 4.268031 5.115784 6.04805 230200.0 222032.0 279498.0 412824.0 589114.0 996110.0
0 0 2.995655 4.071081 3.930351 4.874152 4.74435 4.825705 107992.0 262632.0 298762.0 865768.0 525128.0 809794.0
0 3 4.100023 4.796074 3.919641 4.612106 5.471986 6.311158 428580.0 392936.0 334290.0 556062.0 945368.0 1108900.0
0 5 2.687308 4.610693 4.683861 4.452487 5.44039 5.640196 92462.0 654998.0 884112.0 534682.0 1297932.0 1506104.0
0 0 4.411781 4.46008 4.443856 5.22799 5.144092 5.96396 505160.0 848654.0 726324.0 1303526.0 1402806.0 1502954.0
0 3 2.844044 4.95026 4.887643 4.874812 4.949831 5.732039 134130.0 909890.0 657652.0 900664.0 1370540.0 1702188.0
0 5 3.831765 3.947976 4.064066 3.082814 4.899795 4.527594 259852.0 360708.0 449764.0 490710.0 842804.0 1278946.0
0 0 3.408157 4.530846 4.486859 4.812814 5.346884 6.251342 204408.0 661728.0 451900.0 591534.0 686118.0 1635126.0
0 3 3.667828 4.403907 4.607988 3.383696 4.239979 3.272178 309086.0 477924.0 659924.0 457656.0 727390.0 1172934.0
0 5 3.359529 5.24062 5.186677 5.927768 5.247119 5.953002 269370.0 1610418.0 1506598.0 1919030.0 1812346.0 2967904.0
0 0 4.491753 4.632081 5.1519 6.223891 5.635867 5.70409 1295804.0 961082.0 1870390.0 2360748.0 1475414.0 2600898.0
0 3 3.281424 5.407174 5.251267 5.122149 5.953907 5.81201 162222.0 1759212.0 1222490.0 1660074.0 2206282.0 2533614.0
0 5 3.660114 3.616068 4.527873 4.594701 5.291611 8.168561 262214.0 330376.0 485478.0 443242.0 515528.0 1474576.0
0 0 3.922156 3.718936 4.702776 4.764462 4.89037 5.638231 370084.0 337722.0 560870.0 709502.0 723692.0 1445560.0
0 3 4.439767 3.648018 4.452019 4.635948 4.427471 6.37196 391088.0 259154.0 293948.0 446040.0 401670.0 907648.0
0 5 3.34649 4.455873 4.311252 5.284604 5.218649 6.188358 212762.0 427050.0 315348.0 595808.0 842514.0 1417254.0
