0 0 0.767002 0.954409 0.877821 0.983807 0.970734 0.945412 1246092.0 786270.0 487374.0 1864328.0 2521730.0 1406112.0
0 3 0.684069 0.877417 0.903008 0.93235 0.995226 1.010304 285644.0 1734312.0 957662.0 2289040.0 2315510.0 2086992.0
0 5 0.680282 0.886383 0.831888 0.793355 0.818043 0.786746 125710.0 233686.0 220094.0 111518.0 187692.0 218430.0
0 0 0.634046 0.839615 0.772605 0.818288 0.80534 0.835339 118162.0 406726.0 427784.0 495278.0 294648.0 577944.0
0 3 0.709486 0.882901 0.858004 0.775615 0.823181 0.840209 248748.0 362994.0 389120.0 365150.0 236998.0 332474.0
0 5 0.583774 0.839847 0.820683 0.817894 0.783817 0.792431 139290.0 484516.0 307878.0 534422.0 577332.0 335476.0
0 0 0.664587 0.828461 0.769795 0.87559 0.853392 0.858301 331180.0 778982.0 358542.0 890046.0 868564.0 846304.0
0 3 0.648798 0.845175 0.820395 0.735102 0.747248 0.85051 13452.0 747324.0 876630.0 780490.0 468544.0 592936.0
0 5 0.657016 0.786475 0.829936 0.866841 0.82579 0.760117 200144.0 315040.0 363130.0 277834.0 399596.0 337762.0
0 0 0.575543 0.896141 0.928172 0.824848 0.821313 0.824827 161950.0 1096008.0 1542550.0 1774652.0 1261530.0 1472974.0
0 3 0.725979 0.843534 0.954345 0.800617 0.757638 0.817339 255888.0 487788.0 479544.0 406694.0 536854.0 142968.0
0 5 0.663293 0.869386 0.838221 0.72934 0.856116 0.743234 152552.0 641138.0 516616.0 349912.0 681956.0 382950.0
0 0 0.727841 0.937236 0.825441 0.861994 0.849283 0.89908 412824.0 418976.0 896322.0 450786.0 766266.0 658098.0
0 3 0.631841 0.766929 0.85648 0.828969 0.837521 0.78612 356066.0 766890.0 763684.0 600368.0 942670.0 496396.0
0 5 0.712065 0.814808 0.890245 0.814845 0.878945 0.793731 290698.0 339496.0 336018.0 535416.0 229440.0 218894.0
0 0 0.684563 0.88759 0.815135 0.822665 0.771071 0.818392 129918.0 407236.0 281188.0 441116.0 399578.0 305298.0
0 3 0.655702 0.953419 0.823219 0.769118 0.952725 0.865749 161878.0 338370.0 342378.0 212522.0 168570.0 305604.0
0 5 0.643191 0.812048 0.856696 0.787476 0.82081 0.775427 130052.0 608038.0 434548.0 462086.0 506336.0 777058.0
0 0 0.714023 0.802234 0.866155 0.894552 0.912212 0.90465 413280.0 694766.0 883858.0 594908.0 947508.0 932982.0
0 3 0.641016 0.845961 0.875253 0.827466 0.836255 0.833666 388962.0 799670.0 970596.0 616140.0 995562.0 779992.0
0 5 0.711886 0.831422 0.862343 0.848461 0.818821 0.884038 145772.0 168832.0 196316.0 231264.0 188446.0 256310.0
0 0 0.695459 0.82865 0.853636 0.850653 0.848206 0.853776 249964.0 578544.0 365882.0 401950.0 693554.0 783864.0
0 3 0.680852 0.901208 0.906224 0.902297 0.775478 0.823546 249354.0 448060.0 273298.0 329994.0 183980.0 351618.0
0 5 0.660355 0.859915 0.950043 0.767183 0.85181 0.803082 106108.0 802322.0 1012454.0 609992.0 952094.0 481310.0
0 0 0.680262 0.890923 0.841205 0.828122 0.853789 0.940598 506138.0 497914.0 815174.0 724928.0 745194.0 726080.0
0 3 0.67643 0.809639 0.86898 0.829273 0.822476 0.764078 185910.0 587680.0 932368.0 575664.0 755502.0 951244.0
0 5 0.70846 0.80268 0.839623 0.833429 0.741486 0.761113 137102.0 113564.0 128156.0 231242.0 231822.0 193434.0
0 0 0.596586 0.821707 0.768324 0.940917 0.725343 0.812959 168054.0 570196.0 686756.0 632124.0 442230.0 611502.0
0 3 0.675321 0.798823 0.85248 0.812259 0.835269 0.991739 204222.0 183266.0 187052.0 197548.0 305746.0 304802.0
0 5 0.681124 0.769923 0.7856 0.837359 0.833954 0.810509 143328.0 464988.0 410270.0 386464.0 638934.0 588668.0
0 0 0.694482 0.866081 0.832297 0.822919 0.799701 0.846299 580654.0 830668.0 990702.0 706922.0 1021298.0 697604.0
0 3 0.607319 0.852322 0.817666 0.86835 0.814947 0.863926 183162.0 1079514.0 759000.0 783088.0 1140998.0 1061478.0
0 5 0.678765 0.772985 0.76985 0.801171 0.832716 0.790682 216428.0 431198.0 395720.0 375958.0 142154.0 186018.0
0 0 0.630715 0.80771 0.730374 0.832831 0.755034 0.795669 159256.0 462132.0 238590.0 451714.0 472254.0 530214.0
0 3 0.662164 0.755881 0.799456 0.840333 0.830191 0.899853 183792.0 179314.0 191022.0 250234.0 242412.0 336448.0
0 5 0.606284 0.838924 0.861977 0.796679 0.803668 0.800952 148042.0 522538.0 646050.0 587780.0 584766.0 459928.0
0 0 0.665718 0.818275 0.824647 0.881469 0.849155 0.856688 450700.0 445118.0 664012.0 678206.0 951246.0 836692.0
0 3 0.647419 0.829416 0.911801 0.782979 0.720258 0.843061 345794.0 706258.0 820076.0 556908.0 706408.0 774236.0
0 5 0.705621 0.95 0.860929 0.90422 0.883033 0.762988 165554.0 206432.0 317186.0 397182.0 218156.0 159230.0
0 0 0.626099 0.833087 0.88284 0.745932 0.790751 0.802338 149704.0 467014.0 438780.0 374756.0 445748.0 605388.0
0 3 0.647746 0.791516 0.870778 0.791933 0.807586 0.851126 218762.0 454516.0 398412.0 228908.0 288832.0 214138.0
0 5 0.601103 0.810523 0.847716 0.748372 0.843856 0.750458 151734.0 409956.0 281944.0 232634.0 542558.0 420978.0
0 0 0.755786 0.793171 0.793063 0.847718 0.823165 0.824518 364244.0 311272.0 496804.0 716824.0 768346.0 539994.0
0 3 0.640692 0.86596 0.756747 0.793212 0.787577 0.823501 265854.0 869074.0 547162.0 550688.0 538628.0 588592.0
0 5 0.628588 0.885458 0.83534 0.809968 0.777467 0.743434 149834.0 201366.0 178504.0 143682.0 178080.0 204880.0
0 0 0.713131 0.814432 0.803647 0.813519 0.776851 0.847546 161388.0 379454.0 209680.0 466660.0 436320.0 478974.0
0 3 0.654027 0.828799 0.769836 0.798021 0.801759 0.857664 228036.0 236584.0 238100.0 272448.0 306828.0 402568.0
0 5 0.570577 0.825724 0.772645 0.779432 0.784045 0.801212 117714.0 409670.0 424088.0 262194.0 514694.0 521278.0
0 0 0.690368 1.075986 0.847196 0.872968 0.841415 0.854783 337118.0 459564.0 551354.0 847254.0 844756.0 732192.0
0 3 0.677029 0.8486 0.755873 0.895183 0.769628 0.829313 206598.0 722872.0 511768.0 686278.0 531248.0 846990.0
0 5 0.665934 0.784162 0.797001 0.806199 0.842809 0.809014 226462.0 290470.0 218944.0 220944.0 213882.0 268004.0
0 0 0.636916 0.951375 0.920792 0.808764 0.826512 0.876764 326188.0 1181010.0 1371450.0 931514.0 1564834.0 1302664.0
0 3 0.680817 0.922906 0.799848 0.949827 0.857926 0.830028 188702.0 334128.0 232840.0 519442.0 285480.0 405344.0
0 5 0.619456 0.901108 0.83994 0.94149 0.910319 0.978758 121260.0 1462070.0 1039504.0 1649936.0 1532670.0 2476348.0
0 0 0.780813 1.067462 0.965794 0.955571 0.917281 0.948486 1158298.0 1245882.0 1731786.0 1586426.0 1697378.0 1271262.0
0 3 0.678908 0.905407 0.987906 0.872365 0.900015 0.85942 295026.0 1378560.0 1469374.0 1119680.0 1316768.0 1693268.0
0 5 0.662132 0.783748 0.869791 0.916526 0.802395 0.882357 170604.0 240440.0 310314.0 349094.0 83502.0 168026.0
0 0 0.688048 0.833541 0.774646 0.806619 0.770785 0.816969 192968.0 516482.0 283830.0 584510.0 566158.0 389868.0
0 3 0.652228 0.84129 0.851053 0.789729 0.762944 0.833689 231658.0 217242.0 136178.0 207182.0 212664.0 185688.0
0 5 0.617951 0.868578 0.823211 0.763682 0.848632 0.838298 99716.0 540360.0 339594.0 602000.0 730296.0 293610.0
