0 0 2.832185 1.630065 1.908269 1.589915 1.742925 3193136.0 2945696.0 3067426.0 2117190.0 3958504.0
0 0 1.248923 1.873049 1.595094 1.536221 1.779827 1812454.0 2299540.0 3264182.0 2803136.0 3813306.0
0 0 12.975147 12.509685 1.776151 18.655814 0.657158 19.641445 5576956.0 5535646.0 1985212.0 9090590.0 2375916.0 10142966.0
0 0 1.478057 1.023291 19.524751 1.563111 12.570721 3106456.0 2429888.0 10109106.0 3425934.0 7834422.0
0 0 2.658804 1.650046 53.557919 32.819114 12.067121 3408870.0 2753710.0 22167666.0 15381928.0 7803412.0
0 0 1.479827 42.586577 21.714684 1.009885 1.033121 2785600.0 20307594.0 11064884.0 3236138.0 2882786.0
0 0 2.71584 1.594015 1.525963 1.670046 1.41398 3635546.0 3078458.0 3404276.0 2405852.0 2250452.0
0 0 1.265806 1.797014 1.427851 1.307044 1.309816 2861188.0 2131076.0 2590282.0 2352562.0 1732996.0
0 0 1.343769 13.79186 3.443318 21.861621 2.083008 3.374766 2.097469 20.904477 2.184738 2920740.0 24487562.0 9514282.0 32404966.0 5822366.0 1645308.0 5344936.0 27869658.0 2921382.0
0 0 1.359148 1.730109 1.363802 1.500594 1.337229 2773088.0 2520550.0 3275518.0 3250570.0 2662942.0
0 0 4.522706 2.707798 6987194.0 3427756.0
0 0 57.555767 41.884009 37.018142 8.587787 1.371001 35.270675 27.638691 65765364.0 55807600.0 45996092.0 7986140.0 3845470.0 43823366.0 41002148.0
0 0 1.255885 1.663957 1.461003 1.262921 1.32976 1713522.0 2942124.0 3455962.0 1767428.0 1467358.0
0 0 1.377754 1.9091 1.241629 1.445389 1.355111 1860182.0 2602308.0 2147788.0 1463290.0 1287298.0
0 0 1.260874 1.702909 1.162129 1.271895 1.282972 1682624.0 2988338.0 2427904.0 2762942.0 2543062.0
0 0 2.675978 2.368069 2.730754 1.524606 1.687111 3818950.0 3546168.0 4370714.0 3480146.0 2160094.0
0 0 1.475957 1.716985 1.701777 1.645165 1.658947 2551986.0 4523510.0 3301006.0 3083980.0 2929204.0
