0 0 5.280763 5.179998 4.927131 4.996077 5.564017 6.22694 876262.0 981020.0 1367764.0 1103670.0 1759922.0 2591264.0
0 3 3.53786 4.576842 5.257841 5.103258 5.975938 5.954149 319460.0 1078534.0 1071282.0 1249602.0 2142550.0 2719840.0
0 5 3.673074 2.369053 5.125998 3.822941 3.129232 5.653033 356682.0 722682.0 703568.0 307178.0 663266.0 979516.0
0 0 3.769844 4.422755 4.480939 5.037696 5.862029 4.780546 400602.0 725532.0 641434.0 1032642.0 1047920.0 604108.0
0 3 3.823086 4.076982 4.735973 3.814851 5.251147 6.098894 392540.0 509532.0 662106.0 679372.0 1050504.0 1512024.0
0 5 3.926754 4.952229 5.6976 5.485084 6.226722 6.154056 392896.0 1532590.0 2007986.0 1861722.0 3063032.0 3570898.0
0 0 4.790435 4.76547 5.449425 5.26767 5.985642 6.07249 1047756.0 1197984.0 1042396.0 1613974.0 2119872.0 2533528.0
0 3 3.976308 5.012758 5.761466 5.579585 5.648457 6.14352 420488.0 1476698.0 1637894.0 2424900.0 2279448.0 3431642.0
0 5 3.93304 3.761218 4.699383 5.641696 5.193335 5.308429 440222.0 330178.0 526966.0 782260.0 942208.0 1081596.0
0 0 3.820999 4.162301 4.665236 4.965269 6.844313 6.33552 354386.0 611168.0 780140.0 802906.0 1290304.0 1820906.0
0 3 3.723131 4.32531 4.079142 5.16616 5.044261 6.846305 356252.0 322480.0 373600.0 595358.0 633030.0 874966.0
0 5 3.747107 4.968034 5.62919 5.423632 5.371175 5.966137 253516.0 1330976.0 1715958.0 1630986.0 1807044.0 2697916.0
0 0 4.642408 5.589155 5.275292 5.171014 5.734049 5.893012 1039642.0 1280974.0 1385726.0 1335582.0 1412842.0 2505372.0
0 3 3.308077 4.669993 5.092131 5.101061 5.999021 6.332639 146248.0 1311226.0 1443200.0 1516820.0 2887818.0 2069052.0
0 5 3.498926 1.425123 4.003114 5.01966 4.929609 6.769046 321496.0 357412.0 482046.0 543396.0 633718.0 921924.0
0 0 3.646943 3.810035 4.588271 4.784034 5.447144 6.282547 259256.0 436390.0 649074.0 758870.0 1082840.0 1238254.0
0 3 5.081927 2.234158 4.902 4.844087 5.791014 5.658272 523172.0 335104.0 511148.0 552306.0 579026.0 1224070.0
0 5 3.325809 5.293108 4.112931 5.069982 5.090931 6.712867 193460.0 728024.0 498444.0 1140586.0 1418682.0 1502488.0
0 0 4.533308 4.550979 7.547996 5.130907 5.175235 5.917109 662482.0 527130.0 1164366.0 962566.0 1555208.0 2166830.0
0 3 3.493326 4.539794 5.420253 5.246849 5.068362 5.999837 152382.0 646432.0 1120492.0 1489242.0 1295234.0 1876276.0
0 5 3.825668 4.040996 3.910958 4.663062 4.943242 6.482814 404676.0 385070.0 352402.0 496160.0 685754.0 1029558.0
0 0 5.215522 4.473968 4.50594 4.641942 5.164597 6.011981 265908.0 657724.0 849982.0 724180.0 1086112.0 1173684.0
0 3 3.971916 3.953969 3.924903 4.815079 5.734833 6.618932 402108.0 316154.0 284780.0 436882.0 771028.0 1109366.0
0 5 3.489684 4.50115 4.376703 5.141105 4.943814 5.81019 178974.0 562896.0 480268.0 856090.0 845304.0 1609094.0
0 0 3.829781 4.718014 4.659716 5.400845 5.28494 6.120067 478918.0 491046.0 962914.0 1126320.0 1409416.0 1979396.0
0 3 3.050888 5.077551 4.839978 4.993767 5.533991 5.760931 159010.0 800916.0 1007216.0 969616.0 1401314.0 1983588.0
0 5 4.337864 1.601007 5.218853 4.332994 2.156027 6.824886 354314.0 414584.0 735178.0 437264.0 328710.0 743012.0
0 0 3.784077 3.977977 4.730029 6.594755 4.5069 5.544026 224792.0 441774.0 703810.0 945438.0 530904.0 1205336.0
0 3 4.196031 4.219147 4.202953 4.89006 3.782701 6.721978 367900.0 504602.0 466646.0 530990.0 787376.0 1208840.0
0 5 2.574778 4.395797 4.514994 5.136693 5.125945 9.77672 97308.0 537250.0 749176.0 681024.0 1240942.0 1840980.0
0 0 3.922969 4.736998 4.784081 4.479083 5.406133 6.087137 469632.0 740192.0 994572.0 573992.0 1437648.0 1882964.0
0 3 3.844339 4.864859 4.730386 4.773971 5.457265 5.698183 294054.0 804658.0 794472.0 1012530.0 1411794.0 1575482.0
0 5 4.369785 4.438042 4.350096 5.193998 4.902978 5.788821 292394.0 246120.0 364836.0 447200.0 617080.0 1004312.0
0 0 2.946805 4.13396 4.174016 4.816137 5.515455 6.471044 101612.0 589596.0 553476.0 707844.0 1031636.0 1735156.0
0 3 4.459835 3.733876 4.414029 4.564859 5.039959 6.232885 419206.0 368810.0 592908.0 440284.0 553102.0 898762.0
0 5 3.937685 4.364814 4.84562 5.838885 4.982949 5.729074 290752.0 538914.0 618410.0 905820.0 1107648.0 1401160.0
0 0 3.869961 4.468964 5.278958 5.176095 7.21791 5.920994 381914.0 805714.0 876904.0 869100.0 1299530.0 1794886.0
0 3 2.840933 4.721437 4.608951 4.452236 5.282796 6.238177 129818.0 808272.0 692648.0 653966.0 1148880.0 2123650.0
0 5 4.000832 3.965171 3.949827 4.784042 4.59073 6.355151 329870.0 296316.0 296524.0 538858.0 521638.0 944052.0
0 0 3.195958 4.512897 4.207025 4.886449 5.030077 5.574413 168854.0 656406.0 487408.0 911344.0 959636.0 1034106.0
0 3 3.720004 3.789991 4.469119 4.260346 5.275054 5.835813 312598.0 325632.0 471312.0 379100.0 1444248.0 1047386.0
0 5 3.713038 4.75257 4.614224 4.570609 5.435947 4.239637 236838.0 366028.0 519046.0 695602.0 1141584.0 399866.0
0 0 4.169037 4.45186 5.161212 4.901842 5.675908 5.773988 550370.0 669810.0 1157140.0 1099068.0 1447464.0 2043136.0
0 3 3.413023 4.568006 5.261067 4.978795 5.830278 5.810017 253864.0 890950.0 1285582.0 780852.0 1585918.0 1956300.0
0 5 3.537767 3.893035 3.567087 2.747191 6.221065 6.112828 278612.0 289732.0 364966.0 497856.0 829862.0 1019746.0
