0 0 1.079984 1.218945 1.315832 2.431848 1.32434 820006.0 1183360.0 981516.0 1236070.0 1780026.0
0 0 1.000058 1.436091 1.437356 1.46766 1.574059 148576.0 1016008.0 1486290.0 1404246.0 2301250.0
0 0 1.263796 1.391985 1.396467 1.29633 1.656162 1015676.0 851482.0 1597420.0 1467448.0 1589162.0
0 0 0.991151 1.421898 1.328182 1.452283 1.309385 336090.0 809806.0 1396740.0 1362788.0 1693996.0
0 0 1.132286 1.301185 2.279548 1.500128 1.680013 978622.0 1256046.0 1441666.0 1841180.0 1942082.0
0 0 1.077956 1.250266 1.42113 1.453084 1.389938 255740.0 1262808.0 1618026.0 1509738.0 1491850.0
0 0 1.376041 1.488356 1.324097 1.240316 1.615743 1043150.0 936244.0 1367052.0 1222044.0 2263420.0
0 0 0.978627 1.293823 1.34197 1.341681 1.561321 310114.0 1325820.0 1044202.0 1496672.0 2521338.0
0 0 1.199914 1.360068 1.335974 1.303857 1.411166 1049160.0 1089326.0 1513382.0 1194210.0 1519130.0
0 0 0.922054 1.22714 1.512116 1.342215 1.420688 161722.0 1288426.0 1898150.0 1700256.0 2413314.0
0 0 1.263836 1.547933 1.271164 2.471893 1.544207 1142012.0 1036762.0 1708184.0 2096448.0 2150472.0
0 0 1.093709 1.458245 1.417872 1.279813 1.592292 290868.0 1387524.0 1502608.0 1726266.0 1478276.0
0 0 1.148309 1.291932 1.444024 1.392169 1.383915 966730.0 1132308.0 1176720.0 2089942.0 2411666.0
0 0 1.187483 1.295849 1.50869 1.529507 1.515972 177000.0 1548348.0 1863196.0 2641926.0 1855884.0
0 0 1.139956 1.404063 1.583907 1.295831 1.41989 1173800.0 1438090.0 1573536.0 1371020.0 2554916.0
0 0 1.187502 1.379742 1.467877 1.609533 1.545658 404716.0 1490308.0 1393558.0 2149492.0 2321766.0
0 0 1.31996 1.452103 1.447893 1.464868 2.46401 1279542.0 1541412.0 1786486.0 1455690.0 2343106.0
0 0 1.033298 1.204287 1.778491 1.468631 1.547076 178716.0 1323956.0 1372300.0 1639886.0 1577476.0
0 0 1.30381 1.451953 1.488516 1.400339 1.519827 1209498.0 1603422.0 1383502.0 1667258.0 1496846.0
0 0 0.921881 1.084813 1.500154 1.313516 1.678966 148350.0 1629498.0 1342422.0 1388278.0 2455168.0
0 0 1.163371 1.314922 1.504052 1.47584 1.431988 1203216.0 1527424.0 1648780.0 1787574.0 1989872.0
0 0 1.015712 1.584463 1.381227 1.240626 1.483531 236776.0 1596842.0 1731286.0 1835554.0 2338176.0
0 0 1.143971 1.23969 1.572275 1.446881 1.348356 1212422.0 1039920.0 1262516.0 1529020.0 1986742.0
0 0 1.015699 1.44943 1.562478 1.762891 1.687718 289998.0 1727650.0 1283548.0 2040628.0 2542042.0
0 0 1.292127 1.424011 1.519934 1.319879 1.504082 1059672.0 1133068.0 1767784.0 1949458.0 2204914.0
0 0 1.171664 1.500139 1.359624 1.357032 1.391794 163762.0 1253428.0 1102566.0 2390282.0 2524960.0
0 0 1.2158 1.435259 1.415424 1.580014 1.532047 1290342.0 1462330.0 2062954.0 1896420.0 2345984.0
0 0 1.06229 2.842683 1.420374 1.464362 1.338142 456790.0 1128674.0 1764798.0 2136900.0 1737880.0
0 0 1.355969 1.292021 1.348306 1.535983 1.516045 1246654.0 1575046.0 1987882.0 1542350.0 2877900.0
0 0 1.202504 1.265674 1.390366 1.525129 1.749394 272064.0 1453606.0 1344968.0 1076412.0 1903682.0
0 0 1.171903 1.296365 1.655959 1.303796 0.683792 1144178.0 1423274.0 1420960.0 2074208.0 1625648.0
0 0 1.03238 1.249692 1.355713 1.261764 1.672617 429298.0 1622854.0 1921804.0 1933374.0 1808006.0
0 0 1.187477 1.415948 1.396067 1.339478 1.516085 1348624.0 1650226.0 1744444.0 1954026.0 2560802.0
0 0 1.202684 1.482234 1.49476 1.578246 1.65633 212086.0 1393564.0 1365866.0 2663228.0 2931512.0
0 0 1.443773 1.331819 1.467956 1.380101 1.579909 1039622.0 1210488.0 1371410.0 1641652.0 2810552.0
0 0 1.124859 1.247001 1.389303 1.500003 1.459217 225326.0 1240044.0 1858174.0 1251794.0 1496114.0
0 0 1.179835 1.740082 1.443942 1.623978 1.411851 1185688.0 1799622.0 1497288.0 1399332.0 2056508.0
0 0 1.070499 1.194976 1.718638 1.312024 1.514218 257630.0 1527978.0 1770042.0 2124832.0 1425858.0
0 0 1.375962 1.404014 1.459938 1.3401 1.576044 1123954.0 1237446.0 1736010.0 1654784.0 1918634.0
0 0 1.046628 1.465432 1.593911 1.269864 1.53054 164458.0 1492242.0 1391924.0 1058082.0 2335428.0
0 0 1.296072 1.320938 1.544003 1.496496 1.552 1230086.0 1307798.0 1617132.0 1835270.0 1932352.0
0 0 1.109144 1.312264 1.421592 1.405993 2.890577 177820.0 1712478.0 1394244.0 1868478.0 2857520.0
0 0 1.215925 1.615919 1.555908 1.516041 1.615841 1150374.0 741594.0 2023858.0 1885194.0 2550434.0
0 0 1.156132 1.328018 1.377522 1.311938 1.40536 160444.0 1542828.0 1600896.0 2101622.0 1978050.0
0 0 1.1879 1.408861 1.61609 1.540171 1.34392 1237586.0 1461400.0 1659686.0 1239016.0 1821418.0
0 0 0.921647 1.373752 1.403247 1.654831 1.625062 230810.0 1158480.0 1618944.0 1247500.0 2502270.0
0 0 1.208004 1.441864 1.53602 1.54353 1.475926 1285606.0 1480444.0 1436686.0 2271292.0 2065148.0
0 0 0.952734 1.608854 1.499742 1.556941 1.416482 257672.0 1521360.0 1745792.0 1605510.0 2520140.0
0 0 1.220062 1.559744 1.500003 1.336105 1.359842 1129942.0 1345246.0 1441944.0 1540938.0 2338364.0
0 0 1.156198 1.560363 1.528558 1.503063 1.656293 163126.0 1030004.0 1792538.0 2223372.0 2213490.0
0 0 1.135876 1.576004 1.579835 1.472238 1.456042 1.89612 1414066.0 801258.0 850052.0 1865042.0 2789090.0 2493464.0
0 3 1.093895 1.233418 1.421981 1.295903 1.488099 1.769577 288946.0 1762042.0 1129836.0 2319556.0 2688238.0 3200014.0
0 5 1.511838 1.459961 2.020056 2.508015 2.419458 3.134845 202560.0 257974.0 480816.0 363030.0 481106.0 873010.0
0 0 1.140488 1.528277 1.541065 1.734456 1.402869 2.369884 148944.0 422586.0 608582.0 676470.0 537958.0 1465656.0
0 3 1.802869 1.395939 1.431812 1.996108 1.608119 2.535205 342452.0 377046.0 519798.0 689426.0 312504.0 1119408.0
0 5 1.07345 1.328042 1.342436 1.825753 1.745263 2.825061 196540.0 499416.0 481900.0 768288.0 1014648.0 917558.0
0 0 1.731984 1.676119 1.436097 1.780004 2.998283 2.302931 531354.0 840294.0 362540.0 1122486.0 1549368.0 2039096.0
0 3 1.10918 1.721423 1.809878 1.793663 1.530697 2.334766 40174.0 825244.0 1245556.0 1194806.0 1041942.0 1708306.0
0 5 1.140047 1.33977 1.499554 1.997393 2.37598 2.323579 258346.0 349512.0 504130.0 573806.0 885840.0 1039986.0
0 0 0.984336 1.468812 1.359548 1.40105 1.322804 1.640799 197940.0 1138610.0 1748556.0 2326128.0 1983830.0 3273248.0
0 3 1.164265 1.156721 1.496117 1.763264 1.615732 3.695574 290218.0 507830.0 658252.0 629458.0 1155928.0 760940.0
0 5 1.110337 1.918636 1.291405 1.653273 1.71752 1.403224 184304.0 763616.0 567638.0 436834.0 1112610.0 838060.0
0 0 1.119455 1.679982 1.879887 1.28797 1.655842 1.949585 487316.0 459412.0 1164772.0 546150.0 1271676.0 1263488.0
0 3 0.982626 1.857919 1.356445 3.033678 2.043198 2.248921 367968.0 874680.0 954098.0 771414.0 1383526.0 1664958.0
0 5 1.40787 1.323932 1.845544 1.991958 2.319976 3.18058 376020.0 370066.0 462790.0 771322.0 559862.0 900368.0
0 0 1.381388 1.32511 1.74865 2.11021 2.624679 2.396004 175626.0 425076.0 397960.0 851056.0 834038.0 1170146.0
0 3 1.25607 1.94809 1.91872 2.163953 2.656038 3.112221 226166.0 355694.0 535456.0 435084.0 402976.0 996750.0
0 5 1.080174 1.484514 2.217714 2.374421 2.659712 2.282966 160690.0 643420.0 611076.0 772130.0 947112.0 1842596.0
0 0 1.328073 1.679893 1.364116 1.380012 1.659334 2.047986 562256.0 847582.0 1050462.0 929142.0 1511934.0 1944014.0
0 3 1.031099 1.43704 1.341307 1.609657 1.519045 3.42571 417286.0 828810.0 1130186.0 668318.0 1544976.0 1999862.0
0 5 1.675092 1.660277 3.31622 2.060267 2.911522 3.18793 209646.0 239184.0 434816.0 410362.0 512774.0 948652.0
0 0 1.25535 1.298357 1.306292 2.098539 1.788219 2.328312 303594.0 609540.0 436902.0 640936.0 1219676.0 1737192.0
0 3 1.532128 1.428033 1.602878 1.888156 2.203932 2.95661 368348.0 501900.0 303490.0 502264.0 722242.0 1251892.0
0 5 1.045181 1.622569 1.448249 1.841262 1.575798 2.236802 123158.0 862160.0 1102968.0 856250.0 1548284.0 1699500.0
0 0 1.115927 1.348104 1.759933 2.228762 1.48203 2.134995 602184.0 538922.0 1102104.0 1085250.0 1285078.0 1666672.0
0 3 1.031363 1.688157 1.892583 1.967971 1.452133 1.890285 213138.0 675052.0 1337252.0 1054170.0 825002.0 2438678.0
0 5 1.459915 1.595961 2.164433 2.060063 2.3594 3.27984 226288.0 195932.0 307994.0 403150.0 614552.0 844862.0
0 0 1.20123 2.609051 1.783342 1.832624 1.72804 1.743612 213712.0 618452.0 954320.0 814428.0 987168.0 1347150.0
0 3 1.111832 1.347981 2.164024 2.131451 2.068104 1.705254 269380.0 223928.0 312656.0 396494.0 640138.0 340888.0
0 5 1.124999 1.153184 1.672036 1.219654 1.827601 2.331753 159548.0 471416.0 514264.0 413646.0 1251136.0 1613902.0
0 0 1.080208 1.244274 1.304053 1.380085 1.422442 1.812123 618230.0 864410.0 1155724.0 875428.0 1737484.0 1913160.0
0 3 1.188498 1.640224 1.312123 2.155668 1.499068 1.760527 232930.0 1132066.0 870746.0 1114884.0 2149166.0 2332580.0
0 5 1.191983 1.389342 1.371805 1.671339 2.620114 3.511944 269484.0 452252.0 588346.0 557912.0 435860.0 785516.0
0 0 1.431908 1.340635 1.675571 1.18689 1.937688 1.625224 246406.0 484298.0 520562.0 517630.0 939934.0 1038684.0
0 3 1.651815 1.617883 1.995845 2.203492 2.215804 2.903385 359846.0 222210.0 334250.0 453908.0 607402.0 1128520.0
0 5 0.953305 1.717777 2.021448 1.898339 2.588761 2.175266 187492.0 635172.0 829026.0 897300.0 952022.0 1527522.0
0 0 1.671855 1.552228 1.383899 1.683004 1.354124 2.232162 655414.0 515538.0 913764.0 904406.0 1494354.0 1896228.0
0 3 1.140485 1.809653 1.352639 1.872296 1.33349 3.347054 357980.0 749788.0 828972.0 1019146.0 1226678.0 1593078.0
0 5 1.1639 1.604041 2.604354 1.867765 2.348015 3.80403 214472.0 232220.0 543108.0 600490.0 584240.0 779108.0
0 0 1.580166 1.327165 1.832086 2.309986 1.693201 2.452632 246546.0 504786.0 548132.0 631866.0 1017596.0 1504388.0
0 3 1.620145 1.24474 1.699851 2.343163 2.499861 2.901954 331302.0 489850.0 461962.0 534780.0 644470.0 973442.0
0 5 1.56652 1.498646 1.716924 1.623619 2.167724 1.407768 276332.0 439560.0 508890.0 441010.0 979862.0 553916.0
0 0 1.407982 1.304088 1.252077 1.835831 1.631348 2.223997 452314.0 346368.0 714118.0 961424.0 1267538.0 1525254.0
0 3 0.948968 1.204323 1.436338 1.901244 1.455729 3.205797 294020.0 879678.0 602118.0 980264.0 1052038.0 1110424.0
0 5 1.432122 1.678467 2.088457 2.167493 2.531815 3.168065 214228.0 286188.0 408832.0 328156.0 495106.0 842634.0
0 0 1.640839 1.304058 1.727371 1.656634 1.687809 2.185107 224408.0 397452.0 504846.0 652116.0 927176.0 1347092.0
0 3 1.568246 1.680011 1.784248 1.855589 2.144145 2.83617 378422.0 366898.0 393870.0 455968.0 730322.0 1301132.0
0 5 1.469148 1.359235 1.328135 1.293358 1.810035 2.284788 241958.0 424270.0 594892.0 294342.0 941070.0 1350264.0
0 0 1.280234 1.519972 1.859845 1.775904 1.651866 2.427802 444990.0 474568.0 815244.0 965108.0 1464370.0 1956994.0
0 3 1.265597 1.455752 1.841723 2.303018 1.350897 2.217387 243952.0 814450.0 1086536.0 904064.0 997610.0 2074306.0
0 5 1.567983 1.435914 1.827997 2.17605 2.4795 3.003951 318402.0 333470.0 406722.0 464572.0 547062.0 1006652.0
0 0 0.984091 1.795373 1.890536 2.544044 1.875383 1.970832 338152.0 1302940.0 1459200.0 1096982.0 1812342.0 2059678.0
0 3 1.61584 1.308687 1.561424 2.143574 2.10395 2.561994 289650.0 354578.0 396700.0 844024.0 749718.0 1209148.0
0 5 1.210898 1.53583 1.378899 1.285693 1.499212 1.667282 124410.0 1655662.0 1399498.0 1843640.0 2320560.0 3341334.0
0 0 1.203316 1.375995 1.388031 1.363775 1.624035 2.124 1280122.0 1249374.0 1819420.0 1884192.0 2248658.0 2966092.0
0 3 1.203134 1.250063 1.655581 1.656004 1.530525 1.645629 298328.0 1445368.0 1556626.0 2028800.0 1613614.0 2708980.0
0 5 1.615766 1.816121 1.800055 1.975549 2.979993 3.738986 298614.0 293336.0 444320.0 526054.0 409702.0 746986.0
0 0 1.781312 1.27834 1.218901 1.956087 1.391217 2.262392 366180.0 534018.0 449608.0 986934.0 818678.0 1266224.0
0 3 1.648045 1.644212 2.216399 2.232066 2.275916 2.968003 380042.0 273020.0 306358.0 405452.0 567264.0 870478.0
0 5 0.98377 1.375529 1.515761 1.809455 1.641857 2.036944 101004.0 569358.0 529912.0 880090.0 1268268.0 1300724.0
