0 3 1.560019 1.702747 1.936711 2.088089 2.230012 2.980129 455670.0 308422.0 496232.0 419058.0 655778.0 976542.0
0 5 1.158912 1.539856 1.900959 1.747892 1.991036 2.120118 203044.0 615858.0 1052826.0 1027352.0 893950.0 1881422.0
0 3 1.268008 1.356101 1.790103 1.327028 1.510026 2.520284 428456.0 384472.0 641154.0 790680.0 418312.0 1485164.0
0 0 2.762887 1.709107 1.437078 1.52102 1.953205 2.136902 757266.0 869030.0 1021112.0 1344048.0 1432064.0 2081510.0
0 3 2.606024 1.83599 1.948045 1.605169 1.727184 1.826939 332266.0 978254.0 1362930.0 1053532.0 1631832.0 2414804.0
0 5 1.216827 1.756001 1.432074 1.900877 2.117999 3.139116 374270.0 470518.0 614300.0 621538.0 505282.0 937712.0
0 0 1.30187 5.493082 1.421014 1.391978 2.309951 2.113603 182634.0 628440.0 396360.0 619876.0 1047008.0 1620068.0
0 3 1.326181 1.849002 1.19489 1.963091 2.638051 3.271003 341796.0 416474.0 336748.0 474496.0 465242.0 1003458.0
0 5 1.163806 1.548739 1.609096 1.570872 1.661152 1.552988 210746.0 1651214.0 2163706.0 2412446.0 2520880.0 4085366.0
0 0 1.329986 1.77606 1.794267 1.585897 1.797798 1.68175 1233580.0 1190822.0 2052492.0 1519472.0 3108104.0 4651246.0
0 3 1.098184 1.568997 1.608067 1.528891 1.537827 1.719909 242308.0 1603236.0 2336332.0 1544662.0 2393308.0 4301956.0
0 5 1.263979 1.945101 1.818053 1.964955 2.325963 2.683934 256744.0 285046.0 379382.0 516338.0 817394.0 1088884.0
0 0 1.265822 1.3789 1.855128 2.181096 1.937022 2.272084 231660.0 434382.0 440124.0 553388.0 943766.0 1332572.0
0 3 1.303954 1.921043 2.014971 1.364258 2.306858 1.69497 272570.0 288180.0 419858.0 202942.0 548380.0 466324.0
0 5 1.100773 1.734056 2.86992 1.731848 1.530001 1.923928 71634.0 1704656.0 2372858.0 2513218.0 2162658.0 3233992.0
0 0 1.338877 1.611748 1.361571 1.638021 1.719852 1.660857 1271106.0 1522610.0 1507524.0 2676190.0 1902716.0 4138232.0
0 3 1.179711 1.39935 1.498854 1.635832 1.552915 1.921921 284386.0 1656934.0 1888964.0 2072312.0 2356772.0 2379258.0
0 5 1.819925 1.35894 2.193876 1.947009 1.92386 3.416927 498202.0 301760.0 420700.0 490288.0 809712.0 924136.0
0 0 1.124148 1.675524 1.999103 2.174952 1.50482 2.105449 186768.0 694148.0 1075310.0 846222.0 1400340.0 1711474.0
0 3 1.229987 1.23901 2.00627 1.965102 2.025197 3.058575 507362.0 364752.0 577012.0 656568.0 744882.0 986380.0
0 5 1.128952 1.71308 1.916352 1.64497 1.837104 2.391173 249664.0 284626.0 693260.0 281650.0 944814.0 1383202.0
0 0 1.182721 1.815066 1.884912 1.453169 1.619048 2.305824 511614.0 559354.0 1164900.0 990352.0 1426574.0 1911934.0
0 3 1.202915 1.59469 1.485194 1.887083 1.58819 2.15802 227378.0 730268.0 880198.0 1223320.0 1540130.0 1977252.0
0 5 1.120804 1.442454 2.038804 2.582995 1.702012 2.717491 202808.0 346164.0 567520.0 610728.0 968072.0 935996.0
0 0 1.175101 1.313743 1.74541 1.693958 1.621929 2.060966 218610.0 613508.0 762696.0 901960.0 898362.0 1582976.0
0 3 1.268732 1.667102 2.180969 1.856269 2.038937 2.028261 315880.0 276500.0 546640.0 537424.0 834334.0 674462.0
0 5 1.389947 1.692884 1.35895 1.755066 1.649997 2.348019 256008.0 694790.0 569532.0 757684.0 1377798.0 1906702.0
0 0 1.359099 1.674993 1.303862 1.606934 1.575028 2.298092 499282.0 546298.0 726070.0 847724.0 1233738.0 1418208.0
0 3 1.192975 1.774669 1.468814 1.91105 1.595038 1.7119 142774.0 890544.0 744642.0 913012.0 1455624.0 1968562.0
0 5 1.212896 1.240944 2.057113 2.460726 2.526817 2.942264 323952.0 278448.0 467220.0 388778.0 540458.0 1170168.0
0 0 1.075858 1.38298 1.993016 1.263999 2.247049 2.852539 227748.0 613636.0 584630.0 811986.0 661218.0 1043286.0
0 3 1.477039 1.727059 1.912091 1.470759 1.955037 3.703961 416374.0 391884.0 771500.0 653220.0 765544.0 674838.0
0 5 1.04797 1.339651 1.387937 1.676078 2.043206 2.360163 155832.0 434188.0 465346.0 331794.0 1268824.0 1463870.0
0 0 1.385975 1.838086 1.465055 1.918856 1.807079 2.207386 554840.0 498532.0 528176.0 1198238.0 1413812.0 1656608.0
0 3 1.112822 1.247979 1.888216 1.834016 1.642232 2.106094 213850.0 724256.0 940316.0 1247960.0 1343290.0 2134384.0
0 5 1.86397 1.575077 2.016905 1.903844 2.2711 2.636187 449622.0 253644.0 389492.0 492068.0 1018120.0 1401166.0
