0 0 5.375939 4.557095 5.384893 5.782009 5.741092 6.314055 1324310.0 802720.0 1662644.0 2315822.0 2580652.0 4122400.0
0 0 3.661533 5.047882 5.611949 6.183001 5.916567 6.053012 266298.0 1619388.0 1840762.0 2545986.0 2482200.0 3515088.0
0 0 4.538392 4.720003 5.312128 5.125018 5.73993 6.491114 1248340.0 1054332.0 1746552.0 1434906.0 1709582.0 3100906.0
0 0 4.71392 4.909992 5.87405 6.220763 5.333142 6.783909 1114772.0 904566.0 1760824.0 2832386.0 1816640.0 4860118.0
0 0 3.398257 4.738889 5.425007 5.295972 5.873215 6.012967 266766.0 1302948.0 1851350.0 2070602.0 2775964.0 2983342.0
0 0 4.836959 5.486895 6.281873 6.023062 5.799866 6.512339 1259972.0 1605066.0 2501534.0 2042604.0 2348170.0 4359584.0
0 0 3.063996 5.022888 5.839932 5.586044 5.732963 6.219144 190636.0 1577024.0 2585524.0 1816820.0 2979078.0 2306634.0
0 0 5.038946 4.989071 5.739025 5.443953 6.107988 6.813407 1241778.0 1027958.0 1764538.0 1824062.0 2793906.0 4506520.0
0 0 3.327728 5.362244 5.384892 5.198944 5.690749 10.399255 244566.0 1723080.0 1766454.0 1762934.0 2435568.0 4904354.0
0 0 4.507916 5.324957 5.836936 5.516119 10.233027 7.004902 1144096.0 1553260.0 2772474.0 1649042.0 2509138.0 3920196.0
0 0 3.325952 6.431416 6.034947 5.767517 5.792071 6.305925 240752.0 1055654.0 2657570.0 2389834.0 2353242.0 3814784.0
0 0 4.846869 5.125929 5.555896 5.587765 6.1783 6.010983 1390610.0 1555568.0 2243908.0 2286470.0 3271592.0 2995448.0
0 0 3.637226 5.032019 5.650952 6.271995 6.070001 5.907933 229824.0 1625312.0 2569390.0 2436142.0 3249446.0 2990844.0
0 0 4.930983 5.535945 7.657002 6.10901 5.946019 6.643048 1314340.0 1571590.0 2414600.0 2174614.0 2668012.0 3073552.0
0 0 3.168432 5.198931 6.985562 5.95171 5.787201 6.324981 238788.0 1478428.0 2836330.0 2715324.0 2831240.0 2407466.0
0 0 4.976759 4.981008 5.710103 6.808089 6.232894 6.069597 1214052.0 1300416.0 2207814.0 2574330.0 2929480.0 3156006.0
0 0 3.585639 4.961023 5.520578 6.219221 6.038774 6.191049 280190.0 1508300.0 1808698.0 2535934.0 2417062.0 4203258.0
0 0 4.834988 5.452952 6.226903 5.013827 5.742954 6.690859 1318132.0 1597530.0 2716748.0 1456750.0 2430880.0 2700788.0
0 3 4.534937 4.652091 4.756014 3.3878 5.370067 6.052046 638806.0 496924.0 679066.0 513200.0 726718.0 1168816.0
0 5 3.733102 4.789772 4.849027 5.608785 5.786009 5.723974 195440.0 659678.0 966862.0 849776.0 1412188.0 1840630.0
0 3 4.249924 4.346112 5.233114 5.148007 5.307124 7.927025 393760.0 520850.0 787562.0 438500.0 691784.0 1638600.0
0 5 3.909298 4.1493 4.056188 5.589074 4.671017 5.684854 223346.0 580228.0 508544.0 1169834.0 789972.0 1892266.0
0 3 4.284774 4.505948 4.678836 4.313493 5.167873 5.987375 302914.0 336278.0 770510.0 402572.0 903466.0 1216610.0
0 5 3.319807 4.262023 4.891 4.798892 5.578084 5.764099 226288.0 569698.0 916512.0 899752.0 1016918.0 1638942.0
0 3 3.451761 3.648007 4.606916 3.546927 3.201014 6.114712 274428.0 249408.0 502128.0 438244.0 674434.0 1180616.0
0 5 3.904742 4.365078 5.070095 5.62734 5.513647 6.363194 287738.0 716346.0 1080836.0 1224488.0 1391586.0 2085020.0
0 3 4.329865 4.434892 5.292008 3.521898 5.101465 5.956985 392884.0 521094.0 839464.0 563774.0 626388.0 956658.0
0 5 3.780053 4.773383 4.635469 4.879969 5.673077 5.645872 244358.0 635508.0 767630.0 993574.0 1642400.0 1817928.0
0 3 3.610822 3.732024 4.296014 5.123914 4.992106 7.857844 332322.0 335470.0 358500.0 576814.0 574174.0 1664774.0
0 5 3.734135 4.030021 5.014949 5.505819 5.392021 5.261707 232818.0 621900.0 785596.0 970992.0 1127504.0 1282210.0
0 3 4.231866 4.311029 5.192915 5.14885 5.039626 6.092887 327666.0 469764.0 503740.0 420380.0 628228.0 1019422.0
0 5 3.982295 4.128913 4.924328 4.780775 4.99999 5.552456 248408.0 618138.0 744312.0 772716.0 1159790.0 922200.0
0 3 1.530802 4.272975 5.238881 4.388071 4.920944 5.703688 241576.0 358274.0 1444698.0 555260.0 595228.0 979904.0
0 5 3.708368 4.090982 4.88105 4.802023 5.381415 6.321893 241840.0 567466.0 941248.0 626546.0 1438258.0 1769394.0
0 3 5.454076 3.718961 5.255116 4.041899 5.134231 5.735795 301744.0 334844.0 715784.0 424570.0 880928.0 805150.0
0 5 3.690559 4.704319 4.832065 4.49713 5.340706 5.646707 249886.0 587102.0 704160.0 615982.0 1185338.0 1771456.0
0 3 4.247932 4.301835 5.18789 5.176408 3.167824 8.035013 387518.0 402584.0 574554.0 456760.0 702202.0 1793548.0
0 5 3.895845 4.955375 4.948855 4.769293 5.63467 5.754004 273568.0 587760.0 864916.0 806490.0 855186.0 1547110.0
0 3 2.707033 3.885974 4.617913 4.408068 5.304823 6.262499 340152.0 356162.0 611112.0 616494.0 803134.0 1193438.0
0 5 2.380746 4.340971 5.225628 4.47707 4.938485 5.90299 66004.0 500502.0 851378.0 553314.0 770534.0 797660.0
0 3 4.025924 4.061813 4.852884 2.919966 5.409556 6.262454 342150.0 410918.0 745086.0 592346.0 730214.0 1179038.0
0 5 3.426761 5.185026 5.23271 5.690058 5.464518 6.243988 258374.0 1611602.0 1606902.0 2248992.0 1655186.0 2784894.0
0 3 4.086218 3.508082 5.28606 4.922875 5.767013 4.023869 377078.0 226534.0 735974.0 682460.0 623888.0 309436.0
0 5 3.638849 4.640137 4.610957 4.534994 5.560867 4.285141 194018.0 512924.0 694258.0 776960.0 1333164.0 565508.0
0 3 3.513913 3.569834 5.27185 3.406002 5.007047 5.939468 276152.0 297230.0 620508.0 458598.0 757978.0 1390888.0
0 5 3.784137 4.235224 5.003119 4.809041 5.369231 6.245815 213004.0 555936.0 1301160.0 680956.0 1155388.0 1981520.0
0 3 4.178912 4.178841 5.069185 4.93605 5.105134 6.027906 307406.0 358552.0 749496.0 475422.0 578694.0 927508.0
0 5 3.521713 3.781117 4.716015 5.233144 5.126747 6.075221 278002.0 340800.0 666800.0 645300.0 1006474.0 1518770.0
