0 0 0.78556 0.982577 0.990654 1.031329 1.023375 0.931428 1382276.0 1664948.0 1400768.0 1723064.0 1181068.0 1996926.0
0 3 0.666536 0.957108 0.949815 0.942802 0.874318 0.904141 155054.0 1414542.0 1442326.0 1870344.0 1156366.0 1869382.0
0 5 0.68427 0.925903 0.912139 0.799921 0.794904 0.822572 161448.0 107158.0 215196.0 198722.0 162598.0 170030.0
0 0 0.612927 0.885069 0.951602 0.903776 0.999335 0.909359 30488.0 1286340.0 1320704.0 1563626.0 1425966.0 2448116.0
0 3 0.680218 0.887499 0.778886 0.783435 0.758376 0.746482 189504.0 251152.0 248852.0 176018.0 201796.0 176324.0
0 5 0.639924 0.861342 0.837632 0.801343 0.741092 0.771996 18036.0 477372.0 510028.0 366232.0 266186.0 603764.0
0 0 0.765444 0.894523 0.73847 0.814913 0.792407 0.830464 334634.0 497324.0 407054.0 487164.0 583870.0 876144.0
0 3 0.705061 0.824392 0.848432 0.797227 0.805059 0.820762 164142.0 684356.0 539964.0 895712.0 640676.0 524794.0
0 5 0.686416 0.791143 0.852596 0.830404 0.789684 0.865294 138966.0 179436.0 254428.0 185764.0 236412.0 330544.0
0 0 0.666847 0.83706 0.811866 0.834581 0.799572 0.836268 119478.0 498728.0 303060.0 637360.0 494206.0 409914.0
0 3 0.694667 0.783268 0.820405 0.884173 0.81847 0.82481 273194.0 270818.0 195370.0 358296.0 255884.0 459128.0
0 5 0.597771 0.833817 0.816296 0.845494 0.873958 0.834528 119746.0 636496.0 474454.0 523628.0 769684.0 464582.0
0 0 0.678898 0.924973 0.881005 0.813976 0.890579 0.891844 442234.0 782420.0 463364.0 568608.0 712678.0 769826.0
0 3 0.649682 0.913698 0.921239 0.844691 0.844997 0.803914 225788.0 942514.0 577650.0 642262.0 930444.0 705100.0
0 5 0.625987 0.809931 0.789767 0.838527 0.821537 0.772797 212730.0 121736.0 165568.0 208484.0 227964.0 227940.0
0 0 0.681067 0.853451 0.807414 0.850551 0.7471 0.81568 183356.0 322852.0 214646.0 521366.0 521140.0 395116.0
0 3 0.697253 0.806936 0.781762 0.854249 0.90343 0.831773 284826.0 239972.0 285684.0 376994.0 366166.0 293262.0
0 5 0.614269 0.775459 0.888375 0.86213 0.757001 0.76092 188038.0 1036194.0 1006446.0 1046846.0 616312.0 1093994.0
0 0 0.78192 0.917794 0.992914 0.92751 0.912845 0.976462 1013308.0 1210228.0 1054708.0 797074.0 1583384.0 1665406.0
0 3 0.582594 0.876998 0.916204 0.838187 0.864233 0.837173 158454.0 1054322.0 1233664.0 850802.0 1336342.0 1288078.0
0 5 0.684548 0.954442 0.770317 0.907423 0.866779 0.828391 141428.0 222630.0 112496.0 282664.0 207130.0 380436.0
0 0 0.687539 0.85161 0.753569 0.780567 0.853962 0.791763 124220.0 345212.0 350684.0 393356.0 310900.0 395126.0
0 3 0.724062 0.865624 0.846249 0.846608 0.860995 0.804038 344844.0 507676.0 261880.0 498182.0 363668.0 289770.0
0 5 0.694329 0.855163 0.944874 0.954573 0.776217 0.986002 224520.0 1588316.0 1442534.0 1784014.0 893454.0 2798594.0
0 0 0.763157 0.94824 0.95119 0.992097 0.940969 0.944152 1064924.0 1221474.0 1387748.0 1455400.0 1182806.0 2088900.0
0 3 0.686615 0.899105 0.888423 0.846159 0.855267 0.786979 288060.0 1134540.0 960556.0 1555140.0 1273588.0 1335452.0
0 5 0.69305 0.802301 0.909617 0.899651 0.810096 0.802615 202304.0 372656.0 544094.0 278650.0 248562.0 187684.0
0 0 0.649048 0.820838 0.740991 0.806501 0.801076 0.827266 113348.0 258822.0 165102.0 364598.0 509362.0 616924.0
0 3 0.699398 0.845586 0.917174 0.838256 0.871142 0.946904 321362.0 288278.0 283616.0 383518.0 421724.0 505070.0
0 5 0.67583 0.804927 0.777329 0.803834 0.779488 0.818718 230952.0 626938.0 694038.0 508630.0 640998.0 586622.0
0 0 0.702628 1.000688 0.843463 0.787683 0.840172 0.940402 426714.0 727540.0 877368.0 522130.0 447936.0 622208.0
0 3 0.58775 0.815538 0.763339 0.864776 0.885626 0.82554 89162.0 819108.0 838796.0 1194438.0 795748.0 942608.0
0 5 0.682679 0.866922 0.808202 0.803881 0.781038 0.779414 219828.0 257230.0 206404.0 238336.0 456240.0 429884.0
0 0 0.681279 0.807591 0.853155 0.916311 0.815389 0.771562 128382.0 464048.0 327776.0 343882.0 494908.0 311776.0
0 3 0.701282 0.75479 0.808359 0.817318 0.858255 0.819638 205946.0 174894.0 152052.0 253478.0 295920.0 235990.0
0 5 0.598082 0.872557 0.85571 0.790339 0.800549 0.785343 121576.0 402402.0 429788.0 430782.0 484518.0 536770.0
0 0 0.705442 0.766298 0.785983 0.867396 0.791073 0.910097 341290.0 350336.0 634472.0 447206.0 616474.0 509388.0
0 3 0.656185 0.781875 0.771219 0.806243 0.791166 0.830799 250902.0 748650.0 619314.0 737258.0 497836.0 519446.0
0 5 0.729626 0.811153 0.849304 0.785843 0.863728 0.866298 278300.0 390186.0 330182.0 120392.0 205464.0 244278.0
0 0 0.62779 0.881795 0.807187 0.752541 0.80842 0.949834 193282.0 517444.0 281126.0 568282.0 695370.0 428300.0
0 3 0.734904 0.850421 0.938099 0.865751 0.919367 0.829291 242806.0 277538.0 361122.0 372916.0 339302.0 405760.0
0 5 0.637263 0.818684 0.837359 0.93799 0.825957 0.899528 129942.0 447446.0 314514.0 381482.0 329630.0 389650.0
0 0 0.706038 0.940292 0.792461 0.863404 0.796674 0.865109 353790.0 457340.0 456232.0 853312.0 608198.0 849716.0
0 3 0.652771 0.837281 0.759415 0.802879 0.851644 0.829243 157272.0 725640.0 651446.0 584556.0 468072.0 1010690.0
0 5 0.709426 0.839202 0.856847 0.84235 0.858857 0.845974 209222.0 305392.0 380720.0 232268.0 251630.0 337762.0
0 0 0.593342 0.785028 0.789735 0.828906 0.819231 0.89754 113428.0 169914.0 365858.0 225502.0 457350.0 570890.0
0 3 0.745797 0.949628 0.844501 0.876708 0.892337 0.89744 216006.0 246824.0 198670.0 250972.0 277172.0 368542.0
0 5 0.660151 0.755004 0.776953 0.841821 0.866984 0.866458 130438.0 344396.0 323292.0 281520.0 332972.0 368874.0
0 0 0.695131 0.811592 0.904319 0.871642 0.803562 0.839085 391460.0 349524.0 695064.0 361200.0 640630.0 477080.0
0 3 0.622214 0.891416 0.827629 0.909332 0.884957 0.802547 157512.0 669694.0 818568.0 498328.0 993640.0 792598.0
0 5 0.673016 0.853903 0.844194 0.878923 0.874716 0.915183 282474.0 256670.0 280600.0 340480.0 214876.0 262470.0
0 0 0.668573 0.856022 0.822133 0.838712 0.806221 0.812898 168380.0 290304.0 392646.0 396202.0 478622.0 440632.0
0 3 0.682772 0.845414 0.795662 0.809257 0.923307 0.910896 215970.0 234884.0 252966.0 295810.0 396564.0 405032.0
0 5 0.641239 0.782754 0.881288 0.730177 0.821796 0.826793 186640.0 501952.0 566250.0 586102.0 520168.0 750388.0
0 0 0.69513 0.896474 0.84491 0.779743 0.819638 0.905899 418920.0 492080.0 495232.0 698902.0 854450.0 965550.0
0 3 0.613782 0.893555 0.739454 0.805201 0.904921 0.779981 232906.0 713062.0 520418.0 549858.0 1036530.0 833836.0
0 5 0.610178 0.860396 0.847169 0.893918 0.911813 0.898439 159226.0 204668.0 161778.0 201254.0 227010.0 243448.0
0 0 0.632428 0.825397 0.798479 0.872237 0.791359 0.80679 97862.0 477578.0 673756.0 485434.0 289602.0 711122.0
0 3 0.743372 0.841998 0.801545 0.709839 0.757629 0.88133 255944.0 217970.0 225508.0 133054.0 296614.0 381372.0
0 5 0.630982 0.826184 0.859732 0.850072 0.828837 0.755655 217852.0 760812.0 734160.0 612302.0 761686.0 621910.0
0 0 0.728614 0.881309 0.883578 0.897038 0.866988 0.839609 441112.0 761930.0 850624.0 972418.0 499986.0 463276.0
0 3 0.686574 0.73075 0.809218 0.863833 0.852005 0.803503 220818.0 750000.0 956346.0 709420.0 703840.0 657116.0
0 5 0.719654 0.794052 0.804692 0.83939 0.913114 0.885581 202176.0 207708.0 352758.0 276980.0 475092.0 229402.0
0 0 0.647572 0.912087 0.793527 0.806464 0.83299 0.809315 155356.0 644678.0 405698.0 636398.0 642566.0 690784.0
0 3 0.622131 0.868913 0.817918 0.870966 0.82589 0.779472 135492.0 179730.0 288670.0 238970.0 211794.0 286862.0
0 5 0.646214 0.847912 0.800468 0.755115 0.870062 0.839248 154056.0 473692.0 408228.0 559298.0 546396.0 453800.0
0 0 0.789609 0.851492 0.821942 0.871257 0.841055 0.79452 426912.0 531788.0 762902.0 553702.0 866762.0 805128.0
0 3 0.715715 0.887043 0.79531 0.811761 0.789853 0.85125 234210.0 938082.0 535108.0 586904.0 749252.0 938160.0
0 5 0.716859 0.87542 0.861923 0.878417 0.853387 0.963029 255156.0 300620.0 403324.0 301648.0 166810.0 240600.0
0 0 0.699463 0.833764 0.803981 0.803375 0.863027 0.807366 121960.0 312050.0 359124.0 223054.0 239924.0 433354.0
0 3 0.664998 0.953018 0.843622 0.915688 0.876469 0.946647 314718.0 636038.0 366584.0 439140.0 202568.0 332630.0
0 5 0.626806 1.001991 0.90412 0.989619 0.805962 0.971203 295024.0 1164352.0 1181892.0 1295000.0 1178210.0 935640.0
0 0 0.82692 0.99248 0.979016 0.995958 1.013006 1.001528 961608.0 1004714.0 1290940.0 1612064.0 1415964.0 2175452.0
0 3 0.6645 0.963725 0.833445 0.957433 0.881861 0.947685 98108.0 958822.0 1007066.0 1327594.0 1031726.0 886296.0
0 5 0.702116 0.881087 0.883602 0.853518 0.898482 0.814836 231108.0 400722.0 207532.0 264926.0 212040.0 268080.0
0 0 0.694953 0.753789 0.791025 0.874848 0.804545 0.730324 158990.0 472088.0 549776.0 588420.0 653840.0 626070.0
0 3 0.648947 0.948819 0.770094 0.845313 0.901625 0.887252 151394.0 315412.0 190658.0 204482.0 221592.0 245824.0
0 5 0.630838 0.809771 0.902814 0.843506 0.871754 0.804298 132662.0 673772.0 573030.0 769128.0 723512.0 628938.0
0 0 0.68911 0.896363 0.872704 0.906644 0.891135 0.862251 454642.0 759624.0 692754.0 474938.0 984156.0 550896.0
0 3 0.637744 0.868243 0.860598 0.95942 0.846782 0.871358 315472.0 934300.0 894108.0 734534.0 872178.0 600838.0
0 5 0.649136 0.790931 0.935164 0.932687 0.8421 0.846483 189002.0 355292.0 208180.0 427990.0 363116.0 366620.0
0 0 0.649195 0.938953 0.878342 0.969417 0.900966 0.850189 210644.0 1153544.0 1026202.0 1241796.0 1281548.0 891482.0
0 3 0.697526 0.985099 0.834939 0.929103 0.868936 0.778543 218478.0 329762.0 301446.0 319256.0 204688.0 229282.0
0 5 0.660103 0.919387 0.845107 0.770597 0.887927 0.801156 112206.0 648080.0 328200.0 573694.0 527958.0 448312.0
0 0 0.648308 0.878801 0.875358 0.909857 0.905431 0.907412 444684.0 716082.0 842708.0 627998.0 604450.0 677024.0
0 3 0.740135 0.883836 0.847019 0.980677 0.860969 0.838278 264922.0 525190.0 496974.0 722970.0 897460.0 665604.0
0 5 0.711264 0.979715 0.765337 0.789847 0.785446 0.887766 249810.0 298976.0 153756.0 211844.0 273472.0 413030.0
0 0 0.717622 0.914734 0.84182 0.861143 0.880002 0.791898 28182.0 385848.0 237986.0 384794.0 517260.0 518164.0
0 3 0.761485 0.857643 0.839526 0.868286 0.776884 0.866811 286300.0 512298.0 568622.0 517002.0 393594.0 282912.0
0 5 0.696764 0.821216 0.820714 0.8719 0.784763 0.787248 149226.0 557092.0 526312.0 438618.0 517570.0 517864.0
0 0 0.707413 0.89373 0.861912 0.885856 0.883463 0.912433 423096.0 519044.0 600082.0 718082.0 550752.0 577928.0
0 3 0.606938 0.915284 0.79905 0.803783 0.881707 0.903398 11566.0 743214.0 824694.0 606206.0 758630.0 720498.0
0 5 0.617549 0.810441 0.833858 0.834211 0.879974 0.904688 234690.0 108394.0 223750.0 193090.0 231428.0 285432.0
0 0 0.678593 0.905548 0.773727 0.887062 0.850576 0.833469 131800.0 495818.0 344874.0 579706.0 629656.0 663374.0
0 3 0.711111 0.897096 0.838611 0.840891 0.959103 0.832598 248100.0 281184.0 235390.0 286584.0 341332.0 367160.0
0 5 0.670095 0.841945 0.800531 0.976049 0.948845 1.051733 329892.0 1090242.0 982796.0 1734004.0 1423832.0 2000888.0
0 0 0.810085 0.93309 0.929791 1.037363 0.917254 1.034904 956632.0 1014458.0 1292038.0 1445082.0 1145898.0 1822868.0
0 3 0.621848 0.970232 0.869601 0.937687 0.908988 0.95601 328742.0 1185228.0 789216.0 1263664.0 794558.0 1947456.0
0 5 0.680747 0.817709 0.818903 0.799507 0.804304 0.887611 258550.0 286526.0 335708.0 384798.0 376356.0 471390.0
0 0 0.633816 0.770216 0.871247 0.829608 0.855837 0.802912 169340.0 403352.0 508348.0 495718.0 612292.0 285940.0
0 3 0.745769 0.897487 0.822728 0.840708 0.777598 0.883201 245998.0 439198.0 259806.0 337754.0 386876.0 458248.0
0 5 0.623457 0.873089 0.905665 0.865721 0.839679 0.837634 147902.0 521978.0 741700.0 460978.0 826980.0 845422.0
0 0 0.660276 0.853832 0.843327 0.865265 0.930277 0.878444 424894.0 520064.0 482774.0 877196.0 588278.0 630902.0
0 3 0.733268 0.864434 0.855483 0.805922 0.880239 0.8661 158610.0 833322.0 386614.0 591048.0 740358.0 944766.0
0 5 0.721871 0.84873 0.798585 0.805404 0.83406 0.889411 162354.0 314848.0 185240.0 209722.0 159130.0 229686.0
0 0 0.704324 0.801444 0.837853 0.905338 0.783588 0.897863 540064.0 754572.0 1098986.0 753570.0 762578.0 955136.0
0 3 0.655405 0.8608 0.773981 0.880479 0.884977 0.861348 177078.0 839650.0 620564.0 1048904.0 1183784.0 692340.0
0 5 0.741759 0.782074 0.819779 0.773913 0.837216 0.835555 218078.0 434228.0 348708.0 115748.0 222484.0 246044.0
0 0 0.720225 0.809952 0.827848 0.831801 0.830204 0.819462 210954.0 297436.0 625254.0 408902.0 357866.0 641760.0
0 3 0.70833 0.812263 0.911394 0.849286 0.880783 0.765338 230048.0 199736.0 215472.0 195292.0 307940.0 211644.0
0 5 0.60192 0.848483 0.845442 0.758072 0.757355 0.921312 193010.0 657084.0 394888.0 491804.0 536930.0 229236.0
0 0 0.67031 0.871531 0.853381 0.874294 0.879143 0.78318 406178.0 736746.0 803270.0 890862.0 881330.0 736870.0
0 3 0.694341 0.799801 0.853769 0.788558 0.844793 0.792602 135802.0 779910.0 810278.0 642550.0 601780.0 895696.0
0 5 0.736444 0.862734 0.864329 0.93525 0.813005 0.934748 123976.0 133048.0 148654.0 416560.0 221092.0 326780.0
0 0 0.62123 0.942332 0.888752 0.892769 0.945406 0.923549 308946.0 1498836.0 1195800.0 1133836.0 1607360.0 1373020.0
0 3 0.695508 0.825597 0.944882 0.984987 0.817059 0.83483 402640.0 482186.0 584852.0 283194.0 234516.0 284880.0
0 5 0.714383 0.893624 0.856069 0.914667 0.849926 0.81217 188008.0 295672.0 343060.0 762912.0 720758.0 400944.0
0 0 0.615473 0.861394 0.821599 0.834507 0.913963 0.899872 393362.0 727562.0 630790.0 917070.0 583878.0 484052.0
0 3 0.647974 0.861952 0.822299 0.94523 0.827153 0.770655 25564.0 787300.0 539720.0 906302.0 696302.0 870032.0
0 5 0.753873 0.858525 0.832591 0.782345 0.857347 0.872085 258332.0 331354.0 428756.0 422004.0 296320.0 415202.0
0 0 0.583109 0.919339 0.900205 0.82852 0.816699 0.938148 242334.0 602598.0 511516.0 431520.0 561498.0 584528.0
0 3 0.718719 0.875634 0.950715 0.899107 0.901156 0.809853 176650.0 178880.0 300216.0 388344.0 456452.0 230756.0
0 5 0.610907 0.882988 0.852348 0.75724 0.799436 0.775598 138362.0 329316.0 464614.0 230988.0 369808.0 384176.0
0 0 0.773032 0.848793 0.929639 0.897192 0.833494 0.890794 359302.0 521142.0 525516.0 327270.0 482574.0 824246.0
0 3 0.634924 0.771571 0.793435 0.884077 0.748045 0.784301 214074.0 705442.0 679574.0 991626.0 808842.0 607088.0
0 5 0.740888 0.856959 0.847528 0.752525 0.793261 0.808298 248886.0 199842.0 246378.0 230670.0 294382.0 254238.0
0 0 0.610259 0.751431 0.851108 0.88098 0.801847 0.877781 103056.0 417256.0 362288.0 438850.0 471256.0 558884.0
0 3 0.832951 0.86823 0.876097 0.85609 0.74779 0.842813 341874.0 254304.0 204666.0 204018.0 187134.0 227262.0
0 5 0.697867 0.901319 0.902407 0.839887 0.788588 0.7619 143088.0 532246.0 349940.0 364954.0 277676.0 624572.0
0 0 0.689611 0.945204 0.84328 0.770656 0.849416 0.802784 395446.0 803928.0 728384.0 613466.0 779186.0 461842.0
0 3 0.734302 0.842887 0.78218 0.772877 0.853599 0.729302 274844.0 829972.0 539484.0 939696.0 886896.0 438210.0
0 5 0.723807 0.961647 0.779974 0.853497 0.784673 0.869223 222532.0 441616.0 386728.0 463490.0 354328.0 498900.0
0 0 0.65423 0.778138 0.811732 0.957133 0.913193 1.090917 253064.0 1019352.0 1364320.0 1636358.0 1817866.0 1910370.0
0 3 0.678612 0.920536 0.848209 0.849742 0.906482 0.857041 192714.0 376746.0 286614.0 206384.0 284966.0 287496.0
0 5 0.65821 0.85274 0.832899 0.92419 0.822591 0.829252 204120.0 576472.0 264106.0 494162.0 560364.0 402050.0
0 0 0.733652 0.985475 0.984174 0.956957 0.954937 1.010092 1025858.0 1235270.0 1119422.0 1930700.0 1509542.0 2330116.0
0 3 0.665397 0.916155 0.909286 0.949187 0.946088 0.961654 290918.0 1696028.0 1700294.0 1458428.0 1723610.0 2237922.0
0 5 0.652462 0.948706 0.850342 0.884799 0.897777 0.874778 238592.0 194876.0 308790.0 339714.0 377292.0 316442.0
0 0 0.59871 0.897448 0.89073 0.969742 0.824787 0.91861 158790.0 1385990.0 1700434.0 1571972.0 1216624.0 2036908.0
0 3 0.60973 0.856442 0.790716 0.829763 0.871285 0.79639 297336.0 218062.0 192950.0 385366.0 507808.0 348156.0
0 5 0.621271 0.863905 0.849888 0.813625 0.850502 0.852447 184862.0 456444.0 561580.0 627956.0 533392.0 725792.0
0 0 0.672156 0.805912 0.897586 0.852605 0.824759 0.847292 432052.0 443666.0 908534.0 824826.0 812034.0 826094.0
0 3 0.602536 0.822559 0.870938 0.863748 0.823878 0.804764 99804.0 537434.0 920450.0 966350.0 852502.0 887174.0
0 5 0.636024 0.909765 0.740214 0.878503 0.838142 0.906828 220784.0 501088.0 364830.0 335860.0 330164.0 224210.0
0 0 0.5994 0.867789 0.8442 0.726011 0.885751 0.832158 104234.0 542016.0 327784.0 288542.0 464126.0 620116.0
0 3 0.674067 0.872571 0.816485 0.822048 0.75904 0.892289 302478.0 495036.0 480428.0 436052.0 181938.0 202246.0
0 5 0.660214 0.796819 0.763692 0.848723 0.91836 0.862055 139876.0 423890.0 470082.0 587198.0 409458.0 645602.0
0 0 0.723444 0.884805 0.85062 0.88656 0.81454 0.824255 376080.0 739602.0 552270.0 840454.0 681980.0 561118.0
0 3 0.561109 0.878763 0.789153 0.853972 0.772884 0.883786 112306.0 726038.0 798668.0 1009768.0 685424.0 745786.0
0 5 0.648105 0.82191 0.900667 0.815142 0.845454 0.811802 216312.0 241974.0 309636.0 176618.0 301970.0 143628.0
0 0 0.704244 0.952323 0.915323 0.985273 0.884231 1.005573 357730.0 1195440.0 1016230.0 1421820.0 827726.0 2430452.0
0 3 0.671492 0.897332 0.809944 0.821257 0.783241 0.783644 282172.0 376878.0 315438.0 358640.0 269718.0 441254.0
0 5 0.659623 0.836378 0.924974 0.798237 0.782644 0.777039 179156.0 603886.0 704414.0 631926.0 529750.0 473624.0
0 0 0.666038 0.861873 0.814054 0.872856 0.786071 0.928489 438012.0 561024.0 565952.0 640044.0 725576.0 503934.0
0 3 0.649951 0.896261 0.852614 0.856525 0.869998 0.856189 138852.0 783884.0 927634.0 567176.0 760734.0 998038.0
0 5 0.639568 0.771701 0.941289 0.820506 0.82057 0.959509 188220.0 188634.0 323204.0 329072.0 404696.0 399368.0
0 0 0.668754 0.813103 0.847647 0.846452 0.789255 0.898233 222304.0 613110.0 715558.0 498406.0 749506.0 757422.0
0 3 0.700845 0.804819 0.818275 0.797859 0.859003 0.915766 304386.0 364298.0 202710.0 254114.0 260412.0 350408.0
0 5 0.722995 0.760201 0.904085 0.80469 0.803168 0.880607 177850.0 508236.0 708386.0 674962.0 726316.0 530684.0
0 0 0.679057 0.92445 0.951493 0.84366 0.883726 0.840753 420258.0 505052.0 811798.0 401712.0 881812.0 958352.0
0 3 0.615167 0.853514 0.770151 0.821517 0.886743 0.855333 144552.0 768986.0 548672.0 935654.0 795684.0 1025478.0
0 5 0.668491 0.865498 0.871681 0.771764 0.809408 0.846377 184332.0 287412.0 321884.0 307204.0 399874.0 524048.0
0 0 0.568997 0.79278 0.906651 0.901423 0.873956 0.775193 89492.0 427854.0 460408.0 556562.0 334958.0 543872.0
0 3 0.735287 0.809845 0.896863 0.868836 0.844386 0.88224 300832.0 444090.0 566142.0 637176.0 322218.0 418622.0
0 5 0.602835 0.835243 0.747626 0.81142 0.875816 0.814163 241268.0 560686.0 662954.0 663434.0 832714.0 826210.0
0 0 0.772459 0.841901 0.848506 0.799937 0.913066 0.909959 532436.0 761434.0 861016.0 643554.0 661386.0 1010866.0
0 3 0.671778 0.934883 0.942072 0.79678 0.98274 0.865939 165772.0 730336.0 670278.0 1011000.0 846130.0 989834.0
0 5 0.734079 0.815253 0.77518 0.850129 0.817418 0.947898 239010.0 411658.0 226222.0 241940.0 325292.0 473448.0
0 0 0.619167 0.815628 0.914561 0.801362 0.831399 0.827767 195580.0 603766.0 616502.0 650912.0 524126.0 558000.0
0 3 0.668031 0.851467 0.895047 0.880586 0.80725 0.915809 260628.0 577722.0 605466.0 679528.0 312966.0 332962.0
0 5 0.677701 0.880263 0.790282 0.868792 0.815663 0.835391 180576.0 510952.0 570396.0 651040.0 627854.0 687134.0
0 0 0.652097 0.847904 0.854555 0.957063 0.880645 0.912982 416486.0 820206.0 608266.0 1076664.0 719326.0 559622.0
0 3 0.684814 0.975468 0.829953 0.770089 0.899239 0.81731 217720.0 546904.0 592644.0 906728.0 1065892.0 912002.0
0 5 0.637068 0.836809 0.866695 0.803266 0.817861 0.812952 256802.0 320016.0 177614.0 162150.0 167732.0 320930.0
0 0 0.640977 0.889107 0.875761 0.866333 0.851624 0.81661 146070.0 510352.0 482870.0 658542.0 687354.0 627048.0
0 3 0.66168 0.844764 0.809851 0.84184 0.819532 0.860377 398060.0 665142.0 474508.0 680968.0 373474.0 346240.0
0 5 0.690272 0.844886 0.84103 0.772324 0.816534 0.821847 213298.0 630366.0 422216.0 348762.0 551602.0 582900.0
0 0 0.689623 0.838208 0.878655 0.855971 0.901894 0.964495 491492.0 569338.0 920812.0 970576.0 985220.0 1104724.0
0 3 0.637526 0.813575 0.833893 0.842113 0.832808 0.814209 264246.0 836974.0 617672.0 711288.0 716970.0 591296.0
0 5 0.661483 0.835809 0.8661 0.957551 0.864366 0.894058 205766.0 233514.0 187244.0 486678.0 178058.0 219128.0
0 0 0.560327 0.940927 0.941872 1.02638 1.084357 0.961377 127698.0 1435376.0 1119866.0 1400918.0 1888434.0 1372676.0
0 3 0.692511 0.870718 0.834622 0.915907 0.920181 0.896556 271684.0 339590.0 418198.0 543262.0 370040.0 449762.0
0 5 0.646936 0.971753 0.962407 0.935162 0.974219 0.996782 309802.0 1664586.0 1852846.0 2038888.0 1961260.0 2464256.0
0 0 0.81812 0.946711 0.894467 1.01809 1.024621 0.949128 1178540.0 1531880.0 1160710.0 1634328.0 2137218.0 1219192.0
0 3 0.663491 0.940538 0.933035 0.959559 1.021789 0.971436 194698.0 1265960.0 1260852.0 2093394.0 2242246.0 1547828.0
0 5 0.618825 0.877426 0.870009 0.999296 0.800941 0.867735 138716.0 270110.0 396366.0 754052.0 461900.0 267742.0
0 0 0.712212 0.882463 0.836263 0.883546 0.871686 0.83717 203622.0 578922.0 593484.0 567348.0 413792.0 749286.0
0 3 0.650372 0.854779 0.922687 0.970441 0.800919 0.845242 243764.0 277108.0 297120.0 284146.0 195312.0 314598.0
0 5 0.733284 0.82953 0.858871 0.877085 0.854256 0.90494 184504.0 582644.0 661794.0 651760.0 637048.0 505692.0
0 0 0.623694 0.883382 0.89098 0.828034 0.812772 0.787685 428532.0 687706.0 589118.0 898522.0 783424.0 415418.0
0 3 0.648642 0.964936 0.946522 0.856612 0.833302 0.833385 249046.0 762090.0 639130.0 695460.0 939000.0 599208.0
0 5 0.620302 0.856584 0.848262 0.841566 0.865437 0.834314 209586.0 301728.0 157524.0 184326.0 245352.0 329464.0
0 0 0.639802 0.89683 0.942727 0.894334 0.802798 0.806208 94584.0 335330.0 408188.0 615124.0 460126.0 317232.0
0 3 0.629653 0.89731 0.797228 0.963684 0.918209 0.813355 281870.0 355012.0 741604.0 466524.0 493590.0 470904.0
0 5 0.636383 0.821599 0.891086 0.816627 0.756541 0.850184 194244.0 698970.0 447410.0 590262.0 452844.0 754388.0
0 0
0 3 0.614125 0.885976 0.87673 0.907403 0.799139 0.9502 347200.0 1439764.0 1408540.0 1804294.0 1674310.0 2342558.0
0 5 0.657449 0.824474 0.853752 0.730388 0.865082 0.875349 222286.0 335774.0 342078.0 319262.0 271086.0 496136.0
0 0 0.593444 0.815724 0.808853 0.836394 0.869186 0.757662 160836.0 509878.0 525450.0 363672.0 680124.0 409862.0
0 3 0.713764 0.810718 0.769484 0.823154 0.812894 0.898017 242568.0 318394.0 405416.0 383472.0 260858.0 392838.0
0 5 0.691955 0.760361 0.653819 0.860629 0.806764 0.80947 194884.0 406690.0 201116.0 313848.0 584002.0 600344.0
0 0 0.735582 0.872924 0.825816 0.818666 0.778371 0.823257 400234.0 548336.0 535524.0 810288.0 445806.0 410032.0
0 3 0.614643 0.803004 0.812131 0.865088 0.769853 0.774759 183500.0 714020.0 447214.0 942408.0 629814.0 369662.0
0 5 0.643261 0.849277 0.834571 0.767714 0.798868 0.80458 235828.0 474126.0 454560.0 290790.0 131174.0 173636.0
0 0 0.589726 0.824027 0.8221 0.810691 0.873841 0.783011 150202.0 492774.0 318424.0 292576.0 481186.0 405364.0
0 3 0.648988 0.879081 0.858877 0.888188 0.799569 0.890641 230822.0 266718.0 197978.0 209650.0 385100.0 568342.0
0 5 0.682049 0.877397 0.80567 0.756307 0.875925 0.830662 223002.0 863284.0 620452.0 760482.0 760200.0 376832.0
0 0 0.724975 0.806785 0.828223 0.963702 0.830563 0.783313 524632.0 511768.0 917440.0 676988.0 1108358.0 900328.0
0 3 0.623504 0.847689 0.744652 0.887167 0.832465 0.818185 144744.0 815874.0 846772.0 1180694.0 791870.0 802208.0
0 5 0.666343 0.897018 0.79579 0.807104 0.825494 0.922549 150504.0 174288.0 187756.0 225856.0 269640.0 345524.0
0 0 0.661895 0.876008 0.848835 0.823964 0.735605 0.818015 83894.0 217954.0 258860.0 559480.0 387114.0 384732.0
0 3 0.738326 0.918417 0.737068 0.902407 0.920119 0.748571 318066.0 276992.0 246708.0 434228.0 604922.0 246360.0
0 5 0.629631 0.816145 0.821234 0.761047 0.857284 0.769034 80090.0 528138.0 750226.0 299576.0 850538.0 438894.0
0 0 0.738854 0.830224 0.877125 0.843681 0.919649 0.842314 450610.0 774816.0 704458.0 996638.0 1110188.0 510050.0
0 3 0.627913 0.807204 0.756014 0.91474 0.763293 0.770273 131912.0 807706.0 462028.0 657748.0 1005614.0 652644.0
0 5 0.613164 0.851733 0.860761 0.935976 0.802451 0.878114 160120.0 334616.0 393380.0 485764.0 453654.0 517092.0
0 0 0.613368 0.781565 0.780577 0.833953 0.838202 0.797112 159606.0 542882.0 353052.0 370034.0 309870.0 685038.0
0 3 0.671096 0.899231 0.795736 0.808946 0.80709 0.813119 247768.0 459388.0 438702.0 426976.0 290032.0 337878.0
0 5 0.681298 0.878553 0.910187 0.821943 0.945536 0.994084 231262.0 1403118.0 1338266.0 1007598.0 1371584.0 2139996.0
0 0 0.760677 0.891607 1.023708 0.984486 0.885936 0.908502 1265942.0 924774.0 1799030.0 2124410.0 1061250.0 1732468.0
0 3 0.615748 0.895012 0.954861 0.822237 0.920375 0.976791 156992.0 1633002.0 1218416.0 1241090.0 1767596.0 1673234.0
0 5 0.654015 0.800592 0.913331 0.7753 0.904236 0.825005 185946.0 301430.0 347120.0 237504.0 253356.0 263754.0
0 0 0.687959 0.760938 0.841885 0.83664 0.777705 0.830519 253422.0 319970.0 415396.0 274862.0 243446.0 535854.0
0 3 0.681805 0.787399 0.811676 0.806773 0.798892 0.809942 247026.0 223228.0 230942.0 232852.0 131028.0 203358.0
0 5 0.631267 0.877368 0.769808 0.803686 0.776119 0.802306 141750.0 408858.0 238712.0 207796.0 476842.0 542284.0
