0 0 5.143851 5.05998 5.85589 5.604139 5.543857 6.179881 1476368.0 1551232.0 1910084.0 1564674.0 2497708.0 3463916.0
0 3 3.078592 5.171165 5.046962 5.014861 5.856867 5.999245 191142.0 1944238.0 1690228.0 1808812.0 2512032.0 3402340.0
0 5 3.904014 4.127925 5.383978 5.323871 5.223514 7.019794 229976.0 398280.0 528742.0 452536.0 820436.0 846264.0
0 0 4.013114 4.135747 5.045177 6.964621 5.105234 5.808656 312158.0 523440.0 680884.0 918530.0 1048652.0 1536530.0
0 3 4.031941 2.199799 4.97189 4.939485 3.187958 5.921409 303632.0 474644.0 578152.0 534850.0 598098.0 910608.0
0 5 3.970731 4.109035 4.031881 4.972083 4.12256 5.814293 213196.0 495292.0 273578.0 671502.0 481834.0 1455616.0
0 0 4.048176 4.200322 4.107917 4.932323 5.191466 5.772022 460590.0 535368.0 497590.0 986600.0 1456612.0 1974210.0
0 3 3.296768 4.262694 5.090896 4.185964 4.95002 5.808076 217552.0 729880.0 1193390.0 584606.0 1077248.0 1745226.0
0 5 5.015933 4.187725 2.367907 4.011811 5.284097 5.850421 511056.0 516830.0 598134.0 233362.0 530152.0 891010.0
0 0 3.806683 4.294556 4.202388 4.966114 5.808168 5.729269 187002.0 569808.0 661978.0 902788.0 1370390.0 1337956.0
0 3 3.856033 3.248019 4.171555 4.884043 7.744012 6.335922 253302.0 290226.0 413360.0 400948.0 596820.0 977646.0
0 5 3.547264 4.703575 5.429191 9.272057 6.115763 5.944728 259576.0 1064334.0 1347060.0 1473120.0 1933626.0 2350032.0
0 0 4.959853 4.956003 5.059915 5.527916 5.456081 6.180413 1044194.0 1012872.0 1404710.0 1760354.0 2146376.0 2792190.0
0 3 3.140402 4.420846 4.898205 5.757793 5.612652 5.734481 228244.0 1017392.0 849818.0 1546884.0 1738078.0 2100356.0
0 5 3.536164 3.576096 4.484183 4.815426 5.107834 6.300476 241930.0 239808.0 260660.0 392700.0 497448.0 933802.0
0 0 3.405935 4.359927 4.234904 5.143339 5.112154 6.050637 274876.0 655840.0 466942.0 834270.0 908040.0 1602008.0
0 3 3.916181 3.796211 3.864033 4.796148 5.056038 6.587801 308378.0 243290.0 237146.0 423040.0 637436.0 1137234.0
0 5 3.694218 4.833471 4.061299 3.964663 5.600958 5.793568 181560.0 593466.0 477754.0 531184.0 1105362.0 832856.0
0 0 4.023827 4.687975 5.807784 4.595594 5.595155 6.487446 500588.0 821530.0 968904.0 536720.0 1011488.0 1609722.0
0 3 3.284169 5.406721 5.284952 5.223693 5.239273 6.34247 188138.0 985338.0 753454.0 743296.0 1471126.0 879082.0
0 5 4.079901 4.148048 3.988092 4.847898 2.868196 6.632005 257840.0 323646.0 303318.0 505862.0 717882.0 644956.0
0 0 2.765644 4.513973 4.515466 4.530175 5.342929 5.530602 76006.0 466578.0 704094.0 693550.0 1053050.0 1473096.0
0 3 4.387845 4.231262 4.400159 4.467603 4.243812 6.153413 333726.0 257568.0 388280.0 468426.0 381944.0 979010.0
0 5 3.080394 4.234195 4.296865 4.328351 5.125044 6.097848 142978.0 463268.0 418234.0 502934.0 975364.0 1165730.0
0 0 4.100034 4.172059 4.911338 5.048124 5.003944 5.873282 428220.0 617912.0 891072.0 1065524.0 1256268.0 1664864.0
0 3 3.541935 4.666465 4.812509 4.984601 5.045455 5.749803 239070.0 691320.0 912342.0 886698.0 976658.0 1689272.0
0 5 3.628053 3.812204 4.459909 4.653099 5.375732 7.262264 256240.0 276612.0 307530.0 373832.0 539236.0 1167484.0
0 0 3.322005 4.447367 4.468212 5.322353 5.465953 5.609303 216860.0 549906.0 724462.0 830766.0 896294.0 1564988.0
0 3 3.592031 4.387973 4.236325 4.583894 5.14297 6.148207 364610.0 438158.0 435508.0 533530.0 807236.0 850680.0
0 5 3.406458 4.327551 4.297276 5.198267 4.434539 6.042046 203374.0 580368.0 636530.0 718616.0 565810.0 1495732.0
0 0 4.071722 4.279902 4.416001 5.051264 4.936029 5.819975 506466.0 522222.0 579972.0 687054.0 685016.0 1542462.0
0 3 3.694052 4.768758 4.710446 4.871879 5.66045 5.85912 360370.0 865758.0 899318.0 867784.0 1306108.0 2270136.0
0 5 3.651702 3.768199 3.863451 5.559379 4.707911 6.366693 244282.0 290740.0 449780.0 581572.0 635684.0 1136328.0
0 0 3.656286 4.547044 4.544613 4.547221 7.359951 6.312039 297542.0 572324.0 748944.0 470358.0 1298230.0 1678918.0
0 3 3.728033 4.476039 4.352955 5.303631 4.272064 10.132884 378560.0 430568.0 560732.0 492908.0 433810.0 1506066.0
0 5 4.139164 4.323742 4.437655 5.186047 5.062266 4.979443 422794.0 358856.0 708652.0 875714.0 1150928.0 727448.0
0 0 4.120056 4.415836 5.030754 4.919801 5.191479 4.715351 488002.0 777980.0 1018610.0 978970.0 1390494.0 614284.0
0 3 3.632479 4.709243 4.695045 5.614754 5.507001 6.458799 251670.0 758912.0 729632.0 984968.0 1161250.0 2320964.0
0 5 3.53195 3.919854 4.515928 4.834544 5.388103 6.132178 269862.0 384000.0 556446.0 737230.0 739174.0 1050844.0
0 0 3.156731 4.292835 5.41907 5.045482 5.002134 5.921374 174846.0 509702.0 1010124.0 976908.0 797686.0 1565920.0
0 3 3.83972 3.888239 4.740063 4.875939 4.639519 6.519925 290040.0 284326.0 451320.0 604136.0 744154.0 880528.0
0 5 3.578214 4.539555 4.73411 4.686472 6.368204 6.243702 318596.0 746116.0 669896.0 794042.0 1050910.0 1551030.0
0 0 4.295819 4.291802 5.200505 5.172452 5.103473 5.879911 623166.0 606254.0 836024.0 833006.0 1418942.0 2063042.0
0 3 3.726696 4.804377 4.77181 4.739595 5.540585 5.577297 216166.0 903908.0 1095378.0 913392.0 1139762.0 2038828.0
0 5 3.808132 3.716217 4.628073 3.732004 3.335672 6.296024 228276.0 174426.0 289988.0 399294.0 222964.0 874296.0
0 0 5.280763 5.179998 4.927131 4.996077 5.564017 6.22694 876262.0 981020.0 1367764.0 1103670.0 1759922.0 2591264.0
0 3 3.53786 4.576842 5.257841 5.103258 5.975938 5.954149 319460.0 1078534.0 1071282.0 1249602.0 2142550.0 2719840.0
0 5 3.673074 2.369053 5.125998 3.822941 3.129232 5.653033 356682.0 722682.0 703568.0 307178.0 663266.0 979516.0
0 0 3.769844 4.422755 4.480939 5.037696 5.862029 4.780546 400602.0 725532.0 641434.0 1032642.0 1047920.0 604108.0
0 3 3.823086 4.076982 4.735973 3.814851 5.251147 6.098894 392540.0 509532.0 662106.0 679372.0 1050504.0 1512024.0
0 5 3.926754 4.952229 5.6976 5.485084 6.226722 6.154056 392896.0 1532590.0 2007986.0 1861722.0 3063032.0 3570898.0
0 0 4.790435 4.76547 5.449425 5.26767 5.985642 6.07249 1047756.0 1197984.0 1042396.0 1613974.0 2119872.0 2533528.0
0 3 3.976308 5.012758 5.761466 5.579585 5.648457 6.14352 420488.0 1476698.0 1637894.0 2424900.0 2279448.0 3431642.0
0 5 3.93304 3.761218 4.699383 5.641696 5.193335 5.308429 440222.0 330178.0 526966.0 782260.0 942208.0 1081596.0
0 0 3.820999 4.162301 4.665236 4.965269 6.844313 6.33552 354386.0 611168.0 780140.0 802906.0 1290304.0 1820906.0
0 3 3.723131 4.32531 4.079142 5.16616 5.044261 6.846305 356252.0 322480.0 373600.0 595358.0 633030.0 874966.0
0 5 3.747107 4.968034 5.62919 5.423632 5.371175 5.966137 253516.0 1330976.0 1715958.0 1630986.0 1807044.0 2697916.0
0 0 4.642408 5.589155 5.275292 5.171014 5.734049 5.893012 1039642.0 1280974.0 1385726.0 1335582.0 1412842.0 2505372.0
0 3 3.308077 4.669993 5.092131 5.101061 5.999021 6.332639 146248.0 1311226.0 1443200.0 1516820.0 2887818.0 2069052.0
0 5 3.498926 1.425123 4.003114 5.01966 4.929609 6.769046 321496.0 357412.0 482046.0 543396.0 633718.0 921924.0
0 0 3.646943 3.810035 4.588271 4.784034 5.447144 6.282547 259256.0 436390.0 649074.0 758870.0 1082840.0 1238254.0
0 3 5.081927 2.234158 4.902 4.844087 5.791014 5.658272 523172.0 335104.0 511148.0 552306.0 579026.0 1224070.0
0 5 3.325809 5.293108 4.112931 5.069982 5.090931 6.712867 193460.0 728024.0 498444.0 1140586.0 1418682.0 1502488.0
0 0 4.533308 4.550979 7.547996 5.130907 5.175235 5.917109 662482.0 527130.0 1164366.0 962566.0 1555208.0 2166830.0
0 3 3.493326 4.539794 5.420253 5.246849 5.068362 5.999837 152382.0 646432.0 1120492.0 1489242.0 1295234.0 1876276.0
0 5 3.825668 4.040996 3.910958 4.663062 4.943242 6.482814 404676.0 385070.0 352402.0 496160.0 685754.0 1029558.0
0 0 5.215522 4.473968 4.50594 4.641942 5.164597 6.011981 265908.0 657724.0 849982.0 724180.0 1086112.0 1173684.0
0 3 3.971916 3.953969 3.924903 4.815079 5.734833 6.618932 402108.0 316154.0 284780.0 436882.0 771028.0 1109366.0
0 5 3.489684 4.50115 4.376703 5.141105 4.943814 5.81019 178974.0 562896.0 480268.0 856090.0 845304.0 1609094.0
0 0 3.829781 4.718014 4.659716 5.400845 5.28494 6.120067 478918.0 491046.0 962914.0 1126320.0 1409416.0 1979396.0
0 3 3.050888 5.077551 4.839978 4.993767 5.533991 5.760931 159010.0 800916.0 1007216.0 969616.0 1401314.0 1983588.0
0 5 4.337864 1.601007 5.218853 4.332994 2.156027 6.824886 354314.0 414584.0 735178.0 437264.0 328710.0 743012.0
0 0 3.784077 3.977977 4.730029 6.594755 4.5069 5.544026 224792.0 441774.0 703810.0 945438.0 530904.0 1205336.0
0 3 4.196031 4.219147 4.202953 4.89006 3.782701 6.721978 367900.0 504602.0 466646.0 530990.0 787376.0 1208840.0
0 5 2.574778 4.395797 4.514994 5.136693 5.125945 9.77672 97308.0 537250.0 749176.0 681024.0 1240942.0 1840980.0
0 0 3.922969 4.736998 4.784081 4.479083 5.406133 6.087137 469632.0 740192.0 994572.0 573992.0 1437648.0 1882964.0
0 3 3.844339 4.864859 4.730386 4.773971 5.457265 5.698183 294054.0 804658.0 794472.0 1012530.0 1411794.0 1575482.0
0 5 4.369785 4.438042 4.350096 5.193998 4.902978 5.788821 292394.0 246120.0 364836.0 447200.0 617080.0 1004312.0
0 0 2.946805 4.13396 4.174016 4.816137 5.515455 6.471044 101612.0 589596.0 553476.0 707844.0 1031636.0 1735156.0
0 3 4.459835 3.733876 4.414029 4.564859 5.039959 6.232885 419206.0 368810.0 592908.0 440284.0 553102.0 898762.0
0 5 3.937685 4.364814 4.84562 5.838885 4.982949 5.729074 290752.0 538914.0 618410.0 905820.0 1107648.0 1401160.0
0 0 3.869961 4.468964 5.278958 5.176095 7.21791 5.920994 381914.0 805714.0 876904.0 869100.0 1299530.0 1794886.0
0 3 2.840933 4.721437 4.608951 4.452236 5.282796 6.238177 129818.0 808272.0 692648.0 653966.0 1148880.0 2123650.0
0 5 4.000832 3.965171 3.949827 4.784042 4.59073 6.355151 329870.0 296316.0 296524.0 538858.0 521638.0 944052.0
0 0 3.195958 4.512897 4.207025 4.886449 5.030077 5.574413 168854.0 656406.0 487408.0 911344.0 959636.0 1034106.0
0 3 3.720004 3.789991 4.469119 4.260346 5.275054 5.835813 312598.0 325632.0 471312.0 379100.0 1444248.0 1047386.0
0 5 3.713038 4.75257 4.614224 4.570609 5.435947 4.239637 236838.0 366028.0 519046.0 695602.0 1141584.0 399866.0
0 0 4.169037 4.45186 5.161212 4.901842 5.675908 5.773988 550370.0 669810.0 1157140.0 1099068.0 1447464.0 2043136.0
0 3 3.413023 4.568006 5.261067 4.978795 5.830278 5.810017 253864.0 890950.0 1285582.0 780852.0 1585918.0 1956300.0
0 5 3.537767 3.893035 3.567087 2.747191 6.221065 6.112828 278612.0 289732.0 364966.0 497856.0 829862.0 1019746.0
0 0 5.067796 5.060055 5.08799 4.748017 5.583981 6.361071 807296.0 1577716.0 1249070.0 1124254.0 1731928.0 2108476.0
0 3 3.34388 4.656828 5.272872 5.24988 5.201954 5.967995 241362.0 1179882.0 1054764.0 1746404.0 1424130.0 2844418.0
0 5 4.040109 8.131484 3.832282 4.743884 4.752087 6.399313 265636.0 579384.0 445646.0 482852.0 620698.0 927994.0
0 0 3.477445 4.587522 4.6977 4.334731 4.258879 6.257247 229212.0 631714.0 635128.0 450192.0 430638.0 1639048.0
0 3 4.243795 4.332019 4.243833 2.187702 5.014855 6.770928 376860.0 604494.0 531360.0 625938.0 606940.0 868616.0
0 5 3.046958 4.889842 4.840623 4.858227 5.121859 5.780857 167558.0 564266.0 671644.0 618358.0 795228.0 1459910.0
0 0 3.975743 4.888035 4.731964 4.832162 5.428118 6.368051 504194.0 794618.0 803184.0 1028516.0 1226992.0 1269472.0
0 3 3.283221 4.358664 5.268177 5.221323 5.189203 5.453064 152788.0 709026.0 938706.0 1414632.0 1067774.0 1982682.0
0 5 4.159913 4.175879 4.143685 5.079904 5.04783 6.94384 318612.0 418596.0 294038.0 399722.0 572542.0 733654.0
0 0 3.998112 5.154472 5.045297 5.948547 5.077259 5.77995 261788.0 1137946.0 1350928.0 1438978.0 1378132.0 2255652.0
0 3 3.903931 3.839917 4.543977 4.535946 5.668738 6.511077 312330.0 254366.0 330702.0 523426.0 719568.0 877566.0
0 5 3.258887 4.329646 4.275438 4.530023 5.212838 6.116662 224588.0 581176.0 474536.0 395888.0 969516.0 1567342.0
0 0 4.155867 4.2396 5.043838 4.283939 4.960127 5.777364 528852.0 517484.0 1088544.0 502496.0 1278460.0 1681546.0
0 3 3.62791 4.721176 4.687388 5.488028 5.375797 6.285446 265406.0 761070.0 810278.0 1210420.0 1270850.0 2179484.0
0 5 4.36334 3.752203 4.336022 4.587787 4.1199 6.288561 270872.0 325966.0 421262.0 486786.0 526854.0 915006.0
0 0 3.109275 4.078934 4.328641 4.939842 4.908232 5.812366 172298.0 535378.0 639486.0 683912.0 960404.0 1518018.0
0 3 3.920213 4.012091 4.852025 4.755947 3.823327 5.836037 228970.0 330934.0 480288.0 397684.0 697400.0 1112534.0
0 5 3.363633 5.504697 5.473067 5.358557 5.639407 6.080761 241214.0 1587488.0 1730446.0 2031898.0 2898304.0 2150142.0
0 0 5.087313 5.047783 5.256219 5.675779 6.395838 6.232055 1205190.0 1494448.0 1703790.0 1844248.0 1653724.0 2674854.0
0 3 3.799026 5.047284 5.673573 5.579795 5.440616 6.499495 220886.0 1561020.0 1968160.0 1770044.0 2130992.0 2240172.0
0 5 4.448081 3.588412 4.415917 2.44831 5.25151 5.119302 363608.0 274944.0 441922.0 584902.0 533328.0 797896.0
0 0 3.197972 4.370455 5.308104 4.482165 5.171659 5.964575 189026.0 640768.0 843376.0 710256.0 1047022.0 1869426.0
0 3 4.015915 4.808047 1.931779 4.611133 5.528457 4.549239 463208.0 596362.0 669232.0 709650.0 538838.0 859006.0
0 5 4.23571 4.345068 4.404938 4.172701 5.274105 4.968991 285294.0 560646.0 746720.0 456284.0 1389658.0 821066.0
0 0 4.015993 4.347952 4.995462 4.879948 5.128084 5.737326 532576.0 542352.0 1046798.0 1196916.0 1436700.0 2047610.0
0 3 3.744622 4.819737 4.759425 4.781529 5.589558 5.709593 218236.0 933012.0 619630.0 1137742.0 1603608.0 2075340.0
0 5 3.655953 3.812061 1.932361 4.692062 7.439927 5.731477 270348.0 403890.0 537254.0 523432.0 848492.0 1046984.0
0 0 3.429666 4.476858 4.434681 4.497224 5.040076 10.039688 147216.0 499534.0 623016.0 718278.0 960428.0 1966192.0
0 3 3.362614 4.192094 4.116035 4.11613 4.995881 6.791847 239520.0 219508.0 277162.0 416402.0 1199482.0 829924.0
0 5 3.078107 4.059654 4.839912 4.871761 4.556254 5.480046 149332.0 363914.0 811814.0 682426.0 510740.0 1230840.0
0 0 4.615902 4.635892 4.632049 4.435132 5.29203 6.084951 574746.0 772626.0 965684.0 664526.0 1448278.0 1853636.0
0 3 3.140678 4.372822 5.109474 4.920172 5.782078 5.96294 221980.0 784596.0 1091794.0 765100.0 1474042.0 1924058.0
0 5 3.775841 3.83995 5.15206 3.020044 3.668214 3.791997 282992.0 232910.0 497320.0 505496.0 397968.0 1219932.0
0 0 4.421495 3.748951 4.328131 7.250176 4.18709 6.094488 404522.0 342740.0 336850.0 917104.0 390604.0 1781778.0
0 3 4.235723 4.279856 4.288933 5.079903 4.043963 6.054128 345112.0 393744.0 361320.0 707402.0 432582.0 919652.0
0 5 3.156279 3.934231 4.889568 4.731592 5.077079 5.609541 188870.0 463768.0 811614.0 736570.0 1094568.0 1446264.0
0 0 3.952181 4.035927 4.499997 5.31205 5.232291 6.064644 493998.0 535150.0 501572.0 965012.0 1123966.0 1408830.0
0 3 3.140586 4.880259 4.805892 4.998932 4.710318 4.733753 182814.0 847396.0 719882.0 875586.0 879444.0 981878.0
0 5 3.69193 3.727923 3.591783 4.684363 5.527882 6.416151 231602.0 262148.0 248356.0 493286.0 855032.0 1206832.0
0 0 3.252852 4.328194 4.309303 4.250144 5.113335 5.003535 193896.0 563966.0 632990.0 486342.0 1115366.0 821210.0
0 3 4.24796 4.307795 6.507925 4.267955 3.167994 5.883212 315134.0 405294.0 675720.0 458646.0 653018.0 1154852.0
0 5 3.742972 4.772592 5.694826 9.555589 5.463224 6.321708 285740.0 1114260.0 1373100.0 1580932.0 1168758.0 2337950.0
0 0 4.311732 5.239985 5.123908 5.096086 5.834918 5.715821 795014.0 1052808.0 1020868.0 1240206.0 1669868.0 1880228.0
0 3 3.373874 4.608413 5.327735 5.217347 5.530153 6.062911 291094.0 1092234.0 1321708.0 1082376.0 1694676.0 2256126.0
0 5 4.024463 4.100005 2.312315 4.912087 2.788068 5.867939 286108.0 256130.0 375548.0 455390.0 695698.0 1308750.0
0 0 2.781116 3.814179 4.722562 5.092941 4.983952 6.61467 130078.0 425108.0 363622.0 703686.0 1035254.0 1173306.0
0 3 3.791592 4.09226 4.70771 4.839938 5.555898 5.672013 315322.0 520272.0 443252.0 469512.0 672874.0 1037606.0
0 5 3.421603 5.512484 5.334842 5.435053 5.977236 6.961959 257448.0 1379562.0 1425374.0 1646994.0 2607268.0 1903376.0
0 0 4.995892 5.024222 6.152288 5.560066 5.49162 6.172424 1130674.0 1133284.0 1295942.0 1745624.0 2041088.0 2501476.0
0 3 3.843796 4.999785 5.154948 5.123756 5.578247 6.470116 230296.0 1138142.0 1588056.0 1482704.0 1727938.0 3216636.0
0 5 4.288105 4.259957 3.352873 4.419977 5.132133 6.023005 350476.0 367204.0 419800.0 483182.0 582376.0 1214826.0
0 0 3.848789 5.061267 5.030077 5.670921 5.436884 6.239827 251078.0 1693302.0 1524136.0 2729806.0 2136462.0 2793130.0
0 3 3.280161 3.748236 4.276015 5.244169 5.280069 6.184197 261768.0 258080.0 310634.0 378106.0 585724.0 972982.0
0 5 3.109734 4.113401 4.374449 4.988875 5.00467 5.974929 166952.0 550238.0 556612.0 721258.0 938766.0 1288122.0
0 0 4.919728 4.984974 4.179762 4.675986 5.624176 5.719867 548740.0 793084.0 557980.0 753508.0 1388216.0 1874928.0
0 3 3.448451 5.539776 4.531015 4.43437 5.245373 6.437002 153614.0 987210.0 661950.0 632270.0 1303218.0 1763408.0
0 5 4.239942 4.271939 8.092007 3.981319 5.015868 6.739928 377556.0 457710.0 768410.0 602114.0 1016882.0 909132.0
0 0 2.906006 3.953585 4.778252 4.76612 5.030654 5.796964 129012.0 537096.0 831552.0 777370.0 1174116.0 1704460.0
0 3 4.496252 3.824257 3.82011 4.484131 3.639678 6.048345 365072.0 285112.0 333172.0 485280.0 928090.0 1095582.0
0 5 3.311844 4.248155 4.373618 4.405095 5.173465 5.980847 182438.0 519112.0 701138.0 727110.0 844304.0 1464470.0
0 0 4.919961 4.908029 4.812002 5.588076 5.447954 6.116032 1417536.0 804508.0 854072.0 1869722.0 2793330.0 2497594.0
0 3 3.909902 5.124367 5.016155 5.67563 5.577383 6.239578 290986.0 1765732.0 1133306.0 2323906.0 2692918.0 3204144.0
0 5 3.919748 3.911856 4.876036 4.919994 5.035602 4.80689 205480.0 260564.0 485936.0 368040.0 486446.0 878020.0
0 0 3.624644 3.98146 4.641111 4.610395 4.529491 5.781228 151204.0 425066.0 611502.0 680270.0 540658.0 1469896.0
0 3 2.634801 4.460215 4.411836 5.247935 2.528081 3.10709 345042.0 380076.0 523268.0 693886.0 315204.0 1123978.0
0 5 3.173779 4.327978 4.235428 5.155106 5.076136 6.031231 198470.0 502226.0 484930.0 772418.0 1018008.0 923228.0
0 0 4.147849 5.087858 4.020356 4.980123 5.938332 5.806815 534934.0 843544.0 364800.0 1127056.0 1553938.0 2043446.0
0 3 1.937582 4.821684 4.981875 4.871845 4.905435 5.694069 41334.0 829704.0 1250676.0 1199266.0 1045742.0 1713150.0
0 5 3.548099 3.611737 4.579485 4.689019 5.364184 5.515843 261816.0 352872.0 507380.0 579146.0 891840.0 1045876.0
0 0 3.473155 4.796946 5.489317 5.640073 5.248724 6.146439 199980.0 1141970.0 1752686.0 2330258.0 1987520.0 3277928.0
0 3 4.060088 4.055956 4.960031 4.74329 1.919903 6.70745 292918.0 511520.0 663042.0 634028.0 1158848.0 768040.0
0 5 3.640794 4.71855 4.59141 4.497851 5.515423 4.747069 186454.0 767416.0 571218.0 440414.0 1116850.0 841310.0
0 0 4.583297 4.575943 5.375795 4.300219 5.207823 5.193206 490566.0 463542.0 1170552.0 549730.0 1277126.0 1267728.0
0 3 3.982655 5.091116 5.056505 4.93356 5.171808 5.748406 370338.0 878920.0 958118.0 774884.0 1387876.0 1669198.0
0 5 3.827793 1.904276 3.861509 2.824096 8.423754 6.395935 380040.0 372326.0 467580.0 774572.0 791524.0 907028.0
0 0 3.381507 3.840763 4.286982 5.210311 5.437106 11.09611 177996.0 427666.0 401980.0 855626.0 838168.0 1649576.0
0 3 3.368254 4.256079 5.060032 4.975948 5.059992 6.088438 228756.0 358944.0 541016.0 439544.0 408536.0 1003850.0
0 5 3.585803 4.679966 4.733711 4.905309 5.607356 5.749314 162840.0 646230.0 614546.0 776260.0 951352.0 1846726.0
0 0 4.487964 4.623923 4.868023 5.376197 5.403353 6.035977 566716.0 851492.0 1054922.0 932722.0 1516394.0 1948694.0
0 3 3.868878 4.962449 4.851113 4.710077 5.619317 6.573247 419546.0 832060.0 1134096.0 671238.0 1549106.0 2005422.0
0 5 3.507506 3.804226 5.383904 4.524245 5.187359 6.171865 212016.0 242324.0 439716.0 415592.0 518004.0 957182.0
0 0 4.055377 4.183399 4.122022 4.898744 4.997023 5.703282 306514.0 612680.0 440042.0 645358.0 1223806.0 1742312.0
0 3 3.900075 4.596227 4.410901 4.372295 8.225585 6.079647 372808.0 505920.0 306740.0 506944.0 973670.0 1258882.0
0 5 3.145321 4.590641 5.094018 4.878147 5.216556 5.737001 125088.0 865630.0 1106218.0 859390.0 1551974.0 1704290.0
0 0 4.05986 4.820147 4.868101 5.564961 5.486099 5.631432 605654.0 542722.0 1107774.0 1091140.0 1289208.0 1671352.0
0 3 3.250201 4.468829 5.248909 5.155875 4.974305 5.897398 215178.0 679512.0 1343802.0 1058740.0 827922.0 2442808.0
0 5 3.963959 4.012278 4.928835 3.943865 5.055206 6.79202 228438.0 197972.0 313224.0 406730.0 620772.0 852072.0
0 0 3.297083 4.280859 4.964361 4.932802 5.09132 5.743598 215972.0 621372.0 958450.0 818448.0 990748.0 1351060.0
0 3 3.836094 3.235945 5.931791 4.76348 4.916164 3.977347 271860.0 226408.0 413210.0 400734.0 645038.0 344578.0
0 5 3.336523 4.396218 4.368236 4.319936 5.227456 6.131908 161478.0 474776.0 517404.0 416786.0 1254826.0 1619132.0
0 0 4.104207 4.492222 5.020208 4.944124 5.854566 5.852123 620930.0 869200.0 1161064.0 879118.0 1742604.0 1917840.0
0 3 3.671789 4.811932 4.702853 4.936868 5.49905 6.417859 235190.0 1135866.0 874216.0 1119124.0 2154506.0 2338140.0
0 5 3.607903 4.515762 1.764043 4.467528 5.388025 6.327936 272954.0 455832.0 590606.0 561932.0 441226.0 792506.0
0 0 3.484455 4.440802 4.527733 4.394476 5.301683 6.594147 248886.0 486998.0 524032.0 520440.0 943624.0 1060340.0
0 3 4.179952 3.493656 4.2601 5.191543 5.115988 6.023153 363536.0 225130.0 338270.0 459248.0 611642.0 1135070.0
0 5 3.187739 4.202333 4.921421 4.82506 5.733907 5.675301 189422.0 638532.0 832496.0 902200.0 955712.0 1532422.0
0 0 4.751964 4.86409 4.851912 4.672199 5.570232 5.699976 659214.0 519998.0 918224.0 908316.0 1499254.0 1902228.0
0 3 3.656402 4.44285 4.562518 5.178672 5.133609 6.455813 360130.0 753478.0 832112.0 1023716.0 1230808.0 1599628.0
0 5 3.31604 4.184012 5.108073 4.98375 3.095667 6.663916 216952.0 237010.0 549218.0 606160.0 587820.0 788298.0
0 0 3.819161 3.927188 4.832249 4.841283 5.092324 5.647659 249136.0 507706.0 551382.0 637662.0 1021506.0 1508518.0
0 3 3.799859 3.871907 3.935977 4.751235 9.631789 6.577753 334222.0 493430.0 465102.0 538690.0 869626.0 979222.0
0 5 3.812231 3.95205 4.644102 4.53544 5.517118 4.407797 279582.0 442150.0 511920.0 444040.0 984102.0 556946.0
0 0 4.436033 3.772289 4.679859 5.340029 5.219431 6.139789 456884.0 348958.0 718688.0 965664.0 1271778.0 1529934.0
0 3 3.29683 5.142056 4.201826 5.092202 5.108782 6.121035 295950.0 884138.0 604928.0 984944.0 1056278.0 1115544.0
0 5 3.272153 4.134163 3.26802 4.143858 4.991885 5.928139 216268.0 290208.0 412852.0 331846.0 500556.0 849404.0
0 0 3.773352 4.804186 4.72728 4.663848 4.765619 5.553236 226778.0 421762.0 508316.0 655696.0 930316.0 1352102.0
0 3 4.683969 4.055896 6.687949 4.659788 5.487979 6.423717 382992.0 371248.0 417216.0 459878.0 735112.0 1308342.0
0 5 3.422041 3.875675 4.42835 3.543215 5.350829 5.643999 244328.0 426750.0 598032.0 296822.0 944540.0 1355274.0
0 0 4.267982 4.324034 5.016169 4.888031 5.075764 5.931762 447800.0 478478.0 818494.0 968688.0 1467840.0 1962004.0
0 3 3.46856 4.529042 5.420217 5.402914 5.250859 6.217298 246322.0 818360.0 1091436.0 907864.0 1001080.0 2080086.0
0 5 2.355933 4.376065 4.500092 5.151938 5.203725 6.039968 321982.0 337820.0 412612.0 469142.0 553392.0 1014412.0
0 0 3.500027 5.214985 4.998795 5.823288 5.748302 5.74962 340302.0 1307620.0 1464650.0 1101112.0 1817682.0 2065678.0
0 3 4.852232 3.987899 2.877725 4.855717 5.360272 6.246315 335008.0 357168.0 398740.0 848374.0 754508.0 1214708.0
0 5 3.311066 6.435846 5.279256 5.327649 5.983329 6.057997 126340.0 1677936.0 1403188.0 1847770.0 2324800.0 3345904.0
0 0 4.679585 4.759807 8.175832 5.96794 5.752376 6.568092 1283152.0 1253394.0 1926038.0 1888212.0 2252348.0 2970442.0
0 3 3.453182 5.435379 5.278095 9.202554 5.171024 5.887672 300698.0 1449828.0 1560206.0 2197014.0 1617194.0 2713000.0
0 5 3.855866 3.912068 4.863976 4.779771 5.604073 6.543151 301754.0 296146.0 447460.0 530844.0 414822.0 754966.0
0 0 4.436041 4.480211 4.389889 5.356159 4.401284 5.450261 369210.0 537268.0 452308.0 991614.0 822698.0 1270464.0
0 3 4.327904 3.796502 4.400082 5.219836 3.195613 6.17195 384172.0 275940.0 310708.0 410242.0 571064.0 877028.0
0 5 2.887338 4.187513 4.88854 4.809728 4.998838 5.684867 102494.0 572058.0 532942.0 884220.0 1271628.0 1305184.0
0 0 4.311663 5.141833 7.987019 4.847831 5.543855 6.259408 866484.0 1132022.0 1701872.0 1072240.0 1998454.0 3045658.0
0 3 3.9241 4.976546 4.882417 7.527409 5.421019 6.218955 397804.0 1233722.0 1166344.0 1553752.0 2075740.0 2350538.0
0 5 4.095945 4.158434 4.117968 5.050934 5.135483 4.309069 224368.0 266066.0 426654.0 549226.0 670238.0 820560.0
0 0 2.960938 4.136572 4.598872 5.526399 5.473343 5.784486 152014.0 706048.0 757746.0 1051904.0 1337718.0 1955384.0
0 3 4.280884 3.558466 4.236466 5.215869 5.12486 5.991914 327906.0 232342.0 471378.0 672798.0 976904.0 1397418.0
0 5 2.999889 5.10305 4.954993 5.677907 5.485411 6.312101 149618.0 1734968.0 1367342.0 1735290.0 2488304.0 2086378.0
0 0 5.033809 4.977022 5.602879 5.446983 6.153462 6.004392 1040078.0 1231908.0 1912484.0 1581590.0 2578916.0 2633732.0
0 3 3.709203 4.971436 5.567668 5.41378 6.215622 6.00124 319992.0 1804738.0 1827458.0 1719386.0 2899240.0 3645212.0
0 5 4.592914 3.942069 5.449907 3.632133 2.469527 4.354186 382644.0 347472.0 555912.0 363650.0 376452.0 867094.0
0 0 3.226036 4.222599 5.17509 6.155396 5.218133 6.019524 174734.0 604792.0 909808.0 806568.0 1214480.0 1572618.0
0 3 3.950914 3.952474 4.788835 2.715397 3.645497 6.363468 351494.0 312642.0 287520.0 470298.0 710516.0 1208754.0
0 5 3.177782 4.567977 5.177226 5.23589 4.965094 5.7785 158348.0 894046.0 1146560.0 1632336.0 842810.0 2041508.0
0 0 4.731961 4.676338 4.857916 5.35183 5.38614 5.928373 667972.0 972280.0 1258954.0 1478888.0 1606238.0 2472444.0
0 3 3.626868 4.688412 4.999559 5.480811 5.364873 6.257241 222284.0 967560.0 1100198.0 1529204.0 2060424.0 2290144.0
0 5 4.28999 3.511433 4.540914 5.141513 5.015418 6.0389 339850.0 427858.0 651998.0 498640.0 650618.0 902388.0
0 0 3.875081 4.232914 4.874995 4.523043 5.42254 5.303047 262902.0 623440.0 977044.0 784856.0 1327508.0 1058008.0
0 3 4.163035 4.114065 4.97406 4.765374 2.7904 5.704722 456764.0 460224.0 536058.0 669478.0 875976.0 1503924.0
0 5 3.368352 5.503313 5.310604 6.20245 5.954652 5.973373 187610.0 1541034.0 1855350.0 2168560.0 2116830.0 2753584.0
0 0 4.539858 4.717977 5.19992 5.950598 7.711314 6.491942 1123830.0 1237892.0 1537818.0 2363314.0 3167286.0 2645434.0
0 3 3.901289 5.03696 5.733003 5.604368 5.488471 7.190484 343670.0 1654104.0 2015350.0 2326478.0 1926854.0 2325360.0
0 5 3.959863 4.060377 5.000936 4.958922 5.213502 5.194062 267666.0 346936.0 513162.0 592328.0 870804.0 1484210.0
0 0 3.656632 4.714606 4.594224 4.608549 5.366304 6.246119 178546.0 550406.0 553922.0 791526.0 1038454.0 1079454.0
0 3 3.670994 4.24898 4.163541 5.11159 3.007939 5.978136 350894.0 463516.0 397506.0 1039076.0 697870.0 1165652.0
0 5 3.035864 3.985507 4.793813 4.624419 5.538911 5.530557 197250.0 487708.0 583210.0 833992.0 992822.0 1461860.0
0 0 4.472904 4.618019 4.755937 5.315459 5.24752 5.067909 493716.0 838784.0 954358.0 1223010.0 1565342.0 795914.0
0 3 3.919203 4.973392 4.774561 5.630793 5.509704 5.659591 230640.0 859346.0 1160032.0 1023612.0 1667226.0 1958036.0
0 5 4.343971 4.396524 4.429331 2.319261 7.239038 6.108518 350668.0 299648.0 434996.0 302822.0 831068.0 1048140.0
0 0 3.86021 3.979635 4.90938 4.719155 4.970625 9.621511 215122.0 546446.0 758232.0 571400.0 1111288.0 1723558.0
0 3 3.731888 2.752 4.575004 2.503508 2.784073 6.121993 339330.0 268104.0 441372.0 557514.0 986072.0 1131178.0
0 5 3.231867 4.481528 4.530505 5.121542 5.002882 6.247037 182250.0 723158.0 688672.0 798850.0 1301856.0 1375644.0
