0 0 2.52383 1.416128 1.568008 1.276498 1.856073 1.801037 803826.0 1572376.0 1243400.0 1120014.0 1726698.0 2103026.0
0 3 1.095935 1.284527 2.172456 2.063669 1.545499 1.749193 239322.0 1175752.0 1050524.0 1740844.0 1419780.0 2840618.0
0 5 1.664201 4.227653 1.983927 2.107956 2.080252 3.015106 263046.0 527618.0 442506.0 478502.0 616568.0 920014.0
0 0 1.34368 1.734464 2.387668 1.134694 1.686649 3.028404 226952.0 628794.0 631328.0 446722.0 427498.0 1633488.0
0 3 1.127755 1.656273 1.391977 1.879608 2.418839 3.567183 372510.0 600144.0 527450.0 622908.0 600830.0 861846.0
0 5 1.235525 1.789598 1.652467 2.297539 2.356971 2.45278 165298.0 560356.0 668614.0 613348.0 791428.0 1455010.0
0 0 1.339748 1.816193 1.52808 1.888102 1.503814 2.864145 500284.0 789938.0 799824.0 1024496.0 1223302.0 1263252.0
0 3 1.062382 1.251098 1.358927 2.121353 1.489331 2.140874 150968.0 706106.0 935456.0 1410392.0 1063974.0 1978002.0
0 5 1.255807 1.468144 1.955821 2.180089 2.547805 3.915897 315032.0 414686.0 289908.0 394822.0 566652.0 726224.0
0 0 0.897813 1.579015 1.927884 2.668818 1.710547 2.420538 258796.0 1132826.0 1345478.0 1435068.0 1374332.0 2250202.0
0 3 1.571929 1.643902 2.011999 2.336035 3.028207 3.575231 307650.0 251446.0 327122.0 519296.0 713788.0 871896.0
0 5 1.158724 1.329498 1.26594 1.999073 1.734072 2.450063 222658.0 578366.0 471176.0 392638.0 966156.0 1561380.0
0 0 1.691857 1.211045 1.744067 1.343867 1.443997 2.257128 525822.0 514234.0 1084084.0 499686.0 1274550.0 1676536.0
0 3 1.018133 1.420992 1.8971 2.124895 1.496979 2.285419 263366.0 756720.0 805708.0 1206620.0 1267380.0 2173924.0
0 5 1.63566 1.576267 1.932228 1.907995 2.535833 3.32118 268282.0 321946.0 418012.0 482106.0 522064.0 907906.0
0 0 1.154555 1.678965 1.843935 1.797112 1.8081 2.412253 170148.0 532128.0 635576.0 680662.0 957264.0 1513008.0
0 3 1.33198 1.428281 1.780154 1.728209 2.503252 2.724021 226160.0 327134.0 475608.0 392564.0 693490.0 1105764.0
0 5 1.062259 1.504957 1.372965 2.23226 1.45213 1.872274 238844.0 1583358.0 1725986.0 2028098.0 2894614.0 2146342.0
0 0 1.415338 1.271825 1.741623 1.423675 1.483857 1.864326 1201940.0 1490868.0 1699770.0 1839458.0 1357520.0 2670614.0
0 3 1.125129 1.484417 1.573483 1.479695 1.437474 1.780605 218846.0 1557110.0 1964250.0 1766134.0 2126862.0 2190224.0
0 5 1.556165 1.396027 1.783945 1.879813 2.007633 2.267273 359698.0 272244.0 437462.0 581212.0 528868.0 791786.0
0 0 1.09792 1.406265 1.907919 1.966643 1.796354 2.364223 186876.0 637848.0 837926.0 706566.0 1043662.0 1864416.0
0 3 1.264007 1.828126 1.360039 1.39922 2.628088 3.145453 459408.0 591242.0 666642.0 705300.0 533938.0 853116.0
0 5 1.500236 1.645164 1.358186 1.248702 2.126381 1.669839 282814.0 557396.0 742370.0 453474.0 1384648.0 818036.0
0 0 1.344067 1.363969 1.435247 1.288583 1.661173 2.133679 530206.0 538772.0 1043438.0 1192786.0 1433010.0 2042380.0
0 3 0.944728 1.62246 1.659428 2.531602 1.489313 2.146943 215866.0 928772.0 615060.0 1133392.0 1600028.0 2071100.0
0 5 1.332103 1.312217 1.40413 2.01203 2.296077 2.707609 266878.0 400090.0 534664.0 519522.0 607926.0 1040104.0
0 0 1.218736 1.37655 1.417991 1.98138 1.562151 2.439137 145396.0 496834.0 619546.0 714808.0 957068.0 1520972.0
0 3 1.119347 1.868336 1.916097 1.928119 1.840013 3.37205 237260.0 215928.0 272482.0 412272.0 1194362.0 823044.0
0 5 1.077316 1.811791 1.93977 2.059454 1.684127 2.379924 147072.0 360774.0 806804.0 679396.0 508150.0 1226600.0
0 0 1.715974 1.256779 1.387898 1.759402 1.788098 2.176932 570836.0 768606.0 962544.0 661386.0 1444478.0 1848846.0
0 3 0.984593 1.26057 2.01671 1.731566 1.982003 2.353483 220270.0 781346.0 1086784.0 761190.0 1469582.0 1919378.0
0 5 1.400171 1.644116 1.900087 1.963904 1.520073 2.692094 279412.0 229000.0 401048.0 501476.0 395598.0 1214812.0
0 0 1.821108 1.264646 1.328154 1.718824 1.42107 2.594427 401162.0 340150.0 333930.0 741010.0 387574.0 1776438.0
0 3 1.599976 1.199954 1.304894 1.927895 1.539943 3.122374 341422.0 390494.0 357960.0 702282.0 429112.0 913102.0
0 5 1.012292 1.653153 1.727218 1.731578 1.702862 2.202074 186830.0 461288.0 807154.0 732550.0 1090658.0 1441254.0
0 0 1.576311 1.355845 1.396258 1.84004 1.688033 2.212471 490748.0 532120.0 497222.0 960332.0 1118846.0 1402060.0
0 3 1.18738 1.78012 1.437181 1.858024 1.4101 1.455938 181104.0 843706.0 716852.0 870906.0 875864.0 978518.0
0 5 1.096194 1.575557 1.439875 2.004062 2.096924 2.744145 229562.0 259558.0 245766.0 487946.0 850242.0 1200282.0
0 0 1.152758 2.671849 1.262229 1.887209 1.797263 1.702884 191966.0 560826.0 630070.0 482982.0 1111126.0 817740.0
0 3 1.13186 1.976237 2.071902 2.29985 2.463862 2.850927 311114.0 401054.0 566024.0 454186.0 648998.0 1148192.0
0 5 1.265456 1.772536 1.994663 1.37374 2.763064 1.876036 283370.0 1108700.0 1367980.0 1388290.0 1163638.0 2332500.0
0 0 1.159877 1.218001 1.432317 1.888179 1.434833 1.719779 792204.0 1047578.0 1014868.0 1234426.0 1665298.0 1875658.0
0 3 1.109341 1.366596 1.421941 1.639259 1.623733 1.859419 288834.0 1089094.0 1317798.0 1079126.0 1691096.0 2252106.0
0 5 1.604203 1.691972 1.916309 1.904096 1.996053 2.751956 282638.0 252990.0 372848.0 450490.0 691678.0 1302420.0
0 0 0.991779 1.313904 1.722376 2.327261 1.614115 2.999403 128038.0 422078.0 360152.0 699006.0 1031894.0 1167856.0
0 3 1.783557 1.235872 1.847604 2.288302 2.443739 2.551723 312842.0 516252.0 438572.0 464502.0 667204.0 1030946.0
0 5 0.997999 1.887556 1.98363 2.53061 2.0772 3.66177 254528.0 1341186.0 1421024.0 1642094.0 2602038.0 1896936.0
0 0 1.319993 1.427987 1.89206 2.019837 2.0318 2.168167 1127204.0 1128384.0 1263710.0 1739514.0 2034758.0 2495476.0
0 3 1.143643 1.899718 1.842448 2.373651 1.936502 2.328075 227706.0 1133572.0 1582936.0 1478244.0 1721828.0 3209646.0
0 5 1.735987 1.368305 1.777015 2.009551 2.324092 2.510967 345686.0 364064.0 416000.0 478172.0 576046.0 1207286.0
0 0 1.046757 1.170675 1.420851 1.420318 1.499185 1.702184 249148.0 1688952.0 1520666.0 2724906.0 2131452.0 2788780.0
0 3 1.299859 1.599921 2.124376 2.344128 2.600077 3.155944 259508.0 255490.0 306724.0 372876.0 579834.0 966322.0
0 5 1.189185 1.858575 1.343115 1.858384 1.889617 2.374831 164802.0 546438.0 552922.0 717018.0 935296.0 1283222.0
0 0 2.331782 1.693141 1.507811 1.424451 1.588133 2.251956 544170.0 789174.0 554840.0 750258.0 1383756.0 1870358.0
0 3 0.986962 1.325692 1.317221 1.621623 1.81183 3.39866 151574.0 951054.0 658480.0 628580.0 1299088.0 1757738.0
0 5 1.839969 1.464032 1.63196 1.881408 1.827651 3.232007 372986.0 453250.0 663282.0 597324.0 1011652.0 901922.0
0 0 1.531077 1.453105 1.878255 1.812675 1.556303 2.3105 127302.0 534506.0 827752.0 772910.0 1170426.0 1699230.0
0 3 1.604071 2.155901 1.712061 2.031968 2.015869 2.71598 360392.0 282742.0 329592.0 481590.0 923080.0 1089362.0
0 5 1.024763 1.309902 1.310961 1.920718 2.073294 2.260608 180288.0 516082.0 698108.0 723750.0 840724.0 1459350.0
