0 0 2.864856 1.459945 1.488137 1.514949 1.548966 1.954196 872682.0 975680.0 1362864.0 1098990.0 1753812.0 2585264.0
0 3 1.371714 1.326266 1.519902 1.898935 1.585841 1.705513 317090.0 1075614.0 1067482.0 1245582.0 2138640.0 2715270.0
0 5 1.257169 1.836103 1.395949 1.312098 2.309831 2.907023 353322.0 719102.0 697898.0 304588.0 658256.0 971756.0
0 0 1.320896 1.322568 1.557989 1.685336 2.405931 1.585558 398012.0 722612.0 638184.0 1027632.0 1044230.0 601188.0
0 3 1.327412 1.288908 1.494979 1.684895 1.685063 2.409987 389070.0 505952.0 657316.0 676232.0 1044834.0 1504044.0
0 5 1.132918 1.485139 1.502947 1.485104 1.718982 1.604974 390526.0 1529010.0 2003856.0 1857042.0 3059012.0 3566768.0
0 0 1.434865 1.776243 1.598079 1.785053 1.520107 1.728005 1044396.0 1194184.0 1037936.0 1610394.0 2115522.0 2529068.0
0 3 1.091997 1.445187 1.760954 1.479162 1.628037 1.756056 418118.0 1473008.0 1634314.0 2420550.0 2275538.0 3427292.0
0 5 1.271879 1.590156 2.039182 2.774561 2.284124 2.604213 436092.0 327698.0 521736.0 775710.0 936098.0 1073726.0
0 0 1.417776 1.497312 1.467089 1.935378 1.663899 2.335236 352016.0 608248.0 776450.0 797346.0 1040612.0 1815126.0
0 3 1.266024 1.253881 1.413202 2.052004 2.383139 3.324092 352562.0 319670.0 370790.0 589468.0 628130.0 867588.0
0 5 1.324926 1.802751 1.929044 1.906981 1.650059 2.083353 251256.0 1325636.0 1709078.0 1625316.0 1801704.0 2691256.0
0 0 1.631004 1.899038 1.874078 2.137988 2.458292 2.163903 1035842.0 1274974.0 1379286.0 1329142.0 1406622.0 2498602.0
0 3 1.102882 1.324369 1.82312 1.607079 2.03488 2.232401 143548.0 1306106.0 1436760.0 1512030.0 2880608.0 2063602.0
0 5 1.205766 1.227842 1.82455 1.991097 2.510901 3.533088 318906.0 356362.0 477476.0 537836.0 628928.0 914494.0
0 0 1.523816 1.39918 1.38813 1.871947 1.866098 2.282358 255786.0 433910.0 645274.0 754850.0 1079260.0 1232474.0
0 3 1.889106 1.333226 1.868185 2.0591 2.640014 2.524197 476632.0 332844.0 507568.0 548066.0 574016.0 1217300.0
0 5 1.045115 1.831016 1.71287 1.808635 1.609942 2.912682 191420.0 703962.0 495414.0 1135356.0 1414552.0 1495498.0
0 0 1.703097 1.477881 1.691139 1.769021 1.486547 2.432174 658352.0 522670.0 1058964.0 957776.0 1551078.0 2162040.0
0 3 0.994891 1.84904 1.420364 1.846765 1.589052 1.837912 150122.0 641752.0 1115262.0 1482802.0 1290774.0 1871376.0
0 5 1.532708 1.784924 1.782965 2.082084 2.281067 3.000039 400766.0 381050.0 347942.0 491260.0 681294.0 1022568.0
0 0 2.913863 1.760995 1.423692 1.393087 1.673907 2.086918 262218.0 653924.0 846842.0 719390.0 1082312.0 1168674.0
0 3 1.267975 1.454038 1.793908 2.107081 2.233165 3.500622 398638.0 313344.0 281200.0 432092.0 765908.0 1102486.0
0 5 1.116962 1.745949 1.953899 1.840966 1.661084 2.110113 176494.0 558656.0 476248.0 851300.0 842054.0 1603754.0
0 0 1.170737 1.595971 1.45209 1.301936 1.596099 2.184128 475668.0 487356.0 959004.0 1122410.0 1404956.0 1974606.0
0 3 1.17388 1.377547 1.376114 1.794451 1.533988 2.276917 157080.0 796566.0 1002976.0 964936.0 1396194.0 1977038.0
0 5 1.431914 1.329931 2.515951 1.956017 1.623039 3.795954 349524.0 412214.0 729508.0 433794.0 327220.0 736352.0
0 0 1.502993 1.295723 1.53298 1.418115 1.406833 2.341961 222422.0 438744.0 700780.0 761072.0 527874.0 1200436.0
0 3 1.203979 1.515313 1.536028 1.817149 1.979818 2.946114 364320.0 500252.0 463726.0 526310.0 783356.0 1203060.0
0 5 1.209931 1.295548 1.564115 1.977942 1.892972 2.276734 95818.0 534550.0 746256.0 676014.0 1237362.0 1387806.0
0 0 1.257903 1.422021 1.510099 1.480968 1.680141 2.153901 466492.0 736172.0 990662.0 569862.0 1433958.0 1878284.0
0 3 1.110864 1.440947 1.330231 1.507821 1.457084 2.232244 291794.0 800748.0 790012.0 1007740.0 1406344.0 1570362.0
0 5 1.66493 2.060941 2.057083 2.180521 2.078981 2.713879 289144.0 241660.0 359826.0 441090.0 612510.0 996882.0
0 0 1.18221 1.134888 1.391403 2.148949 1.609921 2.371004 99462.0 586566.0 550116.0 704704.0 1027286.0 1729926.0
0 3 1.800895 1.330023 1.669392 2.102885 2.416957 3.297949 414966.0 366550.0 589328.0 437034.0 548642.0 891772.0
0 5 1.337548 1.702977 1.389979 3.447963 1.665611 2.272143 287942.0 534894.0 614280.0 901030.0 1103958.0 1396590.0
0 0 1.205822 1.683929 1.922136 1.894289 1.605997 2.35906 378224.0 800814.0 871014.0 864310.0 1055390.0 1790206.0
0 3 1.231902 1.321373 1.408122 1.352116 1.544014 2.238122 128108.0 804142.0 688738.0 650606.0 1143870.0 2117138.0
0 5 1.582829 1.263204 1.778768 2.036991 1.598831 3.405953 326400.0 292626.0 292944.0 533848.0 517068.0 937062.0
0 0 1.19598 1.848073 1.542093 1.382805 1.647827 1.95998 166594.0 651506.0 483938.0 907874.0 955506.0 1029976.0
0 3 1.301064 1.657976 2.095972 1.88207 1.956072 2.889894 308798.0 323042.0 467402.0 374750.0 1437808.0 1040506.0
0 5 1.112959 1.797056 1.461091 1.470577 2.335946 1.798006 234248.0 362118.0 515246.0 692242.0 1137014.0 396836.0
0 0 1.426037 1.828903 1.94288 1.538827 1.57991 2.330986 546570.0 665460.0 1151250.0 1095268.0 1442454.0 2037906.0
0 3 1.129079 1.884943 1.800029 1.485053 1.65312 2.334154 251714.0 885500.0 1279912.0 777492.0 1581568.0 1949860.0
0 5 1.203804 2.050014 1.973174 2.092398 2.907841 2.629922 275032.0 287252.0 361276.0 494386.0 822652.0 1013526.0
