0 0 6.316976 6.178121 6.169191 5.812657 6.411934 3198806.0 2950596.0 3072546.0 2121650.0 3963294.0
0 0 5.232909 6.073757 6.135919 5.703029 6.445009 1815704.0 2304330.0 3269522.0 2808036.0 3818866.0
0 0 16.213839 15.748377 5.014843 23.367882 5.369226 19.641445 5586876.0 5545336.0 1989062.0 9104460.0 2379546.0 10155616.0
0 0 5.845083 5.316898 23.776621 5.814981 16.670902 3110586.0 2434152.0 10123916.0 3429954.0 7847606.0
0 0 6.388854 6.201978 64.076489 43.337684 22.585691 3413330.0 2759232.0 25456912.0 18661044.0 11071408.0
0 0 5.778991 47.102598 26.230705 5.525906 5.590702 2789730.0 20333084.0 11078484.0 3239718.0 2886256.0
0 0 6.487714 6.390971 6.039783 6.064941 5.758474 3641656.0 3082918.0 3408846.0 2409542.0 2255022.0
0 0 6.165892 6.191202 5.731856 5.615117 5.446966 2865648.0 2135426.0 2593862.0 2356252.0 1736906.0
0 0
0 0 5.846907 5.83016 5.760969 6.014522 5.617013 2777438.0 2525450.0 3279868.0 3255140.0 2667292.0
0 0 17.790572 6.925764 12113700.0 3432766.0
0 0 116.784261 101.112503 96.246636 67.816281 60.599495 35.270675 27.638691 146030882.0 136058918.0 126242010.0 88207298.0 84061998.0 43853136.0 41026738.0
0 0 5.70754 6.185901 5.977931 5.265732 5.817482 1717322.0 2947684.0 3460312.0 1770898.0 1470718.0
0 0 5.967461 6.160984 6.041774 5.545475 5.612221 1863762.0 2607538.0 2151808.0 1466760.0 1290658.0
0 0 5.679951 6.08655 6.062228 5.786907 6.116872 1686314.0 2994008.0 2431704.0 2767072.0 2547576.0
0 0 6.408922 6.381135 6.832552 9.631522 5.74293 3823630.0 3551178.0 4376164.0 3907006.0 2164774.0
0 0 5.969511 6.236889 5.95364 5.899122 6.418627 2555566.0 4528190.0 3305576.0 3089100.0 2934544.0
