0 0 0.8396403 1.0398661 1.0903253 1.0740284 1.0701654 1.0634198 
0 0 0.8908024 1.0201168 1.0536304 1.1038097 1.0873466 1.0590051 
0 0 0.9619678 1.010222 1.078883 1.0055552 1.0747871 1.1553971 
0 0 0.9639884 0.9257228 1.061042 1.0227951 1.0906991 1.066106 
0 0 1.0009376 1.0310907 1.0923348 1.073878 1.0051787 1.0883252 
0 0 0.8767876 1.0406203 1.0192658 1.1398306 1.1190958 1.1091824 
0 0 0.9378237 1.0077273 1.0408493 1.0586069 1.0517857 1.0475602 
0 0 0.8998132 0.9890758 1.1032908 1.0575813 0.9867423 1.0000395 
0 0 0.9320282 1.0323751 1.0986876 1.04705 1.0433493 1.0175315 
0 0 0.8310512 1.0126137 0.9782956 1.0253285 1.0126343 1.0564595 
0 0 0.8695257 1.0266078 0.9500655 1.0538999 1.0335795 1.0161939 
0 0 0.8517242 1.0661293 0.9954223 1.0678304 1.0128578 1.054991 
0 0 0.873036 1.00501 1.068979 1.0771501 1.0834754 1.0449122 
0 0 0.8770254 1.0625399 1.0460342 1.1125923 1.0127726 0.9695939 
0 0 0.8837661 0.9969601 1.0578907 1.0044523 1.0757532 1.0046231 
0 0 0.8799219 1.034184 0.9957491 0.968165 1.0660124 1.0303648 
0 0 0.8354646 0.9232996 0.9926835 1.0530185 1.1280709 0.9847839 
0 0 0.8635404 0.9892605 0.963252 1.0196852 0.9899162 1.0456556 
0 0 0.912589 1.0332594 1.0717396 0.9062547 1.0469586 1.0039804 
0 0 0.9404319 0.9897089 1.0912861 0.9849236 1.0158889 1.1879003 
0 0.5 0.7570816 0.9312126 0.9383489 0.8637794 1.0229962 1.0367005 
0 0.5 0.7764577 1.0170503 1.0256467 0.889231 0.9709047 0.9613577 
0 0.5 0.6943938 0.9248386 0.9921745 0.9806612 0.9216873 0.8873487 
0 0.5 0.6938895 0.9294044 0.9661368 0.9184218 0.9972558 0.9772694 
0 0.5 0.7714235 0.9790189 1.0072384 0.9460237 0.9616834 0.947184 
0 0.5 0.7380042 1.0654702 1.0239793 1.0073574 1.0002039 0.9140142 
0 0.5 0.7460121 0.9017827 0.9842919 0.9790546 1.0069144 1.0166914 
0 0.5 0.7158488 0.9937412 1.02474 0.92232 0.9405352 0.9968322 
0 0.5 0.7189812 0.9949336 1.0107723 0.9515958 0.9778848 0.9602667 
0 0.5 0.7046595 0.9441258 1.0812008 0.9774422 0.9050827 1.0672389 
0 0.5 0.7295671 0.9439198 0.9980489 0.9266892 0.9972399 0.9048507 
0 0.5 0.7288816 1.0184367 0.9564753 0.9228239 1.0220097 0.9273084 
0 0.5 0.7455029 1.0593538 1.0126217 0.8935976 0.9132597 1.0277355 
0 0.5 0.7466034 0.9672067 1.0761958 0.986245 0.9705875 1.0509614 
0 0.5 0.7242695 0.8746612 0.8658706 0.9648815 0.9464179 1.0019574 
0 0.5 0.7591576 0.8736146 0.9455264 0.979573 1.0520871 1.0449677 
0 0.5 0.7189715 0.934767 1.0093984 1.0073831 0.9222729 0.9790999 
0 0.5 0.7549698 0.9642508 0.9631643 0.8639934 1.0403156 0.9219084 
0 0.5 0.7333579 0.9811532 0.9544242 1.0104974 0.9858561 0.9880545 
0 0.5 0.7471641 0.8340906 0.871531 0.9831789 0.9390259 0.970527 
0 3 0.7492609 0.9807852 0.8564732 0.9688946 1.0429992 0.8372815 
0 3 0.7806109 0.8961079 0.9566812 0.9621707 0.8595857 0.9247663 
0 3 0.7912434 0.8919872 0.94795 0.9257756 0.9155787 0.9009105 
0 3 0.8881671 0.9041362 0.9527786 0.990676 0.990218 0.9098539 
0 3 0.7662889 0.8700275 0.8975207 0.8647856 0.9134924 0.9643377 
0 3 0.7803884 0.9111164 0.9854488 0.8411856 0.8762206 0.9989872 
0 3 0.789974 0.9144308 0.9512699 0.9642447 0.8933954 0.9081991 
0 3 0.7609938 0.8633026 0.9528465 1.0108703 0.8890858 0.9843754 
0 3 0.778453 0.8739041 1.0056494 0.9284071 0.9519702 0.8696589 
0 3 0.7665882 0.9594775 0.9112649 0.9348252 0.9401891 0.9273929 
0 3 0.7806679 0.785083 0.9417228 0.9353375 0.9843279 0.9867537 
0 3 0.8154179 0.9458752 0.99528 0.9268619 0.9597722 0.9192495 
0 3 0.7674957 0.9077036 0.9236117 0.9373268 0.8943897 0.9196625 
0 3 0.8210248 1.0051418 0.8651347 0.9211642 0.9899344 0.9030975 
0 3 0.7541625 0.8473681 0.8867389 0.9272296 0.9227127 0.9159788 
0 3 0.8337806 0.9609648 0.9572863 0.9486916 0.9306053 0.9353281 
0 3 0.8278996 0.8442958 0.9263693 0.9133275 0.83352 0.8561151 
0 3 0.7233309 0.981022 0.8733921 0.9065414 0.9403836 0.932282 
0 3 0.7533496 0.9282936 0.9108739 0.9196541 0.971389 0.904129 
0 3 0.7187684 0.8867101 0.9645206 0.9174201 0.9230147 0.8802991 
0 5 0.692215 0.8705338 0.9035544 0.8290325 0.8720553 0.846381 
0 5 0.6587475 0.9000441 0.8618338 0.897687 0.8622361 0.8756738 
0 5 0.7469091 0.9251594 0.8880218 0.8910416 0.9629521 0.8641226 
0 5 0.7376043 0.9129873 0.9470174 0.8982619 0.9196522 1.0235016 
0 5 0.6898277 0.9649942 0.9333991 0.8901574 0.8600536 0.8358349 
0 5 0.7597324 0.8962666 0.8673268 0.909236 0.9609666 0.9600675 
0 5 0.6879767 0.9497679 0.9198728 0.8464581 0.8350527 0.9845198 
0 5 0.7396724 0.8906926 0.8761898 0.9403151 0.9475597 0.8774855 
0 5 0.7261739 0.883443 0.8958349 0.9104119 0.9562828 0.8874274 
0 5 0.7544394 0.9186648 0.8877129 1.0050915 0.9797609 0.9822258 
0 5 0.7190966 0.9297557 0.9501443 0.9695348 0.9525386 0.9744477 
0 5 0.7221227 0.9551538 1.0000278 0.9497682 1.0901582 0.891705 
0 5 0.703695 0.9909247 1.0023984 0.85878 0.9508684 0.9542136 
0 5 0.7526136 1.0187003 0.9656358 1.0340371 1.0109331 0.9541105 
0 5 0.7407698 0.9433157 0.9618642 0.9221159 0.9687824 1.0007974 
0 5 0.749076 0.9639207 0.9210025 0.9927424 1.0192776 1.0139354 
0 5 0.7800366 0.9828795 0.9189034 0.9661889 0.9310156 1.0092909 
0 5 0.6741158 0.9980179 1.016213 1.0191445 0.949472 0.968217 
0 5 0.7521525 1.0108846 0.9220099 0.9991161 0.9519749 0.9869022 
0 5 0.7564605 0.9285404 0.9493185 0.9715722 0.9769446 1.0366028 
0 10 0.7211894 0.8482679 0.9542114 0.9136494 0.9524867 0.9514342 
0 10 0.7242956 0.8228092 0.9388466 0.9787352 0.9159395 0.9526369 
0 10 0.8113776 0.9372799 0.9451832 0.8900968 0.9687993 0.8763059 
0 10 0.7134546 0.9178141 0.8801638 0.9346257 0.9120398 0.888636 
0 10 0.7502713 0.9042905 0.9534685 0.9130392 0.9990883 0.9069927 
0 10 0.7916161 0.9561364 0.9595048 0.9141461 0.9139023 0.9532279 
0 10 0.7304244 0.9716932 0.9280826 0.929039 0.9121806 0.9209029 
0 10 0.7368568 0.8581402 0.9099692 0.8362546 0.9205499 0.965769 
0 10 0.782962 0.9714311 0.8915468 0.926175 0.8894515 0.8792812 
0 10 0.7133421 0.9230956 0.9370213 0.9226394 0.9515515 0.9084882 
0 10 0.7658658 0.8913511 0.8485784 0.8647194 0.9585174 0.9176872 
0 10 0.7767681 0.8549812 0.9539941 0.8878412 0.9098372 1.0028361 
0 10 0.7815073 0.8972833 0.9555289 0.9596572 0.8481347 0.9614924 
0 10 0.7632553 0.9526092 0.8714981 0.8758773 0.9449737 0.9246957 
0 10 0.7842422 0.9740705 0.923352 0.8987097 0.9816679 0.8878267 
0 10 0.7539908 0.8829707 0.904708 0.8916263 0.869799 0.8601414 
0 10 0.724355 0.8411411 0.9646757 0.8915897 0.9369338 0.9091277 
0 10 0.7072128 0.800484 0.917264 1.0063584 0.9974067 0.906297 
0 10 0.7658772 0.9589968 0.9139205 1.0080079 0.9049461 0.9853402 
0 10 0.7291619 0.9046374 0.9718339 0.8989323 0.9693402 0.9148827 
0 0 0.8360658 1.2701462 1.2473459 0.9011778 1.0227231 1.0619448 
0 0 0.6999803 0.7962354 0.9909892 0.9721594 1.0635165 1.0195008 
0 0 0.7497915 1.0895633 1.3774182 1.0014219 0.7608199 1.1076882 
0 0 0.7215597 0.9596664 0.894926 0.9534058 1.0567793 1.0078721 
0 0 1.378393 0.7719699 1.0026676 0.9873375 1.0255557 0.9893258 
0 0 0.7277438 1.1876249 0.9235361 2.1464294 1.095673 0.9436893 
0 0 1.5758734 0.7802054 0.9796298 0.9708441 1.0377519 1.0454791 
0 0 0.7985325 0.9515068 1.3414825 1.0656681 0.7165175 1.0217194 
0 0 1.7358577 0.7410663 1.0063259 0.9647264 0.9928517 0.9995213 
0 0 0.7023735 1.1009869 1.0710057 1.0228145 2.8441073 1.920304 
0 0 1.602008 1.8682806 29.798057 2.0167218 1.9128325 0.9406828 
0 0 0.7499222 1.139752 1.1364553 1.3445456 1.0615028 0.9449615 
0 0 0.7120537 1.328195 1.2054133 1.6932421 1.7361938 1.8807061 
0 0 1.4337148 2.1849728 2.7651605 9.7466946 2.5732089 2.515772 
0 0 1.4310565 1.7542656 0.8810879 1.0778285 1.0670339 1.0673924 
0 0 1.6532854 1.5638896 1.9613677 2.0074066 1.8288291 1.9495394 
0 0 0.8747186 1.0136676 1.0925269 1.0787433 26225.7193235 0 0 0.816553 1.0020325 1.050746 1.0014624 1.0265651 1.0686192 
0 0 0.8825855 1.0247907 1.0357461 0.9933438 1.0830385 1.0339653 
0 0 0.9520962 0.9812609 1.0796355 1.0047209 1.0021084 1.0011368 
0 0 0.9087798 1.0894032 1.0627799 0.9975738 1.0144248 1.0524424 
0 0 0.8443396 1.0210339 1.0363586 1.0186203 1.0270991 1.0091523 
0 0 0.7717731 1.0457196 0.9663836 1.0281029 1.0971524 1.0752791 
0 0 0.8851431 1.0456298 1.0225039 0.9977654 1.0334432 1.1281047 
0 0 0.8649698 1.0204228 1.0212388 1.0369916 1.101025 0.969617 
0 0 0.7937957 1.0190629 1.0344564 0.9532957 0.9987672 1.1174978 
0 0 0.849684 0.9748616 1.0227858 0.9690875 1.0085156 0.9831503 
0 0 0.8581298 1.0049615 0.9837059 1.0136055 0.9795013 0.9408398 
0 0 0.945526 1.0474285 1.0280709 1.0562318 1.0461122 1.0652335 
0 0 0.8308843 1.0108296 1.0309261 1.0198285 1.0798567 1.0953949 
0 0 0.8739742 0.9689051 1.0337178 1.0026302 1.0473285 1.0438088 
0 0 0.802811 0.9913853 0.9715536 1.0325486 1.031629 1.0619571 
0 0 0.7998678 1.0449935 1.0344583 0.9721246 1.0176663 1.0597733 
0 0 0.8136711 1.0078696 1.054463 0.9787859 1.0160706 1.0484355 
0 0 0.78643 1.0416782 1.0034229 1.0091343 1.0184917 1.0483524 
0 0 0.8145092 0.9879354 0.9953311 1.1189751 1.0151116 1.0051984 
0 0 0.8339687 0.9806705 1.0124926 0.9838434 1.0692728 1.0125053 
0 0.5 0.7123776 1.0192502 0.9606432 1.0242332 0.8707311 0.9565404 
0 0.5 0.7421121 1.0322082 1.0234098 0.934084 1.015231 0.9684955 
0 0.5 0.7316981 0.9416597 0.9871796 0.9682466 0.9957011 0.9665598 
0 0.5 0.704868 1.0235178 0.961069 0.9394024 0.854486 1.0102247 
0 0.5 0.7799179 0.8993976 0.9643709 0.8608691 0.9463014 0.9503711 
0 0.5 0.7405577 0.9955381 0.9637538 1.0252563 0.9532304 0.9823097 
0 0.5 0.7152851 0.9976103 0.972978 0.9236594 0.9550581 0.9744527 
0 0.5 0.7340321 0.9979751 0.9342073 0.9741085 0.9571524 1.0512316 
0 0.5 0.7512798 0.9570145 0.9673309 0.9824088 0.8888496 0.9004022 
0 0.5 0.6972419 0.9041983 1.0556811 0.9093824 0.9623584 0.9704435 
0 0.5 0.7524539 0.9983715 0.9864374 1.0020244 1.0354909 0.9935426 
0 0.5 0.7882423 0.9632638 0.9737032 0.9466651 0.9420882 1.0010202 
0 0.5 0.6598695 0.949077 0.943502 0.9866241 0.8864532 1.0384539 
0 0.5 0.6996985 0.9151329 0.9287137 1.0508931 0.9927275 0.9785231 
0 0.5 0.8048012 0.9529299 0.9407721 0.9430609 0.9549677 0.9509546 
0 0.5 0.6963728 0.9805466 1.0189856 0.9418169 1.072728 0.9354796 
0 0.5 0.7092918 1.0010484 0.9066093 0.9874013 0.9288879 1.0122745 
0 0.5 0.6731815 0.9935236 1.0261839 0.8913628 0.9711635 0.9493044 
0 0.5 0.6925488 1.032922 0.9674647 0.954941 0.9796234 1.0393428 
0 0.5 0.7328444 1.0276138 0.9914308 0.9661451 0.9749842 0.9032789 
0 3 0.7504158 0.958851 0.9392758 0.894005 0.8743284 0.9267725 
0 3 0.8224324 0.8911877 0.8993214 0.9333222 0.9506456 0.804301 
0 3 0.7167513 0.8515475 0.9152177 0.9350713 0.9847005 0.9403223 
0 3 0.7177621 0.9376048 0.958031 0.8450875 0.9739264 0.9019615 
0 3 0.733994 0.8202827 0.9090315 0.8983647 0.9407116 0.9202537 
0 3 0.7213085 0.9255191 0.8707298 0.9116453 0.9030221 0.8928278 
0 3 0.7488138 0.9449652 0.9014818 0.9401013 0.9285535 0.8772789 
0 3 0.7735213 0.9731015 0.999953 0.9116786 0.8934655 0.9084308 
0 3 0.919312 0.9435039 0.924479 0.9025587 0.927549 0.9350651 
0 3 0.7453457 0.9060404 0.9637957 0.886632 0.930055 0.8844308 
0 3 0.747722 0.9303557 0.9629414 0.8062283 0.9065589 0.9093715 
0 3 0.7401798 0.9443789 0.8700757 0.9166982 0.8630555 0.9345368 
0 3 0.7473218 0.8996996 0.8799473 0.890815 0.8892377 0.8459109 
0 3 0.7438724 0.9788689 0.9436868 0.9193933 0.9594969 0.8614131 
0 3 0.7906572 0.9242334 0.9364802 0.9120041 1.0350392 0.919314 
0 3 0.7651352 0.8714999 0.8010979 0.917761 0.923219 0.9215662 
0 3 0.7298474 0.8654312 0.9445039 0.8713543 0.8547376 0.9334377 
0 3 0.7315277 0.8966249 0.8954029 0.9541089 0.9467025 0.8665048 
0 3 0.7251799 0.7999031 0.9019131 0.8845245 0.9442957 0.8992064 
0 3 0.7533427 0.8749095 0.8782417 0.9376036 0.9058748 0.9033296 
0 5 0.7077277 0.8515598 0.9175247 0.9444009 0.9421946 0.8614812 
0 5 0.7434133 0.8312758 0.9417501 0.8874446 0.8961251 0.9533444 
0 5 0.679256 0.8912669 0.8869077 0.8767399 0.898992 0.8648177 
0 5 0.7725126 0.886998 0.8599123 1.0166103 0.9232067 0.8982411 
0 5 0.7331131 0.8316509 0.9545458 0.919199 0.8562752 0.8523295 
0 5 0.6979423 0.9150184 0.9599565 0.964227 0.9556128 0.8615681 
0 5 0.7302332 0.8976649 0.8932603 0.9594616 0.9126304 0.955459 
0 5 0.679893 0.8094156 0.9361595 0.9635401 0.8998523 0.8393143 
0 5 0.7440447 0.9145732 0.8690738 1.010167 0.9839829 0.9427014 
0 5 0.6943281 1.0179353 0.9343288 1.0032392 0.9955511 0.9867614 
0 5 0.7235458 0.9497372 0.9768655 0.8663736 0.9693663 0.9504638 
0 5 0.7101807 0.956089 0.9263264 0.9969793 1.0721305 0.8927923 
0 5 0.712477 0.925619 0.9382994 1.0066839 0.9642735 0.9578883 
0 5 0.7355846 0.9483706 0.9950565 0.9133853 0.9762228 0.9378476 
0 5 0.7328815 0.9851375 0.9963972 0.889326 0.9100317 0.8467148 
0 5 0.7870389 0.9416725 0.9510333 0.972945 0.9467745 0.845224 
0 5 0.7375999 0.9523233 0.9059474 0.9254213 0.9484332 0.897869 
0 5 0.7453947 1.0038832 0.9885821 0.9829152 0.9405229 0.9205043 
0 5 0.7448482 0.9638275 0.9068793 1.0006054 0.9119713 0.9525225 
0 5 0.7237062 0.8725556 1.0435274 0.9641851 0.9531884 0.953018 
0 10 0.7284065 0.9043276 0.8881118 0.8851455 0.8991127 0.8039614 
0 10 0.8023527 0.8474762 0.918069 0.8962728 0.8833758 0.8711459 
0 10 0.7542093 0.9225632 0.8752447 0.9122628 0.8960075 0.9364918 
0 10 0.7340405 0.8514912 0.9485793 0.8554827 0.8433871 0.9402064 
0 10 0.7270599 0.8561109 0.9074035 0.8938254 0.9621103 0.9876497 
0 10 0.7094567 0.8464486 0.9290122 0.8614078 0.9020358 0.8879592 
0 10 0.7280012 0.8583611 0.9349566 0.8793293 0.9307541 0.9075895 
0 10 0.8138475 0.9011279 0.9505391 0.9392736 0.9799172 0.8221426 
0 10 0.720312 0.8566852 0.8741653 0.9546706 0.8982368 0.9584707 
0 10 0.7822015 0.8634423 0.9289767 0.8729303 0.8849628 0.9367338 
0 10 0.7079262 0.906172 0.9836786 0.8352199 0.9437267 0.9207865 
0 10 0.7355722 0.8701838 0.9634987 0.8847085 0.8558299 1.0027978 
0 10 0.7781873 0.9418163 0.938053 0.9335662 0.8317136 0.9580917 
0 10 0.7699195 0.9071481 0.9640854 0.9537566 0.9495834 0.9589995 
0 10 0.7538898 0.8442825 0.9568376 0.9444814 0.8491353 0.8906368 
0 10 0.7849363 0.9390226 0.9327163 0.9898823 0.9630777 0.8860758 
0 10 0.7308461 0.940592 0.9288319 0.970037 0.8697173 0.9079718 
0 10 0.7172163 0.8149818 0.82662 0.9487988 0.9183873 0.8416664 
0 10 0.7375687 0.8537304 0.8780316 0.858972 0.9120407 0.9074836 
0 10 0.737334 0.825827 0.8522193 0.8720873 0.8406204 0.7983143 
0 0 0.8285806 0.9796115 0.9783278 0.9897501 1.024171 0.9921427 
0 0 0.8386334 1.0273178 1.1185059 0.9990065 1.0571251 1.0235066 
0 0 0.8539597 1.0424857 1.0742238 1.0316083 1.0314782 1.0036448 
0 0 0.8577896 3.1779861 0.9769939 1.1156155 1.0067899 0.9888528 
0 0 0.8315513 0.9698616 0.9500903 0.9862991 1.0712523 1.0154461 
0 0 0.888515 1.0421271 1.0659562 0.9919792 1.0131839 1.0728984 
0 0 0.820459 1.0289238 1.0694282 0.9972037 1.0487201 1.0177316 
0 0 0.8130749 0.9864441 1.0417766 1.033304 0.9062476 1.0365329 
0 0 0.8667255 1.0462433 0.9771305 1.0595303 1.0644474 0.9668434 
0 0 0.8988011 0.9998397 1.0422804 1.0373593 0.9868973 0.9562163 
0 0 0.8494102 1.0132293 1.0281393 1.005864 1.0692878 1.0362976 
0 0 0.7918559 0.9948863 0.946952 0.986797 1.0541373 0.9483614 
0 0 0.8014081 0.9591212 0.9852278 0.9977582 1.0656558 1.0891459 
0 0 0.807397 0.9765815 0.9798939 1.0230063 1.0019338 1.0380386 
0 0 0.9019768 1.0310827 1.0934617 0.9769906 1.0288403 1.0201978 
0 0 0.8971247 1.0294448 1.1899873 1.0316854 1.0453358 1.0648925 
0 0 0.8118895 1.0492816 0.9776721 1.0814248 1.0105783 0.974577 
0 0 0.815259 0.9864665 1.0624899 0.9918771 1.0299261 1.0180204 
0 0 0.8318344 1.0901314 0.9975284 1.055159 1.0299478 1.0159572 
0 0 0.8224749 1.0326252 1.0473503 0.982563 1.0002499 0.9869154 
0 0.5 0.7234789 0.9928355 0.9985737 0.9691976 0.9621163 0.9195209 
0 0.5 0.844402 1.0250776 1.0365496 0.9784148 1.0426063 1.0633378 
0 0.5 0.7026035 0.9908944 0.9536057 1.0357562 1.017355 0.9122442 
0 0.5 0.7164288 0.9912556 1.0448036 0.9675853 0.8761677 0.9199012 
0 0.5 0.7585201 1.008596 0.968536 0.8878102 0.9417763 0.9853919 
0 0.5 0.7221208 1.0492732 0.9409168 0.9666368 0.9409949 1.0060416 
0 0.5 0.7574228 0.9421178 0.8876428 0.9038237 1.0685344 0.9474281 
0 0.5 0.7338966 0.9239892 1.031797 0.946302 0.9506025 0.9464128 
0 0.5 0.7488995 1.0256757 0.9411837 0.8103435 0.9991523 0.9846878 
0 0.5 0.8167859 1.045152 0.9393063 0.985263 0.9573501 0.8598529 
0 0.5 0.8189673 0.9529814 0.9894658 0.9949696 0.9518284 0.9868822 
0 0.5 0.6963528 0.9952432 0.941828 0.9827775 1.011421 0.9696137 
0 0.5 0.759846 1.0342 0.962343 0.8949154 1.0396918 1.0514283 
0 0.5 0.6961019 1.0130098 0.986442 0.9961705 1.0690381 1.0378132 
0 0.5 0.7481367 0.9800015 1.0063118 0.9224882 1.0023563 1.0315775 
0 0.5 0.7587375 1.0014353 0.9844841 0.884035 1.020941 0.8888498 
0 0.5 0.7522629 1.0030816 0.9550905 1.0009179 1.001968 0.9677942 
0 0.5 0.7893109 0.8556891 0.9673635 1.0407111 0.9318398 0.9305149 
0 0.5 0.7447252 0.9554893 0.8921654 0.9376698 0.9762567 0.9427511 
0 0.5 0.739901 0.8508174 0.9032112 0.9381937 0.923957 0.8820396 
0 3 0.731397 0.9483151 0.9409153 0.9039762 0.9115166 0.9006516 
0 3 0.7899295 0.9032497 0.9109965 0.8072594 0.8773625 0.9178221 
0 3 0.729512 0.874724 0.9110065 0.9113758 0.8756681 0.8054783 
0 3 0.7676199 0.8751391 0.9554321 0.8888663 0.947365 0.9708497 
0 3 0.7645302 0.9495669 0.9121276 1.0147807 0.9118925 0.9160602 
0 3 0.812113 0.9018684 0.9484944 0.9002221 0.9640622 0.8881887 
0 3 0.7671312 0.8411194 0.9195836 0.9491259 0.8624124 0.9332426 
0 3 0.8093826 0.8431647 0.9230714 0.983338 0.9678116 0.9972189 
0 3 0.7741387 0.9417195 0.9389664 0.9570421 0.9449951 0.9594416 
0 3 0.7451236 0.9134002 1.0255682 0.8828017 0.9561476 1.0480624 
0 3 0.7028278 0.9646212 0.9309007 0.8578475 0.9307795 0.858349 
0 3 0.7462495 0.8221731 0.8832442 0.8471214 0.933609 0.9487805 
0 3 0.7084357 0.9214627 0.9968415 0.9159303 0.8527688 0.8912948 
0 3 0.7202934 0.8730527 0.8879449 0.9433135 0.9613285 0.8580799 
0 3 0.7550969 0.9319384 0.893398 0.8223175 0.9347266 1.0153616 
0 3 0.8007005 0.8937396 0.9382459 0.8959665 0.892295 0.9495734 
0 3 0.73302 0.9659011 0.9650899 0.8531156 0.9493057 0.9425877 
0 3 0.7529095 0.9726081 0.9451705 0.9153185 0.9766683 0.8863276 
0 3 0.7631791 0.9439755 1.0204471 0.9377498 0.9137595 0.9211478 
0 3 0.6926313 0.8919341 0.893921 0.9273129 0.9754116 0.9188935 
0 5 0.7189621 0.9174278 0.9306908 0.8044242 0.8941104 0.9222864 
0 5 0.7692972 0.8746833 0.9157355 0.8979847 0.8487462 0.9317622 
0 5 0.724719 0.9403539 0.8783283 0.8073802 0.9972071 0.8686034 
0 5 0.6933256 0.8626598 0.90699 0.8545747 0.9134446 0.8553296 
0 5 0.7276036 0.9495104 0.9550347 0.9117081 0.9605655 0.8783052 
0 5 0.7314836 0.8360137 0.9121625 0.9467615 0.910231 0.9555049 
0 5 0.7025376 0.8821098 0.9122557 0.8922485 0.9545474 0.8869649 
0 5 0.7471957 0.9149157 0.9107612 0.948444 0.9106677 0.9184277 
0 5 0.7271889 0.9045695 1.0029473 0.9613081 0.9151483 1.0232535 
0 5 0.7874314 0.9883426 0.9925442 0.9756313 1.0175348 0.9161623 
0 5 0.7301446 0.9262503 1.0233276 0.987558 0.9968844 0.8468612 
0 5 0.7447475 0.969272 0.9852716 1.0009017 0.9663177 0.9151443 
0 5 0.7339461 0.9378175 1.0208044 0.9619702 0.9982147 0.939752 
0 5 0.7668794 0.9395096 1.022984 0.9857784 0.9729793 0.9990813 
0 5 0.7489656 0.8910964 0.8972938 0.9985515 0.9642617 0.9819487 
0 5 0.6887635 0.9990307 1.0130919 1.030126 0.9145866 0.9937187 
0 5 0.7165565 0.9255728 1.0134471 0.9410035 0.8045295 0.9029138 
0 5 0.7334919 0.983312 1.0217216 0.9539686 0.9539191 1.024834 
0 5 0.711602 0.9255507 0.9784559 0.9647036 0.9473576 0.9488808 
0 5 0.6793466 1.0331675 0.98578 0.9662304 1.0208842 0.926897 
0 10 0.7500882 0.8134015 0.8982214 0.8936249 0.8816082 0.9056949 
0 10 0.7587149 0.9673835 0.8975155 0.9954875 0.8816021 0.8637678 
0 10 0.78763 0.8486429 0.9593952 0.9722898 0.9748849 0.9625154 
0 10 0.7475613 0.8563625 0.9571645 0.9043913 0.8887376 0.9062198 
0 10 0.7128949 0.883751 1.0038968 0.8949537 0.9327539 0.8856776 
0 10 0.7771475 1.0112262 1.0252607 0.8818921 0.8929247 0.8729928 
0 10 0.7508664 0.9030533 0.97251 0.8592006 0.8584239 0.8984612 
0 10 0.727999 0.976219 0.9105228 0.847482 0.9002877 0.8810487 
0 10 0.7689012 0.8863638 0.8945363 0.8589467 0.9817039 0.8751872 
0 10 0.805236 0.9572131 0.9657109 0.9243253 0.9881738 0.8696813 
0 10 0.7561517 0.9328061 0.9958537 0.8228533 0.8881111 0.8744974 
0 10 0.6912244 0.9149069 0.9038738 0.920719 0.9986801 0.8967276 
0 10 0.7187979 1.9320549 0.9273871 0.8351036 0.8925804 0.8717301 
0 10 0.7685315 0.924108 0.8550524 0.9216385 0.982899 0.9069403 
0 10 0.7404048 0.9110145 0.9358772 0.983718 0.9595753 0.9201396 
0 10 0.7785388 0.8486124 0.9671134 0.9316211 0.8456756 0.8944192 
0 10 0.8010429 0.9186697 0.9377475 0.934124 0.8619617 0.8130249 
0 10 0.7971344 0.8837128 1.0362162 1.0032559 0.9097259 1.008135 
0 10 0.7575579 0.9351531 0.8014782 0.9641371 0.9013267 0.8810355 
0 10 0.7281506 0.9654062 0.892303 0.8637944 0.9032402 0.9310541 
0 0 0.7851555 0.9512394 0.9492367 0.9427304 0.9484778 0.9346114 
0 0 0.7618752 0.9495211 1.0635335 0.9346011 0.8865791 0.9965155 
0 0 0.7912201 0.9809696 1.0302115 0.9285023 1.0046678 0.9830246 
0 0 0.7353187 0.8792368 0.8575362 0.9133669 1.0587233 0.8897749 
0 0 0.8292262 0.9664038 0.958129 0.9773914 0.9400279 0.9452513 
0 0 0.7592766 0.9317433 0.9097529 0.8816704 0.8445618 0.9169868 
0 0 0.8350011 1.0040191 1.000338 1.0135436 0.9363118 1.0202727 
0 0 0.7259998 0.9563697 1.0432138 0.9349171 0.9524882 1.0136632 
0 0 0.8144573 1.0161795 1.0505214 0.9718199 1.0014857 0.9883133 
0 0 0.7278693 0.9328472 0.9882048 0.9628822 0.9942354 0.9403255 
0 0 0.8643578 1.0475061 1.0269938 1.0040899 0.9438778 1.0047231 
0 0 0.7983014 1.0042032 1.0284579 0.9292418 1.0645685 0.9994894 
0 0 0.9642432 1.0326012 1.0892379 1.0620172 0.9870723 1.0130465 
0 0 0.7622117 1.0451843 0.9655801 1.0180841 1.0142947 0.8869149 
0 0 0.9384871 0.9647088 1.0376325 1.1680954 1.0822455 0.9953167 
0 0 0.7871872 0.9613854 0.9750002 1.0130786 1.0604782 0.9593653 
0 0 0.8943529 1.1118868 0.9898765 1.0638727 1.0547381 1.0291494 
0 0 0.7427565 1.0160588 0.9672936 0.9704321 1.1506354 0.99694 
0 0 0.8730226 1.0288858 1.058311 1.0304788 1.0495105 1.0326191 
0 0 0.7430329 1.0917559 1.0299876 0.9892455 0.9508865 0.9802373 
0 0 0.9044858 0.989286 1.0116114 1.0006017 1.0457898 1.1201901 
0 0 0.7246074 1.0818119 1.0800536 0.9479346 0.951602 1.0866597 
0 0 0.8333237 1.1486131 1.1075705 0.977554 1.0648198 1.0351076 
0 0 0.8187627 0.9830945 1.0150294 0.9796532 0.9441896 1.0130143 
0 0 0.8779189 1.0569618 1.0165843 0.9236914 1.1093555 1.0427781 
0 0.5 0.8323686 1.0891126 0.9784755 1.0401836 0.966682 0.9573652 
0 0.5 0.799715 1.0066698 1.0029878 0.9042442 0.8875835 0.9221589 
0 0.5 0.814952 0.850274 0.9891609 1.0997731 1.0083958 0.9710435 
0 0.5 0.7561845 0.9781558 0.9045974 0.9609102 0.9332151 0.8961356 
0 0.5 0.7802518 0.9206485 1.0346251 1.0323845 0.947203 0.8370644 
0 0.5 0.8561528 0.8702867 0.8716827 0.8842986 0.9934366 1.0551257 
0 0.5 0.8034872 1.0398045 1.0206477 0.9553914 0.9871985 1.0850618 
0 0.5 0.7619232 0.9573349 0.9062951 0.8647791 0.9776584 0.8780899 
0 0.5 0.8109733 1.0294141 0.9620071 0.9360492 0.9999719 0.9275828 
0 0.5 0.7122154 0.9641357 1.0303033 0.9917014 1.0751467 0.9397244 
0 0.5 0.8305068 0.974333 0.9912699 0.9306672 0.9291922 0.8741355 
0 0.5 0.7104327 0.9586299 0.8913489 1.0322164 0.9760968 1.0515774 
0 0.5 0.814983 1.0089798 0.9462486 0.8762421 1.0231404 0.9824151 
0 0.5 0.7368515 0.8022776 0.8718022 0.9358906 0.9441451 0.8087974 
0 0.5 0.7306708 0.9202034 0.9252944 0.9881798 1.0253535 0.987113 
0 0.5 0.7677302 0.8547347 0.9496561 0.8293877 0.9308903 0.9686297 
0 0.5 0.7923833 0.9642444 0.9457523 0.9525507 1.0093574 1.0328954 
0 0.5 0.7623771 0.8974333 1.0071075 0.8854787 0.8538037 0.8657881 
0 0.5 0.8037784 0.9933161 0.9128024 0.923983 0.9672174 0.9454549 
0 0.5 0.6759305 0.9397551 0.891019 0.820912 0.954476 0.8804135 
0 0.5 0.7942721 1.0199702 0.94799 0.987307 1.0586722 0.9683043 
0 0.5 0.6970355 0.9610355 0.8573354 0.9820277 0.948876 0.8550152 
0 0.5 0.7674957 1.066597 1.0999323 1.0045405 1.0286931 0.9094075 
0 0.5 0.777738 1.0109661 0.9667659 0.9941656 0.9967296 0.9872737 
0 0.5 0.7686693 1.0221905 0.8709291 1.0632951 1.029368 0.9275844 
0 5 0.7453872 0.8509891 0.8859275 0.8823564 0.8957982 1.0145373 
0 5 0.6965419 0.9168218 0.9521987 0.9480714 0.907042 0.847498 
0 5 0.7674961 1.0416432 1.0079241 1.0215273 0.9343256 0.9201283 
0 5 0.7433099 0.9263262 0.92998 0.962093 1.0207124 0.93145 
0 5 0.6992297 1.0290387 1.0038787 0.9635464 0.9526053 0.9744461 
0 5 0.7823698 0.9224017 0.9613142 0.8962658 0.9244849 0.8705732 
0 5 0.9779323 0.928718 0.96041 0.9334365 1.0097523 0.9928608 
0 5 0.7584112 0.9642586 0.9296764 0.8989083 0.86005 0.8805006 
0 5 0.7113979 0.8946378 1.0381211 0.9463848 0.897292 0.8770837 
0 5 0.8429568 0.9149877 0.9626985 0.8779761 0.9403307 0.8545654 
0 5 0.8091586 0.9323419 0.9366019 0.954636 0.9530281 1.0078046 
0 5 0.7927447 0.9328355 0.9447831 0.8829828 0.8844029 0.9647784 
0 5 0.7297585 0.8572803 0.8870654 1.1095957 0.9490386 0.889855 
0 5 0.7544717 0.8040006 1.0583265 0.9273676 0.9258416 0.8730969 
0 5 0.8237823 0.9679633 0.9208366 0.9131359 0.9683259 0.9782166 
0 5 0.7327439 0.8170522 0.9370844 0.8598759 0.899234 0.8224911 
0 5 0.840493 0.9238821 0.959742 0.8967794 0.9151651 0.9266162 
0 5 0.7501052 0.8949761 0.8560551 0.896078 0.9109613 0.8657966 
0 5 0.7964929 0.9277452 0.9211179 1.0122873 0.8744779 0.9150233 
0 5 0.7846209 0.9038459 0.9998092 0.8634155 0.8219368 0.8919327 
0 5 0.6931723 0.9072701 1.0006518 0.9237924 0.9024771 0.9289539 
0 5 0.83665 0.9358205 0.9195476 0.8883343 0.8779164 0.9461041 
0 5 0.8009341 0.9629837 0.9022621 0.9300588 0.9730953 0.9471767 
0 5 0.7098964 1.0283501 1.0332704 1.0482498 0.899411 0.9486938 
0 5 0.8060585 0.8734473 0.9139802 0.881511 0.9842971 0.8594376 
0 3 0.7954303 0.8698079 1.0343391 0.9635836 1.0151815 0.9601077 
0 3 0.7449857 0.9558434 1.0810867 0.8947356 1.0357436 1.0742322 
0 3 0.8607072 1.0589085 0.9476569 0.9381133 0.9493182 1.0163312 
0 3 0.7730862 0.9641013 0.9557266 0.9206443 0.8420096 0.906314 
0 3 0.8745839 0.8914933 1.0518545 0.9728406 0.9822233 0.9423142 
0 3 0.7276302 1.0146128 1.0333596 0.9750857 1.1584308 1.0506982 
0 3 0.8153894 0.8892171 1.157567 0.9530758 0.9757004 0.9707446 
0 3 0.7802846 0.9664318 1.0104305 0.990224 0.9817804 1.0235757 
0 3 0.8227462 0.9197761 0.9342394 0.982005 1.0193566 0.9184493 
0 3 0.7662525 0.8888969 0.8570972 0.9228584 0.9011118 0.8697804 
0 3 0.7329172 0.8812281 1.0041709 1.0278327 0.8873282 0.9827421 
0 3 0.7363149 1.0107475 1.0167232 0.9314051 0.9266091 0.8326583 
0 3 0.7692185 0.9194144 0.9626221 0.9163682 0.9987645 0.9612812 
0 3 0.8110375 0.9715748 0.8921338 0.9469858 0.9554546 0.9072673 
0 3 0.8352007 0.9669671 0.9312489 1.0004859 0.892611 0.9711224 
0 3 0.70917 0.8576811 0.9186313 0.837652 0.9502102 0.9217062 
0 3 0.8375737 0.9672251 0.9229575 0.9538987 0.9566096 0.9662025 
0 3 0.7438502 0.9221437 0.8986401 0.9152231 0.8957062 0.8861425 
0 3 0.847286 0.9148448 0.9249882 0.9872136 1.0210556 0.900469 
0 3 0.8287094 0.8875095 0.9177706 0.8440132 0.8652661 0.8209454 
0 3 0.7588859 0.9454501 0.9900045 1.0335038 1.0160749 0.8780267 
0 3 0.8614823 0.961607 0.8941603 0.8552232 0.9583915 0.9540891 
0 3 0.8188166 0.9616546 0.9851762 0.9472336 0.9645737 0.9409436 
0 3 0.7421199 1.0193268 1.0811602 1.0440329 1.1535291 0.9507208 
0 3 0.7630895 0.9938063 0.9359935 0.9209013 0.921982 0.9525105 
0 10 0.7598012 1.054802 0.959627 0.9986347 0.9546926 0.9419769 
0 10 0.7751543 1.013006 0.9725824 1.0638416 0.9978977 1.0497927 
0 10 0.7687602 0.826687 0.9584438 0.8685043 0.9086443 0.9221705 
0 10 0.7747035 0.8563497 0.8282547 0.9008506 0.9402756 0.8978328 
0 10 0.8069885 0.9558212 0.9278933 0.8840651 0.8774791 0.8825933 
0 10 0.7010551 0.9046569 0.818975 0.9189995 0.8852235 0.8383969 
0 10 0.7944046 0.8680005 1.0448169 0.9731888 1.0029072 0.9522968 
0 10 0.6882267 0.961237 1.0357013 1.0015848 0.9295988 0.982671 
0 10 0.7241966 0.9570926 0.9042865 0.946854 0.8764298 0.9291765 
0 10 0.7511909 0.8849784 0.8732539 0.8257878 0.9104679 0.8973057 
0 10 0.7435288 1.0008249 0.8989971 0.9504163 1.0160645 0.8588657 
0 10 0.7189591 0.8365638 0.9030878 0.8380241 0.9231135 0.8837781 
0 10 0.7437346 0.8618658 0.8995829 0.9311459 0.9117185 0.9450318 
0 10 0.7580657 0.8512374 0.9284552 0.9352127 0.9414698 0.8386221 
0 10 0.7652666 0.8658345 0.9706338 0.8388185 0.9148951 0.916872 
0 10 0.7486058 0.883483 0.8197768 0.9370342 0.7948418 0.8112393 
0 10 0.7979075 0 0 0.7168177 0.9854428 0.9313092 0.9401759 0.9505174 0.8846924 
0 0 0.7356346 0.8745384 0.8791423 0.9419124 0.845051 0.8211128 
0 0 0.7696617 0.9386407 1.0520888 0.8690013 0.9560941 0.9203555 
0 0 0.7157035 0.8688368 0.890669 0.8374546 0.857868 0.9134509 
0 0 0.8024177 0.9030218 0.8673806 0.9573079 0.9181174 0.9572695 
0 0 0.7633034 0.8672378 0.900009 0.8316256 0.8739223 0.8368755 
0 0 0.8951596 0.9009076 1.027763 1.0311375 1.0071649 0.9276642 
0 0 0.6798111 0.825756 0.8487039 0.8704562 0.8541961 0.8728399 
0 0 0.7899844 0.8935798 0.9626582 0.9238577 0.9553955 0.9805952 
0 0 0.7207808 0.9372079 0.8444365 0.9226242 0.8399613 0.8588154 
0 0 0.8416809 0.950955 0.9879895 0.957163 1.0341807 0.9293721 
0 0 0.7086108 0.8405484 0.9047993 0.9236087 0.921341 0.9546518 
0 0 0.8495656 0.9711852 0.9642095 0.9469602 0.8695894 0.9769132 
0 0 0.7231768 0.947834 0.9346604 0.8234064 0.9239139 0.956491 
0 0 0.9221896 0.9477758 0.9157963 0.919548 0.9258109 0.9114799 
0 0 0.7367185 0.9011821 0.886254 0.9111296 0.9234607 0.9349813 
0 0 0.7655104 0.9995738 0.9634724 0.955515 0.9623729 0.9789616 
0 0 0.7259353 0.9812147 0.9729113 0.9512937 0.8900434 0.8458681 
0 0 0.8262028 0.9265595 1.093271 0.9346758 0.9657258 0.973445 
0 0 0.6904517 0.9196749 0.9501432 0.9792169 0.9286453 0.8972434 
0 0.5 0.6987706 0.8612003 1.0400694 0.885484 0.8521134 0.9925581 
0 0.5 0.7337019 0.9754183 0.9877467 0.8517903 0.9518094 0.8751019 
0 0.5 0.7244794 0.8933275 0.8441159 0.8696011 0.8940565 0.9067005 
0 0.5 0.7947718 0.9612935 0.7633443 0.9030888 0.8959743 0.8691424 
0 0.5 0.707747 0.8636487 0.9189811 0.8590969 0.9055621 0.8747347 
0 0.5 0.7828466 0.9934506 0.8848864 0.8736338 0.9102625 0.9239775 
0 0.5 0.769095 0.8237083 0.8666569 0.9078805 0.9366713 0.858518 
0 0.5 0.8320053 0.8973724 0.904556 0.8945637 0.8990712 0.8610283 
0 0.5 0.7730561 0.891333 0.9183354 0.8726203 0.9078863 0.870592 
0 0.5 0.7807634 1.0256428 0.9542212 0.942508 0.8531502 0.8280673 
0 0.5 0.7481949 0.9756178 0.9972829 0.9547339 0.9398602 0.9099059 
0 0.5 0.8550361 0.9201808 0.9132591 0.8462207 0.8945452 0.9301578 
0 0.5 0.7280937 0.8597587 0.9285995 0.8537897 0.8708908 0.7439766 
0 0.5 0.7614575 0.9735159 0.8967023 0.9071928 0.8999177 0.8731744 
0 0.5 0.7117823 0.9095162 0.854254 0.8664135 0.857274 0.938596 
0 0.5 0.7907541 0.9520198 0.8469553 0.9176915 0.7836098 0.9018471 
0 0.5 0.6467547 0.8154121 0.9180109 0.8006763 0.7920542 0.8106968 
0 0.5 0.7392164 0.8596864 0.8378149 0.8433877 0.8938684 0.8747185 
0 0.5 0.7063189 0.9831634 0.7517273 0.8131039 0.8575043 0.733577 
0 0.5 0.8355124 0.8776617 0.9266016 0.9539594 0.9076268 0.8517679 
0 3 0.7634699 0.8848719 0.8506553 0.9182161 0.8724567 0.8501146 
0 3 0.6980358 0.8280101 0.8100354 0.9052359 0.8159321 0.8158973 
0 3 0.6977996 0.8712269 0.8956279 0.954708 0.9205292 0.8684462 
0 3 0.6763461 0.8306602 0.8566137 0.8411393 0.8401174 0.8848411 
0 3 0.8291174 0.9571836 0.9889973 0.9422341 0.9008231 0.8570377 
0 3 0.7535763 0.8873329 0.9136482 0.8366712 0.8290023 0.8150271 
0 3 0.7113055 0.8898866 0.8162014 0.8315979 0.8752999 0.7853201 
0 3 0.7384903 0.8823614 0.8079482 0.9184015 0.9277092 0.8539873 
0 3 0.7397566 0.8861386 0.8348804 0.8763646 0.8838188 0.9327198 
0 3 0.6740161 0.8551118 0.8901617 0.7968031 0.8585434 0.8504024 
0 3 0.7246952 0.8202993 0.8573311 0.8640829 0.9673736 0.858825 
0 3 0.710723 0.8371418 0.8255504 0.8409458 0.8575447 0.8000335 
0 3 0.7434009 0.8376264 0.8932912 0.8560261 0.8894112 0.9014358 
0 3 0.6679376 0.9205016 0.8999086 0.8368721 0.9556573 0.878691 
0 3 0.7753333 0.9307096 0.8850089 0.8249838 0.8733931 0.8180938 
0 3 0.8047741 0.8398018 0.8901388 0.7941424 0.8504994 0.9237036 
0 3 0.772967 0.9421357 0.915052 0.9348241 0.8502948 0.9219879 
0 3 0.6932271 0.9423759 0.7904179 0.8401144 0.884927 0.8371924 
0 3 0.8030216 0.8432162 0.9096871 0.8277477 0.8866698 0.8773676 
0 3 0.7956376 0.8332877 0.8740704 0.8264103 0.780344 0.8512085 
0 5 0.6996243 0.9031872 0.8426748 0.8992187 0.8834252 0.8051529 
0 5 0.7446305 0.8174071 0.9146994 0.859109 0.9533768 0.8915501 
0 5 0.7592748 0.8781977 0.9019375 0.9199393 0.9126589 0.8665791 
0 5 0.7470786 0.8916418 0.8761413 0.9953385 0.8272248 0.9327497 
0 5 0.6966337 0.8092339 0.821203 0.8529492 0.8356424 0.7735138 
0 5 0.778605 0.7844261 0.914032 0.860558 0.8647001 0.9099707 
0 5 0.6710595 0.8497127 0.9388077 0.7818836 0.8058925 0.8209281 
0 5 0.730452 0.9454123 0.7374947 0.8378608 0.9484755 0.8323333 
0 5 0.6903446 0.8096239 0.8847598 0.8846199 0.863445 0.8564266 
0 5 0.7643379 0.8896094 0.9273933 0.8742029 0.8078536 0.9459021 
0 5 0.6757423 0.9289046 1.0178205 0.9303093 0.9615353 0.8888829 
0 5 0.8546967 0.9529808 0.9131861 0.94971 0.915587 0.8093434 
0 5 0.7119921 0.9025034 0.8912791 0.8954049 0.908112 0.8939166 
0 5 0.7316281 0.8178291 0.9231282 0.8972921 0.9133168 0.9258567 
0 5 0.7452912 0.8686956 0.8205326 0.8789868 0.9254908 0.8281353 
0 5 0.7521676 0.9175962 0.9168369 0.8895974 0.9050592 0.9358186 
0 5 0.6895144 0.8244449 0.8606371 0.8464915 0.9361122 0.8676703 
0 5 0.743269 0.8597507 0.9529264 0.9053315 0.8308982 0.897904 
0 5 0.7013362 0.9264274 1.0209123 0.8783511 0.8882726 0.9535012 
0 5 0.7531727 0.8822466 0.8486212 0.9441941 0.8467247 0.8888068 
0 10 0.7482058 0.8382641 0.9668353 0.8392735 0.8086649 0.8264018 
0 10 0.6541634 0.7900711 0.7722761 0.8516636 0.8281131 0.8535302 
0 10 0.7449432 0.8463816 0.8751624 0.839949 0.8708292 0.8231248 
0 10 0.7319028 0.984104 1.0010794 0.9195657 1.0568059 0.9176962 
0 10 0.7835988 0.943855 0.9290985 1.1025166 0.9173023 0.8775049 
0 10 0.7046743 0.863975 0.9388819 0.9086887 0.9414913 0.8729 
0 10 0.7791089 0.8404589 0.8708144 0.8161517 0.8693154 0.8448421 
0 10 0.6804903 0.8290574 0.8582523 0.8414779 0.8521129 0.8353083 
0 10 0.7422377 0.9530914 0.8277661 0.7982116 0.8812617 0.9232214 
0 10 0.716542 0.8673481 0.757413 0.8297005 0.9135665 0.8119598 
0 10 0.7469867 0.8823634 0.8490494 0.9433087 0.8430882 0.941233 
0 10 0.7673868 0.8562676 0.85894 0.8408321 0.8233744 0.8656741 
0 10 0.750874 0.9355539 0.8731573 0.8833539 0.8455422 0.8703529 
0 10 0.6976179 0.7591907 0.8343644 0.8421955 0.7900593 0.8471273 
0 10 0.7102771 0.8251182 0.8832541 0.8360385 0.9531146 0.8801791 
0 10 0.702329 0.7838587 0.8226011 0.8223342 0.8340409 0.8768722 
0 10 0.7507621 0.8997866 0.9326976 0.8935953 0.9635529 0.9304689 
0 10 0.7120966 0.9242928 0.8068072 0.8622259 0.8342638 0.8255259 
0 10 0.749261 0.8225734 0.8821172 0.9139684 0.8906848 0.9324275 
0 10 0.7406052 0.8873431 0.8814267 0.809849 0.9269101 0.8034751 
0 0 0.7895876 0.9480511 0.9648487 0.9362063 0.9696461 0.9353993 
0 0 0.6508926 0.9357519 0.9665397 0.886023 0.8708945 0.8799012 
0 0 0.7533022 0.9321148 0.9594798 0.9845324 0.9487496 0.949243 
0 0 0.7423923 0.9412017 1.0244632 0.9841809 0.9155846 0.9499909 
0 0 0.8192498 0.9319552 1.014704 0.9488995 1.0446751 0.8678504 
0 0 0.7066975 0.9329047 0.9928645 0.8549598 0.934918 0.8665119 
0 0 0.8789138 0.9563041 0.9668992 1.0073736 0.9962146 0.9609137 
0 0 0.7683714 0.9350765 0.9063378 0.9643663 0.8552982 0.8536786 
0 0 0.9660702 0.976823 1.0191606 0.9853102 0.995732 1.0253995 
0 0 0.7310858 0.8935719 0.9762327 0.913432 0.9568957 0.8976416 
0 0 0.8290273 0.955711 0.9457133 1.0946083 0.9594501 0.9106413 
0 0 0.6912656 0.9786886 0.9216023 0.8953833 1.0112947 0.9843617 
0 0 0.8871577 0.8987929 1.0027939 1.1794834 1.0129706 0.9626571 
0 0 0.6938041 0.9523853 0.97417 0.9304618 0.9334007 0.9266224 
0 0 0.9042982 0.9447622 0.9553407 0.8930207 0.9660141 0.911078 
0 0 0.7678639 1.0550153 1.0283118 0.9520165 0.9531802 0.9575944 
0 0 0.8647721 0.9691039 0.9021836 0.9711039 0.896992 1.0049144 
0 0 0.7830241 0.9663073 0.8446091 0.8515833 0.8711576 0.9758629 
0 0 0.8796933 1.0053131 0.9928642 0.9431046 0.9742761 0.988997 
0 0 0.8108987 0.9134263 0.9721652 0.876169 0.9390026 0.9515779 
0 0.5 0.72441 0.9794031 0.9791396 0.9480637 0.9179677 0.9023174 
0 0.5 0.7915842 0.8919921 0.9244243 0.9049544 0.9572642 1.0166702 
0 0.5 0.7732607 0.9157487 0.8864964 0.8153074 0.9028676 0.8827622 
0 0.5 0.8139826 0.8347891 0.9373827 0.833724 0.9058857 0.9589201 
0 0.5 0.6904912 0.8426291 0.8407468 0.9005107 0.9447132 0.8313173 
0 0.5 0.7357711 0.8608319 0.9526776 0.7920705 0.8675926 0.8370064 
0 0.5 0.7144799 0.9056242 0.8577576 0.9160024 0.8701502 0.9158688 
0 0.5 0.8054535 1.0000085 0.8199019 0.9079461 0.8278742 0.8821416 
0 0.5 0.762537 0.8231455 0.9074098 0.8809377 1.015405 0.8666067 
0 0.5 0.8577611 0.9089636 0.8221907 0.8416691 0.9148837 0.8323303 
0 0.5 0.7239336 0.9403388 0.8983105 0.8100233 0.8420361 0.8174106 
0 0.5 0.8021108 0.845231 0.8141265 0.9556714 0.9675858 0.939977 
0 0.5 0.7416575 0.8759658 0.8274763 0.8643504 0.871614 0.8569788 
0 0.5 0.8125132 0.9547709 0.940005 0.9480739 0.816502 0.8626127 
0 0.5 0.7412159 0.8871267 0.8406184 0.8224487 0.8252173 0.9388383 
0 0.5 0.8186397 0.9187833 0.9316202 0.9042958 0.93149 0.9316284 
0 0.5 0.7564317 0.7804605 0.865539 0.8994442 0.8624853 0.8895652 
0 0.5 0.7705837 0.8923582 0.9846297 1.0523487 1.0438843 0.9990722 
0 0.5 0.723634 0.8534895 0.9282069 0.7901425 0.8561565 0.9296401 
0 0.5 0.7462935 0.9368502 0.9395917 0.9478585 0.9741432 0.960295 
0 3 0.7565804 0.8505978 0.9267581 0.8503648 0.8480197 0.8322592 
0 3 0.6886416 0.8998312 0.8523485 0.8035126 0.8552932 0.8069318 
0 3 0.7461516 0.9493248 0.8836083 0.8853646 0.9125237 0.8817195 
0 3 0.7259892 1.0312126 1.0412172 0.9773277 0.997635 1.0069252 
0 3 0.7237465 0.9803914 0.8929817 0.8940709 0.9135152 0.8463288 
0 3 0.7638997 0.8383713 0.8593864 0.8566234 0.923525 0.8739832 
0 3 0.7305896 0.854904 0.8150121 0.9301689 0.8338934 0.9244609 
0 3 0.7464155 0.8226057 0.9442933 0.8701701 0.8032378 0.9069593 
0 3 0.7590475 0.9396787 0.9667292 0.9829135 0.9167213 0.8524884 
0 3 0.7156402 0.8417163 0.8608978 0.8629591 0.870734 0.8045379 
0 3 0.7578306 0.8780159 0.9112351 0.987763 0.9230304 0.816839 
0 3 0.7584444 0.796768 0.952263 0.8453996 0.8002273 0.918593 
0 3 0.762379 0.8741771 0.8049718 0.8655686 0.9248827 0.8565096 
0 3 0.6731897 0.8418925 0.8247683 1.1321308 0.8801049 0.9048425 
0 3 0.803573 0.9062831 0.8861705 0.9305687 0.9376924 0.951241 
0 3 0.754913 0.8810604 0.8643126 0.8839973 0.9153709 0.9878662 
0 3 0.7363893 0.9124068 0.9354076 0.9724503 1.2469182 0.8776751 
0 3 0.775251 1.0290017 0.9533624 1.0250659 0.9634359 1.008905 
0 3 0.8462488 0.8984684 0.9004018 0.9880861 0.9172538 0.9328393 
0 3 0.8075608 0.9173807 0.9060757 0.9836749 0.8627205 0.941288 
0 5 0.7435666 0.9486716 1.0346131 0.8863711 0.9331908 0.915198 
0 5 0.8700518 0.9687211 0.9182234 1.017449 0.9606466 0.9043904 
0 5 0.7509296 0.8660179 0.840064 0.8905438 1.0087769 0.8762884 
0 5 0.8590083 0.9022236 0.9510704 1.0253991 1.0454214 1.0243342 
0 5 0.7666182 0.9928792 0.8992419 0.9489979 0.994027 0.9918346 
0 5 0.8152345 0.9396755 0.9513102 0.941364 0.9808087 1.0132986 
0 5 0.7949499 0.9586317 0.9900828 0.9545886 0.9389198 0.949202 
0 5 0.809988 0.9508547 0.9290659 0.9422553 0.986052 0.9662467 
0 5 0.7488716 0.8872002 1.0483581 0.9515865 0.8546146 0.9678481 
0 5 0.8031001 0.8938378 0.9127774 0.8877463 1.0568356 0.9198939 
0 5 0.7700775 0.9212408 1.1135261 1.050512 0.8992892 0.9453626 
0 5 0.8030826 0.9217053 0.8640292 0.9444619 0.9205266 0.9741624 
0 5 0.8408129 0.9148094 0.9516433 0.8576744 0.9176033 0.8862622 
0 5 0.8152808 0.9440709 1.016372 0.9101805 0.958225 1.019965 
0 5 0.7618432 1.045767 1.0143842 1.0132954 1.0505751 1.0356014 
0 5 0.830112 0.9173336 0.9417354 1.0065033 1.0278882 0.8990448 
0 5 0.8219144 0.8691895 0.9607438 0.8947037 0.9013445 0.8748037 
0 5 0.8200167 0.8563795 0.9566595 0.915932 0.9838669 0.9802359 
0 5 0.7423396 0.8209021 0.9005239 0.972183 0.8328281 0.9186585 
0 5 0.7271032 0.9319542 0.9595018 0.9088892 0.8646264 0.9423544 
0 10 0.8099563 0.8983313 1.0609453 0.8697803 0.8890565 0.9272085 
0 10 0.7469878 0.9488426 0.9666325 1.0356789 0.8902082 0.9281968 
0 10 0.7759046 0.9274056 0.8917122 1.0451052 0.9618137 0.9747527 
0 10 0.7408054 0.8978871 0.8710302 0.8329313 0.967233 0.9679326 
0 10 0.779888 0.8894771 0.9067727 0.9195012 1.1029945 0.933061 
0 10 0.7419698 0.8865849 1.0125394 0.9368046 0.9398568 0.9146645 
0 10 0.8227374 0.928837 0.9448473 0.9950473 0.9721167 0.9326584 
0 10 0.7349905 0.942885 0.9806043 0.936342 1.0409778 0.9022521 
0 10 0.8607579 0.9241795 0.9442599 0.9902742 0.9114295 0.9456593 
0 10 0.7245093 0.9273303 0.8895721 0.9014877 0.9274582 0.9132733 
0 10 0.7670175 0.9947432 1.0101305 0.9529275 0.9657633 0.9427641 
0 10 0.7552364 0.9326482 1.0149028 0.88597 0.9510295 0.9932365 
0 10 0.803611 0.8968281 0.9564485 0.964286 0.9933587 0.8875931 
0 10 0.7359172 0.8192742 0.8835275 0.9794464 0.866336 0.9919652 
0 10 0.7609115 0.9444722 0.9099645 0.952818 0.9385549 0.9262366 
0 10 0.6810886 0.8518407 0.9467702 0.9148241 0.9288869 0.8599027 
0 10 0.7912174 0.9768073 0.943066 0.9031224 0.9581468 0.9846166 
0 10 0.7375109 0.8633675 0.9081317 0.9178709 0.8582693 0.9652253 
0 10 0.8229888 0.9493213 0.8671005 0.9271893 0.9950762 0.8870125 
0 10 0.8442473 0.8810071 0.9038435 0.9454557 0.8722785 0.9309487 
