0 0 2.67482 1.361075 1.898852 1.681921 1.47809 1.805931 1319630.0 799580.0 1658844.0 2310922.0 2576302.0 4117830.0
0 0 1.17691 1.540941 1.894902 1.645913 1.720877 1.586082 263928.0 1614818.0 1835972.0 2541746.0 2477630.0 3510078.0
0 0 1.304655 1.442877 1.584073 1.639877 1.646043 1.696065 1244650.0 1050642.0 1742312.0 1430666.0 1704902.0 3096006.0
0 0 1.109849 1.634006 1.530208 1.830821 1.608056 2.234993 1111302.0 900656.0 1755322.0 2827486.0 1812400.0 4854448.0
0 0 1.156003 1.295038 1.701059 1.567015 1.368924 1.648498 264726.0 1298708.0 1847000.0 2066912.0 2771174.0 2978222.0
0 0 1.353968 1.47485 1.736032 1.761963 1.582929 1.797243 1256282.0 1599726.0 2497294.0 2038364.0 2343710.0 4353584.0
0 0 1.201041 1.521946 1.590997 1.351888 1.385288 1.864029 188816.0 1572674.0 2580734.0 1812690.0 2974728.0 2302614.0
0 0 1.435904 1.423941 1.645962 1.431947 1.849202 1.816365 1238748.0 1025038.0 1760738.0 1820372.0 2789336.0 4501290.0
0 0 1.162868 1.462208 1.673968 1.446819 1.572001 1.822115 242526.0 1718950.0 1762324.0 1758804.0 2430668.0 4442584.0
0 0 1.314809 1.842038 1.741922 1.503133 1.831048 1.881933 1141176.0 1548910.0 2767794.0 1644692.0 2222176.0 3914746.0
0 0 1.189989 2.531242 1.660901 1.66742 1.629086 2.024996 238712.0 1051634.0 2652670.0 2385924.0 2347792.0 3810104.0
0 0 1.403905 1.641023 1.535963 1.611836 1.669042 1.749978 1386700.0 1550998.0 2238788.0 2282450.0 3266692.0 2991208.0
0 0 2.245912 1.558091 1.503132 1.73118 1.830974 1.647408 227674.0 1621402.0 2564270.0 2431682.0 3244656.0 2985834.0
0 0 1.447253 1.440832 1.799997 1.564026 1.68608 2.010174 1309660.0 1533948.0 2390932.0 2170044.0 2663002.0 3068652.0
0 0 0.993772 1.618057 1.537023 1.703732 1.749211 1.859018 236748.0 1474628.0 2617558.0 2710644.0 2826560.0 2403116.0
0 0 1.455067 1.787914 1.695033 1.567205 1.51888 1.722649 1210692.0 1296506.0 2203024.0 2383830.0 2924250.0 3151436.0
0 0 0.991848 1.478048 1.420426 1.654053 1.564949 1.661937 277820.0 1504390.0 1804678.0 2531364.0 2412420.0 4198468.0
0 0 1.273785 1.562012 1.681051 1.490987 1.623276 1.896123 1313782.0 1593840.0 2712618.0 1453060.0 2426970.0 2649742.0
0 3 1.173863 1.743091 1.805046 2.198856 2.664086 2.771186 634572.0 492794.0 675156.0 508960.0 719838.0 1162706.0
0 5 1.033121 1.684976 1.383097 2.114076 2.503182 2.258007 192960.0 656538.0 963062.0 845646.0 1407068.0 1835950.0
0 3 1.464929 1.23594 1.71098 2.140247 2.443217 2.72417 388860.0 516500.0 782332.0 433380.0 685344.0 1185360.0
0 5 1.219923 1.495261 1.382034 2.098987 1.43839 2.226016 221196.0 576868.0 505074.0 1164274.0 786062.0 1886706.0
0 3 1.458779 1.676994 1.767994 1.3248 1.851053 2.383456 298674.0 331488.0 766490.0 398882.0 897906.0 1209730.0
0 5 1.055849 1.319029 1.672085 1.766435 1.477981 2.318081 224248.0 566228.0 913262.0 894412.0 1012568.0 1633052.0
0 3 1.321794 1.396029 2.190914 1.951023 2.138993 2.796883 271288.0 246488.0 497118.0 433894.0 669974.0 1174726.0
0 5 1.324771 1.701998 1.608277 1.927366 1.613596 2.167917 285478.0 712986.0 1076926.0 1218708.0 1387016.0 2079790.0
0 3 1.296822 1.730929 1.683059 2.578923 2.396718 2.758059 388022.0 516744.0 834674.0 559534.0 621488.0 949668.0
0 5 1.079919 1.673502 1.384514 1.814379 2.457078 2.183835 241878.0 632038.0 764600.0 988014.0 1637610.0 1813578.0
0 3 1.23395 1.273063 1.508066 2.010023 1.503144 2.561895 329732.0 332770.0 354810.0 571034.0 570704.0 1189710.0
0 5 1.287032 1.375054 2.077937 1.80573 1.70193 1.621089 230558.0 618980.0 780916.0 966532.0 1123594.0 1278520.0
0 3 1.445353 1.319998 2.20091 2.036881 2.129675 3.16819 323646.0 466074.0 498950.0 415260.0 622338.0 1013642.0
0 5 1.08221 1.469991 1.681072 1.356849 1.55111 2.045596 246038.0 614778.0 741062.0 769026.0 1156320.0 917410.0
0 3 1.202722 1.259953 1.509807 1.928994 2.136864 2.713879 240526.0 355574.0 1440018.0 551570.0 589778.0 972584.0
0 5 1.108238 1.257927 1.683596 1.87611 1.77198 2.221914 239140.0 564106.0 936678.0 622526.0 1433798.0 1764164.0
0 3 1.189902 1.294966 1.978403 1.296861 2.224148 2.623833 256404.0 332254.0 712094.0 421320.0 875808.0 799590.0
0 5 1.245912 1.604211 1.53469 1.397208 1.959032 2.267915 247406.0 583082.0 701020.0 612952.0 1180988.0 1766446.0
0 3 1.459912 1.435282 2.075941 2.064513 2.021877 2.826207 382948.0 398344.0 570974.0 452960.0 698952.0 1317952.0
0 5 1.621946 1.655355 1.537948 1.769319 2.377937 2.154403 271308.0 582970.0 861336.0 801810.0 851056.0 1541770.0
0 3 1.316 1.225979 1.954985 1.827379 2.191925 2.923757 336902.0 353462.0 607532.0 612584.0 798564.0 1187328.0
0 5 1.065737 1.441008 1.856062 1.514114 1.466481 2.936057 64514.0 497472.0 846698.0 549184.0 767174.0 792320.0
0 3 1.403864 1.316882 1.941098 2.141004 2.418556 2.69422 338020.0 407118.0 741836.0 589976.0 725754.0 1173038.0
0 5 1.028385 1.67491 1.497872 1.565839 1.674954 1.750955 256224.0 1607692.0 1602882.0 2244422.0 1650396.0 2780434.0
0 3 1.299949 1.418077 2.092102 1.933989 2.449088 1.852093 373646.0 223944.0 731514.0 677010.0 618658.0 304646.0
0 5 1.101025 1.415006 1.54481 1.883896 2.244584 1.573691 191758.0 510224.0 690568.0 773380.0 1329254.0 562258.0
0 3 1.344014 1.315061 1.915014 2.05299 1.974042 2.539545 273672.0 294310.0 615058.0 455238.0 751538.0 1365664.0
0 5 1.190843 1.249776 1.545242 2.136076 1.507922 2.145561 210744.0 552356.0 1296700.0 676166.0 1150378.0 1975300.0
0 3 1.146784 1.303034 1.959976 1.943032 2.433238 3.283027 304596.0 354422.0 745916.0 471622.0 573904.0 920078.0
0 5 1.304774 1.451237 1.786072 2.133071 1.867924 2.575128 275852.0 338430.0 663440.0 640730.0 1003004.0 1512880.0
