0 0 0.812004 0.992678 1.011616 1.087347 0.976655 1.0007 1205154.0 755588.0 927826.0 1768782.0 1707924.0 2336408.0
0 0 0.687901 1.019831 1.010769 1.013775 0.976756 0.931572 227154.0 1524692.0 1332444.0 1971626.0 1659174.0 1891990.0
0 0 0.84092 0.979189 0.955095 1.025971 0.988871 0.971345 1218270.0 994430.0 1329854.0 1128922.0 1064764.0 1467790.0
0 0 0.701506 0.962248 1.044294 1.023088 0.996846 1.014493 1015140.0 766502.0 1503428.0 2077062.0 1303000.0 2325220.0
0 0 0.685948 0.942933 0.908318 0.964144 0.965476 1.00003 238552.0 1254462.0 1620970.0 1871612.0 1987698.0 2154756.0
0 0 0.824518 0.949851 1.027021 0.950274 1.032163 1.033664 1104912.0 1449370.0 1865730.0 1359042.0 1532022.0 2737350.0
0 0 0.684479 0.941543 0.979781 0.946142 0.907663 0.941261 153158.0 1400538.0 1886778.0 1644130.0 1966274.0 1015350.0
0 0 0.814497 0.986995 1.055678 1.066346 1.027322 1.020317 1142604.0 1024038.0 1528848.0 1817070.0 1941736.0 2427614.0
0 0 0.706073 0.987207 0.964439 0.958262 1.03117 0.941366 199312.0 1589454.0 1245718.0 1591782.0 1872742.0 2333980.0
0 0 0.774761 1.062627 1.053922 1.017595 0.969382 1.049138 1087332.0 1368228.0 1907526.0 1550244.0 1201296.0 2152006.0
0 0 0.638999 2.139902 1.009286 0.985513 1.079854 0.972036 202832.0 1048158.0 2229454.0 1827482.0 2046606.0 2110458.0
0 0 0.805655 0.992109 0.963717 0.984795 0.975413 1.071498 1309340.0 1410688.0 1553334.0 1840558.0 1969056.0 2167758.0
0 0 0.639985 0.978235 0.977615 0.993835 1.00499 1.020544 191126.0 1464888.0 1953232.0 1871788.0 2425478.0 1764056.0
0 0 0.805485 0.943264 0.973747 0.937858 1.018785 1.024906 1138682.0 1394438.0 1542762.0 1754138.0 1330560.0 1443362.0
0 0 0.708695 0.956224 0.925352 1.006201 0.961882 1.004453 233446.0 1342432.0 1813688.0 1964306.0 2004080.0 1579492.0
0 0 0.769052 1.011739 0.989647 0.976293 0.878609 0.943886 1165298.0 1197864.0 1558978.0 1744938.0 1903632.0 2163402.0
0 0 0.600894 0.954805 1.042584 0.921913 0.953147 1.031154 210050.0 1372194.0 1608380.0 1977040.0 1644074.0 2597726.0
0 0 0.849993 0.977646 0.978975 0.987202 1.047754 0.999322 1146920.0 1462492.0 1935420.0 1395552.0 2162484.0 1766454.0
0 3 0.623104 0.870083 0.77721 0.880253 1.04021 0.867879 594564.0 368546.0 302090.0 295358.0 313460.0 386990.0
0 5 0.690884 0.848057 0.821848 0.847095 0.871902 0.859879 153746.0 599398.0 656898.0 603678.0 656436.0 743852.0
0 3 0.666595 0.858821 0.805108 0.857737 0.858616 0.862846 229108.0 490336.0 449112.0 227344.0 249338.0 362284.0
0 5 0.753892 0.911037 0.89924 0.891314 0.849588 0.897283 208312.0 527584.0 486312.0 766690.0 548822.0 907832.0
0 3 0.634043 0.843922 0.802656 0.899944 0.922778 0.905296 165776.0 243728.0 411416.0 383558.0 481508.0 479822.0
0 5 0.698097 0.95501 0.873549 0.932047 0.824314 0.918576 195552.0 562926.0 499216.0 758892.0 486446.0 730686.0
0 3 0.673877 0.859803 0.848068 0.847249 0.827451 0.921619 216860.0 218514.0 248240.0 245438.0 264748.0 386988.0
0 5 0.677233 0.911737 0.922121 0.862761 0.89733 0.851705 223262.0 660428.0 660452.0 738748.0 812816.0 984300.0
0 3 0.636905 0.875348 0.838943 0.856641 0.910966 0.8958 308332.0 443912.0 332846.0 277362.0 288360.0 270254.0
0 5 0.754454 0.883867 0.768157 0.802587 0.783194 0.886982 227694.0 569014.0 418546.0 669930.0 756290.0 737166.0
0 3 0.704039 0.909251 0.921545 0.8692 0.857249 0.837668 279784.0 320780.0 253858.0 228554.0 307092.0 260012.0
0 5 0.67502 0.892114 0.889404 0.854657 0.872655 0.797479 184122.0 598752.0 405104.0 711288.0 604898.0 679728.0
0 3 0.673556 0.851388 0.800421 0.754444 0.888205 0.900502 206794.0 421676.0 224868.0 200472.0 280682.0 298856.0
0 5 0.652665 0.901565 0.891408 0.877699 0.846661 0.886484 176088.0 594392.0 430604.0 558200.0 623872.0 483426.0
0 3 0.783598 0.828258 0.90743 0.841221 0.945297 0.831716 208928.0 321066.0 1036336.0 370782.0 308200.0 201820.0
0 5 0.696491 0.816938 0.855277 0.927406 0.803945 0.823227 188378.0 535504.0 600688.0 454772.0 732360.0 629340.0
0 3 0.685227 0.893661 0.945362 0.944352 0.857772 0.801095 210076.0 314816.0 379556.0 414572.0 450448.0 416918.0
0 5 0.730889 0.81988 0.881602 0.898605 0.821912 0.86618 218168.0 474996.0 391010.0 551596.0 670996.0 705974.0
0 3 0.670543 0.89758 0.747576 0.801473 0.817288 0.90178 240420.0 392276.0 238734.0 163948.0 315408.0 420140.0
0 5 0.682538 0.749486 0.928383 0.876381 0.821228 0.869246 167276.0 387814.0 580340.0 608350.0 321978.0 710928.0
0 3 0.67354 0.841877 0.837532 0.838428 0.816107 0.82637 214074.0 328080.0 319990.0 372664.0 399470.0 254536.0
0 5 0.666207 0.8653 0.85592 0.921972 0.943593 0.894418 24204.0 460014.0 441542.0 443396.0 533368.0 348132.0
0 3 0.740796 0.881035 0.882397 0.86421 0.888809 0.84266 237172.0 378312.0 388706.0 422606.0 214144.0 366052.0
0 5 0.685105 0.999098 0.985446 0.966162 0.968402 0.973685 230050.0 1481880.0 1406362.0 1713416.0 1644770.0 1957206.0
0 3 0.718804 0.847831 0.822386 0.917148 0.856988 0.842362 304026.0 183940.0 195450.0 439762.0 269976.0 228366.0
0 5 0.739944 0.842614 0.873707 0.819723 0.798025 0.837493 184370.0 495832.0 446742.0 615828.0 617304.0 493364.0
0 3 0.703002 0.875473 0.871368 0.884812 0.826441 0.918467 211130.0 271926.0 330778.0 247060.0 376362.0 456390.0
0 5 0.676174 0.859969 0.960081 0.896841 0.872462 0.851663 173118.0 542166.0 926546.0 549006.0 695000.0 957232.0
0 3 0.717296 0.857299 0.888959 0.846553 0.902097 0.907898 241438.0 339396.0 293272.0 255266.0 182934.0 256880.0
0 5 0.714878 0.925964 0.880401 0.853457 0.800128 0.881745 226546.0 309622.0 391852.0 390868.0 569878.0 660122.0
