0 0 0.822692 1.032028 1.000875 1.013908 0.892851 0.947438 765578.0 940516.0 1057226.0 931542.0 1081936.0 1316754.0
0 3 0.791475 0.915377 0.899571 0.875597 1.012946 0.916986 290916.0 1058276.0 763138.0 850218.0 1608828.0 1389272.0
0 5 0.746053 0.990147 0.927028 0.895238 0.913419 0.930464 314594.0 635400.0 515812.0 266398.0 301886.0 335572.0
0 0 0.743377 0.936358 0.937595 0.920846 0.822618 0.769656 320704.0 705854.0 553218.0 807040.0 490872.0 453804.0
0 3 0.706152 0.917984 0.916752 1.021514 0.864041 0.851719 313788.0 487232.0 430360.0 482058.0 546720.0 553370.0
0 5 0.713767 1.002493 0.955786 0.997847 0.952695 1.013591 363652.0 1525708.0 1815176.0 1848838.0 2052186.0 2740746.0
0 0 0.755849 1.06688 0.939678 1.019183 0.983096 1.057271 1009886.0 1190086.0 399398.0 1590956.0 1563738.0 1650496.0
0 3 0.704503 1.001787 0.925003 0.970375 0.950941 1.032012 391722.0 1469706.0 1449044.0 2222454.0 1487936.0 2601270.0
0 5 0.730772 0.89397 0.961257 0.920498 0.912593 0.89399 344534.0 288028.0 324566.0 407144.0 458234.0 332010.0
0 0 0.717043 0.845447 0.774752 0.821096 0.973976 0.84019 270174.0 572890.0 526776.0 303790.0 576980.0 640334.0
0 3 0.803501 0.860894 0.796048 0.897735 0.915163 0.79954 317664.0 279284.0 279330.0 381556.0 285154.0 141396.0
0 5 0.59047 1.015921 0.946682 0.99802 1.028171 0.87925 192008.0 1231478.0 1435108.0 1457124.0 1573492.0 1427832.0
0 0 0.788544 1.071333 0.987472 1.020692 0.942588 1.055397 945664.0 1160586.0 1226332.0 1097452.0 789832.0 1705188.0
0 3 0.728987 0.977068 0.979379 0.967742 1.046368 0.98291 131506.0 1277538.0 1252060.0 1342804.0 1873260.0 1014940.0
0 5 0.726807 0.882562 0.839526 0.837494 0.876869 0.889557 276216.0 324888.0 321850.0 364778.0 301786.0 269134.0
0 0 0.695574 0.83045 0.844113 0.787583 0.914753 0.914768 154230.0 404530.0 464862.0 471798.0 588780.0 394014.0
0 3 0.734679 0.859789 0.795324 0.798292 0.897205 1.002344 322862.0 305082.0 324566.0 291524.0 172918.0 592154.0
0 5 0.7105 0.88578 0.871146 0.813684 0.773465 0.925534 168818.0 615720.0 465120.0 786120.0 762900.0 479714.0
0 0 0.702312 0.94257 0.95582 0.902638 0.859677 0.902798 510776.0 496854.0 878006.0 791256.0 980264.0 1063344.0
0 3 0.696365 0.868344 0.914233 0.922344 0.812542 0.951759 145304.0 524098.0 882886.0 1109618.0 571494.0 662600.0
0 5 0.71945 0.886584 0.791019 0.819701 0.852728 0.870418 295664.0 285986.0 180784.0 274706.0 296818.0 309280.0
0 0 2.482336 0.798822 0.876549 0.870799 0.896853 0.951207 232932.0 522090.0 632754.0 410266.0 663780.0 450742.0
0 3 0.7397 0.786979 0.858983 0.795597 0.870795 0.848138 316064.0 236288.0 160856.0 161568.0 384200.0 286922.0
0 5 0.73559 0.871961 0.97675 0.938604 0.883785 0.865378 159938.0 487498.0 443348.0 613554.0 404028.0 755764.0
0 0 0.724525 0.881135 0.903831 0.883579 0.915387 0.925754 393144.0 470552.0 843210.0 834280.0 916178.0 916342.0
0 3 0.69725 0.976297 0.924423 0.876492 0.803182 0.893491 129056.0 785978.0 902018.0 559444.0 587228.0 834038.0
0 5 0.622665 0.956838 0.883091 0.830867 0.948445 0.89095 196836.0 391828.0 455108.0 242088.0 323432.0 151022.0
0 0 0.705727 0.840401 0.878359 0.832634 0.908956 0.894809 157042.0 420588.0 450916.0 499432.0 389646.0 361582.0
0 3 0.721106 0.936289 0.8666 0.855722 0.80013 0.973189 303982.0 472376.0 298780.0 319306.0 332656.0 395134.0
0 5 0.659402 0.856077 0.888499 0.885995 0.959539 0.879844 51158.0 500170.0 531676.0 427096.0 655266.0 501874.0
0 0 0.677724 0.862995 0.86681 0.921038 0.976627 0.987883 389146.0 717032.0 855678.0 517980.0 914242.0 917020.0
0 3 0.719311 0.874942 0.864006 0.900365 0.868563 0.86735 263770.0 790510.0 680256.0 680630.0 903942.0 559052.0
0 5 0.691606 0.831485 0.892787 1.056492 0.827915 0.795665 142552.0 164668.0 204950.0 277160.0 269058.0 259392.0
0 0 0.69716 0.787075 0.946522 0.808409 0.792604 0.914179 62758.0 544218.0 509238.0 475082.0 366426.0 796848.0
0 3 0.695318 0.907497 0.908838 0.921285 0.860169 0.845332 285768.0 341202.0 404816.0 276614.0 162162.0 239408.0
0 5 0.680996 0.904222 0.835583 0.833988 0.867469 0.745566 181722.0 442562.0 406242.0 539440.0 600248.0 320184.0
0 0 0.766222 0.939972 0.841898 0.844476 0.898695 0.910935 325470.0 747398.0 469428.0 538264.0 509286.0 740938.0
0 3 0.69659 0.913012 0.836079 0.913883 0.792617 0.836276 90564.0 761098.0 507348.0 649910.0 567104.0 756582.0
0 5 0.689731 0.927735 0.848656 0.914583 0.996866 0.940136 188928.0 262402.0 170788.0 369670.0 343450.0 288128.0
0 0 0.79726 0.845893 0.903883 0.886504 0.919046 0.851586 147966.0 534282.0 480682.0 662456.0 476816.0 437650.0
0 3 0.740346 0.891483 0.967756 0.919828 0.995282 0.882608 232656.0 283804.0 351768.0 201198.0 1053058.0 378380.0
0 5 0.709436 0.87791 0.783029 0.880241 0.938149 0.848764 188782.0 240166.0 271760.0 552886.0 595070.0 335814.0
0 0 0.700578 0.88678 0.905644 0.974148 0.95556 0.866095 367160.0 605650.0 849610.0 868584.0 811546.0 942478.0
0 3 0.723814 0.903859 0.859336 0.89559 0.911317 0.844193 242970.0 794914.0 773506.0 718774.0 965276.0 808678.0
0 5 0.702678 0.850544 0.819585 0.889525 0.8497 0.84131 194466.0 216848.0 217498.0 295160.0 237678.0 308484.0
