0 0 2.567617 1.356917 1.456094 1.567894 1.608127 1.732413 1572758.0 1716714.0 1464890.0 1927044.0 1636402.0 3078766.0
0 3 1.171691 1.312819 1.437657 1.625051 1.423364 1.598645 279096.0 1457276.0 1445802.0 2337740.0 1772524.0 4029130.0
0 5 1.231832 1.864235 1.975878 1.919067 2.364316 4.323533 231180.0 193710.0 274134.0 413592.0 456484.0 775360.0
0 0 0.960483 1.280652 1.437801 1.942498 2.155025 2.12126 67366.0 1296200.0 1323236.0 1953214.0 1626508.0 3164782.0
0 3 1.316137 1.603863 1.744421 2.103684 2.30429 3.450834 244432.0 301664.0 326342.0 381194.0 486960.0 829070.0
0 5 0.999947 1.403904 1.888542 2.264112 1.903209 2.42053 48674.0 488838.0 664436.0 567344.0 749778.0 1557124.0
0 0 1.376041 1.467691 1.467897 1.756052 3.363995 2.180465 379714.0 549228.0 580938.0 719868.0 1313046.0 1883376.0
0 3 0.999811 1.796493 1.291064 1.949505 1.637973 2.070174 201370.0 808682.0 561612.0 1075420.0 671526.0 1631832.0
0 5 1.171972 1.772258 1.776023 2.082179 2.639296 2.864082 197106.0 240638.0 340932.0 378564.0 515098.0 1020292.0
0 0 1.243334 1.421075 1.824762 1.84799 2.544928 1.693957 157808.0 527936.0 367914.0 927978.0 724974.0 572814.0
0 3 1.096947 1.660033 1.632162 1.83993 1.512097 2.530948 326484.0 314196.0 232496.0 556240.0 347970.0 1192652.0
0 5 1.051613 1.270419 1.878641 2.400143 1.499274 1.84935 163326.0 651112.0 754458.0 832156.0 1092094.0 1085088.0
0 0 1.78341 1.407865 1.807089 2.228204 1.483883 1.711455 598034.0 810940.0 652482.0 771696.0 1000762.0 807278.0
0 3 1.140326 1.796173 1.922018 2.827024 1.547837 1.607607 262984.0 1110336.0 613858.0 1172396.0 1566956.0 914608.0
0 5 1.096341 1.903963 1.979885 2.119769 2.326931 3.139233 289556.0 239406.0 294024.0 401360.0 520340.0 890308.0
0 0 1.624959 1.43016 1.57348 2.030075 1.847633 3.035098 251048.0 341954.0 260320.0 838706.0 913476.0 864754.0
0 3 1.571154 1.303996 1.864076 1.751537 2.108062 2.799896 404584.0 258438.0 443146.0 487888.0 600494.0 1007810.0
0 5 1.015543 1.157847 2.218853 2.608585 2.183376 2.269696 227002.0 1110782.0 1105416.0 1361816.0 1047572.0 2716352.0
0 0 1.179726 1.351365 1.967784 1.820062 1.888326 2.092032 1042248.0 1238986.0 1116774.0 1104750.0 1920450.0 2622350.0
0 3 1.171681 1.687726 2.138533 1.196997 2.079839 2.254025 199254.0 1099446.0 1390350.0 869360.0 1823666.0 3216194.0
0 5 1.472001 1.655952 2.903997 2.07608 1.991975 2.539895 207602.0 244102.0 348026.0 541004.0 548452.0 1195902.0
0 0 1.555969 1.597616 1.843095 1.978709 1.968965 3.338188 194074.0 380820.0 469234.0 684296.0 639188.0 1216328.0
0 3 1.139774 1.70016 1.347952 1.475852 1.408064 1.667817 377224.0 617308.0 369106.0 680190.0 369382.0 387564.0
0 5 1.053818 1.577396 1.467652 1.280321 1.405374 1.638417 227822.0 1681628.0 1469814.0 1784728.0 1310210.0 3981058.0
0 0 1.267805 1.344165 1.476071 1.616186 1.564085 1.575394 1191008.0 1236352.0 1388732.0 1630162.0 1697990.0 4043230.0
0 3 1.107569 1.266024 1.171066 1.374633 1.544697 1.606231 291362.0 1202210.0 1108902.0 1959684.0 1934466.0 2946260.0
0 5 1.296123 1.479937 1.335974 1.984004 2.012005 3.98321 262464.0 408354.0 636586.0 433654.0 551156.0 1040690.0
0 0 1.282092 1.828353 1.763407 1.095182 2.033135 2.468799 158354.0 371910.0 327096.0 391134.0 833638.0 1539182.0
0 3 1.164609 1.383616 2.984173 1.879921 2.184298 2.641416 393132.0 306100.0 426496.0 599260.0 730820.0 1297320.0
0 5 1.114164 1.245912 1.859064 4.251137 1.595051 2.359994 264422.0 645306.0 857866.0 1187650.0 899338.0 1684458.0
0 0 1.612078 1.815985 1.788299 1.884122 1.503526 2.516067 603322.0 812198.0 1052586.0 1145758.0 631776.0 1733506.0
0 3 0.955345 1.715956 1.73127 1.716863 1.574662 2.004053 118050.0 944280.0 928376.0 1422908.0 1140320.0 2282986.0
0 5 1.915375 1.219766 1.796351 2.024107 1.45547 2.530807 367828.0 262112.0 309840.0 560758.0 471366.0 1238690.0
0 0 1.578214 1.433202 1.869957 2.258673 2.265247 3.108502 193866.0 493714.0 412664.0 547186.0 858252.0 1256232.0
0 3 1.207826 1.583925 1.668096 1.921211 2.115351 1.639978 277940.0 288726.0 205590.0 478148.0 591098.0 345196.0
0 5 1.770194 2.811304 2.092965 1.874782 2.171179 2.328439 303174.0 464960.0 592522.0 769590.0 839040.0 1411768.0
0 0 1.152091 1.355456 1.683555 2.319562 1.512058 2.308064 393548.0 422198.0 789520.0 731054.0 1078246.0 1620084.0
0 3 1.13876 1.809445 1.781156 2.576229 1.160831 3.343168 360450.0 864848.0 709678.0 1015638.0 518258.0 1005696.0
0 5 1.715792 1.227926 1.788103 1.680081 2.515374 3.296034 388096.0 434864.0 453374.0 203430.0 526534.0 719246.0
0 0 1.438305 1.920943 1.796741 1.965105 1.96762 1.949632 294874.0 616258.0 365608.0 925880.0 1013960.0 469970.0
0 3 1.575884 1.775964 1.864382 1.996136 2.347916 2.694616 356232.0 292148.0 416282.0 567282.0 684788.0 1122082.0
0 5 1.125903 1.682253 1.807959 2.014237 2.093969 2.327194 142042.0 503614.0 376090.0 604344.0 963114.0 1224306.0
0 0 1.488017 1.40078 1.764235 1.380125 1.431859 2.316841 505686.0 477230.0 684652.0 1144428.0 953354.0 1909004.0
0 3 1.077908 2.309703 1.916436 1.640408 1.576883 2.415325 167896.0 890120.0 862812.0 696248.0 958410.0 2540708.0
0 5 1.487841 1.404137 1.787971 2.387246 2.67072 2.511434 318194.0 318140.0 483216.0 518476.0 532702.0 1017406.0
0 0 1.619643 1.861493 2.01157 2.266579 2.375062 2.588748 278276.0 296894.0 496816.0 456948.0 767042.0 1329268.0
0 3 1.387851 1.388389 1.916268 2.067871 2.419891 3.011449 316520.0 249114.0 317324.0 419110.0 619644.0 1186430.0
0 5 1.655005 1.129173 2.013975 2.343976 1.434064 2.45105 271776.0 359360.0 481582.0 476958.0 404528.0 1250224.0
0 0 1.303782 1.256102 1.256004 1.36867 1.969986 1.812189 498842.0 379546.0 755332.0 725078.0 1282838.0 1152188.0
0 3 1.004417 1.843834 1.97367 1.777155 1.67055 2.350594 168358.0 782714.0 1169068.0 588090.0 1580490.0 2298416.0
0 5 1.40785 1.644125 1.888185 2.144254 2.367913 3.176911 345486.0 288828.0 347096.0 603850.0 485060.0 968474.0
0 0 1.733829 3.24449 1.686727 2.449391 1.915276 2.551784 318578.0 349050.0 458428.0 734028.0 788974.0 793276.0
0 3 1.643936 1.648278 1.852112 2.023861 2.311546 2.460875 357512.0 282046.0 343064.0 502294.0 713922.0 688218.0
0 5 1.464667 1.217663 1.184315 1.919489 2.286983 2.304909 291906.0 516168.0 566772.0 952354.0 939700.0 1845492.0
0 0 1.407197 1.267395 1.464422 1.50363 1.572255 2.099009 620624.0 506524.0 640426.0 1066664.0 1173820.0 1819834.0
0 3 1.124962 1.559095 1.423195 1.579371 1.420701 2.307511 271504.0 759808.0 649120.0 642174.0 1453278.0 2209220.0
0 5 1.500033 1.736137 1.331711 2.355649 2.212132 3.335274 310406.0 270872.0 195180.0 405142.0 493838.0 923228.0
0 0 1.10886 1.413381 1.408418 1.945726 2.52242 2.465827 121996.0 526094.0 727450.0 784420.0 500508.0 1769710.0
0 3 1.399972 1.644244 1.855978 2.287997 2.38834 2.812258 341050.0 296278.0 296562.0 431514.0 564860.0 1086766.0
0 5 1.213026 1.610058 1.839226 2.061921 1.60891 1.780954 291152.0 836724.0 834560.0 1051510.0 1375702.0 1355272.0
0 0 1.184237 1.260499 1.52409 1.855884 1.551272 3.144018 559436.0 797332.0 890296.0 1173338.0 1078560.0 2011352.0
0 3 1.437271 1.152757 1.876231 2.435965 1.371515 1.8607 260450.0 778996.0 1288422.0 1025868.0 1146028.0 1863820.0
0 5 1.103876 1.69983 1.759938 1.939303 2.308089 1.85073 261836.0 261002.0 439436.0 475748.0 859678.0 248096.0
0 0 1.265326 1.209922 1.838264 1.790464 2.014082 2.319661 166656.0 657380.0 473754.0 932386.0 1087706.0 1791062.0
0 3 1.23605 1.703962 1.815719 2.395444 2.403956 3.003985 216776.0 242534.0 369462.0 472580.0 496816.0 1124114.0
0 5 1.124804 1.440837 1.904056 1.867396 2.551757 3.128944 172076.0 492218.0 578986.0 885310.0 817590.0 1314496.0
0 0 1.304004 1.319982 1.944047 1.608188 1.467578 2.190309 506832.0 555834.0 976482.0 747002.0 1303926.0 1975860.0
0 3 1.152238 1.280989 1.143315 2.671034 2.471215 2.248865 245762.0 948178.0 537372.0 966922.0 1243778.0 2164292.0
0 5 1.627909 1.261249 1.780368 1.983853 2.743881 5.058893 317928.0 355128.0 596410.0 598372.0 472836.0 1349000.0
0 0 1.671988 1.718176 1.761983 1.899069 2.121004 2.292467 194322.0 379722.0 471856.0 507808.0 685234.0 1287834.0
0 3 1.208108 1.479921 1.267818 1.532182 2.588092 3.071863 389146.0 650414.0 455754.0 623748.0 480328.0 989068.0
0 5 0.984099 1.984738 1.780278 2.82919 2.155528 3.719134 332868.0 1217402.0 1202296.0 1614242.0 1658028.0 1402642.0
0 0 1.315782 1.59203 1.900745 2.135991 2.345426 2.217418 1035990.0 1034466.0 1395458.0 2122826.0 2071790.0 3489346.0
0 3 1.109365 1.764633 1.796603 1.995692 1.976522 2.01705 110342.0 1003182.0 1199604.0 1553572.0 1550456.0 1980146.0
0 5 2.44805 1.848231 2.060089 2.012987 2.500127 2.923855 290090.0 532204.0 328796.0 470380.0 468322.0 1038304.0
0 0 0.968494 1.342669 1.562687 2.029286 2.10626 2.013669 171986.0 486704.0 623000.0 883748.0 1034504.0 1604638.0
0 3 1.316026 1.396095 1.924159 2.187868 2.791622 3.679911 208222.0 336402.0 391364.0 434214.0 529658.0 1092258.0
0 5 1.044975 1.952129 1.877157 1.918164 1.510528 3.485969 164348.0 784342.0 710682.0 1029766.0 1087210.0 1160650.0
0 0 1.135824 1.727965 1.268246 1.231795 1.443554 2.229762 526590.0 848756.0 768204.0 642354.0 1310254.0 1452104.0
0 3 1.203026 1.593453 1.895477 1.471968 1.851621 3.605453 343908.0 987000.0 992206.0 735056.0 1503756.0 1083354.0
0 5 1.135829 1.306689 2.084062 1.991769 2.271923 2.821327 259974.0 384704.0 335308.0 659610.0 681940.0 868146.0
0 0 1.156519 1.562414 2.215948 1.264683 1.388707 1.764302 246254.0 1199770.0 1077676.0 1242606.0 1750446.0 2115872.0
0 3 2.688029 1.82397 1.784934 2.02375 2.120225 2.482655 455748.0 352770.0 392166.0 519114.0 537140.0 1001468.0
0 5 1.234742 1.338551 1.719135 1.888645 1.904682 1.827435 142034.0 662328.0 395294.0 1246406.0 615126.0 1072214.0
0 0 1.608091 1.756074 1.851374 1.567921 1.564044 2.255979 623404.0 822792.0 1121650.0 1009736.0 1019368.0 1622442.0
0 3 1.125596 1.718035 1.25011 1.437068 1.644477 2.389202 273808.0 676918.0 525722.0 725264.0 1349662.0 1904680.0
0 5 1.307788 1.732184 1.800248 2.032115 2.267725 2.327313 305408.0 327382.0 225814.0 405828.0 586652.0 1085290.0
0 0 1.203004 1.81083 1.877046 1.681627 2.077345 2.617643 47116.0 482126.0 392734.0 524326.0 826136.0 1645462.0
0 3 1.159763 1.740017 1.312459 1.852285 1.903387 3.336134 337760.0 575030.0 663884.0 757032.0 782164.0 954760.0
0 5 1.21854 1.75043 1.860787 2.435302 1.999003 2.414348 163394.0 662524.0 773360.0 636558.0 886226.0 1667450.0
0 0 1.839343 1.729715 1.244691 1.775648 1.528042 2.327451 478606.0 596194.0 694308.0 989702.0 949728.0 1633272.0
0 3 1.156056 3.201985 1.968807 2.388479 1.685915 2.060986 50180.0 794120.0 1171062.0 944338.0 1132042.0 1821216.0
0 5 1.21906 1.819965 1.876275 2.203348 2.500084 3.060335 282036.0 233878.0 305766.0 402528.0 482062.0 955254.0
0 0 1.515528 1.742064 1.887357 1.856055 2.21641 2.276264 200798.0 519566.0 453974.0 749234.0 1070602.0 1523748.0
0 3 1.107926 1.992317 1.29999 2.324021 2.408277 2.667557 307738.0 401054.0 278278.0 539194.0 604538.0 1013044.0
0 5 1.129746 1.299406 2.436871 2.045641 1.410502 2.430973 359134.0 1153842.0 1099224.0 1958536.0 1460806.0 2728780.0
0 0 1.243849 1.359641 1.883999 2.003655 2.109111 2.252146 1049366.0 1037598.0 1507318.0 1795240.0 1566172.0 2539374.0
0 3 1.077972 2.00009 2.164705 2.740893 1.891913 2.154426 371042.0 1307640.0 881938.0 1412402.0 1291122.0 2664058.0
0 5 1.803961 1.33182 1.828088 1.892003 1.3434 2.922657 421214.0 325038.0 436434.0 631116.0 443000.0 1226064.0
0 0 1.640462 2.846054 1.995371 1.869741 2.076822 2.567547 342430.0 474242.0 666638.0 897278.0 1012446.0 1215090.0
0 3 1.203295 1.424058 1.75998 1.948014 1.947525 2.473612 335566.0 450998.0 435312.0 554086.0 733108.0 1290250.0
0 5 1.069555 1.796853 1.843024 2.077124 1.621678 2.288897 165998.0 568864.0 915110.0 861830.0 1217246.0 1818762.0
0 0 1.323812 1.651776 1.380241 1.387425 1.624036 2.196167 522932.0 609188.0 538148.0 1187336.0 1168114.0 1568006.0
0 3 1.15311 1.85866 2.244463 1.83475 1.472444 2.34141 159530.0 979990.0 513518.0 1030014.0 1120784.0 2473826.0
0 5 1.383799 1.824063 2.1803 2.035877 2.603648 3.253274 219300.0 379418.0 283232.0 320244.0 432796.0 872206.0
