0 0 2.464165 1.512389 1.523782 1.495987 1.419869 1.783995 1472018.0 1547322.0 1905734.0 1561094.0 2493798.0 3459016.0
0 3 1.028752 1.514862 1.390518 1.374466 1.577034 1.663514 189322.0 1940108.0 1686978.0 1805452.0 2508122.0 3397990.0
0 5 1.192138 1.92797 2.767441 2.21191 2.143728 3.735806 227276.0 393380.0 523182.0 447526.0 813666.0 838064.0
0 0 1.734216 1.33558 1.344991 1.864303 1.729721 2.208517 309458.0 520410.0 677524.0 744194.0 1045402.0 1531190.0
0 3 1.188967 1.407826 1.384425 1.911459 2.355859 2.856293 301152.0 472714.0 573032.0 531380.0 594738.0 905158.0
0 5 1.270611 1.840946 1.544572 1.749947 1.65372 2.21408 210606.0 492372.0 270438.0 668142.0 479024.0 1450606.0
0 0 1.063935 1.211942 1.423922 1.776083 1.679593 2.272337 457890.0 532558.0 495000.0 983350.0 1453032.0 1969640.0
0 3 0.901187 1.323494 1.908012 1.654464 1.574952 2.207692 215622.0 726740.0 1188600.0 582236.0 1073998.0 1740546.0
0 5 1.495882 1.255765 1.57616 1.179853 2.788167 2.724863 456572.0 512480.0 596204.0 230442.0 524812.0 885230.0
0 0 1.206484 1.794796 1.268808 1.903704 2.007975 2.249422 184302.0 566376.0 658838.0 897778.0 1365710.0 1333716.0
0 3 1.700015 1.764335 1.855628 2.419892 4.803932 3.227788 250712.0 286206.0 409120.0 396158.0 589060.0 970546.0
0 5 1.29671 1.348497 1.92937 2.572176 2.01564 1.944681 257426.0 1059544.0 1340950.0 1281056.0 1927406.0 2345352.0
0 0 1.7161 1.415914 2.376193 1.760447 1.952288 2.148391 1040174.0 1008632.0 1399260.0 1754354.0 2139936.0 2784320.0
0 3 1.060361 1.28422 1.797895 2.057739 1.912561 2.359878 226314.0 1013152.0 846128.0 1541214.0 1732078.0 2094026.0
0 5 1.42786 1.428077 1.980175 2.399463 2.739874 3.63243 238020.0 237108.0 256970.0 387470.0 492658.0 926922.0
0 0 1.452966 1.825748 1.482023 1.936605 1.639515 2.350536 272616.0 652370.0 463362.0 830250.0 904020.0 1596668.0
0 3 1.500026 1.915976 1.628126 1.999863 2.303923 2.903932 304908.0 241030.0 234666.0 418800.0 632096.0 1131124.0
0 5 0.983421 1.356977 1.656319 1.559977 1.936231 2.951267 179190.0 573598.0 474944.0 528374.0 1100792.0 827626.0
0 0 1.330603 1.659882 1.247646 1.356046 1.595143 2.399472 496788.0 817180.0 947930.0 532810.0 1008238.0 1604052.0
0 3 1.04706 2.044115 1.384911 2.423508 1.499005 3.398676 185658.0 980658.0 748994.0 739386.0 1466336.0 873302.0
0 5 1.1766 1.691987 1.447976 2.043918 2.340191 4.084064 254700.0 318416.0 300618.0 501292.0 714192.0 637086.0
0 0 1.274078 1.764956 1.734667 1.733458 1.733408 2.380508 74186.0 463768.0 700624.0 690190.0 1049250.0 1468636.0
0 3 2.407931 1.655233 2.232181 2.091465 1.691609 3.221649 330146.0 254318.0 383600.0 465176.0 377924.0 973230.0
0 5 1.078177 1.825135 2.10596 2.075131 1.777995 2.497611 141158.0 459798.0 415314.0 499574.0 971564.0 1160500.0
0 0 2.344046 1.467945 1.399733 1.892179 1.552203 2.357166 425190.0 614332.0 887162.0 1060954.0 1252798.0 1659194.0
0 3 1.031093 1.366556 1.667591 2.468817 1.404982 2.37485 237030.0 686916.0 908542.0 883118.0 973518.0 1684482.0
0 5 1.216086 2.184134 2.263891 2.255854 2.471481 4.150235 252990.0 274022.0 303840.0 369152.0 533896.0 1157854.0
0 0 1.093318 1.347224 1.936962 2.170998 2.653114 2.145657 214820.0 546986.0 720882.0 825536.0 891834.0 1559648.0
0 3 1.20012 1.275718 2.100016 1.871967 2.022767 3.464055 360700.0 434248.0 430828.0 528960.0 801676.0 843800.0
0 5 1.452832 1.796441 1.781459 2.49814 1.435248 2.325427 200894.0 576568.0 633280.0 713166.0 561900.0 1490832.0
0 0 1.343673 1.823954 1.712047 2.123229 1.332185 2.308012 502446.0 518312.0 576832.0 683584.0 681436.0 1537342.0
0 3 0.993827 1.7155 1.314683 2.059474 1.760393 2.202716 357780.0 861518.0 895628.0 862994.0 1301428.0 2264906.0
0 5 1.54381 1.647563 1.891426 2.971457 2.299842 2.854784 241142.0 287930.0 445650.0 574582.0 631334.0 1127908.0
0 0 1.321342 1.646833 1.68194 2.062739 1.687655 2.311997 295282.0 568854.0 745144.0 467328.0 1054512.0 1673468.0
0 3 1.091929 1.6599 1.338981 2.003609 1.556031 2.529046 374760.0 427318.0 557592.0 488558.0 429460.0 1021490.0
0 5 1.438962 1.449861 1.359421 2.085734 1.890783 1.838792 419324.0 355936.0 705732.0 871804.0 1147348.0 723208.0
0 0 1.707978 1.603878 1.298758 1.728048 1.722658 1.507408 484422.0 774290.0 1014700.0 974510.0 1386914.0 611144.0
0 3 1.219725 1.609203 1.39463 2.512942 1.406839 2.358499 249410.0 755222.0 725722.0 981388.0 1158110.0 2315404.0
0 5 1.255777 1.25896 1.400206 2.110511 2.688043 3.068474 266282.0 380200.0 552096.0 731890.0 733394.0 1043854.0
0 0 1.256971 1.392812 1.770183 1.945394 1.401835 2.419199 172586.0 506342.0 911410.0 971788.0 794106.0 1560470.0
0 3 1.131774 1.731803 1.707888 1.855964 1.501028 3.404023 286900.0 281186.0 446310.0 416198.0 740244.0 873538.0
0 5 1.561823 1.421417 2.202988 1.874032 2.90501 2.343567 316336.0 743306.0 666096.0 790792.0 1045608.0 1546020.0
0 0 1.575788 1.775801 1.820047 2.104008 1.639501 2.148009 619036.0 603004.0 831014.0 827666.0 1414152.0 2057482.0
0 3 1.031284 1.702468 1.671716 1.239485 2.440272 2.201953 214016.0 899998.0 1091688.0 909372.0 1135962.0 2033598.0
0 5 1.500171 1.920511 2.164122 2.371807 1.309023 3.2641 226016.0 171286.0 285968.0 395384.0 220704.0 867746.0
