0 0 0.825763 0.935737 1.032833 1.038493 1.102015 1662504.0 1179004.0 1784910.0 1271340.0 3112550.0
0 0 0.603715 0.953709 1.08314 1.004187 0.966615 706040.0 1061040.0 2298340.0 2007616.0 1149940.0
0 0 0.460853 10.249312 18.082861 17.66684 17.636984 41310.0 3137204.0 6463104.0 6252932.0 6774412.0
0 0 0.402835 0.579887 0.330941 0.347176 0.342004 19620.0 621450.0 586908.0 336592.0 451780.0
0 0 0.846459 1.056002 0.333459 0.33834 0.342267 1490708.0 1326006.0 730.0 536.0 97906.0
0 0 0.458246 0.439809 0.338073 0.341845 0.369689 19268.0 932512.0 19950.0 427176.0 409222.0
0 0 0.771451 1.029262 0.756366 0.89734 0.703086 1723568.0 1674632.0 1516426.0 1057240.0 706668.0
0 0 0.719012 0.891844 0.591992 0.628831 0.650187 1264444.0 853198.0 868316.0 1002162.0 563688.0
0 0 0.726567 0.343192 1.027868 1.002509 1.09981 0.298978 0.669333 2.91845 1.251692 1687194.0 19220.0 3152174.0 19266.0 2373800.0 378.0 0 7245844.0 2526594.0
0 0 0.760801 1.009381 0.755781 0.793446 0.800506 1275728.0 1271218.0 1655488.0 1690916.0 1114608.0
0 0 0.858063 0.79437 1137580.0 1723240.0
0 0 0.839886 0.542901 0.362709 0.370497 0.340307 0.329644 0.33626 1146904.0 0 835058.0 662.0 536.0 41002.0 536.0
0 0 0.839886 0.542901 0.362709 0.370497 0.340307 1146904.0 0 835058.0 662.0 536.0
0 0 0.663557 0.987523 0.709645 0.563697 0.658965 625762.0 1123118.0 1452592.0 489526.0 243494.0
0 0 0.84034 1.102369 0.828529 0.781519 0.771973 2394562.0 1253288.0 1591202.0 1067990.0 990554.0
0 0 0.625721 1.106987 0.628874 0.765186 0.596329 693504.0 1214880.0 1073036.0 624638.0 148290.0
0 0 0.744909 1.211406 0.7846 0.765071 0.774889 1990846.0 1565220.0 1280764.0 1317230.0 1670506.0
0 0 0.63906 0.9753 0.618973 0.701896 0.671656 522788.0 2195310.0 1120274.0 1531456.0 1394738.0
0 0 0.725888 1.036208 0.954009 0.947253 1.107612 2115912.0 1394538.0 1780264.0 2325340.0 1615160.0
0 0 0.660411 0.94721 0.978882 0.951195 1.074179 235408.0 2979170.0 2458008.0 2247502.0 2126200.0
