0 0 5.058894 5.068177 4.960159 4.966223 5.558136 6.399024 761616.0 874480.0 1024692.0 1348398.0 1437074.0 2087620.0
0 3 3.671105 4.769989 5.180932 5.077486 5.208314 5.806931 335296.0 982824.0 1369370.0 1058762.0 1636072.0 2420364.0
0 5 3.799974 5.325254 4.343068 5.050936 4.904047 6.070206 377630.0 519162.0 618430.0 626218.0 510622.0 944482.0
0 0 3.676948 5.794508 3.858924 4.56605 5.410066 6.213536 185114.0 633340.0 399610.0 622796.0 1050918.0 1626618.0
0 3 4.031951 3.201273 3.982934 4.875168 3.909257 5.976211 345596.0 420384.0 339448.0 479836.0 468602.0 1008908.0
0 5 3.400997 5.448747 6.183196 6.064777 5.90316 6.666849 213006.0 1655344.0 2168056.0 2416466.0 2525450.0 4090046.0
0 0 4.524899 5.380979 6.135932 5.067139 6.675521 6.475891 1237050.0 1194182.0 2057062.0 1523602.0 3113224.0 4655706.0
0 3 3.525061 5.26699 6.035578 5.019878 5.687559 6.388828 244458.0 1607256.0 2340352.0 1548792.0 2397768.0 4307186.0
0 5 4.049937 4.112051 4.030997 4.219036 3.104959 5.841105 259444.0 288736.0 383842.0 521018.0 821854.0 1096644.0
0 0 3.41182 4.479047 4.505156 5.301293 5.255523 6.172041 233810.0 437522.0 443594.0 557738.0 947346.0 1337472.0
0 3 3.473906 4.215991 4.432021 2.307105 4.929788 4.764865 276370.0 291870.0 423548.0 204872.0 553500.0 469024.0
0 5 2.881589 5.223013 6.07179 5.729773 5.531917 6.030986 73234.0 1708566.0 2377428.0 2517898.0 2167008.0 3238892.0
0 0 4.818854 5.708625 5.453868 6.43193 5.980731 6.78176 1275016.0 1526520.0 1511874.0 2865180.0 1906736.0 4142802.0
0 3 3.429836 5.299398 6.072985 5.905137 5.797811 5.929892 286426.0 1661504.0 1893204.0 2076662.0 2380842.0 2383718.0
0 5 4.237995 4.10592 5.061869 4.93899 5.034843 8.742681 502112.0 304680.0 426040.0 495408.0 814282.0 1406436.0
0 0 3.62417 4.675692 5.612068 5.512583 5.364044 6.205593 189578.0 697728.0 1080760.0 850022.0 1405240.0 1716484.0
0 3 2.500835 4.357958 4.423176 5.160961 5.09899 6.089887 509952.0 367452.0 580482.0 660808.0 748792.0 993040.0
0 5 4.088221 4.092827 5.016412 3.890693 4.853968 5.845007 251924.0 288756.0 697940.0 284020.0 948284.0 1387882.0
0 0 3.970839 4.84814 5.038011 4.688175 5.431052 6.287062 515414.0 563594.0 1170900.0 994812.0 1431254.0 1918264.0
0 3 3.328766 5.040822 4.899572 5.150192 5.688259 5.661915 229418.0 735058.0 884548.0 1228880.0 1544260.0 1982372.0
0 5 3.497812 3.84705 4.576825 5.246034 5.106008 4.333443 205288.0 349524.0 572970.0 615408.0 973852.0 942216.0
0 0 3.917543 4.246852 4.845439 4.793976 7.791454 5.673986 220870.0 616758.0 766936.0 905870.0 1220172.0 1587546.0
0 3 3.76286 3.795037 4.845925 4.642241 2.858852 2.560964 319350.0 278870.0 550990.0 541774.0 838354.0 678812.0
0 5 4.015572 4.36591 4.27201 4.855233 5.107979 5.828959 258818.0 698590.0 572562.0 761704.0 1381928.0 1912702.0
0 0 4.51606 4.544909 4.583996 4.558948 5.140072 5.988904 502862.0 551198.0 730640.0 851414.0 1238308.0 1424208.0
0 3 3.581929 4.722576 4.652007 5.431364 5.312006 6.110343 144924.0 895444.0 749102.0 918022.0 1459974.0 1974342.0
0 5 3.918114 3.944929 4.838403 5.573728 5.450201 6.338451 327642.0 281038.0 471570.0 393458.0 546898.0 1176718.0
0 0 3.358939 4.259668 5.093049 4.986601 5.177029 5.998044 229898.0 616336.0 588540.0 816006.0 664688.0 1048406.0
0 3 2.664907 4.136951 4.866007 4.749962 5.359919 6.409949 419844.0 395464.0 776290.0 657790.0 769784.0 683148.0
0 5 3.148165 4.139822 4.063093 3.956815 5.843263 5.76184 157762.0 437658.0 468596.0 334384.0 1274080.0 1468550.0
0 0 4.049936 4.707136 4.618931 5.480801 5.366991 8.348448 557980.0 503652.0 531426.0 1204458.0 1419042.0 2110430.0
0 3 3.240927 5.011978 4.919901 5.112131 5.542195 6.334968 215670.0 728606.0 945656.0 1252750.0 1347090.0 2140604.0
0 5 4.23996 3.501046 4.228912 3.172799 5.794941 5.875042 453862.0 256784.0 394282.0 495758.0 1023680.0 1408046.0
