0 0 4.919961 4.908029 4.812002 5.588076 5.447954 6.116032 1417536.0 804508.0 854072.0 1869722.0 2793330.0 2497594.0
0 3 3.909902 5.124367 5.016155 5.67563 5.577383 6.239578 290986.0 1765732.0 1133306.0 2323906.0 2692918.0 3204144.0
0 5 3.919748 3.911856 4.876036 4.919994 5.035602 4.80689 205480.0 260564.0 485936.0 368040.0 486446.0 878020.0
0 0 3.624644 3.98146 4.641111 4.610395 4.529491 5.781228 151204.0 425066.0 611502.0 680270.0 540658.0 1469896.0
0 3 2.634801 4.460215 4.411836 5.247935 2.528081 3.10709 345042.0 380076.0 523268.0 693886.0 315204.0 1123978.0
0 5 3.173779 4.327978 4.235428 5.155106 5.076136 6.031231 198470.0 502226.0 484930.0 772418.0 1018008.0 923228.0
0 0 4.147849 5.087858 4.020356 4.980123 5.938332 5.806815 534934.0 843544.0 364800.0 1127056.0 1553938.0 2043446.0
0 3 1.937582 4.821684 4.981875 4.871845 4.905435 5.694069 41334.0 829704.0 1250676.0 1199266.0 1045742.0 1713150.0
0 5 3.548099 3.611737 4.579485 4.689019 5.364184 5.515843 261816.0 352872.0 507380.0 579146.0 891840.0 1045876.0
0 0 3.473155 4.796946 5.489317 5.640073 5.248724 6.146439 199980.0 1141970.0 1752686.0 2330258.0 1987520.0 3277928.0
0 3 4.060088 4.055956 4.960031 4.74329 1.919903 6.70745 292918.0 511520.0 663042.0 634028.0 1158848.0 768040.0
0 5 3.640794 4.71855 4.59141 4.497851 5.515423 4.747069 186454.0 767416.0 571218.0 440414.0 1116850.0 841310.0
0 0 4.583297 4.575943 5.375795 4.300219 5.207823 5.193206 490566.0 463542.0 1170552.0 549730.0 1277126.0 1267728.0
0 3 3.982655 5.091116 5.056505 4.93356 5.171808 5.748406 370338.0 878920.0 958118.0 774884.0 1387876.0 1669198.0
0 5 3.827793 1.904276 3.861509 2.824096 8.423754 6.395935 380040.0 372326.0 467580.0 774572.0 791524.0 907028.0
0 0 3.381507 3.840763 4.286982 5.210311 5.437106 11.09611 177996.0 427666.0 401980.0 855626.0 838168.0 1649576.0
0 3 3.368254 4.256079 5.060032 4.975948 5.059992 6.088438 228756.0 358944.0 541016.0 439544.0 408536.0 1003850.0
0 5 3.585803 4.679966 4.733711 4.905309 5.607356 5.749314 162840.0 646230.0 614546.0 776260.0 951352.0 1846726.0
0 0 4.487964 4.623923 4.868023 5.376197 5.403353 6.035977 566716.0 851492.0 1054922.0 932722.0 1516394.0 1948694.0
0 3 3.868878 4.962449 4.851113 4.710077 5.619317 6.573247 419546.0 832060.0 1134096.0 671238.0 1549106.0 2005422.0
0 5 3.507506 3.804226 5.383904 4.524245 5.187359 6.171865 212016.0 242324.0 439716.0 415592.0 518004.0 957182.0
0 0 4.055377 4.183399 4.122022 4.898744 4.997023 5.703282 306514.0 612680.0 440042.0 645358.0 1223806.0 1742312.0
0 3 3.900075 4.596227 4.410901 4.372295 8.225585 6.079647 372808.0 505920.0 306740.0 506944.0 973670.0 1258882.0
0 5 3.145321 4.590641 5.094018 4.878147 5.216556 5.737001 125088.0 865630.0 1106218.0 859390.0 1551974.0 1704290.0
0 0 4.05986 4.820147 4.868101 5.564961 5.486099 5.631432 605654.0 542722.0 1107774.0 1091140.0 1289208.0 1671352.0
0 3 3.250201 4.468829 5.248909 5.155875 4.974305 5.897398 215178.0 679512.0 1343802.0 1058740.0 827922.0 2442808.0
0 5 3.963959 4.012278 4.928835 3.943865 5.055206 6.79202 228438.0 197972.0 313224.0 406730.0 620772.0 852072.0
0 0 3.297083 4.280859 4.964361 4.932802 5.09132 5.743598 215972.0 621372.0 958450.0 818448.0 990748.0 1351060.0
0 3 3.836094 3.235945 5.931791 4.76348 4.916164 3.977347 271860.0 226408.0 413210.0 400734.0 645038.0 344578.0
0 5 3.336523 4.396218 4.368236 4.319936 5.227456 6.131908 161478.0 474776.0 517404.0 416786.0 1254826.0 1619132.0
0 0 4.104207 4.492222 5.020208 4.944124 5.854566 5.852123 620930.0 869200.0 1161064.0 879118.0 1742604.0 1917840.0
0 3 3.671789 4.811932 4.702853 4.936868 5.49905 6.417859 235190.0 1135866.0 874216.0 1119124.0 2154506.0 2338140.0
0 5 3.607903 4.515762 1.764043 4.467528 5.388025 6.327936 272954.0 455832.0 590606.0 561932.0 441226.0 792506.0
0 0 3.484455 4.440802 4.527733 4.394476 5.301683 6.594147 248886.0 486998.0 524032.0 520440.0 943624.0 1060340.0
0 3 4.179952 3.493656 4.2601 5.191543 5.115988 6.023153 363536.0 225130.0 338270.0 459248.0 611642.0 1135070.0
0 5 3.187739 4.202333 4.921421 4.82506 5.733907 5.675301 189422.0 638532.0 832496.0 902200.0 955712.0 1532422.0
0 0 4.751964 4.86409 4.851912 4.672199 5.570232 5.699976 659214.0 519998.0 918224.0 908316.0 1499254.0 1902228.0
0 3 3.656402 4.44285 4.562518 5.178672 5.133609 6.455813 360130.0 753478.0 832112.0 1023716.0 1230808.0 1599628.0
0 5 3.31604 4.184012 5.108073 4.98375 3.095667 6.663916 216952.0 237010.0 549218.0 606160.0 587820.0 788298.0
0 0 3.819161 3.927188 4.832249 4.841283 5.092324 5.647659 249136.0 507706.0 551382.0 637662.0 1021506.0 1508518.0
0 3 3.799859 3.871907 3.935977 4.751235 9.631789 6.577753 334222.0 493430.0 465102.0 538690.0 869626.0 979222.0
0 5 3.812231 3.95205 4.644102 4.53544 5.517118 4.407797 279582.0 442150.0 511920.0 444040.0 984102.0 556946.0
0 0 4.436033 3.772289 4.679859 5.340029 5.219431 6.139789 456884.0 348958.0 718688.0 965664.0 1271778.0 1529934.0
0 3 3.29683 5.142056 4.201826 5.092202 5.108782 6.121035 295950.0 884138.0 604928.0 984944.0 1056278.0 1115544.0
0 5 3.272153 4.134163 3.26802 4.143858 4.991885 5.928139 216268.0 290208.0 412852.0 331846.0 500556.0 849404.0
0 0 3.773352 4.804186 4.72728 4.663848 4.765619 5.553236 226778.0 421762.0 508316.0 655696.0 930316.0 1352102.0
0 3 4.683969 4.055896 6.687949 4.659788 5.487979 6.423717 382992.0 371248.0 417216.0 459878.0 735112.0 1308342.0
0 5 3.422041 3.875675 4.42835 3.543215 5.350829 5.643999 244328.0 426750.0 598032.0 296822.0 944540.0 1355274.0
0 0 4.267982 4.324034 5.016169 4.888031 5.075764 5.931762 447800.0 478478.0 818494.0 968688.0 1467840.0 1962004.0
0 3 3.46856 4.529042 5.420217 5.402914 5.250859 6.217298 246322.0 818360.0 1091436.0 907864.0 1001080.0 2080086.0
0 5 2.355933 4.376065 4.500092 5.151938 5.203725 6.039968 321982.0 337820.0 412612.0 469142.0 553392.0 1014412.0
0 0 3.500027 5.214985 4.998795 5.823288 5.748302 5.74962 340302.0 1307620.0 1464650.0 1101112.0 1817682.0 2065678.0
0 3 4.852232 3.987899 2.877725 4.855717 5.360272 6.246315 335008.0 357168.0 398740.0 848374.0 754508.0 1214708.0
0 5 3.311066 6.435846 5.279256 5.327649 5.983329 6.057997 126340.0 1677936.0 1403188.0 1847770.0 2324800.0 3345904.0
0 0 4.679585 4.759807 8.175832 5.96794 5.752376 6.568092 1283152.0 1253394.0 1926038.0 1888212.0 2252348.0 2970442.0
0 3 3.453182 5.435379 5.278095 9.202554 5.171024 5.887672 300698.0 1449828.0 1560206.0 2197014.0 1617194.0 2713000.0
0 5 3.855866 3.912068 4.863976 4.779771 5.604073 6.543151 301754.0 296146.0 447460.0 530844.0 414822.0 754966.0
0 0 4.436041 4.480211 4.389889 5.356159 4.401284 5.450261 369210.0 537268.0 452308.0 991614.0 822698.0 1270464.0
0 3 4.327904 3.796502 4.400082 5.219836 3.195613 6.17195 384172.0 275940.0 310708.0 410242.0 571064.0 877028.0
0 5 2.887338 4.187513 4.88854 4.809728 4.998838 5.684867 102494.0 572058.0 532942.0 884220.0 1271628.0 1305184.0
