0 0 0.805951 0.98625 0.96575 0.956139 0.957049 0.995901 1384838.0 1544020.0 1718306.0 1393660.0 1903408.0 2550526.0
0 3 0.640458 0.936004 0.770767 0.794698 0.841026 0.861782 188624.0 1920344.0 1373548.0 1612596.0 1512642.0 1803286.0
0 5 0.631201 1.367615 0.816602 0.839403 0.930931 0.833273 160632.0 359404.0 262702.0 152144.0 403338.0 222858.0
0 0 0.616095 0.831149 0.817118 0.863779 0.769723 0.784936 203230.0 490312.0 489952.0 540752.0 504344.0 588920.0
0 3 0.705286 0.819304 0.804276 0.797368 0.845564 0.73604 263808.0 453316.0 409072.0 307636.0 280108.0 151528.0
0 5 0.60736 0.815836 0.806321 0.842989 0.806681 0.760452 150102.0 427926.0 206788.0 519528.0 401500.0 517040.0
0 0 0.685977 0.865435 0.801902 0.766229 0.852799 0.824777 394658.0 531814.0 352136.0 720694.0 836938.0 766448.0
0 3 0.611 0.757014 0.803577 0.812828 0.800592 0.776306 203596.0 684246.0 796486.0 490504.0 669826.0 529576.0
0 5 0.657379 0.824064 0.770623 0.842233 0.802154 0.835659 312756.0 464944.0 426368.0 208924.0 165724.0 230326.0
0 0 0.595386 0.811438 0.759706 0.782438 0.816661 0.789796 138638.0 508326.0 515362.0 537738.0 597342.0 369474.0
0 3 0.657026 0.742692 0.87759 0.84357 3.124104 0.847995 171362.0 189926.0 269992.0 174644.0 257806.0 256398.0
0 5 0.676245 0.829339 0.900081 0.889818 0.910803 0.935349 216614.0 1016910.0 1168142.0 1125826.0 1005148.0 1576872.0
0 0 0.739655 0.975558 0.93083 0.951802 0.919493 0.950303 890840.0 984322.0 1148380.0 1586512.0 1890348.0 2067672.0
0 3 0.616551 0.928205 0.878871 0.882635 0.898696 0.86577 186408.0 1003342.0 716692.0 984454.0 1482506.0 992880.0
0 5 0.687855 0.83958 0.764226 0.862923 0.839148 0.825469 173710.0 201138.0 108378.0 166718.0 195882.0 219890.0
0 0 0.6586 0.859227 0.839496 0.770386 0.802231 0.89646 206060.0 576064.0 425632.0 595540.0 372138.0 787910.0
0 3 0.731304 0.768172 0.840927 0.820291 0.85491 0.862623 210010.0 198118.0 206978.0 238206.0 252642.0 269736.0
0 5 0.602746 0.825387 0.831115 0.800665 0.788776 0.763542 160798.0 556630.0 425154.0 505974.0 336798.0 364234.0
0 0 0.713294 0.785595 0.77272 0.785497 0.84562 0.892908 362120.0 664530.0 710898.0 416474.0 514378.0 422280.0
0 3 0.608963 0.864362 0.795059 0.720374 0.877925 0.885621 173614.0 785488.0 490498.0 378952.0 984142.0 426852.0
0 5 0.676812 0.904318 0.895294 0.850236 0.904676 0.849317 191456.0 285848.0 288490.0 331850.0 362840.0 154342.0
0 0 0.608451 0.832388 0.793998 0.771651 0.802568 0.806548 11622.0 407142.0 446166.0 491684.0 514464.0 580100.0
0 3 1.741587 0.823122 0.772276 0.862109 0.791483 0.806805 264548.0 182480.0 206346.0 323060.0 221922.0 224100.0
0 5 0.586609 0.776073 0.778214 0.783307 0.766499 0.813256 103872.0 369810.0 356788.0 377092.0 473164.0 292536.0
0 0 0.716885 0.942982 0.85159 0.864572 0.838957 0.8345 373450.0 600244.0 646528.0 670318.0 705196.0 620546.0
0 3 0.611752 0.742621 0.796289 0.716598 0.847998 0.788521 207300.0 625970.0 669056.0 593478.0 490306.0 477972.0
0 5 0.690762 0.870031 0.828699 0.761245 0.841311 0.83729 185482.0 216396.0 140298.0 158236.0 218820.0 233038.0
0 0 0.613137 0.775217 0.832596 0.73321 0.818426 0.799265 172720.0 521770.0 588678.0 503102.0 403132.0 646524.0
0 3 0.668102 0.871951 0.784085 0.806733 0.818115 0.792009 304678.0 419082.0 257772.0 281100.0 373550.0 231630.0
0 5 0.664463 0.770758 0.754714 0.799767 0.832214 0.794701 149930.0 470628.0 465728.0 423200.0 365148.0 572708.0
0 0 0.676843 0.846418 0.73454 0.864876 0.838539 0.975492 365640.0 434746.0 422910.0 529126.0 435760.0 585142.0
0 3 0.664514 0.805371 0.784427 0.735693 0.818791 0.833726 351180.0 724076.0 639920.0 469004.0 569912.0 1110576.0
0 5 0.616395 0.842276 0.845114 0.870487 0.849838 0.75241 116430.0 235032.0 251872.0 262240.0 297636.0 308460.0
0 0 0.616743 0.801827 0.770974 0.835144 0.787583 0.829657 190774.0 439632.0 520784.0 296166.0 604140.0 742126.0
0 3 0.657782 0.842857 0.815544 0.766844 0.876062 0.834686 286574.0 355898.0 366814.0 299820.0 309104.0 341908.0
0 5 0.553972 0.802613 0.819073 0.863469 0.818796 0.804429 198552.0 335038.0 563366.0 625028.0 599494.0 444260.0
0 0 0.660156 0.845102 0.835344 0.823376 0.869381 0.80954 341166.0 687108.0 813918.0 734050.0 699878.0 573726.0
0 3 0.670664 0.756377 0.816964 0.841713 0.789341 0.807692 198508.0 685394.0 592606.0 748320.0 565830.0 701892.0
0 5 0.692203 0.79998 0.807537 0.838366 0.968494 0.906574 190562.0 337788.0 381398.0 491958.0 384686.0 340834.0
0 0 0.594576 0.854222 0.861278 0.784861 0.816972 0.90408 121358.0 464442.0 638896.0 579858.0 625508.0 618440.0
0 3 0.684583 0.819115 0.893713 0.797642 0.857721 0.762249 223464.0 221156.0 322662.0 196614.0 734478.0 205840.0
0 5 0.665884 0.824439 0.817981 0.762829 0.859369 0.773074 260042.0 695876.0 449504.0 366452.0 457550.0 441586.0
0 0 0.734145 0.828695 0.79699 0.814104 0.950814 0.937549 483684.0 564024.0 544964.0 596382.0 998502.0 1089322.0
0 3 0.661559 0.775629 0.772458 0.941077 0.764425 0.810284 175656.0 705486.0 894052.0 839710.0 583014.0 951290.0
0 5 0.649909 0.808207 0.920136 0.852357 0.828545 0.878025 99244.0 137672.0 141134.0 199656.0 180468.0 239760.0
0 0 0.77502 0.904451 0.967528 0.973197 1.003356 0.967517 803612.0 1100870.0 1499054.0 1056000.0 1590694.0 1517136.0
0 3 0.696321 0.990067 0.947288 0.866718 0.931507 0.943025 369308.0 1227108.0 1031768.0 1517996.0 1568334.0 1497338.0
0 5 0.694314 0.771756 0.786098 0.801427 0.827584 0.890105 176610.0 235758.0 267150.0 321152.0 293480.0 310164.0
0 0 0.663141 0.913785 0.822605 0.886395 0.750085 0.741744 127864.0 686450.0 626680.0 803542.0 626672.0 833556.0
0 3 0.690568 0.849657 0.766101 0.836912 0.899359 0.853908 246974.0 210128.0 354738.0 433010.0 478402.0 363852.0
0 5 0.640907 0.975676 0.937189 0.954939 0.900545 0.936224 111548.0 1727648.0 1360918.0 1728520.0 1984572.0 1259020.0
0 0 0.777831 1.123742 0.938163 1.006281 0.912029 1.022655 1009404.0 1224808.0 1820724.0 1559568.0 2289076.0 1763450.0
0 3 0.715311 0.917335 0.892968 0.944472 0.953608 0.948787 291560.0 1766268.0 1735698.0 1711516.0 2070790.0 2421566.0
0 5 0.753255 0.886111 0.765428 0.901676 0.778054 0.868904 253968.0 259612.0 249422.0 320846.0 146824.0 218558.0
0 0 0.650864 0.790106 0.760124 0.830414 0.792559 0.799908 148732.0 568092.0 579756.0 652282.0 675270.0 462430.0
0 3 0.71317 0.899701 0.907555 0.928155 0.843289 0.87712 288808.0 259500.0 182450.0 288272.0 295366.0 395310.0
0 5 0.661539 0.818593 0.821994 0.883884 0.927918 0.941252 126960.0 735166.0 1025538.0 1090270.0 547838.0 1049378.0
0 0 0.795031 0.951301 0.892312 0.906706 0.973011 0.930511 653074.0 958562.0 1140094.0 1189764.0 989378.0 1154572.0
0 3 0.688294 0.774944 0.909523 0.875135 0.835895 0.836326 175312.0 916550.0 934830.0 1464718.0 1430344.0 1093864.0
0 5 0.704181 0.85836 0.814025 0.860711 0.734511 0.808561 235652.0 394898.0 458342.0 276262.0 282592.0 288438.0
0 0 0.688609 0.990352 0.908863 0.839496 0.859759 0.865434 230084.0 533154.0 771900.0 623132.0 878130.0 704508.0
0 3 0.690407 0.896702 0.954259 0.918128 0.840596 0.880345 328306.0 441778.0 311392.0 509148.0 423384.0 601338.0
0 5 0.60842 0.937257 0.918785 0.924218 0.960058 0.999536 148674.0 1491030.0 1763920.0 1553916.0 1360016.0 1910168.0
0 0 0.801492 1.019941 1.006944 0.969784 0.990698 0.948951 1058596.0 1222270.0 1447048.0 2355820.0 2605116.0 1529576.0
0 3 0.742241 0.917736 0.941475 0.929681 0.906131 0.970115 338046.0 1524178.0 1616142.0 1766894.0 1143456.0 1452022.0
0 5 0.651741 0.810678 0.799243 0.774922 0.808715 0.867251 193650.0 318992.0 340736.0 380062.0 295686.0 588554.0
0 0 0.688308 0.863962 0.862417 0.855953 0.866812 0.830687 145604.0 485736.0 393074.0 566476.0 605756.0 523936.0
0 3 0.725071 0.907816 0.811375 0.854115 0.788413 0.967248 286086.0 407508.0 346808.0 837230.0 330654.0 417842.0
0 5 0.659865 0.857323 0.916294 0.835385 0.865831 0.726148 150224.0 428372.0 526252.0 565854.0 486378.0 435286.0
0 0 0.714489 0.891241 0.821079 0.808971 0.930805 0.899703 436208.0 781444.0 727346.0 959208.0 1082370.0 618264.0
0 3 0.691493 0.938351 0.885658 0.861471 0.810789 0.877708 192138.0 845910.0 1067256.0 770426.0 984454.0 991356.0
0 5 0.682794 0.834199 0.78485 0.789106 0.848658 0.940316 274416.0 204810.0 214736.0 236948.0 258336.0 345138.0
0 0 0.685194 0.744266 0.9363 0.801926 0.782912 0.85583 195536.0 486650.0 660058.0 374964.0 661108.0 411638.0
0 3 0.748202 0.885236 0.865046 0.872143 0.926569 0.731479 264510.0 262938.0 245232.0 357030.0 510834.0 288484.0
0 5 0.643555 0.774401 0.807822 0.861578 0.744334 0.898487 162130.0 612258.0 472142.0 566440.0 734238.0 373846.0
