0 3 0.65693 0.822505 0.934158 0.939587 0.832118 0.795878 306112.0 246906.0 337762.0 207480.0 294046.0 267954.0
0 5 0.684178 0.756217 0.920708 0.805396 0.831071 0.867118 156368.0 539172.0 710342.0 580038.0 583040.0 817396.0
0 3 0.689427 0.900229 0.899668 0.867179 0.87056 0.892658 369984.0 371236.0 464028.0 531734.0 318208.0 526716.0
0 0 0.743176 0.861728 0.986361 0.904166 0.885089 0.929092 607830.0 790324.0 1018964.0 1085524.0 644956.0 588600.0
0 3 0.716817 0.933335 0.851408 0.957724 0.994638 0.96235 286946.0 888200.0 1050114.0 941218.0 1053896.0 1278156.0
0 5 0.759103 0.907628 0.843476 0.872442 0.804183 0.834445 316248.0 404268.0 398176.0 374600.0 232328.0 253992.0
0 0 0.624655 0.841753 0.884902 0.881919 0.944137 0.906659 137728.0 460552.0 327938.0 420618.0 583546.0 779952.0
0 3 0.777128 0.749622 0.849708 0.884138 0.873273 0.883929 268446.0 253516.0 315850.0 300666.0 238424.0 314384.0
0 5 0.696641 1.014052 0.8677 0.957354 0.928499 0.98976 175088.0 1518986.0 1472478.0 1856720.0 1495822.0 2467068.0
0 0 0.853527 1.023209 0.978925 0.958112 1.00136 1.015243 1190350.0 1125612.0 1889792.0 1208054.0 2029316.0 2570812.0
0 3 0.674008 0.980598 0.91059 0.972575 0.992316 0.968624 206428.0 1513490.0 1590286.0 1525080.0 1840626.0 2688078.0
0 5 0.67347 0.842329 0.804114 0.844998 0.934173 0.834206 180972.0 215104.0 232906.0 318394.0 422230.0 356124.0
0 0 0.650531 0.886556 0.784882 0.78968 0.822934 0.837444 179498.0 402512.0 224034.0 229880.0 493642.0 490992.0
0 3 0.732479 0.863284 0.792832 0.86875 0.809874 0.840067 225560.0 171172.0 259378.0 168520.0 208500.0 237304.0
0 5 0.649353 0.980383 0.96491 1.023235 0.950162 1.033467 35770.0 1535072.0 1687272.0 1943766.0 1400758.0 2407970.0
0 0 0.775421 0.98274 0.974299 0.989685 0.969663 0.923965 1121220.0 1361102.0 1330244.0 1764002.0 1124420.0 2328416.0
0 3 0.720699 0.975085 0.913908 0.906085 0.957645 1.064988 258038.0 1505644.0 1384078.0 1343976.0 1411732.0 1556062.0
0 5 0.756774 0.805405 0.872488 0.847859 0.823094 0.892706 346324.0 218540.0 169558.0 204236.0 378858.0 267256.0
0 0 0.691296 0.804759 0.849431 0.893463 0.902413 0.817224 155736.0 579088.0 639666.0 546630.0 823274.0 747126.0
0 3 0.715421 0.852662 0.816652 0.89391 0.822817 0.797132 395842.0 328082.0 394726.0 485174.0 342192.0 253412.0
0 5 0.741819 0.824562 0.875641 0.793482 0.868782 0.811022 220578.0 201378.0 418508.0 253722.0 513072.0 454226.0
0 0 0.697135 0.898786 0.867934 0.86845 0.902053 0.924621 415692.0 424342.0 804998.0 698866.0 882240.0 617244.0
0 3 0.708465 0.882672 0.856566 0.846919 0.774655 0.879105 199498.0 676962.0 631000.0 867760.0 857860.0 862436.0
0 5 0.675141 0.872679 0.960973 0.852911 0.829349 0.779094 160020.0 324000.0 410964.0 381438.0 535264.0 369644.0
0 0 0.699971 0.862731 0.801423 0.748368 0.858717 0.825374 200918.0 584256.0 549136.0 683242.0 328012.0 581300.0
0 3 0.689224 0.78546 0.852881 0.893555 0.855367 0.945744 240418.0 176536.0 252486.0 337644.0 416174.0 323580.0
0 5 0.726527 0.873624 0.80271 0.775105 0.878685 0.82154 141044.0 641962.0 426280.0 425536.0 842234.0 610520.0
0 0 0.701513 0.881389 0.807612 1.007114 0.846265 0.974967 396050.0 455590.0 532022.0 792814.0 614166.0 416892.0
0 3 0.632382 0.863946 0.882782 0.879506 0.926709 0.855889 105770.0 764876.0 478130.0 685978.0 866776.0 1016954.0
0 5 0.739256 0.833887 1.023804 0.855566 0.868533 0.983471 249128.0 236928.0 327860.0 160878.0 121324.0 303732.0
0 0 0.657561 0.913811 0.848738 0.869307 0.852773 0.961268 198448.0 593408.0 432732.0 613270.0 440380.0 580196.0
0 3 0.65176 0.871423 0.889812 0.876473 0.897793 0.891741 292712.0 331084.0 514354.0 332984.0 296892.0 207470.0
0 5 0.749736 0.852458 0.815574 0.85481 0.824815 0.809531 138094.0 397784.0 268350.0 284386.0 491360.0 593434.0
0 0 0.718844 0.849116 0.873555 0.859768 0.922639 0.924828 439868.0 390978.0 524804.0 840310.0 721432.0 644630.0
0 3 0.671489 0.87302 0.902628 0.93414 0.949215 0.854332 159198.0 715784.0 745240.0 996040.0 793174.0 916836.0
0 5 0.723366 0.910623 0.850482 0.853977 0.900363 0.819426 307644.0 229212.0 226382.0 300128.0 662832.0 463024.0
