0 0 0.286824478205002 0.306006237965746 0.328530950916995 0.318155571231465 0.30463977755099 0.301001920047426 
0 0 0.315626095137882 0.286021867592491 0.315541276190114 0.328300943663617 0.317555801661304 0.326457565321909 
0 0 0.307439708367706 0.317145893721557 0.295756426544527 0.315996159301454 0.305772306704108 0.316971728124182 
0 0 0.313748004415415 0.320298079741281 0.308741271722781 0.316287139606253 0.318751718640156 0.316170626745618 
0 0 0.308663093404376 0.333198407818556 0.306818507675511 0.3171866430381 0.307742158850495 0.329165734714705 
0 0 0.320665125436961 0.321226258618103 0.315823804784815 0.327143964920574 0.316766774154308 0.327125250419643 
0 0 0.287847436973636 0.318003440449703 0.308793491217315 0.319278743134117 0.317786110761472 0.308134559676469 
0 0 0.316745343032274 0.316172739673142 0.327740112329264 0.319123895731253 0.3178021086413 0.320207525704518 
0 0 0.306745762599311 0.316193567101598 0.306743951518576 0.329158188544975 0.306760553091983 0.317223770193173 
0 0 0.316788205276342 0.307194608774867 0.303877010714656 0.319909904770356 0.307801018974391 0.328174771705727 
0 0 0.305794643366509 0.317179700561948 0.316773414783671 0.318252765897591 0.317766188873384 0.309169290469882 
0 0 0.307708050163314 0.299016371868 0.316753794742372 0.317128084760993 0.303740877812722 0.30697576985269 
0 0 0.315725402731532 0.307951338675418 0.319783732812467 0.317189661505992 0.306757534624091 0.319160117345958 
0 0 0.315674692470945 0.317200226143614 0.317828067465172 0.286994719794116 0.30774427177802 0.329234857629434 
0 0 0.287751147847878 0.313995216935778 0.315731137820527 0.305201212578922 0.306738216429581 0.317266330590452 
0 0 0.318745078010793 0.328233933676412 0.304764440274934 0.33226026799769 0.317699480732969 0.317169437771115 
0 0 0.287782539913956 0.318979914812799 0.308745195731041 0.315023910793407 0.316813560406636 0.320160135758612 
0 0 0.317692236410027 0.31821865721041 0.318759566656676 0.317208074160134 0.317746266985296 0.327115893169177 
0 0 0.315689482963616 0.308174101605855 0.317727552484365 0.322220541941762 0.307746384705544 0.328194693593815 
0 0 0.286774673484782 0.306021632151996 0.319817237806069 0.319114840327576 0.317773735043114 0.30701772655639 
0 0 0.286861303513285 0.316949089614991 0.307777776771622 0.327174451446284 0.30576777900227 0.316115086936403 
0 0 0.30468565826295 0.317024853159083 0.317813276972501 0.327105630378344 0.309745214143695 0.319219279316643 
0 0 0.306711352065341 0.321168907728153 0.305797058140823 0.327258063006895 0.319729702237198 0.318024267878159 
0 0 0.303791889920098 0.328199221295653 0.30875334559435 0.322235936128012 0.307776569384465 0.317226788661065 
0 0 0.312791753787196 0.31521407427061 0.285920748918106 0.328983721100811 0.305820904037171 0.317984122255194 
0 0 0.305643418125115 0.326085388230813 0.318793071650278 0.330261438559539 0.307807961450543 0.309008707978022 
0 0 0.302786740112027 0.315976237413366 0.315624284057147 0.316273254653949 0.329559644774625 0.305361795070782 
0 0 0.310622984606719 0.286962120340882 0.304789493558439 0.316286234065885 0.316796053292862 0.305150200471545 
0 0 0.305663038166414 0.316952108082883 0.316111464774932 0.302975394355284 0.30871501105212 0.302941889361682 
0 0 0.287771975276333 0.3149961408888 0.309811922284111 0.320312870233952 0.329732301138053 0.3072356599382 
0 0 0.316730854386392 0.308254392851785 0.329768220905969 0.287035770957449 0.330789972287446 0.309204908391009 
0 0 0.316714554659775 0.318281139495777 0.317746870678875 0.333244288530516 0.30776691028721 0.317005534964574 
0 0 0.306697467113038 0.328171753237835 0.326728925585409 0.31724791793631 0.318823558175988 0.318187566991122 
0 0 0.319787656820726 0.321150193227222 0.330764315310363 0.317156458359179 0.303760196007231 0.319080429793606 
0 0 0.305703787482957 0.319257010165294 0.318855855782434 0.31736261971621 0.329733206678421 0.306219341798928 
0 0 0.305746347880236 0.317166419303223 0.32779535029169 0.285998323542933 0.319688651073865 0.316245182902553 
0 0 0.317720610008213 0.320189113050376 0.316837104456194 0.316185417238289 0.317771923962379 0.317203848305085 
0 0 0.315752568942561 0.306017708143736 0.302758064667052 0.30699478620041 0.304776815993292 0.315279575023869 
0 0 0.304694411819837 0.315199887471517 0.307727066511034 0.327232707876601 0.308777493337487 0.286009793720923 
0 0 0.287749034920353 0.305995673328124 0.315787281323321 0.307199438323495 0.317813880666079 0.317184228263786 
0 0 0.327693929770515 0.3212654987007 0.317792449544045 0.286000436470457 0.327757921289828 0.306258280034737 
0 0 0.306716785307547 0.307015311782076 0.316725119297397 0.318215940589308 0.316802090228646 0.309102884176256 
0 0 0.317644544617332 0.287031846949189 0.316820804729577 0.318211412887469 0.30580218953624 0.318199339015901 
0 0 0.317725137710051 0.318211412887469 0.307812187305592 0.328230613361731 0.316820804729577 0.286000738317246 
0 0 0.317773433196325 0.328242083539721 0.321844138995617 0.318180926361759 0.31782142683581 0.308076001399362 
0 0 0.318728778284176 0.318309211247174 0.317817804674339 0.287016754609729 0.316849178327763 0.316234316418141 
0 0 0.317770414728433 0.318211412887469 0.316841934004822 0.327125250419643 0.316771000009357 0.3062760889953 
0 0 0.315764944660919 0.300998599732745 0.305791926745406 0.306995088047199 0.316724817450608 0.329206182184459 
0 0 0.306691128330464 0.307955866377256 0.316818088108474 0.330271701350372 0.308410145795018 0.287002869657425 
0 0 0.319742077955555 0.329212219120243 0.302793078894601 0.315223431521075 0.308776587797119 0.314190209961608 
0 0 0.304744820233635 0.330197145193437 0.317909566098259 0.287025206319827 0.316788808969921 0.327228180174763 
