0 0 5.143851 5.05998 5.85589 5.604139 5.543857 6.179881 1476368.0 1551232.0 1910084.0 1564674.0 2497708.0 3463916.0
0 3 3.078592 5.171165 5.046962 5.014861 5.856867 5.999245 191142.0 1944238.0 1690228.0 1808812.0 2512032.0 3402340.0
0 5 3.904014 4.127925 5.383978 5.323871 5.223514 7.019794 229976.0 398280.0 528742.0 452536.0 820436.0 846264.0
0 0 4.013114 4.135747 5.045177 6.964621 5.105234 5.808656 312158.0 523440.0 680884.0 918530.0 1048652.0 1536530.0
0 3 4.031941 2.199799 4.97189 4.939485 3.187958 5.921409 303632.0 474644.0 578152.0 534850.0 598098.0 910608.0
0 5 3.970731 4.109035 4.031881 4.972083 4.12256 5.814293 213196.0 495292.0 273578.0 671502.0 481834.0 1455616.0
0 0 4.048176 4.200322 4.107917 4.932323 5.191466 5.772022 460590.0 535368.0 497590.0 986600.0 1456612.0 1974210.0
0 3 3.296768 4.262694 5.090896 4.185964 4.95002 5.808076 217552.0 729880.0 1193390.0 584606.0 1077248.0 1745226.0
0 5 5.015933 4.187725 2.367907 4.011811 5.284097 5.850421 511056.0 516830.0 598134.0 233362.0 530152.0 891010.0
0 0 3.806683 4.294556 4.202388 4.966114 5.808168 5.729269 187002.0 569808.0 661978.0 902788.0 1370390.0 1337956.0
0 3 3.856033 3.248019 4.171555 4.884043 7.744012 6.335922 253302.0 290226.0 413360.0 400948.0 596820.0 977646.0
0 5 3.547264 4.703575 5.429191 9.272057 6.115763 5.944728 259576.0 1064334.0 1347060.0 1473120.0 1933626.0 2350032.0
0 0 4.959853 4.956003 5.059915 5.527916 5.456081 6.180413 1044194.0 1012872.0 1404710.0 1760354.0 2146376.0 2792190.0
0 3 3.140402 4.420846 4.898205 5.757793 5.612652 5.734481 228244.0 1017392.0 849818.0 1546884.0 1738078.0 2100356.0
0 5 3.536164 3.576096 4.484183 4.815426 5.107834 6.300476 241930.0 239808.0 260660.0 392700.0 497448.0 933802.0
0 0 3.405935 4.359927 4.234904 5.143339 5.112154 6.050637 274876.0 655840.0 466942.0 834270.0 908040.0 1602008.0
0 3 3.916181 3.796211 3.864033 4.796148 5.056038 6.587801 308378.0 243290.0 237146.0 423040.0 637436.0 1137234.0
0 5 3.694218 4.833471 4.061299 3.964663 5.600958 5.793568 181560.0 593466.0 477754.0 531184.0 1105362.0 832856.0
0 0 4.023827 4.687975 5.807784 4.595594 5.595155 6.487446 500588.0 821530.0 968904.0 536720.0 1011488.0 1609722.0
0 3 3.284169 5.406721 5.284952 5.223693 5.239273 6.34247 188138.0 985338.0 753454.0 743296.0 1471126.0 879082.0
0 5 4.079901 4.148048 3.988092 4.847898 2.868196 6.632005 257840.0 323646.0 303318.0 505862.0 717882.0 644956.0
0 0 2.765644 4.513973 4.515466 4.530175 5.342929 5.530602 76006.0 466578.0 704094.0 693550.0 1053050.0 1473096.0
0 3 4.387845 4.231262 4.400159 4.467603 4.243812 6.153413 333726.0 257568.0 388280.0 468426.0 381944.0 979010.0
0 5 3.080394 4.234195 4.296865 4.328351 5.125044 6.097848 142978.0 463268.0 418234.0 502934.0 975364.0 1165730.0
0 0 4.100034 4.172059 4.911338 5.048124 5.003944 5.873282 428220.0 617912.0 891072.0 1065524.0 1256268.0 1664864.0
0 3 3.541935 4.666465 4.812509 4.984601 5.045455 5.749803 239070.0 691320.0 912342.0 886698.0 976658.0 1689272.0
0 5 3.628053 3.812204 4.459909 4.653099 5.375732 7.262264 256240.0 276612.0 307530.0 373832.0 539236.0 1167484.0
0 0 3.322005 4.447367 4.468212 5.322353 5.465953 5.609303 216860.0 549906.0 724462.0 830766.0 896294.0 1564988.0
0 3 3.592031 4.387973 4.236325 4.583894 5.14297 6.148207 364610.0 438158.0 435508.0 533530.0 807236.0 850680.0
0 5 3.406458 4.327551 4.297276 5.198267 4.434539 6.042046 203374.0 580368.0 636530.0 718616.0 565810.0 1495732.0
0 0 4.071722 4.279902 4.416001 5.051264 4.936029 5.819975 506466.0 522222.0 579972.0 687054.0 685016.0 1542462.0
0 3 3.694052 4.768758 4.710446 4.871879 5.66045 5.85912 360370.0 865758.0 899318.0 867784.0 1306108.0 2270136.0
0 5 3.651702 3.768199 3.863451 5.559379 4.707911 6.366693 244282.0 290740.0 449780.0 581572.0 635684.0 1136328.0
0 0 3.656286 4.547044 4.544613 4.547221 7.359951 6.312039 297542.0 572324.0 748944.0 470358.0 1298230.0 1678918.0
0 3 3.728033 4.476039 4.352955 5.303631 4.272064 10.132884 378560.0 430568.0 560732.0 492908.0 433810.0 1506066.0
0 5 4.139164 4.323742 4.437655 5.186047 5.062266 4.979443 422794.0 358856.0 708652.0 875714.0 1150928.0 727448.0
0 0 4.120056 4.415836 5.030754 4.919801 5.191479 4.715351 488002.0 777980.0 1018610.0 978970.0 1390494.0 614284.0
0 3 3.632479 4.709243 4.695045 5.614754 5.507001 6.458799 251670.0 758912.0 729632.0 984968.0 1161250.0 2320964.0
0 5 3.53195 3.919854 4.515928 4.834544 5.388103 6.132178 269862.0 384000.0 556446.0 737230.0 739174.0 1050844.0
0 0 3.156731 4.292835 5.41907 5.045482 5.002134 5.921374 174846.0 509702.0 1010124.0 976908.0 797686.0 1565920.0
0 3 3.83972 3.888239 4.740063 4.875939 4.639519 6.519925 290040.0 284326.0 451320.0 604136.0 744154.0 880528.0
0 5 3.578214 4.539555 4.73411 4.686472 6.368204 6.243702 318596.0 746116.0 669896.0 794042.0 1050910.0 1551030.0
0 0 4.295819 4.291802 5.200505 5.172452 5.103473 5.879911 623166.0 606254.0 836024.0 833006.0 1418942.0 2063042.0
0 3 3.726696 4.804377 4.77181 4.739595 5.540585 5.577297 216166.0 903908.0 1095378.0 913392.0 1139762.0 2038828.0
0 5 3.808132 3.716217 4.628073 3.732004 3.335672 6.296024 228276.0 174426.0 289988.0 399294.0 222964.0 874296.0
