0 0 0.760244 0.88711 0.939209 0.919497 0.937294 0.88257 739614.0 1552420.0 1069722.0 992926.0 897040.0 895752.0
0 3 0.582894 0.852773 0.853172 0.853206 0.853027 0.854225 212236.0 1170632.0 844974.0 1199172.0 906474.0 1351674.0
0 5 0.652064 3.159456 0.783696 0.885598 0.865663 0.773033 180456.0 443006.0 252544.0 258884.0 251970.0 182326.0
0 0 0.639577 0.838046 0.893299 0.814683 0.742949 0.795477 153238.0 561166.0 422224.0 412684.0 291748.0 521272.0
0 3 0.673048 0.956582 0.856283 0.905847 0.797002 0.848119 302382.0 579428.0 363422.0 436908.0 244326.0 213652.0
0 5 0.590949 0.78416 0.789755 0.75695 0.831053 0.824382 132100.0 475570.0 520518.0 344982.0 324916.0 502284.0
0 0 0.692375 0.904231 0.894581 0.913324 0.801499 0.904822 360590.0 737466.0 605186.0 821426.0 726666.0 753118.0
0 3 0.656957 0.832618 0.782135 0.771326 0.845784 0.805717 143726.0 695756.0 711702.0 832740.0 449234.0 1015954.0
0 5 0.73017 0.772286 0.806184 0.808724 0.82359 0.780682 245866.0 369368.0 159402.0 203874.0 241870.0 158382.0
0 0 0.582651 0.862549 0.822904 0.876781 0.852176 0.841499 220102.0 1080164.0 1103022.0 1253650.0 1272490.0 957506.0
0 3 0.677403 0.851942 0.847068 0.844609 0.830111 0.767092 191984.0 173322.0 197786.0 264650.0 224936.0 116716.0
0 5 0.659566 0.797703 0.8248 0.725371 0.831888 0.82934 191068.0 505862.0 468896.0 235500.0 551860.0 600580.0
0 0 0.656404 0.90993 0.859683 0.822327 0.867297 0.924512 336542.0 499404.0 726002.0 411528.0 892950.0 681584.0
0 3 0.65343 0.860417 0.854535 0.851598 0.829191 0.877852 251670.0 712824.0 574542.0 916914.0 857132.0 936894.0
0 5 0.664635 0.82073 0.894695 0.822668 0.834837 0.786 173742.0 286848.0 272890.0 299576.0 192824.0 218866.0
0 0 0.61057 0.804337 0.82595 0.774631 0.833168 0.755968 125146.0 453246.0 411658.0 482602.0 544880.0 577224.0
0 3 0.661213 0.895348 0.847062 0.921264 0.807068 0.90319 160890.0 283570.0 351338.0 259258.0 347414.0 390758.0
0 5 0.596802 0.775122 0.883819 0.808961 0.930285 0.8306 212670.0 1323328.0 1478810.0 1519324.0 2431398.0 888840.0
0 0 0.765136 0.949386 0.950209 1.027439 0.905512 1.033885 1167082.0 1441328.0 1410126.0 1792390.0 422496.0 1622298.0
0 3 0.676716 0.926077 0.831004 0.878052 0.707399 0.963212 215544.0 1511154.0 1465856.0 1747814.0 1301588.0 1325030.0
0 5 0.693178 0.860303 0.809219 0.812077 0.826029 0.858469 221930.0 258116.0 290034.0 380270.0 180890.0 385182.0
0 0 0.563612 0.811948 0.839633 0.869434 0.869238 0.82357 132656.0 590578.0 516522.0 555920.0 420118.0 667036.0
0 3 0.780127 0.928373 0.820771 0.780013 0.869934 0.842795 394630.0 478360.0 491312.0 435696.0 215108.0 213742.0
0 5 0.62847 0.769193 0.87644 0.885313 0.804246 0.849771 215618.0 458112.0 635574.0 425244.0 699262.0 734760.0
0 0 0.655274 0.85427 0.837942 0.846751 0.807593 0.792958 420556.0 536936.0 850596.0 940268.0 904992.0 920302.0
0 3 0.661955 0.797975 0.870039 0.781411 0.807687 0.818082 187398.0 830286.0 477868.0 964466.0 868600.0 704880.0
0 5 0.65968 0.871338 0.812689 0.753944 0.760271 0.857422 181044.0 353740.0 311190.0 274276.0 254910.0 366288.0
0 0 0.701663 0.892959 0.899566 0.870389 0.744571 0.88028 115612.0 481902.0 438238.0 549766.0 509802.0 601028.0
0 3 0.706013 0.814097 0.828786 0.825218 0.895001 0.827517 193114.0 101188.0 202986.0 252022.0 778884.0 179198.0
0 5 0.597151 0.811519 0.902117 0.845605 0.814917 0.760027 104908.0 269650.0 591908.0 511028.0 344370.0 399086.0
0 0 0.698658 0.843691 0.892276 0.890195 0.908756 0.882526 395234.0 751678.0 853874.0 600202.0 925176.0 872518.0
0 3 0.662863 0.779094 0.837529 0.886879 0.802693 0.825775 216508.0 736780.0 730384.0 690510.0 952458.0 599658.0
0 5 0.664214 0.784122 0.888814 0.768074 0.812582 0.844146 186114.0 135374.0 262336.0 294668.0 370408.0 391582.0
0 0 0.721233 0.85585 0.827251 0.808877 0.830997 0.821803 199688.0 338928.0 220476.0 512382.0 325524.0 603572.0
0 3 0.672815 0.770597 0.826161 0.877057 0.788076 0.779984 255742.0 353812.0 276092.0 508294.0 299900.0 233018.0
0 5 0.612508 0.841195 0.832127 0.767329 0.835578 0.728584 148902.0 409150.0 479754.0 545790.0 623796.0 561426.0
0 0 0.769848 0.908101 0.943125 0.822916 0.910249 0.919906 407356.0 525354.0 394726.0 704748.0 589752.0 429896.0
0 3 0.632266 0.816005 0.789862 0.793076 0.89908 0.785641 144984.0 675742.0 528422.0 401466.0 761624.0 548272.0
0 5 0.721796 0.782066 0.791657 0.829862 0.843076 0.851188 167722.0 212582.0 229992.0 286684.0 449694.0 379684.0
0 0 0.689189 0.82177 0.708237 0.877265 0.858133 0.809422 174162.0 504056.0 456304.0 428424.0 632914.0 418158.0
0 3 0.680464 0.872583 0.798615 0.893502 0.853881 0.93731 259182.0 307776.0 301366.0 273572.0 274316.0 365844.0
0 5 0.711105 0.81249 0.878793 0.835257 0.88992 0.835818 252906.0 990492.0 840252.0 1168186.0 924518.0 1165530.0
0 0 0.745226 0.871952 0.834247 0.941299 0.877191 0.849432 763928.0 1018980.0 736208.0 1086110.0 1072808.0 719470.0
0 3 0.653677 0.883701 0.849234 0.79964 0.832217 0.814501 253256.0 1046352.0 804484.0 875444.0 879056.0 743190.0
0 5 0.674469 0.833275 0.847854 0.832517 0.818774 0.859615 140456.0 211032.0 223434.0 240892.0 325830.0 437562.0
0 0 0.610141 0.827323 0.74731 0.85665 0.736034 0.787792 96332.0 411104.0 191148.0 421032.0 490264.0 530606.0
0 3 0.672471 0.862701 0.799525 0.862959 0.869802 0.888035 257942.0 463632.0 279812.0 270036.0 285320.0 302820.0
0 5 0.642087 0.898452 0.939739 0.898408 0.764113 0.862852 217412.0 1238988.0 1253820.0 1483748.0 1074912.0 1446730.0
0 0 0.733976 0.997677 0.97703 0.941249 0.918996 0.931502 1089772.0 1101258.0 1165906.0 1404898.0 1467132.0 1182740.0
0 3 0.586383 0.953107 0.768206 0.904801 0.857794 0.967088 186780.0 948660.0 1258480.0 1371690.0 1258790.0 1295108.0
0 5 0.671596 0.836506 0.877282 0.754307 0.845654 0.815365 210668.0 315376.0 281112.0 271218.0 180870.0 373230.0
0 0 0.674943 0.867557 0.999114 0.886085 0.88699 0.769064 245846.0 1637206.0 1518942.0 1994340.0 1866950.0 502916.0
0 3 0.666973 0.84848 0.769328 0.86498 0.804803 0.900412 189888.0 187362.0 170428.0 132596.0 117594.0 295238.0
0 5 0.617995 0.793262 0.816882 0.724894 0.775475 0.855903 118046.0 423510.0 375988.0 247746.0 503768.0 450386.0
0 0 0.698789 0.86367 0.92408 0.82308 0.841339 0.805847 351574.0 681412.0 468932.0 579032.0 785166.0 801534.0
0 3 0.651653 0.867067 0.829224 0.800877 0.789977 0.797429 140886.0 940878.0 463390.0 574374.0 716164.0 537294.0
0 5 0.715591 0.939297 0.81799 0.915777 0.839482 0.847178 229612.0 401878.0 430998.0 316812.0 542608.0 258858.0
0 0 0.563484 0.812328 0.755709 0.858311 0.793594 0.783628 86504.0 505254.0 532734.0 611788.0 575698.0 589288.0
0 3 0.694992 0.826791 0.832513 0.88554 0.952635 0.782758 252910.0 230884.0 231692.0 320156.0 589810.0 364054.0
0 5 0.621824 0.762795 0.739355 0.784793 0.925336 0.814781 141126.0 475390.0 455756.0 556250.0 377268.0 616484.0
