0 5 6.312792 13.016045 6.317007 12.336926 4.212006 12.732293 6.725236 13.509191 6.762471 14.250956 7.348295 14.105154 665784.0 2794998.0 397412.0 3462494.0 331390.0 3280800.0 402500.0 2837370.0 418800.0 2143120.0 376728.0 2654680.0
0 3 6.912807 12.600625 6.646155 12.618804 6.958204 13.247656 6.613294 13.02318 6.15915 13.170658 4.107672 12.658699 672116.0 2748392.0 388768.0 2645084.0 374928.0 2513942.0 392888.0 2642356.0 460078.0 3044672.0 332450.0 3143960.0
0 0
0 5 7.472954 14.487654 7.393935 13.096842 6.318035 14.045954 6.274961 13.939113 6.939249 13.966528 6.997308 13.474219 644174.0 2027702.0 404102.0 3402490.0 549146.0 1950088.0 385954.0 1676440.0 425650.0 1960500.0 380428.0 2238226.0
0 3 6.845859 14.103463 5.51352 12.935956 6.053342 12.732291 5.870851 12.658949 6.733073 13.591801 6.78258 12.391988 779032.0 7889756.0 371526.0 3436294.0 404510.0 3416792.0 381916.0 3897916.0 459384.0 4406306.0 368690.0 4155326.0
0 5 6.261227 12.841154 5.621441 12.509047 5.502402 13.114208 4.235385 12.901685 4.189088 12.717637 5.745235 12.689576 891666.0 8378834.0 359238.0 17387726.0 380562.0 19901328.0 379248.0 20021694.0 408876.0 22643466.0 374918.0 19943942.0
0 0 6.726781 13.46822 4.23424 12.932591 4.246686 12.79485 5.836729 12.747635 4.355028 13.111054 4.121795 12.770243 1147510.0 19480654.0 344790.0 21251614.0 365226.0 19904552.0 373080.0 19768994.0 450738.0 22616584.0 382198.0 19958440.0
0 5 7.061579 11.655076 6.951951 13.789749 6.770068 12.428456 6.371515 13.424365 7.234904 12.885422 5.958772 13.684669 721196.0 2941984.0 384122.0 3315064.0 383038.0 3148008.0 402360.0 3196370.0 433384.0 2417954.0 418944.0 3419524.0
0 3 7.642808 14.24016 7.264001 12.889072 5.964559 13.644399 6.778822 13.730872 6.683642 13.261454 7.099839 12.799486 836486.0 2883574.0 412638.0 3441354.0 371902.0 2462792.0 384318.0 2477442.0 441212.0 2519402.0 368282.0 2437470.0
0 5 6.930592 13.42974 5.594996 13.308675 5.778333 13.091868 4.157095 12.868707 4.201907 12.82591 5.814231 12.605691 659634.0 6247000.0 358536.0 16817432.0 360052.0 19652472.0 379882.0 19774262.0 408192.0 22644364.0 396654.0 20186124.0
