0 0 1.512585 1.702117 1.412524 0.833303 1.200339 0.766647 1.314212 0.840238 1.388691 0.864236 1.243367 0.841946 420600.0 1182040.0 300100.0 315756.0 293004.0 162338.0 309598.0 240332.0 380530.0 639540.0 308302.0 296738.0
0 3 1.483912 1.791882 1.287014 0.822606 1.252575 0.812297 1.204185 0.801274 1.242676 0.803651 1.293622 0.735568 566818.0 1610680.0 296766.0 280966.0 313880.0 276290.0 332322.0 587176.0 358160.0 665878.0 350878.0 291226.0
0 5 1.326606 1.683916 1.26308 0.8363 1.281251 0.871278 1.223482 0.819384 1.278916 0.814474 1.209294 0.776971 248758.0 165356.0 192702.0 33552.0 183338.0 52944.0 144168.0 43370.0 164504.0 43456.0 124424.0 38518.0
0 0 1.324198 1.748174 1.199999 0.867854 1.348934 0.808833 1.283314 0.777671 1.371033 0.811434 1.226615 0.793811 329522.0 376728.0 275490.0 290298.0 314084.0 551702.0 310422.0 294034.0 380168.0 666630.0 307948.0 291308.0
0 3 1.478429 1.666424 1.222425 0.756486 1.266958 0.768242 1.305583 0.815614 1.280968 0.770674 1.332941 0.776498 219854.0 127500.0 158734.0 23218.0 138736.0 24768.0 154260.0 66982.0 187604.0 25408.0 152090.0 83896.0
0 5 1.283671 1.652793 1.251854 0.782765 1.31805 0.830453 1.282456 0.804191 1.35817 0.879181 1.333635 0.759203 322812.0 311206.0 298234.0 205352.0 314562.0 276290.0 331812.0 586152.0 358716.0 666948.0 306942.0 292058.0
0 0 1.475408 1.974876 1.281397 0.898135 1.309379 0.845525 1.226751 0.891509 1.330662 0.766727 1.351681 0.803413 601986.0 1880574.0 297198.0 383404.0 293160.0 506214.0 309710.0 588068.0 381712.0 167502.0 329488.0 297706.0
0 3 1.436428 1.784345 1.24699 0.794898 1.198503 0.856984 1.22783 0.853217 1.295894 0.847403 1.292735 0.811187 467102.0 1072204.0 296312.0 280874.0 293036.0 551750.0 310142.0 586490.0 359494.0 667716.0 307436.0 582404.0
0 5 1.330778 1.677367 1.281208 0.801634 1.165223 0.831423 1.234642 0.761865 1.2516 0.825133 1.29984 0.8081 214298.0 102918.0 146360.0 39702.0 163662.0 35774.0 144792.0 19084.0 140062.0 39222.0 123612.0 34622.0
0 0 1.317985 1.697865 1.301876 0.803368 1.240949 0.786564 1.274386 0.815359 1.242253 0.805221 1.277859 0.829112 295914.0 321274.0 274506.0 205192.0 293702.0 551540.0 332258.0 587098.0 359196.0 334032.0 307562.0 293040.0
0 3 1.328805 1.780364 1.231718 0.795032 1.327449 0.77269 1.206852 0.76905 1.141626 0.798821 1.27122 0.828677 330282.0 241010.0 194102.0 29672.0 212274.0 65498.0 188326.0 252.0 218704.0 122966.0 140780.0 66120.0
0 5 1.612949 1.826277 1.275257 0.771944 1.259006 0.788871 1.283532 0.801751 1.282679 0.863182 1.226117 0.849024 385838.0 468758.0 265596.0 205208.0 313844.0 551396.0 331480.0 585976.0 358734.0 667396.0 306736.0 583532.0
0 0 1.383924 1.96739 1.284681 0.839328 1.272587 0.811838 1.35232 0.925288 1.278445 0.966529 1.265608 0.881146 605784.0 1894436.0 296702.0 472258.0 313828.0 402548.0 311124.0 548570.0 400690.0 691962.0 329156.0 575974.0
0 3 1.479505 1.73876 2.057393 0.847617 1.276164 0.815228 1.317898 0.847654 1.275873 0.848243 1.333548 0.827389 617806.0 1338690.0 317542.0 563700.0 293780.0 276130.0 343876.0 587002.0 358762.0 666582.0 307006.0 292898.0
0 5 1.368007 1.64502 1.283937 0.824586 1.253805 0.83221 1.249382 0.804091 1.342309 0.801406 1.268139 0.807435 277810.0 127056.0 140458.0 41844.0 121232.0 35326.0 167086.0 36904.0 188548.0 53054.0 217782.0 34784.0
0 0 1.331879 1.685625 1.263362 0.792969 1.268963 0.78478 1.235502 0.77121 1.253199 0.826695 1.336468 0.789281 325156.0 255514.0 287858.0 356934.0 313750.0 276242.0 310714.0 294082.0 380548.0 666914.0 307374.0 291914.0
0 3 1.437227 1.670242 1.345793 0.818496 1.266372 0.793 1.399212 0.814661 1.362817 0.802806 1.285176 0.856077 399112.0 89406.0 184238.0 58402.0 180098.0 53678.0 160240.0 60674.0 190230.0 31764.0 140086.0 28970.0
0 5 1.374452 1.75348 1.267673 0.849684 1.295007 0.778817 1.264227 0.709037 1.252898 0.781609 1.172901 0.783058 226736.0 255896.0 270842.0 311812.0 293224.0 276242.0 332130.0 294082.0 358702.0 333952.0 328378.0 291812.0
