0 0 0.470306 1.585029 0.753807 109038.0 80494.0 105882.0
0 3 0.484435 1.823429 0.72276 23130.0 54682.0 16662.0
0 5 0.504472 1.402413 0.504849 82048.0 73194.0 118532.0
0 0 0.476872 1.605484 0.518692 35734.0 66078.0 93292.0
0 3 0.477825 1.384713 1.071504 20618.0 132122.0 113048.0
0 5 0.549109 1.458117 0.7407 20222.0 59122.0 283614.0
0 0 0.474501 1.38851 0.752686 104832.0 56436.0 151298.0
0 3 0.526411 1.391082 0.472698 97096.0 71478.0 121744.0
0 5 0.490787 1.403248 0.464632 16322.0 37536.0 100780.0
0 0 0.503099 1.604917 0.758682 90708.0 173402.0 66676.0
0 3 0.462686 1.386506 0.737583 76498.0 92478.0 265864.0
0 5 0.484535 1.44779 0.766122 68940.0 134578.0 144298.0
