0 0 12.924395 5.808729 10.981446 819028.0 491854.0 880850.0
0 3 12.933609 4.677504 10.583198 510758.0 134510.0 466820.0
0 5 13.181815 4.125884 10.540595 692470.0 349586.0 481272.0
0 0 13.195452 4.073167 10.469853 650434.0 111574.0 540024.0
0 3 12.967477 5.921088 10.567027 639750.0 217160.0 620704.0
0 5 13.474679 2.316325 10.595243 667560.0 96110.0 820472.0
0 0 12.521514 5.108543 10.498585 671768.0 353338.0 805064.0
0 3 13.136247 3.240419 10.552215 637318.0 111558.0 527182.0
0 5 12.898131 3.104346 11.204335 491946.0 75790.0 531718.0
0 0 13.05451 4.948446 11.136105 683656.0 302700.0 518042.0
0 3 13.158721 5.568855 10.941215 616692.0 459890.0 831712.0
0 5 12.704554 4.507587 10.75718 611298.0 258604.0 626754.0
