0 0 0.51357 1.521133 0.468702 0.490176 130508.0 20602.0 113184.0 62358.0
0 3 0.479518 1.591997 0.477838 0.477515 119320.0 24544.0 190092.0 88806.0
0 5 0.478352 1.409063 0.474893 0.48797 81670.0 88634.0 105316.0 28408.0
0 0 0.536095 1.401045 0.47268 0.472969 133182.0 25930.0 131274.0 65538.0
0 3 0.475147 1.553151 0.472935 0.468762 95394.0 31592.0 86156.0 37048.0
0 5 0.526779 1.629877 0.498018 0.485809 109634.0 99126.0 112222.0 98080.0
0 0 0.483161 1.439946 0.488424 0.501454 104006.0 120852.0 133480.0 85382.0
0 3 0.620368 1.433194 0.478849 0.500745 140236.0 123996.0 74338.0 11064.0
0 5 0.478225 1.576833 0.468946 0.481406 91548.0 160094.0 115638.0 118072.0
0 0 0.467112 1.425024 0.467034 0.478675 114376.0 17192.0 124824.0 26576.0
0 3 0.577305 1.412019 0.485508 0.477187 134770.0 102790.0 96790.0 37844.0
0 5 0.473014 1.479364 0.501679 0.49034 216580.0 115372.0 112278.0 64186.0
0 0 0.476821 1.46752 0.469333 0.473257 90656.0 79106.0 89790.0 97518.0
0 3 0.572112 1.565873 0.470254 0.483364 175124.0 61838.0 68784.0 105306.0
0 5 0.494305 1.485398 0.465079 0.470386 94390.0 58060.0 95374.0 15056.0
