0 0 13.530284 48.31764 6.445607 10.649371 1383654.0 2027516.0 562350.0 497482.0
0 3 13.159449 48.198543 6.290433 10.474022 1446672.0 1991764.0 620198.0 531494.0
0 5 16.589913 11.017607 6.320928 10.541736 1677922.0 719702.0 530544.0 468886.0
0 0 16.403673 9.331068 10.591544 5.820487 1445840.0 687714.0 654912.0 420490.0
0 3 13.012372 8.913484 45.435087 4.646613 1270610.0 617602.0 1999318.0 366156.0
0 5 13.148702 8.993074 47.036117 6.186904 1158490.0 709582.0 2073994.0 422888.0
0 0 12.836015 87.706358 45.895766 5.098256 1140712.0 3495922.0 2087704.0 417866.0
0 3 13.086826 9.041298 10.435334 4.536056 1191040.0 696986.0 603882.0 374090.0
0 5 15.914207 10.505402 10.643511 5.894907 1811082.0 736830.0 620682.0 452420.0
0 0 13.534251 9.406095 10.672538 4.904946 1218342.0 619982.0 660884.0 342554.0
0 3 13.001089 8.762345 10.924281 5.098722 1286724.0 730050.0 623198.0 372012.0
0 5 13.107512 9.636437 10.830265 5.163717 1390236.0 695600.0 654816.0 388636.0
0 0 12.910858 8.834554 46.060595 5.282344 1185196.0 625324.0 2053668.0 423214.0
0 3 12.854705 9.696573 45.9266 5.150127 1202994.0 633290.0 1984754.0 416334.0
0 5 12.793239 9.524183 10.860471 5.095744 1116002.0 691782.0 605364.0 318880.0
